0101;8
0102;5
0103;5
0104;2
0105;3
0106;3
0107;3
0108;2
0109;1
0110;2
0111;2
0112;4
0113;2
0114;4
0115;4
0116;1
0117;1
0118;2
0119;3
0120;2
0121;1
0122;4
0124;2
0125;5
0126;4
0127;1
0128;5
0129;6
0130;2
0131;1
0201;1
0202;2
0203;5
0205;2
0206;3
0207;2
0208;3
0209;1
0210;6
0211;5
0212;2
0213;2
0214;1
0215;1
0216;2
0217;2
0218;4
0219;2
0220;3
0221;3
0223;3
0224;4
0225;3
0226;5
0227;3
0228;3
0301;3
0302;5
0303;2
0304;4
0305;3
0306;1
0307;2
0308;3
0309;3
0310;1
0311;1
0312;4
0313;2
0314;1
0315;2
0316;2
0317;2
0318;3
0319;7
0320;2
0321;3
0322;3
0324;2
0325;7
0326;4
0327;3
0328;5
0329;1
0330;2
0331;5
0401;3
0402;3
0404;1
0405;3
0406;5
0407;6
0408;3
0409;2
0410;2
0411;3
0412;2
0413;2
0414;5
0415;2
0416;2
0417;3
0418;5
0419;2
0420;2
0421;3
0422;8
0423;2
0425;4
0426;2
0427;4
0428;5
0430;2
0501;3
0502;2
0503;1
0504;1
0505;1
0506;3
0507;7
0508;2
0510;4
0511;4
0512;3
0513;1
0514;3
0515;3
0516;4
0517;6
0518;1
0519;1
0520;4
0521;2
0523;4
0524;1
0525;6
0526;5
0527;5
0528;6
0529;2
0530;2
0531;2
0601;3
0602;3
0603;1
0604;1
0605;1
0606;1
0607;2
0608;5
0609;3
0610;2
0611;4
0612;2
0613;1
0614;2
0615;7
0617;5
0618;1
0619;4
0620;2
0621;2
0622;5
0623;4
0624;2
0626;1
0627;2
0629;4
0630;4
0701;1
0702;1
0703;2
0704;8
0705;4
0706;4
0707;2
0708;4
0709;1
0710;1
0711;5
0712;6
0713;4
0714;4
0715;6
0716;3
0717;4
0718;3
0719;2
0720;6
0721;4
0722;4
0723;3
0724;2
0725;2
0726;1
0727;3
0729;4
0730;4
0731;2
0801;3
0802;1
0803;1
0804;4
0805;3
0806;2
0807;6
0808;3
0809;3
0810;2
0811;2
0812;5
0813;3
0814;6
0815;6
0816;5
0818;2
0819;3
0820;4
0821;3
0822;4
0823;6
0824;1
0825;3
0826;4
0827;1
0830;1
0903;1
0904;1
0905;1
0915;1
0916;3
0917;2
0919;4
0920;2
0921;2
0922;2
0925;2
0926;3
0927;2
0928;2
0930;3
1001;4
1002;1
1003;2
1004;3
1005;8
1006;5
1009;5
1010;3
1011;1
1012;3
1013;6
1014;2
1015;4
1016;4
1017;2
1018;6
1019;5
1020;1
1021;1
1022;4
1023;5
1024;4
1025;1
1026;2
1027;5
1028;1
1029;3
1030;4
1031;6
1101;5
1102;3
1103;4
1104;3
1105;5
1106;2
1107;2
1108;2
1109;2
1110;5
1111;3
1112;5
1113;3
1114;3
1115;2
1116;1
1118;5
1119;3
1120;3
1121;3
1122;4
1123;5
1124;1
1125;4
1126;4
1127;3
1128;5
1129;1
1130;4
1201;3
1202;2
1203;6
1205;1
1206;3
1207;3
1209;5
1210;4
1211;2
1212;2
1213;4
1214;1
1215;4
1216;8
1217;3
1218;4
1219;4
1220;1
1221;3
1222;5
1223;7
1224;1
1225;4
1226;8
1227;1
1228;4
1229;3
1230;3
1231;3
