0101;6
0102;1
0103;5
0104;4
0105;3
0106;1
0107;6
0108;1
0109;2
0110;3
0111;3
0112;4
0113;1
0114;3
0115;5
0116;2
0117;1
0118;1
0119;2
0120;4
0121;2
0122;6
0123;3
0124;3
0126;4
0127;3
0129;4
0130;1
0131;2
0201;4
0202;1
0203;3
0204;2
0205;2
0206;4
0207;4
0208;1
0209;1
0210;2
0211;2
0212;3
0213;4
0214;2
0215;3
0216;2
0218;3
0219;7
0220;2
0221;5
0222;4
0223;2
0224;2
0225;2
0226;5
0227;1
0228;2
0301;3
0302;2
0303;4
0304;1
0305;2
0306;2
0307;4
0308;4
0309;4
0310;4
0311;1
0312;5
0313;5
0314;3
0316;1
0317;2
0318;2
0320;4
0321;4
0322;1
0323;4
0324;4
0325;4
0326;2
0327;6
0328;4
0329;1
0330;4
0331;1
0401;6
0402;1
0403;2
0404;2
0405;2
0406;5
0407;4
0409;7
0410;4
0411;4
0412;8
0413;2
0414;3
0415;1
0416;2
0417;4
0418;4
0419;4
0420;2
0421;3
0422;2
0423;2
0424;3
0425;2
0426;1
0427;5
0428;5
0429;5
0430;5
0501;2
0502;3
0503;4
0504;4
0505;5
0506;5
0507;4
0508;2
0509;1
0510;4
0512;3
0513;2
0514;1
0515;3
0516;1
0517;2
0518;3
0519;4
0521;4
0522;4
0523;4
0524;5
0525;5
0526;1
0527;4
0528;2
0529;1
0530;3
0531;5
0601;3
0602;4
0603;5
0604;5
0605;1
0606;3
0608;1
0609;1
0610;1
0611;2
0612;3
0614;1
0615;2
0616;3
0617;3
0619;5
0620;4
0621;2
0622;4
0623;1
0624;3
0625;3
0626;4
0627;4
0628;3
0629;2
0630;2
0701;7
0702;3
0703;1
0704;4
0705;4
0706;1
0707;3
0708;1
0709;4
0710;2
0711;6
0712;2
0713;4
0714;1
0715;3
0716;4
0717;2
0718;3
0719;2
0720;1
0721;2
0722;2
0723;1
0724;3
0726;7
0727;5
0728;4
0729;3
0730;3
0731;3
0801;4
0802;3
0803;5
0804;2
0805;7
0806;2
0807;4
0808;2
0809;2
0810;4
0811;4
0812;2
0813;3
0814;5
0815;3
0816;3
0817;2
0818;3
0819;2
0821;2
0822;4
0825;1
0826;1
0828;1
0829;1
0830;2
0831;1
0902;1
0903;3
0904;1
0906;1
0907;1
0908;1
0912;3
0913;5
0914;1
0915;1
0916;2
0917;1
0919;1
0920;2
0921;1
0923;2
0924;1
0925;2
0926;1
0928;1
0929;3
0930;1
1001;1
1003;2
1004;3
1005;2
1006;3
1007;3
1008;2
1009;2
1010;2
1011;1
1012;3
1013;5
1014;7
1015;1
1016;2
1017;3
1018;3
1019;1
1020;2
1021;2
1022;2
1023;2
1024;4
1025;6
1026;1
1027;3
1028;1
1029;2
1030;7
1031;2
1101;3
1102;3
1103;2
1104;6
1105;4
1106;2
1107;3
1108;1
1109;2
1110;1
1111;1
1112;3
1113;1
1115;2
1116;2
1117;3
1118;2
1119;3
1120;2
1121;3
1122;2
1123;6
1124;1
1126;2
1127;3
1128;6
1129;1
1130;2
1202;1
1203;4
1204;1
1205;5
1206;5
1207;1
1208;4
1209;2
1210;6
1211;4
1212;3
1213;5
1214;6
1215;6
1216;4
1217;2
1218;1
1219;2
1220;3
1221;6
1222;3
1223;2
1224;2
1225;2
1226;3
1227;3
1229;2
1230;4
1231;1
