0101;24
0102;23
0103;18
0104;26
0105;18
0106;23
0107;22
0108;22
0109;19
0110;19
0111;21
0112;19
0113;31
0114;23
0115;31
0116;34
0117;20
0118;26
0119;15
0120;27
0121;26
0122;17
0123;24
0124;20
0125;18
0126;23
0127;18
0128;18
0129;34
0130;34
0131;21
0201;25
0202;25
0203;16
0204;27
0205;29
0206;15
0207;18
0208;21
0209;19
0210;23
0211;28
0212;17
0213;20
0214;28
0215;28
0216;22
0217;23
0218;18
0219;20
0220;18
0221;15
0222;17
0223;14
0224;25
0225;18
0226;21
0227;23
0228;18
0301;20
0302;23
0303;15
0304;18
0305;22
0306;34
0307;26
0308;23
0309;30
0310;17
0311;15
0312;26
0313;23
0314;36
0315;24
0316;22
0317;20
0318;18
0319;16
0320;32
0321;22
0322;19
0323;25
0324;26
0325;29
0326;24
0327;20
0328;17
0329;13
0330;13
0331;19
0401;20
0402;27
0403;20
0404;17
0405;28
0406;23
0407;27
0408;27
0409;25
0410;31
0411;26
0412;23
0413;22
0414;21
0415;26
0416;13
0417;14
0418;20
0419;25
0420;16
0421;19
0422;14
0423;19
0424;14
0425;19
0426;20
0427;18
0428;36
0429;20
0430;30
0501;27
0502;19
0503;24
0504;20
0505;18
0506;19
0507;24
0508;16
0509;23
0510;21
0511;32
0512;21
0513;25
0514;16
0515;30
0516;21
0517;25
0518;17
0519;22
0520;13
0521;23
0522;25
0523;11
0524;15
0525;24
0526;21
0527;19
0528;26
0529;18
0530;13
0531;20
0601;15
0602;25
0603;22
0604;23
0605;25
0606;15
0607;16
0608;22
0609;25
0610;17
0611;25
0612;21
0613;12
0614;24
0615;19
0616;15
0617;24
0618;20
0619;14
0620;16
0621;20
0622;20
0623;24
0624;18
0625;16
0626;25
0627;16
0628;22
0629;16
0630;27
0701;19
0702;30
0703;19
0704;23
0705;25
0706;37
0707;25
0708;24
0709;25
0710;13
0711;17
0712;14
0713;19
0714;14
0715;20
0716;22
0717;26
0718;13
0719;20
0720;21
0721;26
0722;25
0723;14
0724;24
0725;22
0726;24
0727;20
0728;24
0729;18
0730;24
0731;14
0801;19
0802;17
0803;15
0804;15
0805;20
0806;11
0807;15
0808;20
0809;22
0810;15
0811;15
0812;14
0813;34
0814;12
0815;7
0816;11
0817;9
0818;4
0819;20
0820;6
0821;7
0822;4
0823;5
0824;3
0825;2
0826;5
0827;5
0829;2
0830;1
0901;1
0902;1
0903;7
0904;1
0905;7
0906;5
0907;2
0908;9
0909;7
0910;8
0911;7
0912;5
0913;7
0914;11
0915;9
0916;4
0917;6
0918;8
0919;10
0920;10
0921;13
0922;7
0923;10
0924;8
0925;6
0926;19
0927;20
0928;20
0929;21
0930;21
1001;17
1002;16
1003;28
1004;24
1005;24
1006;19
1007;25
1008;21
1009;31
1010;15
1011;20
1012;21
1013;23
1014;24
1015;21
1016;34
1017;22
1018;17
1019;21
1020;24
1021;18
1022;33
1023;15
1024;26
1025;20
1026;23
1027;18
1028;27
1029;21
1030;18
1031;15
1101;10
1102;22
1103;17
1104;23
1105;21
1106;20
1107;24
1108;22
1109;20
1110;24
1111;15
1112;29
1113;25
1114;19
1115;27
1116;20
1117;15
1118;12
1119;13
1120;18
1121;17
1122;22
1123;36
1124;22
1125;20
1126;20
1127;25
1128;31
1129;15
1130;20
1201;21
1202;25
1203;17
1204;15
1205;18
1206;25
1207;28
1208;27
1209;28
1210;20
1211;24
1212;26
1213;24
1214;27
1215;25
1216;21
1217;22
1218;20
1219;15
1220;17
1221;22
1222;31
1223;29
1224;20
1225;19
1226;25
1227;27
1228;19
1229;19
1230;25
1231;21
