0101;7
0102;4
0103;5
0104;8
0105;8
0106;10
0107;8
0108;6
0109;6
0110;7
0111;7
0112;13
0113;9
0114;11
0115;6
0116;7
0117;8
0118;6
0119;6
0120;5
0121;8
0122;10
0123;6
0124;5
0125;9
0126;10
0127;5
0128;7
0129;9
0130;5
0131;4
0201;3
0202;4
0203;9
0204;10
0205;6
0206;8
0207;8
0208;9
0209;13
0210;14
0211;4
0212;7
0213;4
0214;10
0215;5
0216;9
0217;8
0218;8
0219;8
0220;5
0221;10
0222;3
0223;8
0224;6
0225;8
0226;5
0227;8
0228;9
0301;5
0302;3
0303;6
0304;6
0305;7
0306;7
0307;6
0308;4
0309;8
0310;2
0311;7
0312;6
0313;8
0314;8
0315;10
0316;7
0317;5
0318;9
0319;9
0320;7
0321;5
0322;7
0323;9
0324;6
0325;6
0326;5
0327;3
0328;10
0329;7
0330;4
0331;6
0401;11
0402;12
0403;7
0404;4
0405;3
0406;8
0407;4
0408;7
0409;5
0410;8
0411;9
0412;2
0413;8
0414;9
0415;7
0416;9
0417;10
0418;11
0419;7
0420;9
0421;6
0422;6
0423;5
0424;10
0425;14
0426;7
0427;6
0428;2
0429;5
0430;6
0501;10
0502;6
0503;8
0504;6
0505;8
0506;10
0507;3
0508;3
0509;9
0510;6
0511;8
0512;6
0513;9
0514;8
0515;5
0516;8
0517;8
0518;6
0519;7
0520;5
0521;5
0522;9
0523;11
0524;4
0525;7
0526;7
0527;5
0528;1
0529;6
0530;4
0531;8
0601;7
0602;8
0603;7
0604;1
0605;3
0606;5
0607;5
0608;3
0609;7
0610;5
0611;3
0612;9
0613;7
0614;5
0615;5
0616;4
0617;8
0618;8
0619;2
0620;5
0621;2
0622;7
0623;6
0624;7
0625;10
0626;7
0627;8
0628;5
0629;6
0630;7
0701;3
0702;6
0703;5
0704;10
0705;6
0706;9
0707;5
0708;3
0709;3
0710;4
0711;4
0712;10
0713;5
0714;8
0715;7
0716;10
0717;9
0718;3
0719;8
0720;10
0721;6
0722;11
0723;4
0724;7
0725;4
0726;7
0727;9
0728;7
0729;5
0730;7
0731;13
0801;7
0802;6
0803;6
0804;7
0805;6
0806;2
0807;1
0808;7
0809;4
0810;3
0811;3
0812;3
0813;5
0814;5
0815;8
0816;4
0817;9
0818;8
0819;8
0820;2
0821;6
0822;13
0823;6
0824;3
0825;6
0826;10
0827;2
0828;6
0829;7
0830;6
0831;11
0901;6
0902;4
0903;5
0904;4
0905;6
0906;6
0907;4
0908;4
0909;6
0910;5
0911;11
0912;5
0913;6
0914;9
0915;5
0916;6
0917;6
0918;7
0919;5
0920;10
0921;6
0922;5
0923;10
0924;10
0925;6
0926;10
0927;6
0928;4
0929;4
0930;2
1001;7
1002;9
1003;1
1004;7
1005;6
1006;5
1007;6
1008;8
1009;8
1010;6
1011;6
1012;7
1013;3
1014;5
1015;9
1016;9
1017;11
1018;11
1019;3
1020;6
1021;5
1022;7
1023;8
1024;10
1025;5
1026;8
1027;7
1028;7
1029;7
1030;3
1031;7
1101;6
1102;5
1103;5
1104;6
1105;5
1106;4
1107;8
1108;4
1109;6
1110;8
1111;9
1112;7
1113;6
1114;1
1115;6
1116;9
1117;11
1118;8
1119;8
1120;7
1121;5
1122;5
1123;15
1124;11
1125;3
1126;9
1127;3
1128;14
1129;2
1130;9
1201;6
1202;5
1203;3
1204;7
1205;9
1206;4
1207;12
1208;8
1209;6
1210;5
1211;6
1212;8
1213;8
1214;8
1215;5
1216;7
1217;8
1218;5
1219;6
1220;8
1221;8
1222;8
1223;15
1224;6
1225;7
1226;4
1227;6
1228;13
1229;8
1230;6
1231;5
