0101;4
0102;2
0103;4
0104;6
0105;2
0106;4
0107;5
0108;5
0109;2
0110;7
0111;7
0112;2
0113;4
0114;2
0115;8
0116;4
0117;6
0118;11
0119;4
0120;3
0121;4
0122;4
0123;6
0124;4
0125;3
0126;10
0127;8
0128;4
0129;3
0130;5
0131;4
0201;4
0202;3
0203;4
0204;4
0205;4
0206;3
0207;8
0208;3
0209;4
0210;5
0211;4
0212;1
0213;3
0214;4
0215;4
0216;5
0217;3
0219;4
0220;2
0221;3
0222;11
0223;4
0224;5
0225;3
0226;2
0227;6
0228;6
0301;5
0302;7
0303;2
0304;5
0305;4
0306;4
0307;6
0308;4
0309;1
0310;4
0311;7
0312;1
0313;1
0314;2
0315;3
0316;9
0317;6
0318;10
0319;1
0320;4
0321;7
0322;8
0323;6
0324;3
0325;2
0326;2
0327;7
0328;3
0329;5
0330;7
0331;3
0401;2
0402;6
0403;2
0404;3
0405;7
0406;2
0407;4
0408;4
0409;3
0410;3
0411;3
0412;4
0413;4
0414;7
0415;6
0416;2
0417;3
0418;5
0419;4
0420;4
0421;3
0422;1
0423;3
0424;8
0425;2
0427;4
0428;5
0429;6
0430;7
0501;2
0502;1
0503;6
0504;7
0505;4
0506;7
0507;2
0508;6
0509;1
0510;4
0512;1
0513;4
0514;2
0515;3
0516;1
0517;5
0518;3
0519;1
0520;1
0521;7
0522;1
0523;2
0524;4
0525;6
0526;3
0527;2
0528;4
0529;3
0530;2
0531;5
0601;4
0602;5
0603;8
0604;1
0605;5
0606;4
0607;1
0608;4
0609;5
0610;7
0611;3
0612;6
0613;5
0614;3
0615;3
0616;3
0617;3
0618;5
0621;3
0622;1
0623;2
0624;6
0625;4
0626;1
0627;3
0628;6
0629;2
0630;2
0701;4
0702;4
0703;3
0704;6
0705;7
0706;6
0707;5
0708;2
0709;2
0710;3
0711;4
0712;4
0713;4
0714;6
0715;4
0716;3
0717;4
0718;2
0719;4
0720;4
0721;5
0722;6
0723;5
0724;6
0725;4
0726;1
0727;5
0728;7
0729;4
0730;3
0731;3
0801;4
0802;3
0803;3
0804;1
0805;5
0807;6
0808;3
0809;3
0810;7
0812;4
0813;8
0814;6
0815;10
0816;7
0817;2
0818;5
0819;6
0820;3
0821;3
0822;4
0823;9
0824;5
0825;3
0826;6
0827;3
0828;4
0829;10
0830;5
0831;4
0901;6
0902;1
0903;3
0904;3
0905;6
0906;6
0907;4
0908;5
0909;3
0910;2
0911;1
0912;5
0914;3
0915;3
0916;7
0917;3
0918;4
0919;6
0920;6
0921;6
0922;4
0923;2
0924;1
0925;6
0926;2
0927;6
0928;1
0929;5
0930;2
1001;3
1002;2
1003;7
1004;6
1005;7
1006;3
1007;2
1008;5
1009;4
1010;3
1011;5
1012;6
1013;5
1014;7
1015;1
1016;5
1017;4
1018;1
1019;2
1020;2
1021;3
1022;3
1023;2
1024;3
1025;1
1026;3
1027;6
1028;6
1029;7
1030;2
1031;2
1101;1
1102;3
1103;3
1104;3
1105;6
1106;3
1107;9
1108;9
1109;4
1110;4
1111;4
1112;4
1113;8
1114;3
1115;1
1116;2
1117;2
1118;2
1119;1
1120;8
1121;4
1122;2
1123;4
1124;3
1125;5
1126;5
1127;2
1128;3
1129;4
1130;5
1201;5
1202;4
1203;5
1204;3
1205;1
1206;10
1207;4
1208;4
1209;4
1210;4
1211;5
1212;4
1213;6
1214;6
1215;5
1216;2
1217;4
1218;2
1219;5
1220;8
1221;5
1222;3
1223;8
1224;2
1225;5
1226;4
1227;6
1228;5
1229;7
1230;8
1231;7
