0101;5
0102;6
0103;13
0104;7
0105;14
0106;4
0107;6
0108;2
0109;11
0110;10
0111;9
0112;9
0113;9
0114;9
0115;12
0116;7
0117;12
0118;9
0119;8
0120;6
0121;7
0122;10
0123;11
0124;5
0125;10
0126;9
0127;6
0128;4
0129;10
0130;5
0131;6
0201;8
0202;6
0203;5
0204;8
0205;10
0206;6
0207;8
0208;7
0209;4
0210;6
0211;8
0212;10
0213;10
0214;4
0215;12
0216;7
0217;6
0218;7
0219;4
0220;6
0221;3
0222;7
0223;6
0224;6
0225;3
0226;9
0227;3
0228;12
0301;7
0302;9
0303;7
0304;5
0305;9
0306;5
0307;13
0308;5
0309;8
0310;7
0311;10
0312;8
0313;5
0314;7
0315;5
0316;8
0317;8
0318;7
0319;9
0320;8
0321;12
0322;10
0323;6
0324;10
0325;13
0326;2
0327;6
0328;9
0329;5
0330;12
0331;8
0401;6
0402;7
0403;6
0404;7
0405;9
0406;10
0407;14
0408;7
0409;10
0410;11
0411;2
0412;7
0413;11
0414;4
0415;8
0416;11
0417;9
0418;11
0419;5
0420;10
0421;6
0422;3
0423;4
0424;7
0425;10
0426;11
0427;10
0428;7
0429;4
0430;10
0501;2
0502;6
0503;10
0504;10
0505;10
0506;4
0507;5
0508;5
0509;10
0510;8
0511;8
0512;7
0513;10
0514;6
0515;10
0516;3
0517;8
0518;7
0519;8
0520;6
0521;7
0522;15
0523;6
0524;13
0525;12
0526;10
0527;10
0528;10
0529;6
0530;7
0531;3
0601;9
0602;9
0603;7
0604;10
0605;4
0606;10
0607;9
0608;6
0609;7
0610;9
0611;6
0612;3
0613;8
0614;2
0615;7
0616;6
0617;7
0618;4
0619;8
0620;10
0621;11
0622;10
0623;6
0624;7
0625;12
0626;11
0627;6
0628;7
0629;10
0630;6
0701;8
0702;6
0703;7
0704;9
0705;12
0706;11
0707;6
0708;8
0709;11
0710;10
0711;2
0712;10
0713;4
0714;9
0715;3
0716;10
0717;6
0718;10
0719;4
0720;8
0721;12
0722;5
0723;9
0724;7
0725;13
0726;4
0727;9
0728;5
0729;8
0730;7
0731;8
0801;11
0802;6
0803;6
0804;8
0805;2
0806;4
0807;5
0808;5
0809;11
0810;9
0811;11
0812;12
0813;9
0814;8
0815;11
0816;7
0817;12
0818;12
0819;9
0820;12
0821;10
0822;10
0823;10
0824;9
0825;8
0826;8
0827;7
0828;8
0829;3
0830;10
0831;9
0901;6
0902;3
0903;11
0904;5
0905;5
0906;5
0907;4
0908;3
0909;12
0910;7
0911;6
0912;10
0913;6
0914;5
0915;4
0916;8
0917;4
0918;6
0919;8
0920;5
0921;13
0922;6
0923;9
0924;12
0925;5
0926;5
0927;5
0928;5
0929;9
0930;10
1001;8
1002;8
1003;10
1004;10
1005;7
1006;10
1007;3
1008;8
1009;6
1010;7
1011;5
1012;6
1013;7
1014;6
1015;7
1016;4
1017;9
1018;7
1019;7
1020;4
1021;9
1022;7
1023;11
1024;9
1025;6
1026;4
1027;6
1028;7
1029;12
1030;5
1031;10
1101;7
1102;6
1103;7
1104;7
1105;9
1106;6
1107;11
1108;9
1109;8
1110;6
1111;3
1112;10
1113;6
1114;9
1115;8
1116;7
1117;5
1118;9
1119;7
1120;4
1121;7
1122;7
1123;18
1124;6
1125;14
1126;3
1127;9
1128;9
1129;8
1130;10
1201;6
1202;8
1203;9
1204;13
1205;10
1206;8
1207;4
1208;14
1209;10
1210;7
1211;12
1212;13
1213;8
1214;10
1215;3
1216;6
1217;11
1218;6
1219;10
1220;9
1221;7
1222;5
1223;9
1224;5
1225;5
1226;14
1227;7
1228;5
1229;11
1230;8
1231;9
