0101;12
0102;14
0103;12
0104;11
0105;21
0106;15
0107;18
0108;14
0109;23
0110;17
0111;12
0112;17
0113;16
0114;17
0115;19
0116;25
0117;23
0118;20
0119;24
0120;22
0121;19
0122;22
0123;30
0124;11
0125;12
0126;9
0127;20
0128;15
0129;18
0130;18
0131;14
0201;23
0202;15
0203;21
0204;19
0205;21
0206;16
0207;14
0208;11
0209;22
0210;10
0211;14
0212;15
0213;10
0214;12
0215;13
0216;15
0217;16
0218;13
0219;16
0220;17
0221;17
0222;22
0223;17
0224;17
0225;19
0226;11
0227;21
0228;18
0301;20
0302;18
0303;13
0304;13
0305;13
0306;12
0307;15
0308;26
0309;18
0310;17
0311;10
0312;11
0313;16
0314;17
0315;13
0316;9
0317;13
0318;26
0319;18
0320;10
0321;15
0322;11
0323;16
0324;16
0325;5
0326;19
0327;12
0328;16
0329;11
0330;16
0331;19
0401;17
0402;17
0403;11
0404;19
0405;20
0406;15
0407;11
0408;12
0409;20
0410;15
0411;8
0412;11
0413;12
0414;14
0415;15
0416;22
0417;17
0418;20
0419;17
0420;12
0421;12
0422;16
0423;13
0424;11
0425;17
0426;13
0427;15
0428;12
0429;20
0430;19
0501;14
0502;18
0503;16
0504;9
0505;8
0506;15
0507;20
0508;6
0509;23
0510;16
0511;12
0512;19
0513;11
0514;21
0515;17
0516;14
0517;10
0518;13
0519;19
0520;15
0521;11
0522;14
0523;18
0524;13
0525;9
0526;19
0527;8
0528;11
0529;17
0530;9
0531;16
0601;9
0602;18
0603;18
0604;10
0605;12
0606;18
0607;22
0608;14
0609;22
0610;17
0611;16
0612;8
0613;12
0614;13
0615;8
0616;11
0617;13
0618;16
0619;14
0620;9
0621;13
0622;19
0623;14
0624;15
0625;14
0626;18
0627;9
0628;13
0629;21
0630;16
0701;12
0702;12
0703;16
0704;15
0705;12
0706;18
0707;17
0708;10
0709;8
0710;9
0711;15
0712;13
0713;12
0714;19
0715;21
0716;9
0717;7
0718;19
0719;12
0720;13
0721;15
0722;8
0723;14
0724;15
0725;18
0726;13
0727;12
0728;16
0729;18
0730;14
0731;14
0801;15
0802;9
0803;12
0804;14
0805;12
0806;17
0807;17
0808;10
0809;14
0810;18
0811;8
0812;16
0813;20
0814;13
0815;13
0816;17
0817;32
0818;15
0819;15
0820;13
0821;13
0822;18
0823;11
0824;12
0825;10
0826;18
0827;12
0828;12
0829;14
0830;13
0831;9
0901;13
0902;16
0903;18
0904;10
0905;13
0906;11
0907;16
0908;16
0909;9
0910;15
0911;15
0912;12
0913;11
0914;6
0915;11
0916;11
0917;11
0918;19
0919;20
0920;14
0921;10
0922;10
0923;9
0924;9
0925;12
0926;11
0927;14
0928;9
0929;18
0930;11
1001;14
1002;17
1003;21
1004;20
1005;13
1006;12
1007;14
1008;12
1009;9
1010;9
1011;18
1012;24
1013;15
1014;12
1015;12
1016;11
1017;18
1018;12
1019;15
1020;12
1021;15
1022;14
1023;19
1024;13
1025;10
1026;21
1027;18
1028;20
1029;13
1030;11
1031;12
1101;12
1102;16
1103;17
1104;12
1105;18
1106;12
1107;11
1108;9
1109;7
1110;16
1111;14
1112;17
1113;9
1114;26
1115;14
1116;11
1117;21
1118;18
1119;15
1120;19
1121;18
1122;15
1123;15
1124;20
1125;11
1126;19
1127;14
1128;15
1129;14
1130;20
1201;13
1202;16
1203;22
1204;14
1205;19
1206;9
1207;13
1208;16
1209;16
1210;13
1211;20
1212;12
1213;23
1214;11
1215;21
1216;16
1217;13
1218;21
1219;15
1220;11
1221;11
1222;16
1223;9
1224;26
1225;16
1226;15
1227;12
1228;10
1229;15
1230;14
1231;16
