0101;6
0102;12
0103;11
0104;11
0105;11
0106;14
0107;16
0108;4
0109;6
0110;11
0111;10
0112;16
0113;14
0114;15
0115;8
0116;7
0117;15
0118;12
0119;14
0120;10
0121;8
0122;12
0123;13
0124;13
0125;12
0126;5
0127;14
0128;18
0129;19
0130;11
0131;12
0201;4
0202;9
0203;8
0204;13
0205;13
0206;13
0207;10
0208;17
0209;11
0210;12
0211;12
0212;8
0213;11
0214;10
0215;15
0216;9
0217;11
0218;12
0219;11
0220;15
0221;12
0222;10
0223;7
0224;14
0225;14
0226;9
0227;9
0228;13
0301;9
0302;7
0303;11
0304;12
0305;13
0306;11
0307;6
0308;10
0309;7
0310;12
0311;9
0312;14
0313;15
0314;8
0315;7
0316;8
0317;8
0318;9
0319;9
0320;16
0321;7
0322;6
0323;10
0324;17
0325;6
0326;10
0327;5
0328;13
0329;8
0330;13
0331;8
0401;9
0402;14
0403;12
0404;13
0405;4
0406;21
0407;7
0408;11
0409;7
0410;12
0411;12
0412;9
0413;3
0414;6
0415;7
0416;15
0417;9
0418;12
0419;9
0420;7
0421;9
0422;11
0423;7
0424;8
0425;9
0426;10
0427;8
0428;8
0429;10
0430;9
0501;8
0502;11
0503;11
0504;6
0505;4
0506;13
0507;7
0508;14
0509;9
0510;4
0511;11
0512;8
0513;7
0514;12
0515;13
0516;13
0517;10
0518;6
0519;11
0520;12
0521;7
0522;11
0523;12
0524;12
0525;10
0526;9
0527;7
0528;5
0529;15
0530;10
0531;15
0601;14
0602;6
0603;5
0604;6
0605;16
0606;14
0607;7
0608;13
0609;11
0610;4
0611;9
0612;12
0613;11
0614;15
0615;9
0616;10
0617;7
0618;10
0619;8
0620;7
0621;8
0622;8
0623;8
0624;12
0625;11
0626;6
0627;7
0628;8
0629;6
0630;7
0701;7
0702;10
0703;12
0704;8
0705;17
0706;13
0707;12
0708;11
0709;4
0710;15
0711;9
0712;15
0713;6
0714;11
0715;15
0716;10
0717;6
0718;10
0719;14
0720;9
0721;9
0722;6
0723;14
0724;10
0725;10
0726;8
0727;8
0728;3
0729;11
0730;10
0731;11
0801;6
0802;10
0803;9
0804;5
0805;5
0806;6
0807;9
0808;6
0809;14
0810;11
0811;7
0812;8
0813;8
0814;15
0815;8
0816;13
0817;11
0818;8
0819;11
0820;13
0821;15
0822;9
0823;4
0824;7
0825;11
0826;9
0827;7
0828;5
0829;6
0830;12
0831;6
0901;9
0902;12
0903;11
0904;10
0905;6
0906;5
0907;7
0908;12
0909;8
0910;7
0911;8
0912;12
0913;8
0914;9
0915;11
0916;10
0917;7
0918;9
0919;10
0920;9
0921;9
0922;9
0923;6
0924;9
0925;8
0926;9
0927;8
0928;9
0929;7
0930;10
1001;7
1002;10
1003;18
1004;12
1005;10
1006;10
1007;9
1008;9
1009;18
1010;11
1011;13
1012;13
1013;9
1014;3
1015;8
1016;7
1017;4
1018;16
1019;12
1020;7
1021;15
1022;8
1023;10
1024;14
1025;8
1026;12
1027;10
1028;14
1029;9
1030;13
1031;8
1101;6
1102;9
1103;8
1104;11
1105;12
1106;7
1107;8
1108;10
1109;15
1110;10
1111;8
1112;8
1113;6
1114;8
1115;8
1116;13
1117;3
1118;11
1119;11
1120;8
1121;5
1122;8
1123;16
1124;7
1125;11
1126;8
1127;10
1128;3
1129;8
1130;11
1201;10
1202;10
1203;10
1204;11
1205;10
1206;7
1207;13
1208;10
1209;8
1210;7
1211;11
1212;13
1213;13
1214;14
1215;10
1216;7
1217;13
1218;16
1219;13
1220;5
1221;10
1222;13
1223;5
1224;7
1225;14
1226;6
1227;11
1228;13
1229;8
1230;10
1231;13
