0101;8
0102;6
0103;11
0104;9
0105;12
0106;11
0107;15
0108;11
0109;17
0110;10
0111;8
0112;8
0113;6
0114;9
0115;14
0116;14
0117;7
0118;14
0119;13
0120;14
0121;11
0122;13
0123;12
0124;12
0125;12
0126;4
0127;10
0128;10
0129;14
0130;13
0131;7
0201;6
0202;6
0203;15
0204;8
0205;11
0206;10
0207;10
0208;14
0209;19
0210;10
0211;16
0212;2
0213;10
0214;7
0215;10
0216;10
0217;5
0218;9
0219;8
0220;10
0221;11
0222;13
0223;11
0224;12
0225;7
0226;12
0227;10
0228;10
0301;14
0302;7
0303;7
0304;10
0305;15
0306;9
0307;7
0308;15
0309;5
0310;10
0311;12
0312;14
0313;13
0314;6
0315;6
0316;7
0317;11
0318;5
0319;3
0320;9
0321;13
0322;10
0323;17
0324;9
0325;4
0326;14
0327;8
0328;8
0329;12
0330;9
0331;5
0401;14
0402;7
0403;11
0404;8
0405;11
0406;14
0407;7
0408;11
0409;5
0410;5
0411;6
0412;10
0413;10
0414;9
0415;8
0416;8
0417;11
0418;7
0419;8
0420;14
0421;9
0422;8
0423;10
0424;7
0425;7
0426;4
0427;8
0428;6
0429;7
0430;11
0501;4
0502;12
0503;9
0504;11
0505;6
0506;10
0507;10
0508;6
0509;6
0510;7
0511;9
0512;7
0513;9
0514;11
0515;12
0516;9
0517;13
0518;11
0519;10
0520;17
0521;10
0522;10
0523;5
0524;4
0525;7
0526;8
0527;12
0528;9
0529;9
0530;7
0531;5
0601;10
0602;7
0603;11
0604;10
0605;5
0606;8
0607;8
0608;6
0609;11
0610;13
0611;10
0612;8
0613;13
0614;7
0615;5
0616;10
0617;6
0618;10
0619;9
0620;9
0621;8
0622;7
0623;5
0624;13
0625;13
0626;4
0627;6
0628;7
0629;12
0630;11
0701;13
0702;10
0703;12
0704;11
0705;11
0706;13
0707;9
0708;5
0709;8
0710;6
0711;5
0712;5
0713;7
0714;10
0715;12
0716;10
0717;12
0718;8
0719;5
0720;7
0721;11
0722;7
0723;9
0724;6
0725;12
0726;10
0727;4
0728;9
0729;5
0730;8
0731;5
0801;12
0802;6
0803;4
0804;6
0805;9
0806;9
0807;9
0808;6
0809;9
0810;12
0811;5
0812;6
0813;9
0814;14
0815;8
0816;7
0817;5
0818;11
0819;9
0820;7
0821;8
0822;10
0823;4
0824;4
0825;8
0826;6
0827;6
0828;9
0829;10
0830;2
0831;3
0901;9
0902;10
0903;12
0904;7
0905;9
0906;4
0907;14
0908;8
0909;6
0910;4
0911;7
0912;6
0913;6
0914;1
0915;10
0916;9
0917;10
0918;8
0919;11
0920;10
0921;4
0922;7
0923;4
0924;7
0925;6
0926;6
0927;12
0928;4
0929;13
0930;3
1001;4
1002;4
1003;12
1004;9
1005;6
1006;11
1007;11
1008;5
1009;13
1010;10
1011;11
1012;11
1013;7
1014;8
1015;9
1016;7
1017;14
1018;17
1019;6
1020;5
1021;8
1022;7
1023;15
1024;6
1025;9
1026;9
1027;3
1028;10
1029;8
1030;7
1031;9
1101;12
1102;15
1103;13
1104;7
1105;11
1106;6
1107;14
1108;11
1109;9
1110;6
1111;5
1112;7
1113;10
1114;7
1115;12
1116;10
1117;11
1118;11
1119;9
1120;10
1121;9
1122;10
1123;15
1124;12
1125;8
1126;11
1127;9
1128;11
1129;8
1130;6
1201;10
1202;11
1203;13
1204;8
1205;12
1206;10
1207;12
1208;14
1209;8
1210;11
1211;8
1212;6
1213;9
1214;9
1215;6
1216;3
1217;14
1218;9
1219;9
1220;8
1221;15
1222;7
1223;12
1224;11
1225;7
1226;11
1227;9
1228;8
1229;7
1230;13
1231;5
