0101;16
0102;18
0103;9
0104;13
0105;15
0106;11
0107;16
0108;18
0109;6
0110;11
0111;15
0112;16
0113;11
0114;15
0115;17
0116;22
0117;11
0118;16
0119;19
0120;22
0121;17
0122;12
0123;24
0124;12
0125;13
0126;20
0127;14
0128;14
0129;10
0130;14
0131;10
0201;13
0202;16
0203;11
0204;13
0205;17
0206;13
0207;15
0208;12
0209;15
0210;18
0211;10
0212;15
0213;9
0214;10
0215;6
0216;15
0217;12
0218;12
0219;13
0220;13
0221;20
0222;16
0223;12
0224;17
0225;17
0226;11
0227;10
0228;15
0301;13
0302;13
0303;8
0304;9
0305;7
0306;21
0307;18
0308;8
0309;14
0310;18
0311;6
0312;11
0313;5
0314;12
0315;13
0316;22
0317;8
0318;21
0319;4
0320;5
0321;13
0322;14
0323;15
0324;16
0325;15
0326;14
0327;14
0328;12
0329;18
0330;12
0331;15
0401;15
0402;18
0403;13
0404;13
0405;10
0406;11
0407;11
0408;14
0409;16
0410;13
0411;6
0412;10
0413;11
0414;14
0415;17
0416;19
0417;9
0418;10
0419;16
0420;12
0421;16
0422;15
0423;17
0424;15
0425;10
0426;10
0427;13
0428;13
0429;12
0430;11
0501;14
0502;14
0503;10
0504;14
0505;10
0506;17
0507;15
0508;14
0509;14
0510;8
0511;14
0512;11
0513;14
0514;10
0515;17
0516;11
0517;17
0518;14
0519;12
0520;16
0521;14
0522;16
0523;15
0524;12
0525;15
0526;13
0527;15
0528;13
0529;14
0530;16
0531;10
0601;10
0602;8
0603;6
0604;8
0605;11
0606;16
0607;6
0608;9
0609;11
0610;15
0611;13
0612;16
0613;13
0614;18
0615;13
0616;9
0617;14
0618;17
0619;11
0620;15
0621;9
0622;11
0623;11
0624;17
0625;10
0626;20
0627;18
0628;17
0629;14
0630;15
0701;17
0702;15
0703;12
0704;14
0705;17
0706;20
0707;12
0708;13
0709;7
0710;8
0711;11
0712;13
0713;14
0714;16
0715;8
0716;12
0717;10
0718;9
0719;13
0720;12
0721;10
0722;9
0723;15
0724;17
0725;12
0726;17
0727;10
0728;13
0729;11
0730;10
0731;9
0801;8
0802;8
0803;9
0804;12
0805;22
0806;12
0807;13
0808;11
0809;9
0810;14
0811;13
0812;14
0813;12
0814;14
0815;11
0816;17
0817;16
0818;7
0819;16
0820;13
0821;13
0822;12
0823;12
0824;10
0825;7
0826;9
0827;8
0828;13
0829;13
0830;11
0831;10
0901;11
0902;10
0903;11
0904;6
0905;17
0906;8
0907;10
0908;12
0909;13
0910;8
0911;15
0912;12
0913;10
0914;10
0915;7
0916;13
0917;14
0918;12
0919;12
0920;17
0921;13
0922;15
0923;14
0924;10
0925;10
0926;9
0927;7
0928;12
0929;11
0930;9
1001;4
1002;12
1003;9
1004;12
1005;13
1006;9
1007;15
1008;8
1009;20
1010;13
1011;13
1012;8
1013;14
1014;10
1015;12
1016;19
1017;7
1018;5
1019;9
1020;15
1021;16
1022;10
1023;12
1024;9
1025;16
1026;16
1027;16
1028;17
1029;9
1030;19
1031;5
1101;13
1102;10
1103;8
1104;7
1105;12
1106;12
1107;13
1108;13
1109;8
1110;15
1111;11
1112;9
1113;14
1114;13
1115;7
1116;11
1117;9
1118;13
1119;13
1120;9
1121;15
1122;12
1123;17
1124;16
1125;11
1126;13
1127;16
1128;9
1129;14
1130;10
1201;18
1202;14
1203;16
1204;18
1205;14
1206;16
1207;13
1208;16
1209;7
1210;15
1211;15
1212;9
1213;14
1214;18
1215;19
1216;13
1217;16
1218;12
1219;13
1220;10
1221;12
1222;12
1223;10
1224;14
1225;10
1226;17
1227;16
1228;6
1229;6
1230;16
1231;13
