0101;11
0102;11
0103;16
0104;19
0105;8
0106;14
0107;18
0108;13
0109;17
0110;15
0111;21
0112;13
0113;14
0114;17
0115;16
0116;16
0117;16
0118;18
0119;11
0120;17
0121;22
0122;20
0123;21
0124;18
0125;14
0126;21
0127;15
0128;14
0129;24
0130;16
0131;23
0201;15
0202;10
0203;18
0204;14
0205;14
0206;14
0207;18
0208;11
0209;13
0210;14
0211;15
0212;19
0213;21
0214;10
0215;15
0216;21
0217;19
0218;13
0219;14
0220;13
0221;14
0222;17
0223;15
0224;10
0225;16
0226;17
0227;14
0228;7
0301;14
0302;18
0303;11
0304;14
0305;17
0306;8
0307;13
0308;16
0309;12
0310;14
0311;10
0312;13
0313;13
0314;17
0315;18
0316;21
0317;18
0318;12
0319;10
0320;12
0321;15
0322;12
0323;16
0324;15
0325;8
0326;11
0327;6
0328;16
0329;16
0330;12
0331;8
0401;3
0402;15
0403;16
0404;11
0405;9
0406;12
0407;14
0408;15
0409;13
0410;15
0411;9
0412;11
0413;8
0414;12
0415;18
0416;16
0417;17
0418;12
0419;10
0420;15
0421;13
0422;15
0423;16
0424;13
0425;10
0426;13
0427;16
0428;13
0429;11
0430;17
0501;10
0502;11
0503;16
0504;10
0505;10
0506;13
0507;14
0508;14
0509;15
0510;15
0511;5
0512;14
0513;9
0514;6
0515;18
0516;11
0517;16
0518;15
0519;13
0520;16
0521;15
0522;9
0523;13
0524;13
0525;11
0526;16
0527;11
0528;14
0529;18
0530;16
0531;18
0601;18
0602;13
0603;10
0604;10
0605;8
0606;11
0607;8
0608;7
0609;11
0610;9
0611;9
0612;11
0613;10
0614;8
0615;15
0616;10
0617;18
0618;14
0619;14
0620;10
0621;16
0622;12
0623;14
0624;18
0625;9
0626;6
0627;3
0628;4
0629;11
0630;22
0701;12
0702;18
0703;16
0704;10
0705;18
0706;20
0707;15
0708;15
0709;17
0710;12
0711;13
0712;13
0713;14
0714;9
0715;19
0716;23
0717;12
0718;9
0719;22
0720;10
0721;9
0722;6
0723;13
0724;9
0725;10
0726;15
0727;14
0728;10
0729;8
0730;11
0731;6
0801;15
0802;8
0803;16
0804;14
0805;10
0806;11
0807;10
0808;17
0809;13
0810;8
0811;8
0812;9
0813;13
0814;17
0815;19
0816;11
0817;16
0818;11
0819;10
0820;14
0821;14
0822;10
0823;9
0824;8
0825;7
0826;14
0827;8
0828;16
0829;8
0830;15
0831;7
0901;13
0902;8
0903;10
0904;12
0905;6
0906;9
0907;16
0908;12
0909;12
0910;10
0911;10
0912;8
0913;12
0914;13
0915;20
0916;9
0917;11
0918;13
0919;14
0920;13
0921;19
0922;11
0923;10
0924;15
0925;11
0926;12
0927;18
0928;19
0929;8
0930;23
1001;14
1002;13
1003;8
1004;7
1005;15
1006;9
1007;11
1008;16
1009;18
1010;9
1011;12
1012;10
1013;15
1014;8
1015;11
1016;14
1017;13
1018;6
1019;15
1020;12
1021;11
1022;17
1023;14
1024;16
1025;20
1026;15
1027;20
1028;20
1029;18
1030;10
1031;11
1101;16
1102;6
1103;17
1104;6
1105;10
1106;8
1107;17
1108;14
1109;16
1110;13
1111;15
1112;21
1113;12
1114;13
1115;18
1116;13
1117;13
1118;14
1119;13
1120;19
1121;10
1122;10
1123;13
1124;15
1125;19
1126;15
1127;14
1128;10
1129;11
1130;12
1201;8
1202;19
1203;19
1204;19
1205;15
1206;15
1207;14
1208;19
1209;17
1210;13
1211;18
1212;16
1213;11
1214;16
1215;11
1216;15
1217;26
1218;14
1219;17
1220;11
1221;16
1222;11
1223;15
1224;16
1225;15
1226;13
1227;16
1228;11
1229;19
1230;18
1231;14
