0101;4
0102;14
0103;11
0104;12
0105;11
0106;6
0107;8
0108;11
0109;11
0110;13
0111;4
0112;11
0113;13
0114;9
0115;10
0116;14
0117;3
0118;10
0119;10
0120;12
0121;16
0122;15
0123;10
0124;5
0125;16
0126;13
0127;12
0128;8
0129;7
0130;9
0131;13
0201;13
0202;14
0203;11
0204;7
0205;7
0206;9
0207;13
0208;8
0209;14
0210;10
0211;5
0212;6
0213;7
0214;8
0215;7
0216;5
0217;9
0218;14
0219;7
0220;8
0221;8
0222;10
0223;12
0224;18
0225;10
0226;6
0227;7
0228;10
0301;9
0302;6
0303;7
0304;10
0305;7
0306;10
0307;9
0308;3
0309;6
0310;11
0311;7
0312;13
0313;7
0314;4
0315;11
0316;11
0317;9
0318;7
0319;8
0320;6
0321;7
0322;10
0323;5
0324;9
0325;6
0326;4
0327;9
0328;7
0329;8
0330;9
0331;21
0401;7
0402;12
0403;11
0404;10
0405;6
0406;14
0407;11
0408;11
0409;14
0410;5
0411;5
0412;11
0413;8
0414;9
0415;10
0416;8
0417;9
0418;13
0419;7
0420;11
0421;11
0422;10
0423;9
0424;7
0425;13
0426;8
0427;6
0428;6
0429;7
0430;10
0501;11
0502;9
0503;8
0504;7
0505;7
0506;8
0507;14
0508;14
0509;10
0510;7
0511;6
0512;12
0513;5
0514;4
0515;7
0516;5
0517;8
0518;13
0519;10
0520;10
0521;5
0522;7
0523;3
0524;11
0525;7
0526;13
0527;7
0528;3
0529;6
0530;10
0531;7
0601;8
0602;11
0603;7
0604;7
0605;12
0606;9
0607;8
0608;12
0609;7
0610;9
0611;8
0612;7
0613;9
0614;7
0615;12
0616;4
0617;9
0618;8
0619;7
0620;12
0621;11
0622;9
0623;8
0624;10
0625;9
0626;7
0627;6
0628;11
0629;10
0630;10
0701;11
0702;8
0703;5
0704;10
0705;12
0706;8
0707;10
0708;13
0709;8
0710;9
0711;7
0712;9
0713;8
0714;2
0715;7
0716;11
0717;12
0718;6
0719;8
0720;4
0721;11
0722;2
0723;8
0724;13
0725;8
0726;5
0727;9
0728;8
0729;10
0730;9
0731;13
0801;9
0802;5
0803;6
0804;8
0805;5
0806;7
0807;3
0808;9
0809;14
0810;8
0811;13
0812;6
0813;6
0814;13
0815;9
0816;14
0817;10
0818;7
0819;5
0820;10
0821;13
0822;9
0823;4
0824;9
0825;14
0826;12
0827;12
0828;6
0829;11
0830;9
0831;14
0901;10
0902;5
0903;12
0904;4
0905;4
0906;4
0907;6
0908;7
0909;5
0910;8
0911;5
0912;10
0913;8
0914;10
0915;12
0916;9
0917;5
0918;8
0919;9
0920;5
0921;6
0922;11
0923;11
0924;7
0925;5
0926;7
0927;13
0928;9
0929;5
0930;8
1001;4
1002;2
1003;5
1004;9
1005;14
1006;8
1007;5
1008;8
1009;3
1010;9
1011;6
1012;5
1013;8
1014;5
1015;4
1016;8
1017;9
1018;13
1019;6
1020;7
1021;6
1022;7
1023;5
1024;12
1025;10
1026;4
1027;9
1028;6
1029;10
1030;11
1031;6
1101;13
1102;11
1103;6
1104;12
1105;12
1106;7
1107;6
1108;9
1109;9
1110;12
1111;7
1112;9
1113;5
1114;8
1115;6
1116;18
1117;9
1118;9
1119;11
1120;14
1121;6
1122;7
1123;10
1124;11
1125;9
1126;10
1127;7
1128;14
1129;5
1130;9
1201;7
1202;8
1203;11
1204;8
1205;9
1206;5
1207;8
1208;8
1209;7
1210;5
1211;12
1212;10
1213;11
1214;6
1215;11
1216;12
1217;15
1218;12
1219;7
1220;12
1221;4
1222;10
1223;12
1224;7
1225;4
1226;7
1227;8
1228;13
1229;5
1230;7
1231;13
