0101;9
0102;9
0103;8
0104;8
0105;1
0106;4
0107;1
0108;8
0109;11
0110;14
0111;3
0112;10
0113;9
0114;10
0115;11
0116;14
0117;8
0118;4
0119;9
0120;6
0121;8
0122;9
0123;9
0124;9
0125;14
0126;9
0127;6
0128;5
0129;10
0130;8
0131;8
0201;8
0202;7
0203;5
0204;4
0205;8
0206;10
0207;9
0208;3
0209;10
0210;5
0211;8
0212;9
0213;11
0214;7
0215;12
0216;8
0217;4
0218;10
0219;6
0220;12
0221;11
0222;8
0223;8
0224;11
0225;8
0226;11
0227;15
0228;5
0301;11
0302;12
0303;11
0304;7
0305;4
0306;13
0307;6
0308;11
0309;6
0310;9
0311;12
0312;6
0313;7
0314;10
0315;8
0316;6
0317;11
0318;3
0319;5
0320;8
0321;10
0322;9
0323;11
0324;12
0325;8
0326;11
0327;11
0328;5
0329;10
0330;7
0331;9
0401;6
0402;6
0403;10
0404;8
0405;2
0406;5
0407;9
0408;10
0409;6
0410;6
0411;7
0412;3
0413;7
0414;7
0415;9
0416;5
0417;13
0418;9
0419;8
0420;13
0421;8
0422;11
0423;12
0424;8
0425;5
0426;6
0427;7
0428;11
0429;6
0430;5
0501;6
0502;9
0503;7
0504;11
0505;10
0506;3
0507;8
0508;9
0509;8
0510;7
0511;10
0512;4
0513;11
0514;8
0515;7
0516;6
0517;3
0518;7
0519;4
0520;9
0521;2
0522;12
0523;12
0524;10
0525;5
0526;11
0527;10
0528;4
0529;8
0530;7
0531;9
0601;5
0602;6
0603;6
0604;9
0605;8
0606;9
0607;5
0608;6
0609;10
0610;7
0611;8
0612;11
0613;6
0614;12
0615;6
0616;8
0617;3
0618;3
0619;12
0620;4
0621;7
0622;7
0623;13
0624;7
0625;6
0626;14
0627;8
0628;6
0629;20
0630;9
0701;14
0702;4
0703;8
0704;4
0705;12
0706;6
0707;3
0708;9
0709;6
0710;7
0711;6
0712;5
0713;9
0714;12
0715;9
0716;7
0717;11
0718;5
0719;10
0720;6
0721;8
0722;5
0723;7
0724;5
0725;5
0726;4
0727;5
0728;5
0729;10
0730;8
0731;4
0801;6
0802;6
0803;10
0804;5
0805;12
0806;8
0807;11
0808;5
0809;3
0810;6
0811;8
0812;6
0813;6
0814;8
0815;9
0816;9
0817;7
0818;8
0819;12
0820;6
0821;5
0822;3
0823;12
0824;5
0825;6
0826;2
0827;7
0828;7
0829;2
0830;8
0831;4
0901;6
0902;8
0903;9
0904;3
0905;8
0906;9
0907;5
0908;8
0909;6
0910;7
0911;7
0912;10
0913;7
0914;9
0915;9
0916;3
0917;7
0918;6
0919;9
0920;8
0921;7
0922;6
0923;6
0924;7
0925;7
0926;15
0927;4
0928;7
0929;4
0930;4
1001;7
1002;7
1003;3
1004;9
1005;5
1006;8
1007;10
1008;8
1009;7
1010;7
1011;10
1012;14
1013;5
1014;3
1015;6
1016;8
1017;14
1018;7
1019;5
1020;6
1021;2
1022;5
1023;4
1024;3
1025;7
1026;10
1027;6
1028;7
1029;7
1030;11
1031;3
1101;12
1102;15
1103;5
1104;6
1105;11
1106;9
1107;12
1108;12
1109;4
1110;12
1111;13
1112;6
1113;7
1114;7
1115;11
1116;9
1117;3
1118;9
1119;12
1120;5
1121;4
1122;7
1123;3
1124;12
1125;9
1126;10
1127;7
1128;7
1129;6
1130;4
1201;4
1202;6
1203;5
1204;5
1205;5
1206;13
1207;9
1208;10
1209;7
1210;7
1211;8
1212;14
1213;6
1214;9
1215;8
1216;11
1217;9
1218;13
1219;10
1220;5
1221;8
1222;10
1223;12
1224;7
1225;11
1226;10
1227;10
1228;8
1229;9
1230;12
1231;7
