0101;20
0102;22
0103;27
0104;16
0105;22
0106;21
0107;21
0108;12
0109;24
0110;16
0111;18
0112;14
0113;16
0114;18
0115;27
0116;17
0117;22
0118;26
0119;19
0120;30
0121;23
0122;22
0123;21
0124;18
0125;19
0126;24
0127;23
0128;21
0129;21
0130;19
0131;20
0201;19
0202;25
0203;29
0204;11
0205;19
0206;14
0207;16
0208;17
0209;18
0210;13
0211;26
0212;30
0213;21
0214;25
0215;21
0216;21
0217;26
0218;24
0219;15
0220;26
0221;20
0222;14
0223;24
0224;23
0225;24
0226;22
0227;22
0228;18
0301;16
0302;16
0303;23
0304;19
0305;13
0306;23
0307;16
0308;18
0309;25
0310;32
0311;21
0312;18
0313;17
0314;18
0315;22
0316;14
0317;22
0318;19
0319;24
0320;9
0321;27
0322;25
0323;19
0324;18
0325;14
0326;20
0327;16
0328;19
0329;20
0330;18
0331;20
0401;19
0402;16
0403;14
0404;14
0405;24
0406;22
0407;19
0408;27
0409;20
0410;14
0411;10
0412;11
0413;8
0414;15
0415;18
0416;16
0417;11
0418;20
0419;19
0420;22
0421;16
0422;24
0423;19
0424;23
0425;17
0426;16
0427;19
0428;18
0429;20
0430;12
0501;19
0502;17
0503;24
0504;11
0505;22
0506;31
0507;28
0508;15
0509;14
0510;17
0511;21
0512;26
0513;19
0514;18
0515;19
0516;16
0517;12
0518;13
0519;19
0520;20
0521;22
0522;15
0523;20
0524;18
0525;21
0526;15
0527;12
0528;27
0529;20
0530;16
0531;23
0601;17
0602;12
0603;28
0604;17
0605;17
0606;22
0607;19
0608;13
0609;13
0610;17
0611;11
0612;14
0613;22
0614;12
0615;18
0616;25
0617;17
0618;18
0619;16
0620;23
0621;9
0622;15
0623;20
0624;16
0625;21
0626;30
0627;18
0628;21
0629;17
0630;19
0701;20
0702;18
0703;14
0704;17
0705;15
0706;15
0707;13
0708;19
0709;17
0710;20
0711;19
0712;16
0713;26
0714;10
0715;19
0716;36
0717;15
0718;24
0719;13
0720;19
0721;13
0722;21
0723;12
0724;15
0725;17
0726;10
0727;15
0728;9
0729;21
0730;16
0731;17
0801;19
0802;11
0803;12
0804;21
0805;18
0806;19
0807;11
0808;15
0809;18
0810;14
0811;23
0812;20
0813;18
0814;15
0815;16
0816;18
0817;20
0818;21
0819;20
0820;17
0821;19
0822;19
0823;16
0824;16
0825;13
0826;23
0827;12
0828;20
0829;15
0830;18
0831;18
0901;14
0902;13
0903;14
0904;18
0905;18
0906;17
0907;19
0908;16
0909;15
0910;16
0911;15
0912;16
0913;19
0914;21
0915;30
0916;17
0917;23
0918;18
0919;11
0920;20
0921;18
0922;25
0923;13
0924;16
0925;11
0926;16
0927;14
0928;13
0929;16
0930;26
1001;23
1002;12
1003;20
1004;19
1005;26
1006;20
1007;16
1008;19
1009;19
1010;18
1011;16
1012;15
1013;31
1014;21
1015;21
1016;23
1017;17
1018;18
1019;21
1020;10
1021;12
1022;24
1023;20
1024;21
1025;13
1026;15
1027;16
1028;23
1029;16
1030;21
1031;20
1101;18
1102;13
1103;11
1104;15
1105;17
1106;21
1107;21
1108;22
1109;15
1110;17
1111;22
1112;19
1113;16
1114;25
1115;19
1116;13
1117;10
1118;28
1119;21
1120;14
1121;25
1122;13
1123;29
1124;21
1125;19
1126;18
1127;18
1128;20
1129;12
1130;16
1201;22
1202;17
1203;15
1204;18
1205;19
1206;17
1207;20
1208;20
1209;10
1210;20
1211;15
1212;18
1213;16
1214;14
1215;27
1216;19
1217;19
1218;22
1219;17
1220;16
1221;23
1222;19
1223;24
1224;17
1225;18
1226;18
1227;26
1228;10
1229;19
1230;20
1231;26
