0101;8
0102;7
0103;11
0104;7
0105;4
0106;2
0107;8
0108;6
0109;8
0110;7
0111;8
0112;7
0113;7
0114;3
0115;12
0116;4
0117;8
0118;11
0119;7
0120;7
0121;4
0122;4
0123;4
0124;6
0125;10
0126;8
0127;9
0128;12
0129;7
0130;7
0131;6
0201;6
0202;4
0203;6
0204;4
0205;5
0206;3
0207;6
0208;5
0209;4
0210;9
0211;10
0212;8
0213;6
0214;11
0215;6
0216;8
0217;6
0218;5
0219;8
0220;8
0221;6
0222;4
0223;6
0224;9
0225;7
0226;3
0227;8
0228;7
0301;11
0302;5
0303;1
0304;8
0305;7
0306;7
0307;6
0308;6
0309;7
0310;8
0311;3
0312;3
0313;3
0314;2
0315;4
0316;4
0317;7
0318;7
0319;9
0320;2
0321;8
0322;12
0323;8
0324;5
0325;6
0326;5
0327;5
0328;6
0329;6
0330;4
0331;7
0401;6
0402;9
0403;7
0404;4
0405;5
0406;2
0407;8
0408;5
0409;4
0410;11
0411;8
0412;4
0413;6
0414;6
0415;6
0416;9
0417;5
0418;10
0419;4
0420;4
0421;9
0422;5
0423;6
0424;7
0425;9
0426;4
0427;5
0428;3
0429;2
0430;7
0501;8
0502;7
0503;10
0504;7
0505;6
0506;8
0507;9
0508;10
0509;10
0510;5
0511;6
0512;5
0513;6
0514;4
0515;4
0516;5
0517;4
0518;3
0519;3
0520;2
0521;5
0522;4
0523;4
0524;4
0525;5
0526;5
0527;7
0528;4
0529;6
0530;7
0531;9
0601;13
0602;4
0603;6
0604;6
0605;6
0606;5
0607;6
0608;6
0609;3
0610;5
0611;5
0612;4
0613;6
0614;6
0615;1
0616;2
0617;6
0618;6
0619;6
0620;5
0621;3
0622;8
0623;3
0624;12
0625;10
0626;8
0627;5
0628;7
0629;9
0630;5
0701;6
0702;10
0703;5
0704;5
0705;7
0706;5
0707;9
0708;3
0709;6
0710;4
0711;3
0712;6
0713;7
0714;6
0715;8
0716;5
0717;7
0718;2
0719;6
0720;5
0721;2
0722;7
0723;6
0724;4
0725;5
0726;7
0727;8
0728;2
0729;8
0730;2
0731;10
0801;4
0802;5
0803;5
0804;4
0805;3
0806;2
0807;4
0808;9
0809;6
0810;6
0811;3
0812;9
0813;3
0814;4
0815;11
0816;10
0817;4
0818;6
0819;5
0820;9
0821;11
0822;5
0823;8
0824;5
0825;5
0826;6
0827;9
0829;5
0830;4
0831;9
0901;12
0902;5
0903;4
0904;2
0905;8
0906;9
0907;5
0908;4
0909;4
0910;4
0911;8
0912;8
0913;8
0914;5
0915;8
0916;4
0917;3
0918;7
0919;5
0920;2
0921;6
0922;1
0923;6
0924;3
0925;9
0926;5
0927;10
0928;6
0929;8
0930;5
1001;7
1002;6
1003;6
1004;7
1005;8
1006;3
1007;9
1008;3
1009;6
1010;11
1011;4
1012;6
1013;6
1014;6
1015;6
1016;3
1017;4
1018;12
1019;13
1020;4
1021;5
1022;3
1023;8
1024;3
1025;4
1026;5
1027;7
1028;5
1029;1
1030;8
1031;3
1101;5
1102;2
1103;5
1104;4
1105;11
1106;5
1107;10
1108;8
1109;4
1110;11
1111;4
1112;4
1113;3
1114;10
1115;2
1116;8
1117;7
1118;8
1119;4
1120;5
1121;4
1122;10
1123;8
1124;10
1125;3
1126;12
1127;10
1128;3
1129;3
1130;11
1201;3
1202;5
1203;5
1204;4
1205;14
1206;4
1207;7
1208;9
1209;4
1210;8
1211;7
1212;7
1213;9
1214;4
1215;12
1216;4
1217;9
1218;7
1219;5
1220;7
1221;6
1222;4
1223;8
1224;6
1225;8
1226;10
1227;5
1228;5
1229;7
1230;7
1231;8
