0101;10
0102;9
0103;7
0104;6
0105;12
0106;9
0107;5
0108;4
0109;7
0110;4
0111;8
0112;11
0113;12
0114;7
0115;7
0116;12
0117;12
0118;6
0119;8
0120;6
0121;9
0122;4
0123;6
0124;10
0125;6
0126;9
0127;10
0128;6
0129;10
0130;10
0131;8
0201;11
0202;11
0203;8
0204;15
0205;8
0206;6
0207;4
0208;4
0209;9
0210;9
0211;2
0212;8
0213;8
0214;7
0215;7
0216;8
0217;3
0218;7
0219;6
0220;7
0221;6
0222;10
0223;19
0224;3
0225;7
0226;8
0227;8
0228;12
0301;7
0302;9
0303;10
0304;9
0305;10
0306;9
0307;10
0308;4
0309;8
0310;2
0311;3
0312;6
0313;10
0314;6
0315;8
0316;9
0317;12
0318;5
0319;6
0320;15
0321;7
0322;14
0323;8
0324;5
0325;11
0326;7
0327;9
0328;8
0329;9
0330;5
0331;10
0401;9
0402;7
0403;7
0404;7
0405;11
0406;6
0407;4
0408;10
0409;9
0410;7
0411;5
0412;7
0413;8
0414;7
0415;9
0416;3
0417;7
0418;3
0419;6
0420;8
0421;13
0422;6
0423;9
0424;12
0425;7
0426;6
0427;13
0428;12
0429;7
0430;8
0501;8
0502;8
0503;4
0504;8
0505;14
0506;8
0507;14
0508;10
0509;7
0510;7
0511;9
0512;7
0513;5
0514;7
0515;8
0516;8
0517;8
0518;3
0519;6
0520;5
0521;7
0522;6
0523;7
0524;5
0525;10
0526;8
0527;8
0528;5
0529;4
0530;6
0531;12
0601;2
0602;13
0603;8
0604;6
0605;12
0606;8
0607;8
0608;10
0609;7
0610;5
0611;4
0612;6
0613;10
0614;5
0615;14
0616;4
0617;5
0618;4
0619;9
0620;8
0621;2
0622;7
0623;9
0624;4
0625;9
0626;6
0627;1
0628;5
0629;9
0630;10
0701;7
0702;13
0703;12
0704;9
0705;5
0706;7
0707;11
0708;9
0709;7
0710;6
0711;9
0712;5
0713;4
0714;10
0715;7
0716;5
0717;8
0718;6
0719;6
0720;6
0721;10
0722;4
0723;4
0724;10
0725;3
0726;6
0727;7
0728;4
0729;7
0730;3
0731;6
0801;13
0802;1
0803;7
0804;4
0805;2
0806;5
0807;4
0808;4
0809;7
0810;12
0811;4
0812;9
0813;6
0814;9
0815;12
0816;10
0817;8
0818;7
0819;6
0820;10
0821;6
0822;4
0823;8
0824;7
0825;4
0826;8
0827;2
0828;5
0829;4
0830;6
0831;9
0901;6
0902;7
0903;10
0904;5
0905;5
0906;1
0907;4
0908;4
0909;5
0910;7
0911;6
0912;10
0913;7
0914;6
0915;4
0916;3
0917;6
0918;12
0919;3
0920;5
0921;10
0922;6
0923;3
0924;7
0925;6
0926;6
0927;7
0928;6
0929;3
0930;3
1001;6
1002;12
1003;6
1004;5
1005;10
1006;8
1007;4
1008;5
1009;9
1010;8
1011;7
1012;5
1013;8
1014;7
1015;10
1016;10
1017;5
1018;8
1019;11
1020;7
1021;6
1022;10
1023;5
1024;10
1025;10
1026;7
1027;10
1028;5
1029;3
1030;7
1031;8
1101;3
1102;6
1103;8
1104;4
1105;6
1106;4
1107;9
1108;5
1109;7
1110;6
1111;12
1112;7
1113;3
1114;8
1115;8
1116;5
1117;2
1118;8
1119;7
1120;8
1121;4
1122;9
1123;8
1124;12
1125;7
1126;7
1127;4
1128;7
1129;14
1130;6
1201;6
1202;11
1203;4
1204;8
1205;10
1206;3
1207;9
1208;8
1209;10
1210;7
1211;4
1212;5
1213;6
1214;14
1215;6
1216;10
1217;8
1218;8
1219;4
1220;2
1221;6
1222;9
1223;5
1224;12
1225;5
1226;13
1227;8
1228;9
1229;7
1230;6
1231;8
