0101;1
0102;2
0103;1
0104;2
0106;2
0107;1
0108;2
0109;3
0110;1
0111;1
0113;2
0114;3
0115;3
0116;2
0117;3
0118;2
0119;2
0120;3
0121;2
0122;5
0124;4
0125;4
0127;1
0128;6
0129;4
0130;1
0131;3
0201;1
0202;5
0204;1
0205;1
0206;1
0207;2
0208;2
0210;4
0211;9
0212;2
0213;3
0214;1
0215;1
0216;1
0217;2
0218;3
0219;1
0220;3
0222;2
0223;3
0224;2
0225;3
0226;3
0227;1
0228;4
0301;3
0302;3
0303;3
0304;2
0305;2
0306;1
0307;3
0308;1
0309;6
0310;2
0312;2
0314;2
0315;4
0316;3
0317;4
0318;4
0319;3
0320;2
0321;3
0322;1
0323;1
0324;3
0325;2
0326;2
0327;3
0328;1
0329;1
0330;3
0331;1
0401;3
0402;2
0403;2
0404;2
0407;2
0408;2
0409;1
0410;1
0412;3
0413;2
0414;2
0415;1
0416;1
0417;2
0419;1
0420;3
0422;1
0423;2
0424;3
0425;2
0426;1
0427;1
0428;4
0430;2
0501;2
0502;1
0503;1
0504;4
0505;2
0506;3
0508;1
0509;2
0510;2
0511;4
0512;1
0513;2
0515;2
0516;1
0517;1
0518;3
0519;5
0520;4
0521;1
0522;2
0523;9
0525;2
0526;1
0527;5
0528;3
0529;5
0531;5
0601;3
0602;7
0603;3
0604;3
0605;1
0606;3
0607;2
0608;3
0609;4
0610;2
0611;3
0612;3
0614;3
0615;4
0616;3
0617;1
0618;2
0619;1
0621;3
0622;5
0623;6
0624;1
0625;1
0626;1
0627;2
0628;4
0629;5
0630;1
0702;2
0703;2
0704;7
0705;3
0706;3
0707;6
0708;2
0709;2
0710;3
0711;3
0712;2
0713;2
0714;3
0715;3
0716;1
0717;2
0719;1
0720;3
0721;2
0722;1
0723;2
0724;2
0725;1
0726;4
0727;3
0728;2
0729;1
0730;4
0731;2
0801;1
0802;2
0804;3
0805;3
0806;3
0807;2
0808;1
0809;3
0811;1
0812;3
0813;1
0814;1
0815;3
0816;5
0817;3
0818;4
0819;2
0820;5
0821;3
0822;5
0824;2
0825;4
0826;1
0827;1
0828;2
0829;2
0830;3
0831;6
0901;3
0902;2
0903;2
0904;3
0905;2
0907;2
0908;1
0909;1
0910;1
0911;1
0912;2
0914;4
0915;2
0916;4
0917;2
0918;3
0919;1
0920;1
0921;3
0922;3
0923;2
0924;1
0925;3
0926;4
0927;1
0928;3
0929;2
0930;3
1001;4
1004;1
1005;3
1006;1
1007;1
1008;3
1009;2
1011;1
1012;3
1013;1
1014;1
1015;3
1016;2
1019;2
1020;2
1021;2
1022;1
1023;4
1024;1
1025;1
1026;3
1028;2
1029;2
1030;5
1031;1
1101;5
1102;1
1104;1
1106;2
1108;1
1109;4
1110;1
1111;1
1112;1
1113;4
1114;5
1115;2
1116;1
1117;3
1118;2
1119;2
1120;2
1121;2
1122;3
1123;4
1124;3
1125;3
1126;2
1127;3
1128;3
1129;4
1130;2
1201;3
1202;2
1203;2
1204;3
1206;1
1207;1
1208;4
1209;1
1210;2
1211;1
1212;2
1213;1
1214;1
1215;1
1216;3
1218;2
1219;2
1220;1
1221;2
1222;2
1223;1
1224;2
1225;2
1226;2
1227;5
1228;3
1229;1
1230;2
1231;3
