0101;17
0102;11
0103;10
0104;10
0105;23
0106;12
0107;13
0108;21
0109;13
0110;15
0111;24
0112;8
0113;28
0114;17
0115;17
0116;17
0117;15
0118;16
0119;22
0120;15
0121;15
0122;22
0123;14
0124;23
0125;14
0126;17
0127;9
0128;22
0129;17
0130;18
0131;19
0201;14
0202;24
0203;12
0204;17
0205;16
0206;9
0207;8
0208;19
0209;10
0210;15
0211;9
0212;20
0213;15
0214;12
0215;22
0216;13
0217;18
0218;13
0219;12
0220;7
0221;14
0222;14
0223;15
0224;15
0225;11
0226;11
0227;18
0228;6
0301;16
0302;15
0303;20
0304;9
0305;15
0306;11
0307;12
0308;16
0309;10
0310;11
0311;14
0312;15
0313;12
0314;15
0315;11
0316;12
0317;19
0318;11
0319;10
0320;8
0321;20
0322;13
0323;13
0324;10
0325;12
0326;17
0327;15
0328;15
0329;10
0330;13
0331;11
0401;20
0402;15
0403;13
0404;18
0405;13
0406;13
0407;14
0408;15
0409;8
0410;14
0411;18
0412;10
0413;9
0414;16
0415;13
0416;10
0417;16
0418;19
0419;16
0420;21
0421;20
0422;13
0423;17
0424;9
0425;15
0426;9
0427;14
0428;15
0429;10
0430;10
0501;10
0502;7
0503;8
0504;9
0505;16
0506;10
0507;12
0508;16
0509;10
0510;14
0511;16
0512;13
0513;6
0514;10
0515;17
0516;9
0517;18
0518;19
0519;11
0520;13
0521;11
0522;18
0523;18
0524;12
0525;17
0526;17
0527;11
0528;16
0529;10
0530;11
0531;9
0601;22
0602;14
0603;11
0604;10
0605;8
0606;11
0607;7
0608;14
0609;14
0610;10
0611;11
0612;12
0613;13
0614;8
0615;10
0616;8
0617;14
0618;14
0619;13
0620;11
0621;13
0622;20
0623;9
0624;11
0625;19
0626;10
0627;11
0628;12
0629;15
0630;18
0701;18
0702;11
0703;12
0704;10
0705;18
0706;9
0707;19
0708;15
0709;12
0710;10
0711;11
0712;10
0713;11
0714;14
0715;11
0716;16
0717;17
0718;11
0719;13
0720;9
0721;16
0722;9
0723;13
0724;5
0725;15
0726;8
0727;6
0728;13
0729;13
0730;8
0731;15
0801;17
0802;19
0803;13
0804;13
0805;13
0806;10
0807;7
0808;10
0809;9
0810;11
0811;13
0812;12
0813;9
0814;10
0815;10
0816;13
0817;14
0818;7
0819;10
0820;11
0821;16
0822;9
0823;6
0824;7
0825;18
0826;12
0827;11
0828;9
0829;10
0830;10
0831;10
0901;11
0902;16
0903;14
0904;10
0905;9
0906;17
0907;16
0908;13
0909;12
0910;12
0911;11
0912;20
0913;21
0914;12
0915;13
0916;13
0917;8
0918;14
0919;13
0920;12
0921;10
0922;21
0923;11
0924;13
0925;6
0926;15
0927;11
0928;7
0929;11
0930;5
1001;17
1002;6
1003;16
1004;11
1005;14
1006;12
1007;12
1008;14
1009;15
1010;19
1011;10
1012;16
1013;6
1014;16
1015;17
1016;16
1017;11
1018;18
1019;18
1020;14
1021;17
1022;16
1023;21
1024;18
1025;10
1026;9
1027;8
1028;14
1029;10
1030;13
1031;10
1101;15
1102;14
1103;11
1104;16
1105;9
1106;17
1107;7
1108;15
1109;14
1110;8
1111;13
1112;17
1113;14
1114;18
1115;12
1116;16
1117;8
1118;17
1119;16
1120;18
1121;10
1122;14
1123;18
1124;16
1125;25
1126;21
1127;21
1128;8
1129;11
1130;10
1201;14
1202;9
1203;8
1204;10
1205;16
1206;13
1207;17
1208;14
1209;15
1210;12
1211;9
1212;12
1213;15
1214;18
1215;14
1216;13
1217;17
1218;17
1219;24
1220;13
1221;16
1222;18
1223;12
1224;7
1225;15
1226;7
1227;13
1228;8
1229;15
1230;7
1231;18
