0101;13
0102;22
0103;14
0104;16
0105;20
0106;15
0107;21
0108;20
0109;21
0110;19
0111;21
0112;13
0113;23
0114;19
0115;18
0116;25
0117;17
0118;19
0119;18
0120;26
0121;18
0122;18
0123;11
0124;13
0125;20
0126;21
0127;26
0128;23
0129;19
0130;25
0131;19
0201;22
0202;25
0203;22
0204;21
0205;20
0206;20
0207;28
0208;33
0209;21
0210;18
0211;18
0212;11
0213;13
0214;19
0215;14
0216;15
0217;16
0218;16
0219;21
0220;18
0221;13
0222;11
0223;26
0224;14
0225;17
0226;13
0227;21
0228;17
0301;19
0302;15
0303;17
0304;19
0305;16
0306;23
0307;14
0308;16
0309;13
0310;25
0311;14
0312;18
0313;19
0314;19
0315;20
0316;19
0317;20
0318;12
0319;19
0320;14
0321;13
0322;27
0323;16
0324;19
0325;17
0326;8
0327;17
0328;18
0329;19
0330;16
0331;18
0401;22
0402;11
0403;16
0404;21
0405;18
0406;16
0407;23
0408;11
0409;15
0410;16
0411;15
0412;23
0413;16
0414;16
0415;13
0416;11
0417;16
0418;17
0419;23
0420;25
0421;19
0422;13
0423;21
0424;19
0425;20
0426;14
0427;18
0428;11
0429;15
0430;15
0501;20
0502;21
0503;22
0504;22
0505;22
0506;22
0507;13
0508;16
0509;11
0510;17
0511;20
0512;15
0513;21
0514;11
0515;16
0516;14
0517;31
0518;19
0519;17
0520;15
0521;20
0522;18
0523;19
0524;22
0525;20
0526;20
0527;18
0528;18
0529;13
0530;13
0531;14
0601;14
0602;14
0603;20
0604;9
0605;16
0606;14
0607;10
0608;10
0609;22
0610;17
0611;15
0612;18
0613;19
0614;15
0615;17
0616;18
0617;18
0618;18
0619;12
0620;19
0621;11
0622;19
0623;14
0624;10
0625;19
0626;27
0627;22
0628;22
0629;18
0630;24
0701;20
0702;14
0703;18
0704;16
0705;20
0706;18
0707;15
0708;15
0709;18
0710;23
0711;12
0712;21
0713;16
0714;21
0715;16
0716;24
0717;16
0718;18
0719;13
0720;17
0721;13
0722;11
0723;12
0724;11
0725;22
0726;12
0727;9
0728;15
0729;15
0730;15
0731;12
0801;14
0802;15
0803;15
0804;21
0805;16
0806;14
0807;13
0808;15
0809;13
0810;9
0811;16
0812;14
0813;23
0814;19
0815;19
0816;20
0817;22
0818;17
0819;12
0820;14
0821;13
0822;13
0823;19
0824;11
0825;19
0826;20
0827;18
0828;15
0829;19
0830;18
0831;13
0901;20
0902;13
0903;19
0904;17
0905;19
0906;20
0907;16
0908;13
0909;12
0910;21
0911;15
0912;19
0913;16
0914;14
0915;20
0916;7
0917;17
0918;24
0919;16
0920;16
0921;16
0922;13
0923;11
0924;10
0925;15
0926;10
0927;11
0928;14
0929;8
0930;19
1001;8
1002;23
1003;13
1004;15
1005;16
1006;18
1007;13
1008;9
1009;8
1010;18
1011;19
1012;20
1013;18
1014;14
1015;14
1016;13
1017;19
1018;18
1019;14
1020;20
1021;20
1022;18
1023;21
1024;17
1025;14
1026;13
1027;13
1028;15
1029;11
1030;20
1031;18
1101;21
1102;16
1103;19
1104;13
1105;12
1106;26
1107;13
1108;13
1109;20
1110;13
1111;22
1112;13
1113;13
1114;27
1115;21
1116;21
1117;16
1118;16
1119;22
1120;19
1121;23
1122;9
1123;13
1124;13
1125;18
1126;14
1127;16
1128;18
1129;16
1130;18
1201;16
1202;24
1203;28
1204;19
1205;27
1206;16
1207;11
1208;16
1209;17
1210;10
1211;27
1212;18
1213;12
1214;21
1215;20
1216;28
1217;22
1218;12
1219;20
1220;17
1221;6
1222;12
1223;14
1224;17
1225;16
1226;24
1227;18
1228;12
1229;18
1230;15
1231;21
