0101;73
0102;75
0103;53
0104;56
0105;75
0106;58
0107;62
0108;66
0109;70
0110;65
0111;67
0112;71
0113;74
0114;69
0115;75
0116;75
0117;70
0118;86
0119;77
0120;67
0121;75
0122;83
0123;79
0124;63
0125;67
0126;69
0127;76
0128;69
0129;66
0130;85
0131;80
0201;56
0202;73
0203;82
0204;59
0205;93
0206;69
0207;79
0208;57
0209;64
0210;77
0211;60
0212;69
0213;69
0214;71
0215;71
0216;56
0217;67
0218;44
0219;56
0220;61
0221;60
0222;44
0223;68
0224;65
0225;68
0226;62
0227;74
0228;74
0301;56
0302;76
0303;56
0304;75
0305;58
0306;67
0307;57
0308;57
0309;67
0310;61
0311;60
0312;52
0313;83
0314;71
0315;58
0316;72
0317;66
0318;66
0319;76
0320;76
0321;48
0322;54
0323;65
0324;61
0325;50
0326;61
0327;62
0328;57
0329;50
0330;54
0331;74
0401;69
0402;64
0403;52
0404;62
0405;71
0406;63
0407;62
0408;54
0409;69
0410;59
0411;58
0412;48
0413;62
0414;61
0415;74
0416;53
0417;55
0418;53
0419;62
0420;68
0421;73
0422;54
0423;65
0424;62
0425;63
0426;53
0427;55
0428;62
0429;79
0430;66
0501;60
0502;53
0503;61
0504;58
0505;75
0506;73
0507;66
0508;70
0509;56
0510;78
0511;51
0512;76
0513;56
0514;49
0515;62
0516;53
0517;68
0518;67
0519;41
0520;65
0521;69
0522;53
0523;64
0524;57
0525;70
0526;59
0527;73
0528;48
0529;60
0530;63
0531;45
0601;63
0602;52
0603;64
0604;63
0605;66
0606;46
0607;62
0608;66
0609;50
0610;48
0611;70
0612;63
0613;58
0614;51
0615;63
0616;45
0617;55
0618;48
0619;67
0620;63
0621;62
0622;57
0623;52
0624;55
0625;48
0626;66
0627;45
0628;51
0629;73
0630;81
0701;42
0702;53
0703;59
0704;66
0705;61
0706;77
0707;67
0708;55
0709;56
0710;54
0711;46
0712;42
0713;54
0714;58
0715;55
0716;58
0717;51
0718;54
0719;40
0720;57
0721;58
0722;58
0723;50
0724;50
0725;55
0726;38
0727;56
0728;62
0729;59
0730;48
0731;45
0801;60
0802;59
0803;58
0804;48
0805;63
0806;63
0807;74
0808;52
0809;39
0810;53
0811;51
0812;66
0813;39
0814;58
0815;61
0816;63
0817;59
0818;60
0819;60
0820;53
0821;57
0822;62
0823;62
0824;51
0825;52
0826;39
0827;43
0828;51
0829;44
0830;50
0831;56
0901;58
0902;55
0903;60
0904;56
0905;48
0906;63
0907;70
0908;49
0909;56
0910;51
0911;57
0912;48
0913;68
0914;64
0915;55
0916;52
0917;65
0918;64
0919;54
0920;59
0921;57
0922;51
0923;59
0924;50
0925;48
0926;60
0927;54
0928;62
0929;56
0930;61
1001;57
1002;46
1003;54
1004;60
1005;71
1006;64
1007;45
1008;67
1009;53
1010;73
1011;64
1012;51
1013;56
1014;58
1015;55
1016;58
1017;53
1018;60
1019;73
1020;61
1021;50
1022;64
1023;50
1024;56
1025;53
1026;64
1027;57
1028;57
1029;47
1030;50
1031;51
1101;56
1102;64
1103;51
1104;59
1105;50
1106;67
1107;54
1108;54
1109;54
1110;58
1111;60
1112;66
1113;52
1114;51
1115;55
1116;80
1117;65
1118;59
1119;63
1120;70
1121;60
1122;63
1123;64
1124;57
1125;60
1126;71
1127;74
1128;53
1129;62
1130;54
1201;65
1202;63
1203;72
1204;56
1205;62
1206;78
1207;66
1208;63
1209;62
1210;67
1211;64
1212;52
1213;65
1214;77
1215;64
1216;52
1217;65
1218;66
1219;60
1220;68
1221;53
1222;76
1223;69
1224;57
1225;68
1226;62
1227;53
1228;69
1229;64
1230;70
1231;57
