0101;34
0102;33
0103;27
0104;26
0105;33
0106;38
0107;29
0108;33
0109;36
0110;25
0111;26
0112;32
0113;52
0114;39
0115;32
0116;35
0117;49
0118;22
0119;32
0120;26
0121;37
0122;38
0123;32
0124;29
0125;27
0126;30
0127;27
0128;32
0129;27
0130;28
0131;34
0201;33
0202;25
0203;38
0204;34
0205;31
0206;44
0207;36
0208;23
0209;25
0210;30
0211;37
0212;29
0213;34
0214;27
0215;33
0216;32
0217;30
0218;32
0219;34
0220;21
0221;29
0222;24
0223;27
0224;34
0225;24
0226;30
0227;26
0228;32
0301;35
0302;32
0303;27
0304;30
0305;25
0306;25
0307;26
0308;27
0309;28
0310;30
0311;27
0312;24
0313;25
0314;29
0315;34
0316;23
0317;27
0318;20
0319;25
0320;27
0321;22
0322;22
0323;25
0324;33
0325;18
0326;26
0327;24
0328;32
0329;26
0330;30
0331;23
0401;23
0402;28
0403;22
0404;23
0405;25
0406;31
0407;35
0408;22
0409;28
0410;26
0411;22
0412;29
0413;28
0414;29
0415;29
0416;31
0417;25
0418;27
0419;28
0420;36
0421;18
0422;37
0423;40
0424;32
0425;35
0426;27
0427;23
0428;30
0429;29
0430;24
0501;36
0502;25
0503;26
0504;32
0505;24
0506;29
0507;33
0508;25
0509;26
0510;32
0511;26
0512;30
0513;26
0514;38
0515;35
0516;28
0517;28
0518;34
0519;37
0520;38
0521;20
0522;21
0523;30
0524;22
0525;30
0526;34
0527;32
0528;24
0529;35
0530;17
0531;19
0601;28
0602;33
0603;23
0604;18
0605;31
0606;32
0607;25
0608;16
0609;24
0610;32
0611;41
0612;27
0613;26
0614;23
0615;28
0616;22
0617;32
0618;24
0619;26
0620;31
0621;26
0622;33
0623;48
0624;35
0625;23
0626;25
0627;24
0628;29
0629;32
0630;41
0701;41
0702;35
0703;27
0704;34
0705;25
0706;19
0707;28
0708;32
0709;33
0710;27
0711;22
0712;38
0713;28
0714;34
0715;24
0716;22
0717;33
0718;31
0719;17
0720;28
0721;25
0722;27
0723;28
0724;29
0725;26
0726;25
0727;34
0728;25
0729;30
0730;33
0731;30
0801;27
0802;32
0803;23
0804;28
0805;31
0806;26
0807;27
0808;32
0809;16
0810;27
0811;29
0812;32
0813;23
0814;34
0815;24
0816;32
0817;34
0818;25
0819;22
0820;26
0821;19
0822;26
0823;29
0824;29
0825;22
0826;23
0827;14
0828;28
0829;22
0830;26
0831;23
0901;25
0902;26
0903;28
0904;33
0905;22
0906;19
0907;18
0908;16
0909;27
0910;24
0911;24
0912;28
0913;29
0914;28
0915;27
0916;30
0917;26
0918;36
0919;35
0920;21
0921;23
0922;23
0923;26
0924;19
0925;30
0926;20
0927;29
0928;25
0929;22
0930;21
1001;22
1002;31
1003;37
1004;27
1005;18
1006;23
1007;31
1008;26
1009;32
1010;36
1011;27
1012;25
1013;22
1014;39
1015;28
1016;32
1017;29
1018;29
1019;31
1020;31
1021;30
1022;33
1023;33
1024;31
1025;28
1026;30
1027;32
1028;26
1029;26
1030;32
1031;26
1101;28
1102;39
1103;25
1104;35
1105;21
1106;38
1107;24
1108;26
1109;30
1110;41
1111;28
1112;40
1113;34
1114;41
1115;39
1116;26
1117;36
1118;28
1119;42
1120;23
1121;35
1122;24
1123;36
1124;28
1125;35
1126;35
1127;29
1128;27
1129;30
1130;26
1201;28
1202;29
1203;32
1204;19
1205;32
1206;27
1207;30
1208;31
1209;33
1210;31
1211;25
1212;39
1213;20
1214;25
1215;36
1216;33
1217;28
1218;31
1219;30
1220;32
1221;39
1222;17
1223;17
1224;32
1225;34
1226;26
1227;27
1228;34
1229;28
1230;38
1231;27
