0101;15
0102;18
0103;10
0104;10
0105;11
0106;15
0107;11
0108;8
0109;9
0110;10
0111;8
0112;13
0113;13
0114;15
0115;8
0116;10
0117;18
0118;15
0119;9
0120;9
0121;7
0122;16
0123;11
0124;15
0125;13
0126;17
0127;10
0128;22
0129;16
0130;11
0131;15
0201;8
0202;10
0203;8
0204;11
0205;11
0206;11
0207;13
0208;12
0209;16
0210;12
0211;11
0212;6
0213;7
0214;7
0215;14
0216;5
0217;13
0218;10
0219;11
0220;9
0221;11
0222;7
0223;9
0224;5
0225;9
0226;5
0227;8
0228;15
0301;11
0302;13
0303;13
0304;12
0305;4
0306;13
0307;14
0308;12
0309;6
0310;11
0311;12
0312;12
0313;13
0314;11
0315;10
0316;8
0317;17
0318;13
0319;8
0320;18
0321;8
0322;11
0323;14
0324;11
0325;18
0326;6
0327;13
0328;8
0329;7
0330;12
0331;22
0401;10
0402;8
0403;5
0404;10
0405;12
0406;11
0407;8
0408;5
0409;8
0410;9
0411;6
0412;10
0413;10
0414;14
0415;16
0416;8
0417;9
0418;13
0419;10
0420;8
0421;14
0422;12
0423;16
0424;14
0425;10
0426;9
0427;18
0428;15
0429;8
0430;14
0501;8
0502;14
0503;7
0504;10
0505;5
0506;8
0507;6
0508;10
0509;8
0510;10
0511;15
0512;7
0513;10
0514;12
0515;11
0516;9
0517;8
0518;6
0519;9
0520;12
0521;9
0522;8
0523;6
0524;13
0525;10
0526;9
0527;17
0528;10
0529;15
0530;9
0531;9
0601;9
0602;9
0603;7
0604;14
0605;11
0606;12
0607;6
0608;6
0609;14
0610;13
0611;15
0612;18
0613;9
0614;10
0615;13
0616;9
0617;7
0618;10
0619;3
0620;10
0621;10
0622;10
0623;5
0624;12
0625;9
0626;4
0627;17
0628;16
0629;12
0630;14
0701;12
0702;11
0703;7
0704;7
0705;12
0706;9
0707;12
0708;17
0709;9
0710;7
0711;14
0712;10
0713;6
0714;7
0715;12
0716;11
0717;13
0718;6
0719;10
0720;11
0721;16
0722;10
0723;12
0724;6
0725;5
0726;10
0727;12
0728;5
0729;11
0730;9
0731;6
0801;11
0802;13
0803;5
0804;7
0805;11
0806;10
0807;7
0808;7
0809;10
0810;6
0811;6
0812;10
0813;10
0814;9
0815;5
0816;12
0817;5
0818;10
0819;18
0820;9
0821;8
0822;4
0823;9
0824;10
0825;9
0826;9
0827;9
0828;9
0829;6
0830;8
0831;9
0901;9
0902;8
0903;9
0904;9
0905;10
0906;8
0907;10
0908;7
0909;7
0910;9
0911;12
0912;11
0913;13
0914;11
0915;7
0916;12
0917;9
0918;9
0919;11
0920;10
0921;8
0922;9
0923;9
0924;10
0925;13
0926;10
0927;6
0928;7
0929;14
0930;8
1001;16
1002;6
1003;7
1004;10
1005;15
1006;9
1007;7
1008;14
1009;4
1010;14
1011;14
1012;17
1013;8
1014;14
1015;13
1016;6
1017;8
1018;12
1019;10
1020;10
1021;10
1022;8
1023;6
1024;7
1025;8
1026;13
1027;20
1028;12
1029;19
1030;6
1031;7
1101;10
1102;6
1103;7
1104;5
1105;9
1106;9
1107;8
1108;9
1109;14
1110;9
1111;7
1112;11
1113;13
1114;13
1115;8
1116;9
1117;14
1118;8
1119;10
1120;7
1121;8
1122;9
1123;10
1124;12
1125;6
1126;8
1127;9
1128;9
1129;14
1130;13
1201;12
1202;18
1203;12
1204;9
1205;19
1206;8
1207;7
1208;10
1209;3
1210;16
1211;12
1212;20
1213;9
1214;9
1215;11
1216;13
1217;14
1218;8
1219;9
1220;16
1221;12
1222;9
1223;10
1224;15
1225;12
1226;18
1227;11
1228;19
1229;13
1230;9
1231;13
