0101;15
0102;8
0103;9
0104;16
0105;9
0106;15
0107;12
0108;14
0109;12
0110;8
0111;10
0112;14
0113;10
0114;13
0115;12
0116;12
0117;9
0118;12
0119;11
0120;9
0121;11
0122;9
0123;13
0124;13
0125;10
0126;18
0127;9
0128;6
0129;7
0130;8
0131;15
0201;14
0202;17
0203;16
0204;13
0205;10
0206;13
0207;6
0208;15
0209;10
0210;13
0211;8
0212;9
0213;13
0214;12
0215;8
0216;7
0217;9
0218;5
0219;11
0220;17
0221;11
0222;10
0223;7
0224;14
0225;13
0226;5
0227;10
0228;5
0301;12
0302;14
0303;14
0304;11
0305;9
0306;8
0307;7
0308;8
0309;7
0310;13
0311;14
0312;3
0313;10
0314;12
0315;11
0316;6
0317;11
0318;5
0319;9
0320;11
0321;9
0322;8
0323;12
0324;10
0325;14
0326;11
0327;4
0328;10
0329;4
0330;12
0331;9
0401;8
0402;14
0403;8
0404;11
0405;11
0406;7
0407;6
0408;8
0409;16
0410;8
0411;6
0412;7
0413;4
0414;9
0415;13
0416;14
0417;11
0418;20
0419;4
0420;11
0421;8
0422;9
0423;10
0424;15
0425;13
0426;11
0427;7
0428;16
0429;18
0430;10
0501;15
0502;13
0503;9
0504;14
0505;9
0506;7
0507;4
0508;14
0509;12
0510;7
0511;11
0512;15
0513;9
0514;11
0515;9
0516;12
0517;5
0518;8
0519;8
0520;7
0521;6
0522;6
0523;17
0524;12
0525;9
0526;7
0527;11
0528;10
0529;10
0530;6
0531;11
0601;7
0602;10
0603;12
0604;7
0605;9
0606;9
0607;6
0608;7
0609;8
0610;10
0611;9
0612;10
0613;8
0614;12
0615;9
0616;8
0617;10
0618;15
0619;12
0620;6
0621;9
0622;14
0623;6
0624;9
0625;8
0626;12
0627;3
0628;9
0629;11
0630;12
0701;11
0702;7
0703;16
0704;6
0705;15
0706;9
0707;14
0708;10
0709;14
0710;17
0711;15
0712;9
0713;13
0714;6
0715;6
0716;10
0717;8
0718;4
0719;8
0720;13
0721;9
0722;10
0723;13
0724;11
0725;17
0726;7
0727;12
0728;6
0729;13
0730;10
0731;10
0801;13
0802;7
0803;14
0804;8
0805;9
0806;10
0807;8
0808;10
0809;13
0810;9
0811;11
0812;6
0813;11
0814;4
0815;9
0816;11
0817;13
0818;13
0819;8
0820;11
0821;10
0822;7
0823;6
0824;11
0825;8
0826;8
0827;6
0828;7
0829;10
0830;6
0831;9
0901;13
0902;10
0903;8
0904;4
0905;9
0906;12
0907;1
0908;9
0909;11
0910;5
0911;10
0912;10
0913;7
0914;9
0915;8
0916;7
0917;10
0918;11
0919;7
0920;12
0921;7
0922;10
0923;9
0924;7
0925;6
0926;5
0927;7
0928;16
0929;12
0930;10
1001;9
1002;8
1003;15
1004;12
1005;12
1006;10
1007;8
1008;10
1009;3
1010;6
1011;8
1012;10
1013;14
1014;14
1015;3
1016;8
1017;15
1018;10
1019;14
1020;12
1021;11
1022;5
1023;14
1024;10
1025;9
1026;13
1027;14
1028;7
1029;13
1030;9
1031;16
1101;9
1102;12
1103;7
1104;10
1105;10
1106;13
1107;9
1108;13
1109;12
1110;10
1111;7
1112;8
1113;11
1114;10
1115;7
1116;13
1117;8
1118;8
1119;11
1120;5
1121;6
1122;5
1123;7
1124;8
1125;10
1126;10
1127;11
1128;10
1129;4
1130;10
1201;11
1202;9
1203;10
1204;15
1205;13
1206;11
1207;14
1208;6
1209;9
1210;7
1211;10
1212;11
1213;9
1214;9
1215;13
1216;9
1217;10
1218;15
1219;9
1220;12
1221;14
1222;6
1223;9
1224;7
1225;11
1226;7
1227;12
1228;11
1229;7
1230;14
1231;6
