0101;4
0102;5
0103;3
0104;5
0105;4
0106;2
0107;5
0108;3
0109;4
0110;3
0111;1
0112;3
0113;4
0114;3
0115;3
0116;2
0117;1
0118;2
0119;4
0120;3
0121;3
0122;2
0123;3
0124;5
0125;5
0126;7
0127;8
0128;3
0129;3
0130;3
0131;2
0202;5
0203;3
0204;4
0205;3
0206;5
0207;4
0208;2
0209;8
0210;1
0211;3
0212;4
0213;3
0214;1
0215;2
0216;3
0217;3
0218;2
0219;3
0220;3
0221;1
0222;6
0223;4
0224;4
0225;3
0226;3
0227;1
0228;3
0301;2
0302;4
0303;4
0304;3
0305;1
0306;1
0308;4
0309;6
0310;2
0311;4
0312;4
0313;3
0314;2
0315;4
0316;3
0317;2
0318;3
0319;7
0320;2
0321;5
0322;2
0323;3
0324;4
0325;5
0326;2
0327;2
0328;5
0329;2
0330;6
0331;1
0401;4
0402;4
0403;4
0404;1
0405;5
0406;4
0407;3
0408;3
0409;2
0410;8
0411;7
0412;3
0413;4
0414;5
0415;4
0416;8
0417;3
0418;1
0419;1
0420;3
0421;5
0422;2
0423;3
0424;3
0425;4
0426;2
0427;5
0428;4
0429;3
0430;2
0501;7
0502;1
0503;3
0505;5
0506;2
0507;3
0509;2
0510;4
0511;1
0512;1
0513;2
0514;6
0515;3
0516;2
0517;5
0518;5
0519;2
0520;1
0521;1
0522;2
0523;4
0524;1
0525;6
0526;4
0527;3
0528;3
0529;4
0530;4
0531;3
0601;3
0602;2
0604;3
0605;3
0606;7
0607;2
0608;4
0609;1
0610;4
0611;3
0612;1
0613;4
0614;1
0615;3
0616;1
0618;4
0619;3
0621;3
0623;1
0624;2
0625;3
0626;1
0627;2
0628;4
0629;3
0630;4
0702;4
0703;2
0704;5
0705;2
0707;5
0708;2
0709;3
0711;5
0712;1
0714;5
0715;3
0716;3
0717;3
0718;3
0719;1
0720;3
0721;1
0722;4
0723;2
0724;3
0725;4
0726;1
0727;1
0728;2
0729;3
0730;4
0731;1
0801;4
0803;2
0804;1
0805;1
0806;2
0807;1
0808;1
0809;2
0811;5
0812;2
0813;3
0814;1
0815;2
0816;1
0817;2
0818;1
0819;4
0821;1
0822;6
0823;1
0824;1
0825;3
0826;1
0827;3
0828;2
0829;2
0830;3
0831;4
0901;4
0902;1
0903;2
0904;1
0905;2
0906;1
0907;2
0908;1
0909;2
0910;2
0912;5
0913;1
0914;1
0915;4
0916;3
0917;3
0918;1
0920;4
0921;4
0922;6
0923;5
0924;1
0925;2
0926;1
0927;4
0928;1
0929;3
0930;5
1001;5
1002;2
1003;2
1004;6
1005;3
1006;1
1007;3
1008;3
1009;5
1010;5
1012;3
1014;2
1015;1
1016;3
1017;2
1018;3
1019;3
1020;4
1021;4
1022;3
1023;6
1024;5
1025;3
1027;6
1028;5
1030;4
1031;2
1101;5
1102;1
1103;3
1104;3
1105;3
1106;1
1107;1
1108;5
1109;4
1110;4
1111;3
1112;2
1113;4
1114;1
1115;3
1116;2
1117;6
1118;4
1119;2
1120;3
1121;1
1122;1
1123;3
1124;2
1125;3
1126;1
1127;1
1128;3
1130;4
1201;2
1202;3
1203;2
1204;1
1205;4
1206;8
1207;4
1208;1
1209;3
1210;7
1211;3
1212;2
1213;2
1214;2
1215;3
1216;1
1217;5
1218;2
1219;3
1220;2
1221;5
1222;4
1223;2
1224;4
1225;6
1226;4
1227;3
1228;3
1229;1
1230;3
1231;3
