0101;39
0102;36
0103;27
0104;16
0105;24
0106;20
0107;26
0108;25
0109;28
0110;29
0111;18
0112;28
0113;22
0114;39
0115;22
0116;40
0117;28
0118;37
0119;39
0120;23
0121;24
0122;37
0123;23
0124;25
0125;31
0126;28
0127;27
0128;23
0129;19
0130;16
0131;28
0201;22
0202;26
0203;22
0204;29
0205;22
0206;32
0207;22
0208;25
0209;32
0210;29
0211;24
0212;18
0213;21
0214;27
0215;22
0216;24
0217;27
0218;36
0219;24
0220;24
0221;19
0222;19
0223;28
0224;23
0225;25
0226;16
0227;33
0228;23
0301;27
0302;20
0303;25
0304;16
0305;27
0306;28
0307;20
0308;24
0309;27
0310;27
0311;30
0312;11
0313;21
0314;23
0315;18
0316;16
0317;27
0318;28
0319;30
0320;25
0321;21
0322;22
0323;11
0324;22
0325;26
0326;16
0327;28
0328;25
0329;17
0330;28
0331;24
0401;31
0402;28
0403;30
0404;24
0405;26
0406;30
0407;26
0408;24
0409;28
0410;24
0411;22
0412;16
0413;20
0414;26
0415;18
0416;28
0417;24
0418;27
0419;25
0420;19
0421;20
0422;23
0423;23
0424;26
0425;21
0426;17
0427;23
0428;24
0429;26
0430;25
0501;15
0502;25
0503;15
0504;24
0505;32
0506;16
0507;23
0508;22
0509;22
0510;21
0511;25
0512;14
0513;13
0514;23
0515;23
0516;25
0517;17
0518;25
0519;25
0520;23
0521;22
0522;30
0523;25
0524;17
0525;36
0526;28
0527;21
0528;28
0529;26
0530;24
0531;18
0601;30
0602;16
0603;21
0604;28
0605;19
0606;19
0607;14
0608;16
0609;16
0610;24
0611;23
0612;15
0613;29
0614;20
0615;22
0616;22
0617;22
0618;20
0619;16
0620;29
0621;21
0622;18
0623;22
0624;21
0625;24
0626;23
0627;26
0628;26
0629;22
0630;38
0701;24
0702;30
0703;21
0704;21
0705;20
0706;28
0707;24
0708;21
0709;22
0710;19
0711;22
0712;23
0713;18
0714;15
0715;22
0716;19
0717;13
0718;19
0719;14
0720;21
0721;21
0722;21
0723;23
0724;18
0725;17
0726;23
0727;19
0728;10
0729;17
0730;15
0731;28
0801;20
0802;16
0803;15
0804;28
0805;15
0806;21
0807;23
0808;20
0809;18
0810;24
0811;16
0812;22
0813;15
0814;19
0815;16
0816;21
0817;21
0818;19
0819;14
0820;15
0821;26
0822;20
0823;22
0824;12
0825;19
0826;22
0827;14
0828;19
0829;25
0830;18
0831;21
0901;20
0902;24
0903;16
0904;21
0905;14
0906;16
0907;16
0908;22
0909;25
0910;17
0911;27
0912;17
0913;18
0914;19
0915;30
0916;16
0917;17
0918;22
0919;22
0920;17
0921;17
0922;17
0923;13
0924;23
0925;17
0926;20
0927;17
0928;34
0929;26
0930;21
1001;27
1002;25
1003;31
1004;20
1005;18
1006;19
1007;19
1008;16
1009;26
1010;8
1011;18
1012;25
1013;23
1014;33
1015;26
1016;23
1017;16
1018;21
1019;17
1020;22
1021;30
1022;24
1023;24
1024;19
1025;22
1026;31
1027;17
1028;23
1029;30
1030;21
1031;24
1101;25
1102;23
1103;22
1104;30
1105;18
1106;17
1107;20
1108;22
1109;18
1110;20
1111;24
1112;24
1113;26
1114;13
1115;34
1116;13
1117;27
1118;24
1119;18
1120;14
1121;27
1122;20
1123;20
1124;28
1125;25
1126;25
1127;26
1128;19
1129;18
1130;30
1201;20
1202;24
1203;35
1204;29
1205;19
1206;29
1207;18
1208;29
1209;32
1210;27
1211;25
1212;31
1213;25
1214;18
1215;23
1216;42
1217;28
1218;26
1219;22
1220;16
1221;26
1222;20
1223;29
1224;21
1225;35
1226;26
1227;26
1228;27
1229;27
1230;25
1231;24
