0101;21
0102;23
0103;12
0104;9
0105;25
0106;19
0107;11
0108;20
0109;16
0110;22
0111;17
0112;15
0113;14
0114;10
0115;20
0116;12
0117;25
0118;13
0119;22
0120;13
0121;21
0122;19
0123;26
0124;15
0125;11
0126;19
0127;15
0128;13
0129;19
0130;19
0131;16
0201;18
0202;15
0203;11
0204;20
0205;15
0206;13
0207;16
0208;11
0209;15
0210;19
0211;15
0212;11
0213;19
0214;18
0215;13
0216;18
0217;15
0218;17
0219;12
0220;16
0221;19
0222;11
0223;16
0224;17
0225;14
0226;16
0227;23
0228;26
0301;19
0302;27
0303;16
0304;17
0305;13
0306;14
0307;5
0308;11
0309;13
0310;13
0311;13
0312;21
0313;15
0314;24
0315;22
0316;12
0317;14
0318;18
0319;15
0320;19
0321;11
0322;23
0323;21
0324;14
0325;15
0326;11
0327;16
0328;14
0329;13
0330;23
0331;17
0401;12
0402;17
0403;15
0404;10
0405;23
0406;9
0407;16
0408;18
0409;17
0410;12
0411;16
0412;13
0413;13
0414;11
0415;18
0416;10
0417;15
0418;7
0419;14
0420;20
0421;12
0422;8
0423;13
0424;12
0425;11
0426;12
0427;11
0428;7
0429;15
0430;16
0501;19
0502;16
0503;21
0504;13
0505;10
0506;8
0507;14
0508;13
0509;12
0510;23
0511;22
0512;9
0513;11
0514;10
0515;14
0516;14
0517;15
0518;9
0519;16
0520;7
0521;14
0522;15
0523;9
0524;16
0525;14
0526;20
0527;15
0528;17
0529;10
0530;14
0531;15
0601;19
0602;12
0603;13
0604;18
0605;12
0606;10
0607;8
0608;13
0609;21
0610;10
0611;9
0612;21
0613;21
0614;22
0615;15
0616;17
0617;18
0618;17
0619;18
0620;13
0621;15
0622;18
0623;14
0624;11
0625;14
0626;13
0627;12
0628;11
0629;18
0630;24
0701;21
0702;12
0703;16
0704;18
0705;9
0706;16
0707;23
0708;13
0709;12
0710;20
0711;11
0712;11
0713;13
0714;10
0715;18
0716;9
0717;15
0718;15
0719;10
0720;15
0721;8
0722;14
0723;24
0724;13
0725;10
0726;10
0727;14
0728;12
0729;11
0730;14
0731;5
0801;13
0802;12
0803;8
0804;10
0805;7
0806;12
0807;9
0808;14
0809;10
0810;9
0811;14
0812;20
0813;12
0814;16
0815;13
0816;15
0817;9
0818;15
0819;15
0820;8
0821;18
0822;19
0823;11
0824;13
0825;9
0826;10
0827;11
0828;15
0829;16
0830;17
0831;15
0901;13
0902;11
0903;9
0904;9
0905;12
0906;12
0907;12
0908;13
0909;13
0910;8
0911;13
0912;22
0913;10
0914;23
0915;15
0916;15
0917;18
0918;17
0919;7
0920;15
0921;7
0922;6
0923;11
0924;7
0925;11
0926;16
0927;13
0928;13
0929;12
0930;13
1001;12
1002;22
1003;21
1004;12
1005;11
1006;18
1007;14
1008;18
1009;10
1010;18
1011;15
1012;10
1013;16
1014;12
1015;12
1016;25
1017;15
1018;13
1019;8
1020;14
1021;15
1022;12
1023;16
1024;14
1025;17
1026;22
1027;14
1028;12
1029;14
1030;6
1031;10
1101;13
1102;11
1103;13
1104;15
1105;15
1106;13
1107;14
1108;13
1109;27
1110;18
1111;8
1112;14
1113;24
1114;12
1115;10
1116;11
1117;16
1118;15
1119;6
1120;15
1121;16
1122;7
1123;15
1124;14
1125;12
1126;10
1127;18
1128;14
1129;19
1130;15
1201;16
1202;15
1203;17
1204;17
1205;21
1206;15
1207;19
1208;16
1209;13
1210;14
1211;16
1212;14
1213;13
1214;26
1215;16
1216;26
1217;14
1218;19
1219;15
1220;4
1221;9
1222;14
1223;12
1224;9
1225;20
1226;14
1227;16
1228;17
1229;20
1230;11
1231;15
