0101;7
0102;3
0103;1
0104;5
0105;3
0106;2
0107;1
0108;1
0109;6
0110;5
0111;3
0112;1
0113;4
0114;2
0115;3
0116;3
0117;2
0118;6
0119;5
0120;5
0121;5
0122;4
0123;1
0124;3
0125;3
0126;3
0127;2
0128;4
0129;3
0130;3
0131;3
0201;1
0202;4
0203;4
0204;7
0205;1
0206;7
0207;4
0208;5
0209;1
0210;4
0211;5
0212;2
0213;3
0214;9
0215;1
0216;5
0218;10
0219;3
0220;5
0221;7
0222;9
0223;7
0224;6
0226;3
0227;9
0228;6
0301;4
0302;2
0303;5
0304;5
0306;4
0307;3
0308;4
0309;2
0310;2
0311;4
0312;3
0313;4
0314;3
0315;3
0316;2
0317;4
0318;7
0319;6
0320;2
0321;9
0322;4
0323;4
0324;3
0325;3
0326;3
0327;4
0328;4
0329;6
0330;2
0331;2
0401;6
0402;2
0403;3
0404;4
0405;3
0406;7
0407;7
0408;2
0409;1
0410;3
0411;4
0412;5
0413;4
0414;2
0415;3
0416;7
0417;8
0418;3
0419;4
0420;6
0421;3
0422;2
0423;2
0424;6
0425;4
0426;2
0427;7
0428;3
0429;2
0430;6
0501;2
0502;7
0503;3
0504;2
0505;1
0506;1
0507;1
0508;7
0509;4
0510;2
0511;1
0512;2
0513;4
0514;4
0515;2
0516;2
0517;3
0518;4
0519;1
0520;3
0521;5
0522;3
0523;4
0524;5
0525;2
0526;2
0527;5
0528;5
0529;5
0530;3
0531;4
0601;3
0602;6
0603;6
0604;3
0605;9
0606;1
0607;5
0608;4
0609;1
0610;4
0611;3
0612;3
0613;3
0614;1
0615;3
0616;3
0617;4
0618;1
0619;2
0620;6
0621;6
0622;2
0623;5
0624;6
0625;2
0626;3
0627;4
0628;2
0629;4
0630;2
0701;2
0702;3
0703;3
0704;2
0705;2
0706;4
0707;3
0708;4
0709;8
0710;5
0711;3
0712;2
0713;1
0714;2
0715;3
0716;4
0717;4
0718;2
0719;3
0720;4
0721;3
0722;3
0723;5
0724;3
0725;7
0726;6
0727;5
0728;5
0729;2
0730;8
0731;1
0801;5
0802;2
0803;3
0804;3
0805;3
0806;6
0807;4
0808;3
0809;3
0810;4
0811;2
0812;2
0813;2
0814;1
0815;4
0816;3
0817;2
0818;5
0819;4
0820;4
0821;2
0822;3
0823;2
0824;3
0825;3
0826;3
0827;2
0828;8
0829;5
0830;4
0831;4
0901;6
0902;3
0903;3
0904;2
0905;9
0906;2
0907;2
0908;4
0909;2
0910;1
0911;5
0912;2
0913;2
0914;3
0915;2
0916;6
0917;4
0918;6
0919;4
0920;1
0921;3
0922;2
0923;2
0924;6
0925;3
0926;2
0927;3
0928;4
0929;4
0930;5
1001;3
1002;5
1003;6
1004;5
1005;2
1006;2
1007;5
1008;4
1009;2
1010;3
1011;4
1013;4
1014;4
1015;1
1016;6
1017;2
1018;2
1019;4
1020;2
1021;5
1022;6
1023;2
1024;7
1025;4
1026;5
1027;4
1028;2
1029;7
1030;4
1031;6
1101;5
1102;5
1103;4
1104;2
1105;7
1106;2
1107;4
1108;5
1109;3
1110;6
1111;6
1112;2
1113;3
1114;4
1115;5
1116;3
1117;3
1118;3
1119;6
1120;1
1121;5
1122;3
1123;4
1124;4
1125;7
1126;1
1127;2
1128;3
1129;2
1130;1
1201;5
1202;3
1203;6
1204;3
1205;4
1207;2
1208;2
1209;2
1210;1
1211;6
1212;5
1213;5
1214;2
1215;5
1216;4
1217;4
1218;5
1219;2
1220;3
1221;5
1222;2
1223;5
1224;5
1225;12
1226;2
1227;5
1228;1
1229;3
1230;4
1231;2
