0101;8
0102;5
0103;12
0104;6
0105;9
0106;6
0107;6
0108;10
0109;14
0110;7
0111;7
0112;14
0113;10
0114;10
0115;19
0116;11
0117;9
0118;7
0119;10
0120;12
0121;4
0122;5
0123;8
0124;14
0125;14
0126;10
0127;8
0128;8
0129;5
0130;14
0131;7
0201;7
0202;9
0203;7
0204;4
0205;7
0206;5
0207;8
0208;10
0209;14
0210;5
0211;6
0212;8
0213;8
0214;4
0215;8
0216;15
0217;8
0218;8
0219;9
0220;10
0221;11
0222;11
0223;9
0224;14
0225;13
0226;11
0227;12
0228;6
0301;8
0302;11
0303;9
0304;7
0305;5
0306;13
0307;13
0308;13
0309;7
0310;10
0311;8
0312;11
0313;6
0314;10
0315;6
0316;16
0317;19
0318;4
0319;9
0320;10
0321;12
0322;7
0323;3
0324;8
0325;8
0326;8
0327;6
0328;10
0329;11
0330;6
0331;10
0401;9
0402;11
0403;7
0404;9
0405;11
0406;7
0407;9
0408;8
0409;8
0410;15
0411;9
0412;11
0413;7
0414;14
0415;13
0416;7
0417;9
0418;8
0419;8
0420;8
0421;8
0422;9
0423;9
0424;12
0425;7
0426;7
0427;5
0428;7
0429;5
0430;12
0501;9
0502;8
0503;10
0504;4
0505;7
0506;8
0507;14
0508;6
0509;9
0510;7
0511;4
0512;7
0513;5
0514;3
0515;6
0516;8
0517;11
0518;7
0519;7
0520;7
0521;7
0522;5
0523;1
0524;5
0525;5
0526;9
0527;3
0528;6
0529;3
0530;9
0531;3
0601;7
0602;3
0603;5
0604;3
0605;4
0606;4
0607;5
0608;3
0609;5
0610;4
0611;8
0612;7
0613;7
0614;6
0615;6
0616;8
0617;9
0618;5
0619;11
0620;6
0621;6
0622;10
0623;5
0624;3
0625;6
0626;9
0627;5
0628;7
0629;8
0630;7
0701;7
0702;5
0703;2
0704;6
0705;7
0706;11
0707;8
0708;11
0709;6
0710;8
0711;8
0712;8
0713;12
0714;8
0715;11
0716;8
0717;9
0718;6
0719;7
0720;11
0721;10
0722;8
0723;4
0724;6
0725;7
0726;7
0727;6
0728;7
0729;9
0730;6
0731;9
0801;7
0802;8
0803;8
0804;13
0805;6
0806;9
0807;11
0808;11
0809;9
0810;11
0811;7
0812;13
0813;6
0814;6
0815;11
0816;9
0817;7
0818;8
0819;11
0820;8
0821;6
0822;9
0823;6
0824;11
0825;2
0826;6
0827;6
0828;7
0829;7
0830;9
0831;9
0901;9
0902;10
0903;9
0904;10
0905;3
0906;5
0907;8
0908;9
0909;9
0910;6
0911;9
0912;10
0913;7
0914;13
0915;6
0916;8
0917;9
0918;12
0919;9
0920;11
0921;10
0922;10
0923;9
0924;10
0925;7
0926;12
0927;9
0928;10
0929;7
0930;10
1001;15
1002;7
1003;7
1004;12
1005;13
1006;8
1007;7
1008;9
1009;5
1010;9
1011;10
1012;6
1013;7
1014;7
1015;9
1016;6
1017;6
1018;8
1019;7
1020;6
1021;7
1022;11
1023;10
1024;9
1025;11
1026;9
1027;5
1028;11
1029;15
1030;7
1031;8
1101;13
1102;11
1103;10
1104;7
1105;9
1106;7
1107;13
1108;7
1109;6
1110;10
1111;7
1112;9
1113;8
1114;5
1115;12
1116;5
1117;5
1118;9
1119;6
1120;14
1121;6
1122;11
1123;6
1124;7
1125;6
1126;10
1127;8
1128;13
1129;14
1130;8
1201;11
1202;10
1203;5
1204;7
1205;12
1206;11
1207;5
1208;9
1209;10
1210;8
1211;7
1212;6
1213;10
1214;5
1215;15
1216;8
1217;12
1218;10
1219;9
1220;9
1221;12
1222;10
1223;7
1224;10
1225;10
1226;5
1227;4
1228;11
1229;8
1230;9
1231;9
