0101;6
0102;14
0103;5
0104;5
0105;7
0106;12
0107;5
0108;7
0109;9
0110;7
0111;11
0112;9
0113;9
0114;6
0115;6
0116;10
0117;7
0118;7
0119;11
0120;5
0121;3
0122;12
0123;8
0124;10
0125;4
0126;4
0127;15
0128;9
0129;8
0130;7
0131;8
0201;7
0202;8
0203;6
0204;9
0205;6
0206;7
0207;8
0208;8
0209;7
0210;6
0211;7
0212;11
0213;9
0214;6
0215;13
0216;6
0217;9
0218;7
0219;12
0220;5
0221;9
0222;8
0223;10
0224;7
0225;9
0226;6
0227;5
0228;8
0301;12
0302;11
0303;11
0304;11
0305;12
0306;8
0307;5
0308;6
0309;8
0310;11
0311;10
0312;4
0313;15
0314;6
0315;2
0316;10
0317;10
0318;9
0319;6
0320;10
0321;11
0322;5
0323;4
0324;7
0325;7
0326;6
0327;12
0328;15
0329;12
0330;7
0331;11
0401;2
0402;7
0403;17
0404;9
0405;8
0406;7
0407;6
0408;10
0409;13
0410;11
0411;11
0412;6
0413;6
0414;9
0415;14
0416;12
0417;10
0418;5
0419;9
0420;10
0421;6
0422;7
0423;6
0424;5
0425;4
0426;10
0427;10
0428;8
0429;7
0430;13
0501;4
0502;18
0503;4
0504;8
0505;5
0506;3
0507;8
0508;15
0509;18
0510;9
0511;11
0512;10
0513;4
0514;8
0515;4
0516;10
0517;7
0518;9
0519;3
0520;5
0521;9
0522;4
0523;4
0524;6
0525;2
0526;12
0527;9
0528;8
0529;9
0530;14
0531;5
0601;14
0602;3
0603;7
0604;15
0605;9
0606;8
0607;7
0608;3
0609;10
0610;9
0611;9
0612;9
0613;6
0614;9
0615;5
0616;6
0617;9
0618;5
0619;5
0620;9
0621;13
0622;6
0623;7
0624;10
0625;4
0626;5
0627;5
0628;8
0629;6
0630;7
0701;10
0702;10
0703;8
0704;11
0705;15
0706;6
0707;11
0708;7
0709;7
0710;8
0711;7
0712;6
0713;10
0714;11
0715;12
0716;6
0717;8
0718;3
0719;11
0720;6
0721;2
0722;11
0723;7
0724;5
0725;6
0726;10
0727;10
0728;5
0729;8
0730;6
0731;14
0801;4
0802;10
0803;2
0804;7
0805;5
0806;7
0807;5
0808;7
0809;4
0810;7
0811;8
0812;6
0813;5
0814;5
0815;7
0816;10
0817;3
0818;4
0819;7
0820;7
0821;9
0822;7
0823;6
0824;6
0825;8
0826;9
0827;11
0828;8
0829;5
0830;10
0831;5
0901;9
0902;7
0903;10
0904;9
0905;12
0906;7
0907;12
0908;9
0909;6
0910;5
0911;6
0912;14
0913;8
0914;13
0915;3
0916;3
0917;6
0918;8
0919;8
0920;5
0921;8
0922;6
0923;7
0924;13
0925;6
0926;6
0927;6
0928;13
0929;10
0930;3
1001;4
1002;12
1003;9
1004;12
1005;7
1006;8
1007;2
1008;9
1009;5
1010;4
1011;9
1012;6
1013;9
1014;9
1015;7
1016;8
1017;7
1018;6
1019;6
1020;4
1021;9
1022;5
1023;8
1024;10
1025;8
1026;8
1027;4
1028;4
1029;9
1030;6
1031;8
1101;13
1102;9
1103;7
1104;13
1105;11
1106;9
1107;11
1108;5
1109;7
1110;4
1111;9
1112;11
1113;10
1114;7
1115;9
1116;12
1117;13
1118;11
1119;9
1120;8
1121;6
1122;11
1123;6
1124;2
1125;9
1126;13
1127;8
1128;13
1129;8
1130;5
1201;10
1202;8
1203;10
1204;9
1205;11
1206;7
1207;5
1208;8
1209;8
1210;8
1211;7
1212;5
1213;7
1214;8
1215;7
1216;10
1217;7
1218;11
1219;8
1220;9
1221;5
1222;6
1223;7
1224;10
1225;10
1226;12
1227;5
1228;5
1229;10
1230;10
1231;10
