0101;6
0102;7
0103;12
0104;10
0105;8
0106;7
0107;8
0108;7
0109;6
0110;6
0111;3
0112;6
0113;8
0114;13
0115;2
0116;7
0117;14
0118;6
0119;4
0120;14
0121;6
0122;4
0123;6
0124;8
0125;7
0126;9
0127;8
0128;7
0129;6
0130;7
0131;5
0201;10
0202;6
0203;12
0204;10
0205;7
0206;8
0207;7
0208;6
0209;11
0210;2
0211;8
0212;10
0213;8
0214;9
0215;7
0216;14
0217;4
0218;4
0219;8
0220;5
0221;9
0222;6
0223;14
0224;4
0225;8
0226;10
0227;7
0228;7
0301;17
0302;8
0303;6
0304;12
0305;8
0306;12
0307;8
0308;5
0309;10
0310;11
0311;6
0312;10
0313;7
0314;9
0315;4
0316;12
0317;10
0318;11
0319;4
0320;5
0321;6
0322;10
0323;5
0324;4
0325;10
0326;8
0327;8
0328;7
0329;6
0330;4
0331;6
0401;11
0402;5
0403;7
0404;7
0405;9
0406;8
0407;5
0408;7
0409;9
0410;10
0411;12
0412;7
0413;6
0414;12
0415;11
0416;12
0417;1
0418;8
0419;8
0420;11
0421;6
0422;15
0423;9
0424;13
0425;8
0426;10
0427;8
0428;5
0429;7
0430;4
0501;6
0502;11
0503;12
0504;11
0505;7
0506;3
0507;11
0508;4
0509;10
0510;9
0511;9
0512;6
0513;8
0514;8
0515;12
0516;5
0517;5
0518;8
0519;9
0520;9
0521;9
0522;3
0523;6
0524;11
0525;5
0526;8
0527;9
0528;10
0529;8
0530;10
0531;8
0601;6
0602;5
0603;4
0604;8
0605;3
0606;12
0607;7
0608;7
0609;3
0610;8
0611;8
0612;8
0613;12
0614;7
0615;7
0616;7
0617;12
0618;8
0619;6
0620;5
0621;7
0622;8
0623;9
0624;10
0625;10
0626;8
0627;3
0628;4
0629;7
0630;7
0701;5
0702;4
0703;2
0704;2
0705;11
0706;6
0707;10
0708;10
0709;9
0710;6
0711;10
0712;7
0713;12
0714;3
0715;11
0716;8
0717;7
0718;8
0719;13
0720;9
0721;8
0722;5
0723;5
0724;8
0725;8
0726;7
0727;4
0728;3
0729;5
0730;14
0731;5
0801;8
0802;5
0803;6
0804;3
0805;5
0806;8
0807;7
0808;5
0809;10
0810;7
0811;6
0812;2
0813;11
0814;12
0815;6
0816;1
0817;8
0818;2
0819;7
0820;6
0821;8
0822;9
0823;6
0824;6
0825;10
0826;12
0827;6
0828;6
0829;5
0830;7
0831;8
0901;6
0902;5
0903;5
0904;8
0905;11
0906;5
0907;8
0908;7
0909;12
0910;6
0911;10
0912;10
0913;8
0914;7
0915;4
0916;11
0917;6
0918;7
0919;6
0920;10
0921;6
0922;5
0923;5
0924;6
0925;6
0926;8
0927;3
0928;7
0929;13
0930;9
1001;4
1002;9
1003;9
1004;8
1005;8
1006;9
1007;8
1008;9
1009;8
1010;7
1011;9
1012;4
1013;6
1014;6
1015;7
1016;7
1017;5
1018;9
1019;4
1020;11
1021;5
1022;11
1023;6
1024;6
1025;3
1026;11
1027;9
1028;12
1029;10
1030;7
1031;6
1101;7
1102;9
1103;7
1104;8
1105;5
1106;3
1107;9
1108;1
1109;8
1110;7
1111;7
1112;11
1113;8
1114;9
1115;13
1116;7
1117;7
1118;7
1119;9
1120;7
1121;10
1122;8
1123;5
1124;18
1125;4
1126;11
1127;5
1128;6
1129;6
1130;9
1201;10
1202;9
1203;9
1204;10
1205;10
1206;11
1207;9
1208;12
1209;4
1210;10
1211;6
1212;3
1213;10
1214;9
1215;8
1216;8
1217;5
1218;9
1219;6
1220;10
1221;12
1222;9
1223;9
1224;10
1225;8
1226;14
1227;9
1228;4
1229;10
1230;9
1231;10
