0101;2
0102;4
0103;2
0104;6
0105;4
0106;4
0107;4
0108;4
0109;4
0110;3
0111;6
0112;7
0113;9
0114;5
0115;6
0116;7
0117;3
0118;2
0119;7
0120;8
0121;4
0123;2
0124;4
0125;6
0126;3
0127;7
0128;7
0129;1
0130;7
0131;5
0201;5
0202;5
0203;7
0204;6
0205;7
0206;3
0207;4
0208;3
0209;4
0210;4
0211;5
0212;4
0213;5
0214;4
0215;6
0216;4
0217;6
0218;2
0219;5
0220;3
0221;3
0222;4
0223;4
0224;6
0225;5
0226;5
0227;8
0228;9
0301;7
0302;4
0303;4
0304;8
0305;10
0306;7
0307;7
0308;6
0309;8
0310;3
0311;4
0312;6
0313;5
0314;5
0315;2
0316;6
0317;4
0318;6
0319;2
0320;9
0321;4
0322;4
0323;4
0324;8
0325;7
0326;13
0327;8
0328;4
0329;3
0330;4
0331;7
0401;1
0402;6
0403;8
0404;7
0405;5
0406;4
0407;5
0408;7
0409;1
0410;8
0411;5
0412;6
0413;5
0414;4
0415;7
0416;6
0417;8
0418;3
0419;5
0420;9
0421;7
0422;8
0423;7
0424;4
0425;5
0426;4
0427;4
0428;5
0429;8
0430;7
0501;4
0502;7
0503;6
0504;4
0505;10
0506;6
0507;7
0508;6
0509;12
0510;3
0511;8
0512;6
0513;4
0514;6
0515;3
0516;10
0517;5
0518;5
0519;6
0520;7
0521;5
0522;4
0523;7
0524;5
0525;6
0526;9
0527;7
0528;6
0529;7
0530;9
0531;7
0601;8
0602;8
0603;4
0604;4
0605;3
0606;3
0607;5
0608;3
0609;5
0610;7
0611;6
0612;7
0613;5
0614;6
0615;6
0616;4
0617;3
0618;4
0619;7
0620;6
0621;3
0622;3
0623;4
0624;6
0625;7
0626;1
0627;4
0628;4
0629;4
0630;3
0701;5
0702;1
0703;3
0704;6
0705;5
0706;5
0707;8
0708;5
0709;6
0710;5
0711;4
0712;7
0713;11
0714;5
0715;4
0716;10
0717;4
0718;2
0719;1
0720;8
0721;6
0722;4
0723;3
0724;9
0725;2
0726;7
0727;5
0728;4
0729;6
0730;11
0731;3
0801;2
0802;6
0803;4
0804;3
0805;6
0806;7
0807;6
0808;5
0809;2
0810;1
0811;4
0812;3
0813;2
0814;3
0815;3
0816;4
0817;7
0818;1
0819;2
0820;5
0821;5
0822;5
0823;2
0824;5
0825;3
0826;9
0827;6
0828;4
0829;5
0830;7
0831;5
0901;7
0902;6
0903;6
0904;6
0905;6
0906;3
0907;9
0908;4
0909;4
0910;1
0911;2
0912;3
0913;2
0914;2
0915;3
0916;1
0917;7
0918;4
0919;2
0920;7
0921;3
0922;6
0923;7
0924;4
0925;5
0926;4
0927;6
0928;6
0929;6
0930;2
1001;6
1002;7
1003;5
1004;6
1005;7
1006;5
1007;5
1008;2
1009;8
1010;3
1011;5
1012;4
1013;6
1014;5
1015;9
1016;6
1017;8
1018;8
1019;6
1020;9
1021;5
1022;6
1023;7
1024;6
1025;4
1026;6
1027;3
1028;2
1029;6
1030;5
1031;7
1101;8
1102;9
1103;8
1104;6
1105;5
1106;9
1107;6
1108;3
1109;5
1110;2
1111;6
1112;5
1113;6
1114;1
1115;5
1116;2
1117;6
1118;9
1119;3
1120;4
1121;5
1122;9
1123;4
1124;3
1125;4
1126;4
1127;6
1128;1
1129;3
1130;4
1201;4
1202;9
1203;8
1204;7
1205;3
1206;7
1207;6
1208;2
1209;8
1210;8
1211;2
1212;8
1213;6
1214;5
1215;4
1216;6
1217;5
1218;5
1219;7
1221;6
1222;6
1223;5
1224;10
1225;9
1226;7
1227;5
1228;4
1229;9
1230;7
1231;5
