0101;7
0102;6
0103;6
0104;1
0105;5
0106;3
0107;5
0108;3
0109;4
0110;4
0111;4
0112;3
0113;3
0114;3
0115;6
0116;2
0117;3
0118;8
0119;4
0120;1
0121;7
0122;4
0123;2
0124;2
0125;4
0126;4
0127;6
0128;3
0129;1
0130;4
0131;3
0201;3
0202;7
0203;3
0204;5
0205;5
0206;4
0207;3
0208;4
0209;2
0210;6
0211;6
0212;6
0213;8
0214;3
0215;1
0216;4
0217;8
0218;2
0219;5
0220;5
0221;2
0222;2
0223;3
0224;4
0225;8
0226;3
0227;1
0228;6
0301;8
0302;6
0303;2
0304;8
0305;2
0306;4
0307;6
0308;4
0309;3
0310;5
0311;4
0312;6
0313;5
0314;2
0315;3
0316;3
0317;3
0318;2
0319;5
0320;6
0321;2
0322;8
0323;5
0324;4
0325;2
0326;5
0327;3
0328;2
0330;5
0331;1
0401;6
0402;3
0403;3
0404;5
0405;4
0406;6
0407;5
0408;10
0409;5
0410;4
0411;4
0412;4
0413;4
0414;4
0415;4
0416;6
0417;2
0418;4
0419;2
0420;1
0421;3
0422;5
0423;3
0424;5
0425;1
0426;2
0427;4
0429;2
0430;4
0501;5
0502;5
0503;4
0504;6
0505;4
0506;2
0507;2
0508;9
0509;3
0510;3
0511;2
0512;6
0513;6
0514;5
0515;9
0516;2
0517;6
0518;6
0519;7
0520;1
0521;3
0522;4
0523;2
0524;3
0525;6
0526;4
0527;5
0528;4
0529;6
0530;4
0531;4
0601;5
0602;2
0603;3
0604;4
0605;4
0606;4
0607;3
0608;3
0609;7
0610;5
0611;4
0612;2
0613;3
0614;3
0615;2
0616;6
0617;1
0618;8
0619;5
0620;2
0621;5
0622;1
0623;3
0624;7
0625;4
0626;5
0627;4
0628;3
0629;4
0701;6
0702;2
0703;2
0704;5
0705;1
0707;6
0708;1
0709;2
0710;5
0711;4
0712;10
0713;5
0714;5
0715;3
0716;4
0717;3
0718;2
0719;3
0720;5
0721;4
0722;3
0723;2
0724;3
0725;7
0726;9
0727;2
0728;4
0729;4
0730;5
0731;4
0801;2
0802;5
0803;9
0804;1
0805;4
0806;5
0807;2
0808;3
0809;4
0810;5
0811;5
0812;7
0814;8
0815;5
0817;1
0818;1
0819;2
0820;3
0821;2
0822;7
0823;4
0824;8
0825;5
0826;2
0827;3
0828;5
0829;4
0830;5
0831;1
0901;5
0902;3
0903;1
0905;2
0906;3
0907;5
0908;4
0909;2
0910;3
0911;7
0912;3
0913;5
0914;2
0915;3
0916;1
0918;2
0919;4
0920;3
0921;1
0922;4
0923;4
0924;3
0925;2
0926;6
0927;3
0929;3
0930;4
1001;3
1002;1
1003;2
1004;8
1005;4
1006;4
1007;5
1008;7
1009;3
1010;1
1011;3
1012;1
1013;6
1014;2
1015;2
1016;3
1017;1
1018;4
1019;3
1020;1
1021;3
1022;2
1023;7
1024;7
1025;3
1026;5
1027;3
1028;4
1029;2
1030;4
1031;4
1101;6
1102;3
1103;8
1104;8
1105;7
1106;8
1107;4
1108;4
1109;4
1110;3
1111;4
1112;2
1113;5
1114;5
1116;5
1117;4
1118;6
1119;6
1120;5
1121;3
1122;4
1123;5
1124;7
1125;3
1127;2
1128;4
1129;8
1130;5
1201;4
1202;1
1203;1
1204;4
1205;3
1206;5
1207;5
1208;3
1209;3
1210;4
1211;5
1212;2
1213;5
1214;7
1215;4
1216;2
1217;6
1218;6
1219;6
1221;3
1222;4
1223;2
1224;3
1225;7
1226;6
1227;12
1228;2
1229;4
1230;5
1231;5
