0000;1
0101;20
0102;26
0103;19
0104;17
0105;13
0106;23
0107;12
0108;21
0109;22
0110;18
0111;16
0112;9
0113;13
0114;22
0115;19
0116;15
0117;16
0118;18
0119;17
0120;15
0121;15
0122;18
0123;23
0124;17
0125;16
0126;22
0127;21
0128;16
0129;20
0130;19
0131;17
0200;1
0201;22
0202;22
0203;11
0204;14
0205;13
0206;16
0207;27
0208;13
0209;18
0210;17
0211;14
0212;20
0213;10
0214;15
0215;20
0216;19
0217;19
0218;23
0219;15
0220;18
0221;25
0222;12
0223;16
0224;16
0225;24
0226;19
0227;12
0228;18
0301;32
0302;18
0303;16
0304;16
0305;20
0306;21
0307;13
0308;27
0309;21
0310;17
0311;17
0312;24
0313;12
0314;15
0315;20
0316;18
0317;26
0318;18
0319;24
0320;14
0321;20
0322;25
0323;17
0324;18
0325;15
0326;19
0327;16
0328;12
0329;17
0330;19
0331;16
0401;23
0402;21
0403;14
0404;18
0405;18
0406;26
0407;22
0408;17
0409;19
0410;22
0411;22
0412;16
0413;21
0414;15
0415;13
0416;15
0417;25
0418;11
0419;30
0420;20
0421;23
0422;23
0423;16
0424;11
0425;11
0426;15
0427;14
0428;10
0429;10
0430;20
0501;17
0502;23
0503;17
0504;25
0505;11
0506;22
0507;15
0508;19
0509;20
0510;19
0511;22
0512;19
0513;16
0514;26
0515;21
0516;17
0517;20
0518;11
0519;16
0520;17
0521;12
0522;22
0523;15
0524;14
0525;24
0526;17
0527;14
0528;8
0529;11
0530;20
0531;16
0601;16
0602;22
0603;13
0604;11
0605;15
0606;11
0607;21
0608;16
0609;19
0610;16
0611;15
0612;13
0613;13
0614;12
0615;14
0616;11
0617;20
0618;19
0619;20
0620;11
0621;15
0622;15
0623;21
0624;19
0625;11
0626;12
0627;15
0628;12
0629;16
0630;8
0701;12
0702;11
0703;18
0704;13
0705;19
0706;22
0707;21
0708;19
0709;24
0710;19
0711;20
0712;18
0713;18
0714;18
0715;23
0716;16
0717;12
0718;25
0719;15
0720;19
0721;9
0722;6
0723;17
0724;14
0725;14
0726;15
0727;18
0728;19
0729;12
0730;16
0731;23
0801;23
0802;22
0803;22
0804;15
0805;19
0806;22
0807;16
0808;15
0809;14
0810;18
0811;21
0812;17
0813;16
0814;18
0815;18
0816;17
0817;14
0818;16
0819;20
0820;12
0821;19
0822;16
0823;13
0824;17
0825;16
0826;15
0827;18
0828;17
0829;16
0830;15
0831;19
0901;18
0902;14
0903;17
0904;15
0905;16
0906;23
0907;18
0908;12
0909;16
0910;21
0911;21
0912;15
0913;16
0914;13
0915;11
0916;26
0917;17
0918;16
0919;13
0920;15
0921;16
0922;16
0923;24
0924;16
0925;15
0926;16
0927;24
0928;12
0929;23
0930;26
1001;15
1002;13
1003;24
1004;14
1005;14
1006;15
1007;19
1008;22
1009;18
1010;14
1011;15
1012;18
1013;14
1014;21
1015;10
1016;12
1017;14
1018;17
1019;11
1020;16
1021;12
1022;11
1023;17
1024;14
1025;14
1026;20
1027;14
1028;20
1029;13
1030;11
1031;24
1101;13
1102;21
1103;17
1104;18
1105;19
1106;31
1107;19
1108;13
1109;15
1110;20
1111;15
1112;21
1113;15
1114;22
1115;14
1116;18
1117;15
1118;20
1119;20
1120;16
1121;19
1122;10
1123;31
1124;11
1125;23
1126;20
1127;13
1128;24
1129;17
1130;13
1201;20
1202;13
1203;29
1204;16
1205;20
1206;14
1207;23
1208;24
1209;20
1210;20
1211;16
1212;20
1213;10
1214;14
1215;19
1216;27
1217;15
1218;16
1219;16
1220;22
1221;22
1222;23
1223;18
1224;21
1225;26
1226;20
1227;20
1228;25
1229;18
1230;20
1231;17
