0101;9
0102;7
0103;5
0104;9
0105;5
0106;8
0107;3
0108;5
0109;6
0110;7
0111;6
0112;8
0113;1
0114;3
0115;4
0116;8
0117;5
0118;2
0119;4
0120;3
0121;8
0122;6
0123;7
0124;5
0125;6
0126;6
0127;7
0128;3
0129;8
0130;5
0131;11
0201;6
0202;9
0203;7
0204;4
0205;4
0206;7
0207;5
0208;5
0209;6
0210;5
0211;7
0212;7
0213;6
0214;3
0215;7
0216;6
0217;7
0218;10
0219;7
0220;4
0221;7
0222;7
0223;4
0224;2
0225;5
0226;10
0227;8
0228;3
0301;5
0302;5
0303;9
0305;6
0306;8
0307;3
0308;5
0309;9
0310;6
0311;12
0312;4
0313;7
0314;6
0315;7
0316;4
0317;5
0318;5
0319;6
0320;4
0321;7
0322;2
0323;12
0324;8
0325;6
0326;6
0327;5
0328;2
0329;4
0330;6
0331;10
0401;7
0402;11
0403;2
0404;7
0405;9
0406;9
0407;7
0408;3
0409;7
0410;4
0411;6
0412;5
0413;4
0414;8
0415;3
0416;7
0417;10
0418;7
0419;9
0420;9
0421;10
0422;12
0423;9
0424;2
0425;5
0426;4
0427;7
0428;5
0429;4
0430;7
0501;9
0502;4
0503;4
0504;9
0505;9
0506;5
0507;4
0508;6
0509;5
0510;8
0511;13
0512;9
0513;6
0514;3
0515;5
0516;5
0517;11
0518;5
0519;7
0520;2
0521;4
0522;3
0523;6
0524;12
0525;8
0526;5
0527;4
0528;5
0529;2
0530;3
0531;11
0601;4
0602;7
0603;4
0604;6
0605;2
0606;7
0607;7
0608;5
0609;9
0610;3
0611;2
0612;7
0613;5
0614;6
0615;4
0616;6
0617;8
0618;3
0619;6
0620;2
0621;3
0622;4
0623;6
0624;7
0625;2
0626;9
0627;4
0628;2
0629;5
0630;6
0701;6
0702;7
0703;1
0704;2
0705;5
0706;3
0707;5
0708;2
0709;6
0710;3
0711;4
0712;8
0713;7
0714;3
0715;6
0716;6
0717;1
0718;2
0719;4
0720;7
0721;9
0722;8
0723;2
0724;3
0725;6
0726;6
0727;4
0728;13
0729;2
0730;4
0731;8
0801;3
0802;10
0803;3
0804;5
0805;5
0806;4
0807;9
0808;6
0809;6
0810;4
0811;4
0812;6
0813;5
0814;2
0815;2
0816;6
0817;6
0818;9
0819;2
0820;3
0821;10
0822;6
0823;4
0824;4
0825;3
0826;2
0827;6
0828;7
0829;6
0830;7
0831;7
0901;6
0902;10
0903;11
0904;10
0905;6
0906;5
0907;5
0908;7
0909;5
0910;8
0911;9
0912;3
0913;8
0914;8
0915;7
0916;6
0917;7
0918;2
0919;3
0920;3
0921;3
0922;3
0924;8
0925;8
0926;10
0927;5
0928;6
0929;6
0930;7
1001;7
1002;3
1003;3
1004;3
1005;5
1006;9
1007;6
1008;7
1009;6
1010;3
1011;5
1012;6
1013;3
1014;7
1015;7
1016;4
1017;6
1018;10
1019;3
1020;6
1021;3
1022;5
1023;4
1024;6
1025;2
1026;5
1027;3
1028;4
1029;5
1030;5
1031;4
1101;7
1102;7
1103;6
1104;5
1105;3
1106;9
1107;5
1108;5
1109;6
1110;10
1111;5
1112;3
1113;4
1114;7
1115;6
1116;7
1117;4
1118;12
1119;5
1120;5
1121;10
1122;6
1123;7
1124;11
1125;6
1126;11
1127;7
1128;5
1129;3
1130;5
1201;4
1202;4
1203;4
1204;1
1205;5
1206;5
1207;2
1208;7
1209;8
1210;8
1211;6
1212;7
1213;6
1214;4
1215;3
1216;3
1217;6
1218;6
1219;7
1220;8
1221;3
1222;6
1223;9
1224;7
1225;5
1226;3
1227;2
1228;9
1229;4
1230;8
1231;7
