0101;7
0102;6
0103;4
0104;8
0105;5
0106;3
0107;5
0108;5
0109;5
0110;2
0111;4
0112;3
0113;2
0114;2
0115;7
0116;1
0117;3
0118;6
0119;5
0120;4
0121;3
0122;3
0123;3
0124;3
0125;9
0126;3
0127;2
0128;4
0129;4
0130;4
0131;4
0201;4
0202;4
0203;4
0204;4
0205;3
0206;5
0207;3
0208;8
0209;4
0210;3
0211;3
0212;3
0213;2
0214;2
0215;4
0216;4
0217;1
0218;2
0219;3
0220;5
0221;4
0222;8
0223;2
0224;7
0225;6
0226;9
0227;1
0228;7
0301;3
0302;4
0303;1
0304;7
0305;3
0306;8
0307;3
0308;3
0309;6
0310;5
0311;4
0312;11
0313;3
0314;4
0315;4
0316;4
0317;6
0318;4
0319;6
0320;4
0321;3
0322;9
0323;8
0324;5
0325;5
0326;8
0327;5
0328;4
0329;6
0330;6
0331;2
0401;3
0402;6
0403;3
0404;6
0405;5
0406;4
0407;5
0408;4
0409;5
0410;3
0411;7
0412;4
0413;6
0414;5
0415;5
0416;9
0417;2
0418;1
0419;2
0420;1
0421;7
0422;6
0423;8
0424;8
0425;4
0426;4
0427;5
0428;4
0429;3
0430;6
0501;5
0502;5
0503;6
0504;8
0505;3
0506;1
0507;1
0508;2
0509;2
0510;5
0511;4
0512;9
0513;2
0514;4
0515;1
0516;6
0517;3
0518;2
0519;5
0520;3
0521;3
0522;4
0523;4
0524;4
0525;5
0527;3
0528;3
0529;3
0530;4
0601;4
0602;5
0603;3
0604;8
0605;2
0606;5
0607;3
0608;4
0609;6
0610;7
0611;7
0612;5
0613;4
0614;5
0615;3
0616;6
0617;3
0618;7
0619;5
0620;3
0621;8
0622;7
0623;6
0624;2
0625;2
0626;1
0627;5
0628;9
0629;4
0630;4
0701;3
0702;2
0703;3
0704;3
0705;4
0706;6
0707;2
0708;6
0709;3
0710;3
0711;4
0712;1
0713;5
0714;8
0715;2
0716;4
0717;4
0718;5
0719;3
0720;5
0721;3
0722;3
0724;4
0725;5
0726;2
0727;3
0728;3
0729;2
0730;3
0731;4
0801;2
0802;3
0803;3
0804;3
0805;2
0806;4
0807;2
0808;6
0809;5
0811;7
0812;3
0813;6
0814;5
0815;2
0816;4
0818;6
0819;4
0820;1
0821;3
0822;4
0823;6
0824;3
0825;5
0826;7
0827;3
0828;4
0829;8
0830;2
0831;2
0901;3
0902;5
0903;6
0904;3
0905;2
0906;4
0907;4
0908;6
0909;5
0910;7
0911;7
0912;2
0913;1
0914;4
0915;4
0916;3
0917;4
0918;6
0919;2
0920;4
0921;4
0922;7
0923;3
0924;1
0925;4
0926;1
0927;2
0928;5
0929;6
0930;6
1001;2
1002;4
1003;3
1004;5
1005;2
1006;3
1007;1
1008;2
1009;4
1010;5
1011;4
1012;2
1013;5
1014;1
1015;3
1016;3
1017;5
1018;4
1019;4
1020;4
1021;2
1022;4
1023;6
1025;2
1026;3
1027;7
1028;3
1029;5
1030;1
1031;5
1101;6
1102;5
1103;1
1104;9
1105;4
1106;4
1107;4
1108;3
1109;6
1110;2
1111;10
1112;2
1113;8
1114;7
1115;10
1116;5
1117;3
1118;3
1119;6
1120;7
1121;6
1122;8
1123;10
1124;5
1125;5
1126;5
1127;4
1128;2
1129;4
1130;5
1201;6
1202;7
1203;4
1204;3
1205;4
1206;6
1207;5
1208;3
1209;6
1210;5
1211;5
1212;7
1213;1
1214;4
1215;1
1216;5
1217;4
1218;9
1219;3
1220;9
1221;5
1222;7
1223;5
1224;6
1225;3
1226;9
1227;3
1228;3
1229;4
1230;6
1231;4
