0101;11
0102;14
0103;16
0104;15
0105;10
0106;19
0107;18
0108;23
0109;24
0110;15
0111;10
0112;19
0113;25
0114;15
0115;23
0116;15
0117;12
0118;13
0119;19
0120;22
0121;23
0122;21
0123;20
0124;19
0125;20
0126;18
0127;28
0128;14
0129;22
0130;23
0131;18
0201;16
0202;19
0203;15
0204;22
0205;18
0206;12
0207;22
0208;15
0209;14
0210;18
0211;19
0212;24
0213;16
0214;18
0215;11
0216;10
0217;21
0218;14
0219;20
0220;12
0221;16
0222;14
0223;19
0224;17
0225;12
0226;13
0227;23
0228;8
0301;23
0302;15
0303;21
0304;13
0305;22
0306;16
0307;12
0308;18
0309;12
0310;16
0311;14
0312;13
0313;14
0314;18
0315;17
0316;20
0317;15
0318;24
0319;9
0320;17
0321;23
0322;22
0323;15
0324;13
0325;27
0326;18
0327;17
0328;24
0329;19
0330;19
0331;11
0401;14
0402;19
0403;17
0404;17
0405;21
0406;15
0407;10
0408;16
0409;11
0410;17
0411;20
0412;14
0413;24
0414;13
0415;17
0416;29
0417;11
0418;17
0419;20
0420;18
0421;13
0422;12
0423;12
0424;15
0425;19
0426;21
0427;13
0428;16
0429;12
0430;15
0501;8
0502;18
0503;18
0504;21
0505;15
0506;15
0507;13
0508;27
0509;17
0510;17
0511;17
0512;22
0513;21
0514;10
0515;18
0516;14
0517;16
0518;4
0519;17
0520;24
0521;13
0522;11
0523;19
0524;18
0525;15
0526;21
0527;10
0528;14
0529;13
0530;8
0531;23
0601;18
0602;18
0603;16
0604;16
0605;18
0606;17
0607;19
0608;13
0609;13
0610;23
0611;22
0612;21
0613;8
0614;16
0615;21
0616;21
0617;21
0618;9
0619;15
0620;13
0621;14
0622;10
0623;12
0624;12
0625;18
0626;20
0627;16
0628;18
0629;23
0630;16
0701;17
0702;11
0703;12
0704;21
0705;20
0706;20
0707;18
0708;20
0709;12
0710;23
0711;15
0712;11
0713;23
0714;15
0715;21
0716;15
0717;18
0718;16
0719;14
0720;12
0721;17
0722;12
0723;15
0724;9
0725;20
0726;16
0727;24
0728;20
0729;26
0730;12
0731;16
0801;11
0802;13
0803;17
0804;16
0805;18
0806;17
0807;15
0808;12
0809;12
0810;13
0811;10
0812;7
0813;16
0814;17
0815;18
0816;9
0817;14
0818;15
0819;11
0820;14
0821;12
0822;16
0823;18
0824;10
0825;14
0826;22
0827;15
0828;14
0829;12
0830;13
0831;11
0901;20
0902;15
0903;14
0904;16
0905;17
0906;18
0907;13
0908;18
0909;15
0910;12
0911;27
0912;15
0913;16
0914;19
0915;21
0916;6
0917;13
0918;17
0919;15
0920;18
0921;18
0922;16
0923;11
0924;14
0925;14
0926;14
0927;17
0928;13
0929;16
0930;13
1001;10
1002;16
1003;18
1004;20
1005;13
1006;20
1007;11
1008;22
1009;14
1010;11
1011;10
1012;19
1013;10
1014;14
1015;20
1016;9
1017;17
1018;23
1019;14
1020;17
1021;12
1022;22
1023;20
1024;22
1025;18
1026;20
1027;20
1028;14
1029;17
1030;16
1031;16
1101;19
1102;13
1103;20
1104;20
1105;15
1106;16
1107;13
1108;26
1109;16
1110;21
1111;17
1112;18
1113;12
1114;19
1115;13
1116;16
1117;11
1118;17
1119;14
1120;17
1121;22
1122;25
1123;10
1124;18
1125;14
1126;20
1127;16
1128;19
1129;17
1130;14
1201;24
1202;12
1203;17
1204;15
1205;18
1206;18
1207;20
1208;19
1209;18
1210;16
1211;13
1212;21
1213;17
1214;19
1215;26
1216;20
1217;19
1218;17
1219;17
1220;16
1221;19
1222;19
1223;22
1224;20
1225;17
1226;16
1227;12
1228;15
1229;16
1230;19
1231;18
