0101;5
0102;6
0103;3
0104;5
0105;7
0106;6
0107;8
0108;5
0109;3
0110;8
0111;2
0112;5
0113;7
0114;4
0115;5
0116;13
0117;7
0118;2
0119;2
0120;6
0121;5
0122;4
0123;6
0124;4
0125;7
0126;7
0127;6
0128;6
0129;6
0130;7
0131;5
0201;5
0202;6
0203;3
0204;1
0205;2
0206;3
0207;4
0208;5
0209;6
0210;7
0211;2
0212;1
0213;5
0214;6
0215;3
0216;8
0217;7
0218;3
0219;5
0220;5
0221;9
0222;7
0223;3
0224;9
0225;2
0226;6
0227;10
0228;6
0301;6
0302;1
0303;6
0304;1
0305;5
0306;7
0307;6
0308;4
0309;9
0310;7
0311;3
0312;5
0313;5
0314;5
0315;4
0316;5
0317;5
0318;2
0319;5
0320;6
0321;2
0322;3
0323;5
0324;2
0325;3
0326;2
0327;1
0328;2
0329;3
0330;5
0331;6
0401;3
0402;5
0403;5
0404;5
0405;4
0406;8
0407;2
0408;7
0409;6
0410;6
0411;4
0412;6
0413;4
0414;5
0415;5
0416;4
0417;8
0418;3
0419;8
0420;7
0421;4
0422;4
0423;5
0424;5
0425;10
0426;7
0427;3
0428;4
0429;5
0430;5
0501;5
0502;5
0503;5
0504;5
0505;6
0506;7
0507;6
0508;3
0509;5
0510;7
0511;7
0512;7
0513;2
0514;4
0515;4
0516;12
0517;3
0519;4
0520;3
0521;3
0522;3
0523;2
0524;5
0525;2
0526;4
0527;2
0528;3
0529;4
0530;3
0531;4
0601;6
0602;2
0603;6
0604;4
0605;8
0606;8
0607;6
0608;3
0609;7
0610;7
0611;3
0612;3
0613;4
0614;1
0615;6
0616;2
0617;4
0618;2
0619;5
0620;3
0621;8
0622;1
0623;5
0624;4
0625;8
0626;6
0627;2
0628;5
0629;3
0630;2
0701;6
0702;8
0703;5
0704;4
0705;5
0706;9
0707;5
0708;7
0709;6
0710;8
0711;6
0712;4
0713;6
0714;1
0715;3
0716;6
0717;5
0718;4
0719;2
0720;2
0721;7
0722;5
0723;1
0724;1
0725;3
0726;7
0727;1
0728;5
0729;1
0730;2
0731;5
0801;5
0802;6
0803;4
0804;1
0805;4
0806;2
0807;2
0808;6
0809;1
0810;5
0811;2
0812;1
0813;3
0814;5
0815;6
0816;1
0817;4
0818;2
0819;5
0820;5
0821;5
0822;3
0824;4
0825;3
0826;3
0827;2
0828;4
0829;8
0830;2
0901;4
0902;3
0903;6
0904;7
0905;9
0906;4
0907;4
0908;4
0909;2
0910;2
0911;2
0912;7
0913;5
0914;10
0915;4
0916;3
0917;3
0918;2
0919;6
0920;5
0921;2
0922;3
0923;3
0924;3
0925;8
0926;4
0927;3
0928;3
0929;2
0930;2
1001;2
1002;1
1003;3
1004;2
1005;3
1006;5
1007;3
1008;3
1009;7
1010;6
1011;4
1012;1
1013;9
1014;4
1015;7
1016;4
1017;3
1019;5
1020;4
1021;3
1022;4
1023;5
1024;1
1025;5
1026;4
1027;7
1028;4
1029;7
1030;5
1031;2
1101;3
1102;5
1103;4
1104;3
1106;4
1107;5
1108;2
1109;6
1110;8
1111;3
1112;8
1113;3
1114;3
1115;7
1116;5
1117;2
1118;1
1119;7
1120;7
1121;11
1122;3
1123;3
1124;4
1125;4
1126;7
1127;4
1128;7
1129;5
1130;6
1201;2
1202;6
1203;9
1204;5
1205;5
1206;5
1207;3
1208;3
1210;6
1211;4
1212;5
1213;2
1214;5
1215;2
1216;7
1217;1
1218;5
1219;5
1220;5
1221;8
1222;2
1223;6
1224;2
1225;4
1226;4
1227;6
1228;7
1229;7
1230;4
1231;2
