0101;11
0102;8
0103;9
0104;4
0105;9
0106;8
0107;10
0108;10
0109;6
0110;8
0111;8
0112;6
0113;13
0114;9
0115;7
0116;6
0117;6
0118;6
0119;3
0120;5
0121;5
0122;5
0123;7
0124;5
0125;5
0126;7
0127;4
0128;6
0129;6
0130;10
0131;4
0201;5
0202;11
0203;7
0204;9
0205;9
0206;7
0207;3
0208;7
0209;8
0210;6
0211;9
0212;4
0213;5
0214;7
0215;2
0216;5
0217;6
0218;3
0219;6
0220;11
0221;9
0222;2
0223;7
0224;8
0225;5
0226;9
0227;10
0228;15
0301;8
0302;11
0303;4
0304;5
0305;6
0306;6
0307;2
0308;9
0309;10
0310;3
0311;5
0312;10
0313;5
0314;5
0315;7
0316;4
0317;5
0318;15
0319;12
0320;5
0321;6
0322;6
0323;7
0324;9
0325;15
0326;5
0327;5
0328;10
0329;2
0330;10
0331;7
0401;7
0402;5
0403;10
0404;7
0405;8
0406;6
0407;9
0408;12
0409;9
0410;8
0411;4
0412;4
0413;12
0414;7
0415;9
0416;10
0417;8
0418;5
0419;10
0420;4
0421;4
0422;8
0423;8
0424;6
0425;9
0426;9
0427;8
0428;2
0429;8
0430;6
0500;1
0501;6
0502;20
0503;7
0504;6
0505;7
0506;5
0507;12
0508;6
0509;2
0510;3
0511;1
0512;6
0513;5
0514;5
0515;9
0516;8
0517;2
0518;3
0519;9
0520;8
0521;9
0522;5
0523;5
0524;4
0525;6
0526;8
0527;6
0528;12
0529;12
0530;10
0531;6
0601;3
0602;6
0603;3
0604;5
0605;3
0606;10
0607;6
0608;7
0609;10
0610;10
0611;7
0612;4
0613;6
0614;8
0615;12
0616;4
0617;5
0618;8
0619;5
0620;8
0621;8
0622;4
0623;3
0624;7
0625;8
0626;7
0627;5
0628;5
0629;5
0630;6
0701;12
0702;11
0703;9
0704;5
0705;5
0706;7
0707;9
0708;4
0709;5
0710;8
0711;3
0712;13
0713;2
0714;6
0715;6
0716;9
0717;5
0718;7
0719;6
0720;11
0721;2
0722;6
0723;6
0724;6
0725;6
0726;2
0727;5
0728;6
0729;7
0730;4
0731;8
0801;7
0802;2
0803;9
0804;1
0805;3
0806;5
0807;2
0808;9
0809;2
0810;7
0811;5
0812;4
0813;6
0814;2
0815;8
0816;7
0817;10
0818;6
0819;2
0820;10
0821;9
0822;6
0823;8
0824;6
0825;7
0826;3
0827;8
0828;8
0829;8
0830;11
0831;7
0901;10
0902;7
0903;8
0904;10
0905;10
0906;8
0907;8
0908;2
0909;8
0910;9
0911;11
0912;8
0913;4
0914;2
0916;8
0917;3
0918;4
0919;3
0920;7
0921;9
0922;4
0923;12
0924;6
0925;5
0926;8
0927;8
0928;10
0929;3
0930;7
1001;4
1002;4
1003;9
1004;10
1005;4
1006;5
1007;12
1008;6
1009;7
1010;6
1011;5
1012;9
1013;6
1014;4
1015;6
1016;12
1017;7
1018;7
1019;6
1020;5
1021;11
1022;9
1023;7
1024;5
1025;5
1026;9
1027;4
1028;6
1029;13
1030;6
1031;4
1101;14
1102;11
1103;3
1104;9
1105;5
1106;9
1107;6
1108;4
1109;13
1110;8
1111;12
1112;7
1113;5
1114;6
1115;10
1116;4
1117;4
1118;5
1119;9
1120;6
1121;8
1122;4
1123;6
1124;8
1125;6
1126;6
1127;4
1128;8
1129;7
1130;8
1201;7
1202;8
1203;4
1204;9
1205;7
1206;6
1207;6
1208;5
1209;8
1210;7
1211;5
1212;9
1213;2
1214;12
1215;6
1216;6
1217;8
1218;6
1219;6
1220;10
1221;2
1222;10
1223;10
1224;4
1225;6
1226;7
1227;4
1228;7
1229;5
1230;7
1231;6
