0101;33
0102;27
0103;44
0104;39
0105;29
0106;46
0107;38
0108;33
0109;44
0110;40
0111;30
0112;33
0113;39
0114;37
0115;32
0116;33
0117;32
0118;31
0119;26
0120;38
0121;38
0122;28
0123;28
0124;30
0125;34
0126;37
0127;26
0128;39
0129;34
0130;29
0131;27
0201;29
0202;41
0203;31
0204;34
0205;32
0206;28
0207;32
0208;34
0209;35
0210;32
0211;22
0212;37
0213;37
0214;34
0215;28
0216;35
0217;31
0218;36
0219;36
0220;34
0221;32
0222;30
0223;41
0224;25
0225;37
0226;33
0227;38
0228;29
0301;28
0302;32
0303;44
0304;34
0305;37
0306;46
0307;25
0308;26
0309;30
0310;41
0311;27
0312;31
0313;37
0314;22
0315;34
0316;36
0317;27
0318;33
0319;30
0320;39
0321;34
0322;34
0323;33
0324;31
0325;35
0326;38
0327;33
0328;38
0329;36
0330;33
0331;38
0400;2
0401;21
0402;34
0403;37
0404;28
0405;32
0406;27
0407;32
0408;20
0409;33
0410;39
0411;37
0412;31
0413;31
0414;36
0415;31
0416;36
0417;36
0418;27
0419;29
0420;21
0421;40
0422;31
0423;35
0424;29
0425;28
0426;30
0427;34
0428;33
0429;33
0430;33
0501;33
0502;38
0503;35
0504;27
0505;36
0506;38
0507;36
0508;35
0509;34
0510;30
0511;29
0512;32
0513;22
0514;35
0515;30
0516;37
0517;25
0518;24
0519;23
0520;34
0521;30
0522;27
0523;30
0524;36
0525;32
0526;29
0527;31
0528;29
0529;23
0530;36
0531;25
0600;2
0601;14
0602;26
0603;35
0604;19
0605;34
0606;26
0607;27
0608;26
0609;27
0610;24
0611;26
0612;36
0613;24
0614;25
0615;31
0616;27
0617;31
0618;29
0619;25
0620;24
0621;31
0622;23
0623;28
0624;24
0625;37
0626;30
0627;37
0628;26
0629;28
0630;24
0701;30
0702;32
0703;34
0704;21
0705;36
0706;30
0707;25
0708;28
0709;30
0710;29
0711;32
0712;31
0713;27
0714;37
0715;31
0716;26
0717;35
0718;23
0719;27
0720;27
0721;30
0722;21
0723;34
0724;21
0725;25
0726;32
0727;26
0728;30
0729;26
0730;27
0731;27
0801;21
0802;35
0803;27
0804;31
0805;29
0806;31
0807;36
0808;32
0809;28
0810;30
0811;34
0812;30
0813;32
0814;21
0815;27
0816;28
0817;20
0818;21
0819;25
0820;35
0821;30
0822;22
0823;31
0824;31
0825;23
0826;30
0827;29
0828;38
0829;35
0830;36
0831;26
0901;33
0902;39
0903;28
0904;29
0905;31
0906;31
0907;18
0908;31
0909;24
0910;32
0911;31
0912;26
0913;28
0914;30
0915;23
0916;24
0917;28
0918;32
0919;31
0920;33
0921;36
0922;30
0923;26
0924;36
0925;31
0926;42
0927;29
0928;17
0929;28
0930;33
1001;37
1002;23
1003;34
1004;26
1005;35
1006;40
1007;33
1008;24
1009;32
1010;29
1011;22
1012;33
1013;34
1014;30
1015;32
1016;34
1017;30
1018;37
1019;45
1020;31
1021;28
1022;25
1023;31
1024;22
1025;22
1026;30
1027;32
1028;38
1029;26
1030;38
1031;31
1101;24
1102;24
1103;35
1104;31
1105;27
1106;33
1107;35
1108;38
1109;28
1110;35
1111;36
1112;35
1113;30
1114;29
1115;23
1116;22
1117;31
1118;41
1119;40
1120;34
1121;30
1122;39
1123;33
1124;25
1125;22
1126;32
1127;34
1128;32
1129;26
1130;32
1201;30
1202;40
1203;30
1204;34
1205;37
1206;30
1207;30
1208;27
1209;32
1210;29
1211;34
1212;28
1213;21
1214;28
1215;40
1216;23
1217;29
1218;37
1219;38
1220;28
1221;33
1222;39
1223;36
1224;41
1225;27
1226;39
1227;31
1228;34
1229;39
1230;27
1231;26
