0101;18
0102;29
0103;24
0104;23
0105;23
0106;18
0107;23
0108;14
0109;19
0110;20
0111;21
0112;23
0113;22
0114;28
0115;14
0116;26
0117;16
0118;23
0119;29
0120;26
0121;30
0122;24
0123;24
0124;23
0125;19
0126;18
0127;19
0128;18
0129;21
0130;31
0131;26
0201;30
0202;33
0203;19
0204;26
0205;27
0206;16
0207;21
0208;19
0209;23
0210;19
0211;23
0212;31
0213;17
0214;25
0215;22
0216;23
0217;20
0218;31
0219;31
0220;22
0221;20
0222;21
0223;18
0224;28
0225;24
0226;20
0227;19
0228;26
0301;24
0302;20
0303;27
0304;32
0305;17
0306;26
0307;20
0308;24
0309;22
0310;25
0311;24
0312;35
0313;30
0314;19
0315;23
0316;25
0317;28
0318;32
0319;23
0320;21
0321;13
0322;27
0323;29
0324;23
0325;27
0326;21
0327;21
0328;20
0329;24
0330;26
0331;19
0401;20
0402;27
0403;24
0404;24
0405;13
0406;21
0407;24
0408;23
0409;20
0410;29
0411;20
0412;27
0413;20
0414;20
0415;23
0416;22
0417;24
0418;20
0419;24
0420;23
0421;26
0422;20
0423;25
0424;26
0425;24
0426;15
0427;25
0428;30
0429;26
0430;19
0501;25
0502;23
0503;23
0504;20
0505;16
0506;20
0507;25
0508;29
0509;19
0510;25
0511;26
0512;24
0513;19
0514;27
0515;23
0516;33
0517;27
0518;24
0519;19
0520;23
0521;14
0522;19
0523;17
0524;29
0525;26
0526;18
0527;22
0528;23
0529;20
0530;26
0531;22
0601;26
0602;23
0603;25
0604;23
0605;28
0606;17
0607;22
0608;16
0609;23
0610;22
0611;23
0612;20
0613;22
0614;22
0615;28
0616;24
0617;14
0618;18
0619;22
0620;18
0621;29
0622;22
0623;16
0624;27
0625;14
0626;21
0627;21
0628;13
0629;26
0630;20
0701;20
0702;23
0703;20
0704;15
0705;7
0706;15
0707;20
0708;20
0709;24
0710;18
0711;22
0712;16
0713;20
0714;23
0715;17
0716;13
0717;22
0718;13
0719;18
0720;23
0721;21
0722;19
0723;15
0724;20
0725;18
0726;25
0727;23
0728;21
0729;17
0730;26
0731;25
0801;23
0802;18
0803;14
0804;21
0805;16
0806;19
0807;29
0808;15
0809;22
0810;22
0811;18
0812;27
0813;26
0814;22
0815;18
0816;22
0817;18
0818;12
0819;19
0820;16
0821;19
0822;18
0823;15
0824;16
0825;18
0826;10
0827;21
0828;10
0829;20
0830;20
0831;15
0901;28
0902;22
0903;21
0904;17
0905;16
0906;15
0907;20
0908;25
0909;17
0910;19
0911;25
0912;21
0913;20
0914;29
0915;24
0916;13
0917;17
0918;20
0919;24
0920;21
0921;16
0922;20
0923;16
0924;32
0925;18
0926;18
0927;17
0928;26
0929;16
0930;29
1001;18
1002;28
1003;25
1004;25
1005;26
1006;21
1007;23
1008;22
1009;30
1010;22
1011;22
1012;23
1013;21
1014;25
1015;20
1016;22
1017;27
1018;20
1019;19
1020;22
1021;24
1022;20
1023;21
1024;17
1025;25
1026;20
1027;30
1028;27
1029;23
1030;22
1031;27
1101;17
1102;28
1103;24
1104;24
1105;14
1106;32
1107;26
1108;18
1109;19
1110;24
1111;17
1112;21
1113;20
1114;22
1115;23
1116;21
1117;18
1118;31
1119;29
1120;17
1121;26
1122;25
1123;21
1124;16
1125;21
1126;25
1127;33
1128;22
1129;27
1130;13
1201;25
1202;20
1203;21
1204;19
1205;23
1206;18
1207;25
1208;25
1209;22
1210;14
1211;29
1212;23
1213;21
1214;20
1215;36
1216;16
1217;22
1218;24
1219;13
1220;27
1221;28
1222;16
1223;27
1224;20
1225;19
1226;17
1227;24
1228;17
1229;27
1230;18
1231;23
