0101;11
0102;8
0103;8
0104;10
0105;13
0106;9
0107;3
0108;4
0109;11
0110;19
0111;9
0112;7
0113;3
0114;5
0115;9
0116;5
0117;7
0118;10
0119;4
0120;8
0121;10
0122;3
0123;8
0124;9
0125;6
0126;5
0127;9
0128;7
0129;8
0130;8
0131;6
0201;8
0202;6
0203;9
0204;12
0205;8
0206;9
0207;11
0208;9
0209;6
0210;13
0211;9
0212;7
0213;9
0214;7
0215;5
0216;6
0217;4
0218;9
0219;5
0220;5
0221;7
0222;8
0223;8
0224;9
0225;10
0226;11
0227;4
0228;5
0301;11
0302;8
0303;11
0304;8
0305;5
0306;8
0307;2
0308;9
0309;3
0310;9
0311;4
0312;6
0313;6
0314;10
0315;7
0316;11
0317;9
0318;8
0319;10
0320;7
0321;4
0322;6
0323;8
0324;10
0325;10
0326;14
0327;8
0328;6
0329;10
0330;6
0331;9
0401;7
0402;10
0403;10
0404;5
0405;3
0406;11
0407;8
0408;9
0409;7
0410;6
0411;11
0412;5
0413;11
0414;13
0415;7
0416;12
0417;6
0418;11
0419;7
0420;8
0421;15
0422;10
0423;9
0424;11
0425;10
0426;6
0427;12
0428;4
0429;11
0430;7
0501;9
0502;4
0503;5
0504;6
0505;6
0506;8
0507;1
0508;10
0509;5
0510;7
0511;6
0512;17
0513;9
0514;6
0515;5
0516;1
0517;7
0518;6
0519;12
0520;8
0521;5
0522;7
0523;6
0524;9
0525;3
0526;8
0527;4
0528;9
0529;7
0530;6
0531;12
0601;10
0602;8
0603;3
0604;5
0605;11
0606;3
0607;3
0608;4
0609;5
0610;5
0611;5
0612;12
0613;4
0614;3
0615;3
0616;1
0617;7
0618;5
0619;6
0620;11
0621;6
0622;12
0623;5
0624;9
0625;10
0626;11
0627;14
0628;5
0629;9
0630;6
0701;7
0702;5
0703;6
0704;4
0705;4
0706;9
0707;6
0708;12
0709;6
0710;10
0711;10
0712;2
0713;5
0714;7
0715;13
0716;7
0717;4
0718;5
0719;8
0720;6
0721;7
0722;8
0723;9
0724;14
0725;11
0726;11
0727;10
0728;10
0729;8
0730;7
0731;6
0801;8
0802;8
0803;11
0804;5
0805;3
0806;8
0807;4
0808;6
0809;8
0810;1
0811;10
0812;4
0813;6
0814;4
0815;5
0816;6
0817;5
0818;7
0819;7
0820;5
0821;11
0822;6
0823;11
0824;6
0825;9
0826;13
0827;11
0828;6
0829;6
0830;6
0831;4
0901;9
0902;8
0903;11
0904;12
0905;10
0906;9
0907;5
0908;9
0909;7
0910;6
0911;7
0912;7
0913;6
0914;6
0915;4
0916;3
0917;8
0918;13
0919;3
0920;4
0921;4
0922;7
0923;11
0924;6
0925;7
0926;8
0927;10
0928;9
0929;9
0930;11
1001;7
1002;6
1003;2
1004;6
1005;1
1006;3
1007;7
1008;11
1009;8
1010;8
1011;9
1012;8
1013;8
1014;18
1015;7
1016;5
1017;9
1018;4
1019;5
1020;11
1021;6
1022;9
1023;8
1024;8
1025;10
1026;8
1027;9
1028;6
1029;9
1030;7
1031;6
1101;5
1102;9
1103;7
1104;7
1105;7
1106;15
1107;6
1108;7
1109;3
1110;2
1111;8
1112;7
1113;5
1114;3
1115;10
1116;8
1117;8
1118;6
1119;8
1120;7
1121;8
1122;7
1123;8
1124;9
1125;10
1126;3
1127;5
1128;10
1129;4
1130;10
1201;7
1202;9
1203;10
1204;5
1205;10
1206;9
1207;7
1208;6
1209;12
1210;6
1211;6
1212;9
1213;4
1214;4
1215;7
1216;7
1217;9
1218;2
1219;7
1220;2
1221;10
1222;5
1223;6
1224;7
1225;7
1226;9
1227;8
1228;3
1229;9
1230;7
1231;8
