0101;2
0102;3
0103;8
0104;3
0105;7
0106;6
0107;2
0108;6
0109;3
0110;2
0111;5
0112;7
0113;7
0114;5
0115;5
0116;6
0117;2
0118;6
0119;5
0120;4
0121;3
0122;1
0123;5
0124;7
0125;8
0126;7
0127;3
0128;3
0129;1
0130;1
0131;5
0201;4
0202;8
0203;5
0204;3
0205;1
0206;2
0207;3
0208;5
0209;2
0210;4
0211;2
0212;2
0213;6
0214;1
0215;5
0216;3
0217;3
0218;7
0219;1
0220;4
0221;2
0222;8
0223;3
0224;5
0225;4
0226;5
0227;4
0228;5
0301;10
0302;7
0303;4
0304;7
0305;2
0306;7
0307;5
0308;4
0309;5
0310;7
0311;7
0312;1
0313;4
0314;4
0315;7
0316;4
0317;10
0318;5
0319;8
0320;2
0321;6
0322;4
0323;3
0324;2
0325;2
0326;4
0327;2
0328;5
0329;5
0330;10
0331;4
0401;5
0402;9
0403;4
0404;3
0405;4
0406;5
0407;3
0408;4
0409;3
0410;2
0411;4
0412;3
0413;5
0414;4
0415;10
0416;4
0417;7
0418;4
0419;5
0420;3
0421;3
0422;4
0423;4
0424;2
0425;4
0426;3
0427;4
0428;3
0429;2
0430;8
0501;6
0502;1
0503;6
0504;4
0505;3
0506;4
0507;4
0508;4
0509;5
0510;6
0511;5
0512;5
0513;4
0514;5
0515;3
0516;6
0517;5
0518;4
0519;3
0520;4
0521;3
0522;5
0523;1
0524;4
0525;1
0526;5
0528;3
0529;1
0530;9
0531;1
0601;4
0602;3
0603;5
0604;5
0605;5
0606;2
0607;3
0608;2
0609;5
0610;9
0611;9
0612;4
0613;4
0614;4
0615;4
0616;6
0617;2
0618;3
0619;7
0620;2
0621;1
0622;8
0623;4
0624;5
0625;4
0626;3
0627;1
0628;5
0629;6
0630;8
0701;3
0702;2
0703;2
0704;7
0705;2
0706;3
0707;2
0708;8
0709;1
0710;3
0711;3
0712;6
0713;6
0714;3
0715;4
0716;1
0717;1
0718;2
0719;5
0721;2
0722;3
0723;1
0724;4
0725;8
0726;6
0727;4
0728;3
0729;5
0730;5
0731;3
0801;8
0802;5
0803;4
0804;10
0805;2
0806;3
0807;3
0808;5
0809;3
0810;3
0811;4
0812;5
0813;5
0814;4
0815;3
0816;5
0817;8
0818;2
0819;2
0820;6
0821;6
0822;5
0823;7
0824;3
0825;2
0826;3
0827;2
0828;2
0829;5
0830;2
0831;3
0901;4
0902;6
0903;5
0904;1
0905;6
0906;2
0907;2
0908;3
0909;3
0910;4
0911;3
0912;6
0913;2
0914;3
0915;4
0916;3
0917;2
0918;11
0919;5
0920;6
0921;2
0923;3
0924;5
0925;6
0926;4
0927;7
0928;6
0929;1
0930;4
1001;4
1002;3
1003;3
1004;4
1005;5
1006;5
1007;2
1008;5
1009;4
1010;2
1011;6
1012;3
1013;3
1014;3
1015;3
1016;2
1017;2
1018;1
1019;4
1020;5
1021;5
1022;4
1023;3
1024;3
1025;5
1027;2
1028;9
1029;1
1030;5
1031;1
1101;4
1102;5
1103;5
1104;6
1105;10
1106;6
1107;2
1108;3
1109;8
1110;4
1111;5
1112;4
1113;4
1114;1
1115;6
1116;3
1117;5
1118;2
1119;5
1120;3
1121;5
1122;7
1123;6
1124;7
1125;6
1126;7
1127;8
1128;1
1129;4
1130;4
1201;6
1202;6
1203;4
1204;1
1205;6
1206;7
1207;7
1208;3
1209;8
1210;7
1211;4
1212;2
1213;1
1214;6
1215;4
1216;4
1217;2
1218;3
1219;2
1220;6
1221;7
1222;4
1223;10
1224;4
1225;8
1226;5
1227;4
1228;5
1229;7
1230;1
1231;5
