0101;6
0102;14
0103;10
0104;9
0105;15
0106;13
0107;13
0108;11
0109;12
0110;5
0111;16
0112;8
0113;8
0114;17
0115;12
0116;8
0117;17
0118;11
0119;10
0120;9
0121;13
0122;5
0123;14
0124;8
0125;12
0126;13
0127;5
0128;12
0129;7
0130;12
0131;11
0201;12
0202;8
0203;11
0204;9
0205;12
0206;8
0207;12
0208;13
0209;7
0210;17
0211;9
0212;11
0213;12
0214;8
0215;18
0216;14
0217;13
0218;11
0219;15
0220;6
0221;9
0222;5
0223;12
0224;9
0225;14
0226;7
0227;10
0228;12
0301;9
0302;19
0303;9
0304;6
0305;10
0306;10
0307;7
0308;11
0309;5
0310;5
0311;15
0312;9
0313;8
0314;9
0315;11
0316;11
0317;13
0318;14
0319;12
0320;6
0321;15
0322;7
0323;9
0324;5
0325;11
0326;9
0327;7
0328;8
0329;9
0330;11
0331;12
0401;10
0402;5
0403;18
0404;10
0405;4
0406;14
0407;12
0408;8
0409;13
0410;8
0411;10
0412;10
0413;13
0414;17
0415;12
0416;15
0417;8
0418;7
0419;11
0420;15
0421;8
0422;12
0423;12
0424;12
0425;12
0426;7
0427;9
0428;19
0429;14
0430;10
0501;8
0502;14
0503;13
0504;17
0505;12
0506;5
0507;15
0508;9
0509;7
0510;12
0511;11
0512;9
0513;5
0514;16
0515;15
0516;5
0517;8
0518;10
0519;5
0520;10
0521;10
0522;12
0523;8
0524;7
0525;7
0526;8
0527;18
0528;16
0529;8
0530;10
0531;9
0601;13
0602;10
0603;12
0604;9
0605;10
0606;6
0607;13
0608;18
0609;15
0610;6
0611;9
0612;12
0613;8
0614;5
0615;14
0616;11
0617;7
0618;13
0619;14
0620;18
0621;10
0622;14
0623;15
0624;6
0625;8
0626;9
0627;9
0628;13
0629;11
0630;10
0701;9
0702;7
0703;17
0704;11
0705;15
0706;15
0707;13
0708;16
0709;14
0710;5
0711;11
0712;9
0713;18
0714;10
0715;6
0716;8
0717;12
0718;17
0719;15
0720;4
0721;8
0722;10
0723;10
0724;12
0725;11
0726;5
0727;8
0728;15
0729;11
0730;10
0731;11
0801;18
0802;10
0803;10
0804;11
0805;14
0806;10
0807;11
0808;14
0809;16
0810;10
0811;7
0812;14
0813;19
0814;11
0815;14
0816;12
0817;8
0818;13
0819;8
0820;14
0821;10
0822;11
0823;11
0824;10
0825;12
0826;7
0827;18
0828;14
0829;16
0830;13
0831;12
0901;8
0902;7
0903;6
0904;10
0905;11
0906;10
0907;11
0908;11
0909;5
0910;4
0911;11
0912;12
0913;12
0914;9
0915;6
0916;11
0917;9
0918;13
0919;12
0920;18
0921;11
0922;15
0923;8
0924;9
0925;6
0926;10
0927;10
0928;10
0929;14
0930;8
1001;8
1002;17
1003;13
1004;7
1005;15
1006;11
1007;8
1008;11
1009;13
1010;9
1011;9
1012;15
1013;15
1014;9
1015;7
1016;7
1017;13
1018;6
1019;14
1020;10
1021;14
1022;13
1023;8
1024;8
1025;11
1026;14
1027;7
1028;7
1029;12
1030;13
1031;8
1101;6
1102;10
1103;10
1104;16
1105;8
1106;8
1107;9
1108;8
1109;14
1110;9
1111;14
1112;10
1113;9
1114;5
1115;10
1116;12
1117;9
1118;11
1119;8
1120;7
1121;11
1122;12
1123;15
1124;11
1125;9
1126;17
1127;11
1128;9
1129;7
1130;13
1201;13
1202;13
1203;4
1204;16
1205;12
1206;8
1207;13
1208;14
1209;8
1210;9
1211;10
1212;12
1213;9
1214;4
1215;17
1216;14
1217;10
1218;11
1219;11
1220;11
1221;8
1222;8
1223;12
1224;9
1225;9
1226;8
1227;12
1228;14
1229;16
1230;10
1231;10
