0101;21
0102;11
0103;13
0104;21
0105;15
0106;14
0107;16
0108;12
0109;15
0110;19
0111;15
0112;23
0113;17
0114;8
0115;16
0116;16
0117;11
0118;11
0119;15
0120;13
0121;23
0122;11
0123;15
0124;22
0125;17
0126;15
0127;15
0128;16
0129;10
0130;10
0131;16
0201;11
0202;12
0203;17
0204;12
0205;19
0206;15
0207;11
0208;18
0209;17
0210;16
0211;13
0212;19
0213;7
0214;13
0215;18
0216;13
0217;17
0218;20
0219;17
0220;20
0221;16
0222;19
0223;18
0224;11
0225;14
0226;21
0227;16
0228;13
0301;17
0302;17
0303;5
0304;18
0305;15
0306;16
0307;11
0308;14
0309;18
0310;17
0311;14
0312;13
0313;11
0314;11
0315;14
0316;8
0317;14
0318;17
0319;17
0320;7
0321;8
0322;7
0323;12
0324;11
0325;15
0326;16
0327;15
0328;10
0329;15
0330;18
0331;14
0401;16
0402;22
0403;12
0404;17
0405;13
0406;8
0407;12
0408;14
0409;13
0410;10
0411;10
0412;11
0413;21
0414;18
0415;8
0416;13
0417;9
0418;8
0419;13
0420;10
0421;12
0422;9
0423;20
0424;10
0425;18
0426;14
0427;19
0428;18
0429;6
0430;16
0501;13
0502;11
0503;14
0504;13
0505;13
0506;12
0507;13
0508;10
0509;15
0510;18
0511;15
0512;15
0513;14
0514;17
0515;13
0516;6
0517;17
0518;14
0519;13
0520;14
0521;6
0522;8
0523;12
0524;16
0525;12
0526;15
0527;16
0528;15
0529;13
0530;14
0531;14
0601;13
0602;10
0603;12
0604;14
0605;7
0606;20
0607;16
0608;15
0609;9
0610;16
0611;14
0612;15
0613;9
0614;18
0615;14
0616;14
0617;13
0618;14
0619;15
0620;11
0621;15
0622;13
0623;13
0624;8
0625;13
0626;12
0627;17
0628;13
0629;13
0630;10
0701;7
0702;17
0703;18
0704;7
0705;14
0706;13
0707;21
0708;11
0709;21
0710;13
0711;11
0712;14
0713;16
0714;13
0715;14
0716;9
0717;9
0718;14
0719;14
0720;16
0721;11
0722;13
0723;11
0724;9
0725;13
0726;12
0727;10
0728;20
0729;19
0730;14
0731;7
0801;15
0802;14
0803;8
0804;11
0805;9
0806;15
0807;13
0808;19
0809;8
0810;14
0811;10
0812;10
0813;9
0814;12
0815;9
0816;11
0817;6
0818;18
0819;17
0820;14
0821;15
0822;7
0823;10
0824;11
0825;10
0826;13
0827;11
0828;15
0829;17
0830;10
0831;11
0901;16
0902;14
0903;15
0904;14
0905;9
0906;16
0907;12
0908;21
0909;9
0910;9
0911;2
0912;9
0913;11
0914;12
0915;13
0916;14
0917;9
0918;15
0919;13
0920;14
0921;11
0922;13
0923;16
0924;15
0925;9
0926;12
0927;13
0928;12
0929;17
0930;15
1001;13
1002;12
1003;15
1004;15
1005;12
1006;12
1007;13
1008;15
1009;12
1010;11
1011;23
1012;11
1013;20
1014;11
1015;12
1016;17
1017;8
1018;20
1019;11
1020;14
1021;15
1022;15
1023;8
1024;18
1025;12
1026;14
1027;22
1028;14
1029;9
1030;14
1031;8
1101;17
1102;15
1103;18
1104;20
1105;21
1106;15
1107;16
1108;14
1109;14
1110;14
1111;14
1112;13
1113;13
1114;14
1115;12
1116;12
1117;11
1118;12
1119;10
1120;18
1121;14
1122;18
1123;6
1124;14
1125;10
1126;26
1127;13
1128;13
1129;13
1130;7
1201;19
1202;14
1203;16
1204;10
1205;14
1206;14
1207;12
1208;22
1209;18
1210;6
1211;8
1212;17
1213;14
1214;14
1215;16
1216;13
1217;11
1218;18
1219;18
1220;18
1221;20
1222;20
1223;15
1224;11
1225;22
1226;15
1227;15
1228;14
1229;9
1230;11
1231;15
