0101;13
0102;25
0103;17
0104;13
0105;10
0106;11
0107;20
0108;14
0109;20
0110;9
0111;21
0112;19
0113;13
0114;18
0115;12
0116;16
0117;15
0118;21
0119;15
0120;8
0121;16
0122;13
0123;12
0124;19
0125;21
0126;13
0127;15
0128;22
0129;9
0130;13
0131;12
0201;12
0202;12
0203;19
0204;15
0205;15
0206;11
0207;17
0208;16
0209;10
0210;10
0211;14
0212;14
0213;10
0214;15
0215;8
0216;11
0217;14
0218;17
0219;9
0220;13
0221;14
0222;16
0223;10
0224;9
0225;15
0226;9
0227;14
0228;19
0301;12
0302;15
0303;16
0304;15
0305;12
0306;17
0307;14
0308;8
0309;13
0310;9
0311;12
0312;18
0313;12
0314;16
0315;14
0316;17
0317;11
0318;18
0319;13
0320;14
0321;11
0322;20
0323;18
0324;18
0325;10
0326;16
0327;10
0328;9
0329;14
0330;11
0331;8
0401;14
0402;18
0403;11
0404;8
0405;11
0406;9
0407;12
0408;11
0409;14
0410;19
0411;8
0412;5
0413;16
0414;6
0415;16
0416;19
0417;11
0418;8
0419;10
0420;14
0421;16
0422;11
0423;17
0424;13
0425;11
0426;15
0427;12
0428;14
0429;9
0430;12
0501;4
0502;8
0503;16
0504;19
0505;16
0506;12
0507;15
0508;9
0509;23
0510;19
0511;12
0512;21
0513;14
0514;10
0515;8
0516;16
0517;8
0518;9
0519;8
0520;10
0521;12
0522;18
0523;14
0524;14
0525;16
0526;10
0527;14
0528;25
0529;10
0530;22
0531;9
0601;14
0602;10
0603;10
0604;12
0605;19
0606;14
0607;8
0608;11
0609;15
0610;5
0611;11
0612;7
0613;19
0614;11
0615;8
0616;17
0617;11
0618;19
0619;8
0620;19
0621;13
0622;12
0623;17
0624;13
0625;13
0626;8
0627;12
0628;11
0629;8
0630;18
0701;8
0702;14
0703;16
0704;17
0705;14
0706;9
0707;13
0708;6
0709;10
0710;6
0711;13
0712;12
0713;14
0714;10
0715;12
0716;13
0717;14
0718;7
0719;11
0720;12
0721;14
0722;18
0723;10
0724;15
0725;13
0726;16
0727;16
0728;11
0729;12
0730;12
0731;10
0801;14
0802;9
0803;14
0804;9
0805;12
0806;10
0807;17
0808;7
0809;6
0810;14
0811;18
0812;13
0813;9
0814;9
0815;15
0816;7
0817;9
0818;9
0819;10
0820;14
0821;17
0822;10
0823;15
0824;16
0825;11
0826;20
0827;11
0828;18
0829;13
0830;15
0831;16
0901;14
0902;13
0903;9
0904;13
0905;11
0906;15
0907;16
0908;13
0909;6
0910;14
0911;9
0912;11
0913;18
0914;14
0915;15
0916;9
0917;9
0918;9
0919;7
0920;10
0921;8
0922;12
0923;11
0924;11
0925;16
0926;8
0927;11
0928;12
0929;7
0930;19
1001;19
1002;11
1003;17
1004;13
1005;17
1006;16
1007;11
1008;16
1009;14
1010;14
1011;16
1012;7
1013;9
1014;12
1015;9
1016;18
1017;11
1018;16
1019;9
1020;15
1021;21
1022;13
1023;16
1024;12
1025;10
1026;14
1027;9
1028;16
1029;12
1030;14
1031;14
1101;10
1102;9
1103;8
1104;6
1105;12
1106;12
1107;14
1108;11
1109;13
1110;13
1111;13
1112;14
1113;9
1114;7
1115;10
1116;11
1117;11
1118;10
1119;14
1120;12
1121;10
1122;16
1123;14
1124;14
1125;10
1126;14
1127;11
1128;15
1129;23
1130;11
1201;10
1202;15
1203;16
1204;14
1205;15
1206;9
1207;17
1208;19
1209;12
1210;11
1211;11
1212;12
1213;17
1214;13
1215;13
1216;20
1217;11
1218;11
1219;12
1220;16
1221;14
1222;13
1223;22
1224;23
1225;20
1226;10
1227;25
1228;15
1229;18
1230;11
1231;12
