0101;15
0102;17
0103;19
0104;21
0105;17
0106;24
0107;23
0108;22
0109;24
0110;19
0111;14
0112;17
0113;26
0114;13
0115;16
0116;26
0117;20
0118;23
0119;28
0120;20
0121;21
0122;16
0123;25
0124;10
0125;19
0126;23
0127;21
0128;17
0129;17
0130;14
0131;10
0201;15
0202;17
0203;20
0204;15
0205;30
0206;23
0207;17
0208;23
0209;14
0210;26
0211;17
0212;24
0213;13
0214;17
0215;25
0216;14
0217;17
0218;8
0219;11
0220;5
0221;24
0222;15
0223;18
0224;13
0225;9
0226;18
0227;15
0228;18
0301;17
0302;11
0303;14
0304;17
0305;18
0306;12
0307;13
0308;14
0309;13
0310;17
0311;20
0312;10
0313;13
0314;17
0315;16
0316;17
0317;13
0318;15
0319;11
0320;11
0321;11
0322;12
0323;12
0324;15
0325;15
0326;16
0327;12
0328;21
0329;12
0330;9
0331;19
0401;13
0402;15
0403;18
0404;10
0405;17
0406;8
0407;19
0408;13
0409;16
0410;19
0411;5
0412;8
0413;10
0414;15
0415;11
0416;15
0417;18
0418;11
0419;11
0420;12
0421;15
0422;5
0423;7
0424;12
0425;21
0426;12
0427;18
0428;20
0429;12
0430;13
0501;13
0502;12
0503;13
0504;12
0505;12
0506;10
0507;15
0508;19
0509;15
0510;7
0511;9
0512;16
0513;10
0514;7
0515;18
0516;7
0517;11
0518;16
0519;10
0520;6
0521;11
0522;9
0523;20
0524;6
0525;12
0526;12
0527;10
0528;23
0529;4
0530;14
0531;7
0601;19
0602;14
0603;9
0604;11
0605;17
0606;10
0607;9
0608;9
0609;13
0610;8
0611;11
0612;11
0613;12
0614;14
0615;12
0616;12
0617;17
0618;6
0619;10
0620;7
0621;16
0622;12
0623;12
0624;14
0625;15
0626;12
0627;13
0628;11
0629;13
0630;15
0701;19
0702;14
0703;14
0704;15
0705;10
0706;16
0707;14
0708;14
0709;13
0710;14
0711;10
0712;10
0713;16
0714;12
0715;10
0716;14
0717;9
0718;10
0719;8
0720;10
0721;15
0722;14
0723;10
0724;16
0725;19
0726;11
0727;13
0728;13
0729;9
0730;11
0731;16
0801;12
0802;14
0803;14
0804;8
0805;17
0806;13
0807;10
0808;11
0809;10
0810;12
0811;14
0812;9
0813;10
0814;14
0815;10
0816;11
0817;17
0818;14
0819;13
0820;13
0821;11
0822;9
0823;11
0824;7
0825;12
0826;19
0827;12
0828;8
0829;11
0830;12
0831;16
0901;12
0902;15
0903;14
0904;11
0905;11
0906;12
0907;23
0908;7
0909;13
0910;17
0911;8
0912;15
0913;12
0914;14
0915;13
0916;14
0917;8
0918;11
0919;19
0920;16
0921;13
0922;8
0923;13
0924;20
0925;7
0926;9
0927;10
0928;14
0929;16
0930;14
1001;13
1002;14
1003;14
1004;15
1005;9
1006;17
1007;15
1008;15
1009;14
1010;14
1011;12
1012;17
1013;18
1014;8
1015;19
1016;14
1017;13
1018;18
1019;15
1020;17
1021;14
1022;16
1023;12
1024;14
1025;8
1026;13
1027;18
1028;15
1029;13
1030;7
1031;14
1101;12
1102;17
1103;17
1104;12
1105;21
1106;19
1107;8
1108;10
1109;14
1110;10
1111;13
1112;17
1113;12
1114;13
1115;11
1116;17
1117;12
1118;17
1119;11
1120;15
1121;15
1122;7
1123;13
1124;8
1125;13
1126;16
1127;16
1128;16
1129;15
1130;12
1201;12
1202;12
1203;17
1204;10
1205;11
1206;10
1207;23
1208;12
1209;16
1210;11
1211;9
1212;15
1213;11
1214;14
1215;18
1216;12
1217;16
1218;18
1219;19
1220;22
1221;13
1222;21
1223;12
1224;14
1225;16
1226;19
1227;9
1228;16
1229;12
1230;17
1231;12
