0101;7
0102;12
0103;5
0104;8
0105;10
0106;15
0107;13
0108;14
0109;9
0110;12
0111;11
0112;5
0113;5
0114;14
0115;11
0116;10
0117;9
0118;12
0119;7
0120;10
0121;9
0122;12
0123;14
0124;4
0125;6
0126;7
0127;7
0128;7
0129;7
0130;11
0131;15
0201;9
0202;5
0203;7
0204;12
0205;6
0206;5
0207;11
0208;7
0209;9
0210;8
0211;11
0212;8
0213;4
0214;7
0215;3
0216;9
0217;9
0218;5
0219;10
0220;9
0221;7
0222;7
0223;11
0224;5
0225;10
0226;8
0227;11
0228;10
0301;12
0302;10
0303;1
0304;5
0305;5
0306;7
0307;10
0308;9
0309;7
0310;8
0311;4
0312;3
0313;7
0314;3
0315;5
0316;9
0317;13
0318;8
0319;12
0320;6
0321;6
0322;8
0323;3
0324;7
0325;6
0326;5
0327;9
0328;12
0329;9
0330;4
0331;4
0401;6
0402;5
0403;6
0404;9
0405;8
0406;3
0407;5
0408;5
0409;9
0410;5
0411;10
0412;10
0413;10
0414;4
0415;10
0416;10
0417;6
0418;11
0419;2
0420;3
0421;11
0422;7
0423;8
0424;9
0425;6
0426;2
0427;9
0428;7
0429;4
0430;6
0501;4
0502;8
0503;10
0504;3
0505;9
0506;5
0507;5
0508;6
0509;10
0510;6
0511;9
0512;4
0513;9
0514;5
0515;5
0516;7
0517;6
0518;1
0519;8
0520;6
0521;5
0522;8
0523;7
0524;4
0525;10
0526;8
0527;6
0528;7
0529;7
0530;8
0531;6
0601;14
0602;3
0603;7
0604;7
0605;8
0606;8
0607;4
0608;6
0609;3
0610;14
0611;7
0612;6
0613;6
0614;5
0615;14
0616;6
0617;6
0618;8
0619;6
0620;8
0621;9
0622;10
0623;8
0624;6
0625;6
0626;5
0627;10
0628;11
0629;5
0630;9
0701;6
0702;5
0703;6
0704;4
0705;6
0706;4
0707;3
0708;7
0709;8
0710;8
0711;3
0712;4
0713;4
0714;8
0715;3
0716;4
0717;7
0718;5
0719;11
0720;4
0721;3
0722;9
0723;7
0724;2
0725;9
0726;4
0727;5
0728;8
0729;12
0730;4
0731;11
0801;4
0802;4
0803;9
0804;3
0805;7
0806;5
0807;8
0808;6
0809;4
0810;4
0812;4
0813;8
0814;3
0815;1
0816;2
0817;7
0818;8
0819;2
0820;8
0821;7
0822;3
0823;4
0824;5
0825;4
0826;6
0827;3
0828;1
0829;6
0830;3
0831;3
0901;4
0902;2
0903;2
0904;7
0905;8
0906;4
0907;6
0908;2
0909;2
0910;9
0911;11
0912;9
0913;5
0914;5
0915;8
0916;4
0917;2
0918;4
0919;8
0920;7
0921;5
0922;6
0923;8
0924;4
0925;7
0926;8
0927;10
0928;2
0929;1
0930;5
1001;3
1002;5
1003;7
1004;7
1005;11
1006;5
1007;7
1008;4
1009;2
1010;5
1011;8
1012;6
1013;8
1014;7
1015;5
1016;7
1017;4
1018;9
1019;6
1020;8
1021;8
1022;5
1023;7
1024;5
1025;10
1026;8
1027;11
1028;3
1029;11
1030;5
1031;4
1101;9
1102;6
1103;6
1104;2
1105;5
1106;10
1107;4
1108;6
1109;5
1110;4
1111;4
1112;10
1113;10
1114;9
1115;7
1116;7
1117;6
1118;8
1119;5
1120;8
1121;5
1122;5
1123;5
1124;8
1125;6
1126;7
1127;2
1128;7
1129;6
1130;7
1201;10
1202;6
1203;7
1204;1
1205;5
1206;9
1207;5
1208;3
1209;8
1210;5
1211;14
1212;8
1213;6
1214;3
1215;5
1216;7
1217;13
1218;6
1219;5
1220;3
1221;3
1222;6
1223;14
1224;13
1225;8
1226;8
1227;10
1228;8
1229;5
1230;9
1231;8
