0101;10
0102;11
0103;10
0104;10
0105;11
0106;15
0107;8
0108;12
0109;13
0110;16
0111;9
0112;7
0113;8
0114;13
0115;16
0116;9
0117;8
0118;10
0119;10
0120;9
0121;9
0122;6
0123;11
0124;14
0125;12
0126;8
0127;6
0128;8
0129;22
0130;4
0131;6
0201;10
0202;8
0203;14
0204;9
0205;15
0206;16
0207;12
0208;9
0209;14
0210;12
0211;9
0212;8
0213;16
0214;6
0215;9
0216;6
0217;4
0218;14
0219;7
0220;13
0221;10
0222;13
0223;13
0224;11
0225;12
0226;8
0227;8
0228;12
0301;9
0302;7
0303;8
0304;5
0305;8
0306;7
0307;9
0308;5
0309;10
0310;7
0311;13
0312;13
0313;10
0314;5
0315;3
0316;15
0317;9
0318;10
0319;10
0320;6
0321;8
0322;20
0323;7
0324;7
0325;9
0326;7
0327;9
0328;6
0329;5
0330;7
0331;7
0401;13
0402;8
0403;13
0404;12
0405;7
0406;9
0407;9
0408;10
0409;7
0410;8
0411;8
0412;7
0413;5
0414;8
0415;4
0416;12
0417;6
0418;8
0419;3
0420;5
0421;7
0422;12
0423;8
0424;7
0425;7
0426;5
0427;6
0428;17
0429;7
0430;7
0501;12
0502;8
0503;3
0504;8
0505;13
0506;6
0507;10
0508;7
0509;5
0510;9
0511;5
0512;8
0513;7
0514;6
0515;12
0516;6
0517;4
0518;8
0519;5
0520;10
0521;13
0522;8
0523;10
0524;3
0525;9
0526;4
0527;4
0528;5
0529;7
0530;6
0531;7
0601;10
0602;12
0603;2
0604;9
0605;8
0606;14
0607;8
0608;3
0609;7
0610;10
0611;5
0612;6
0613;8
0614;5
0615;9
0616;5
0617;3
0618;9
0619;8
0620;7
0621;10
0622;4
0623;3
0624;4
0625;6
0626;10
0627;14
0628;7
0629;13
0630;7
0701;10
0702;14
0703;7
0704;6
0705;7
0706;10
0707;3
0708;8
0709;7
0710;8
0711;10
0712;9
0713;9
0714;7
0715;6
0716;7
0717;5
0718;6
0719;4
0720;8
0721;10
0722;7
0723;7
0724;14
0725;6
0726;11
0727;13
0728;7
0729;9
0730;7
0731;6
0801;7
0802;17
0803;7
0804;10
0805;9
0806;9
0807;11
0808;8
0809;10
0810;3
0811;9
0812;5
0813;10
0814;8
0815;9
0816;10
0817;7
0818;6
0819;11
0820;7
0821;5
0822;6
0823;8
0824;2
0825;6
0826;7
0827;4
0828;11
0829;5
0830;8
0831;4
0901;6
0902;2
0903;4
0904;6
0905;8
0906;8
0907;12
0908;5
0909;4
0910;7
0911;8
0912;4
0913;8
0914;9
0915;13
0916;10
0917;14
0918;4
0919;5
0920;8
0921;11
0922;7
0923;8
0924;3
0925;11
0926;6
0927;6
0928;9
0929;8
0930;7
1001;7
1002;4
1003;8
1004;12
1005;8
1006;10
1007;12
1008;9
1009;7
1010;5
1011;6
1012;8
1013;12
1014;7
1015;11
1016;11
1017;11
1018;3
1019;12
1020;10
1021;8
1022;5
1023;12
1024;9
1025;8
1026;11
1027;6
1028;2
1029;7
1030;8
1031;12
1101;5
1102;10
1103;10
1104;9
1105;7
1106;7
1107;5
1108;13
1109;4
1110;3
1111;14
1112;9
1113;14
1114;8
1115;10
1116;5
1117;14
1118;8
1119;4
1120;9
1121;10
1122;5
1123;10
1124;6
1125;11
1126;9
1127;8
1128;9
1129;9
1130;9
1201;9
1202;11
1203;9
1204;10
1205;10
1206;10
1207;7
1208;5
1209;6
1210;10
1211;12
1212;9
1213;14
1214;10
1215;8
1216;11
1217;11
1218;5
1219;9
1220;6
1221;11
1222;6
1223;8
1224;6
1225;10
1226;8
1227;13
1228;12
1229;9
1230;11
1231;11
