0101;25
0102;27
0103;22
0104;18
0105;18
0106;24
0107;23
0108;21
0109;21
0110;21
0111;25
0112;29
0113;31
0114;27
0115;27
0116;26
0117;27
0118;27
0119;28
0120;26
0121;29
0122;20
0123;26
0124;16
0125;23
0126;41
0127;34
0128;16
0129;23
0130;20
0131;23
0201;12
0202;29
0203;26
0204;18
0205;28
0206;25
0207;27
0208;16
0209;14
0210;20
0211;24
0212;20
0213;17
0214;21
0215;26
0216;23
0217;23
0218;25
0219;23
0220;19
0221;14
0222;14
0223;16
0224;19
0225;21
0226;23
0227;20
0228;17
0301;21
0302;20
0303;14
0304;21
0305;25
0306;18
0307;22
0308;21
0309;17
0310;24
0311;13
0312;14
0313;13
0314;25
0315;23
0316;17
0317;10
0318;16
0319;13
0320;20
0321;12
0322;10
0323;14
0324;22
0325;17
0326;24
0327;18
0328;19
0329;6
0330;14
0331;19
0401;20
0402;19
0403;21
0404;22
0405;16
0406;17
0407;15
0408;18
0409;22
0410;23
0411;26
0412;16
0413;13
0414;22
0415;19
0416;13
0417;15
0418;10
0419;23
0420;18
0421;19
0422;18
0423;14
0424;8
0425;16
0426;21
0427;13
0428;16
0429;25
0430;17
0501;12
0502;23
0503;18
0504;19
0505;15
0506;19
0507;15
0508;12
0509;16
0510;16
0511;14
0512;20
0513;15
0514;14
0515;14
0516;10
0517;27
0518;23
0519;18
0520;19
0521;11
0522;22
0523;27
0524;12
0525;16
0526;13
0527;16
0528;24
0529;12
0530;18
0531;25
0601;19
0602;14
0603;14
0604;12
0605;18
0606;19
0607;14
0608;16
0609;19
0610;21
0611;17
0612;20
0613;17
0614;14
0615;14
0616;20
0617;14
0618;19
0619;22
0620;26
0621;7
0622;20
0623;20
0624;24
0625;14
0626;16
0627;17
0628;16
0629;16
0630;19
0701;19
0702;21
0703;16
0704;14
0705;19
0706;17
0707;15
0708;11
0709;18
0710;16
0711;17
0712;8
0713;17
0714;17
0715;17
0716;14
0717;11
0718;17
0719;14
0720;17
0721;16
0722;14
0723;13
0724;19
0725;16
0726;10
0727;7
0728;17
0729;19
0730;16
0731;20
0801;15
0802;19
0803;12
0804;13
0805;15
0806;13
0807;12
0808;16
0809;17
0810;16
0811;14
0812;17
0813;6
0814;13
0815;16
0816;19
0817;15
0818;19
0819;10
0820;13
0821;18
0822;11
0823;16
0824;16
0825;19
0826;15
0827;9
0828;21
0829;15
0830;15
0831;17
0901;18
0902;7
0903;18
0904;17
0905;19
0906;14
0907;16
0908;14
0909;15
0910;16
0911;12
0912;12
0913;12
0914;20
0915;13
0916;17
0917;18
0918;11
0919;14
0920;14
0921;17
0922;10
0923;21
0924;23
0925;10
0926;11
0927;11
0928;9
0929;18
0930;15
1001;16
1002;26
1003;16
1004;14
1005;16
1006;17
1007;22
1008;16
1009;15
1010;15
1011;22
1012;19
1013;8
1014;11
1015;16
1016;24
1017;21
1018;18
1019;19
1020;25
1021;18
1022;20
1023;16
1024;16
1025;23
1026;15
1027;20
1028;19
1029;14
1030;24
1031;17
1101;12
1102;14
1103;23
1104;13
1105;15
1106;22
1107;19
1108;26
1109;17
1110;19
1111;19
1112;16
1113;15
1114;23
1115;22
1116;25
1117;25
1118;12
1119;17
1120;15
1121;17
1122;16
1123;12
1124;14
1125;12
1126;19
1127;22
1128;19
1129;12
1130;16
1201;15
1202;18
1203;16
1204;13
1205;19
1206;20
1207;24
1208;19
1209;20
1210;15
1211;18
1212;11
1213;12
1214;21
1215;24
1216;17
1217;19
1218;20
1219;25
1220;15
1221;25
1222;22
1223;23
1224;12
1225;23
1226;14
1227;24
1228;24
1229;31
1230;16
1231;13
