0101;9
0102;6
0103;8
0104;8
0105;7
0106;5
0107;8
0108;10
0109;4
0110;8
0111;3
0112;8
0113;8
0114;8
0115;5
0116;8
0117;8
0118;7
0119;9
0120;6
0121;10
0122;7
0123;6
0124;4
0125;5
0126;4
0127;6
0128;4
0129;14
0130;7
0131;5
0201;3
0202;12
0203;5
0204;8
0205;4
0206;6
0207;7
0208;4
0209;5
0210;7
0211;6
0212;7
0213;6
0214;8
0215;7
0216;5
0217;5
0218;7
0219;12
0220;3
0221;9
0222;5
0223;6
0224;11
0225;2
0226;5
0227;6
0228;2
0301;3
0302;8
0303;6
0304;3
0305;7
0306;9
0307;2
0308;2
0309;11
0310;11
0311;3
0312;5
0313;2
0314;6
0315;4
0316;5
0317;5
0318;4
0319;3
0320;6
0321;2
0322;3
0323;6
0324;7
0325;6
0326;4
0327;3
0328;6
0329;6
0330;3
0331;13
0401;5
0402;5
0403;7
0404;3
0405;5
0406;9
0407;9
0408;3
0409;7
0410;10
0411;1
0412;4
0413;6
0414;6
0415;7
0416;5
0417;4
0418;8
0419;5
0420;4
0421;3
0422;4
0423;8
0424;6
0425;5
0426;1
0427;2
0428;5
0429;6
0430;12
0501;2
0502;9
0503;9
0504;4
0505;5
0506;4
0507;5
0508;7
0509;1
0510;3
0511;3
0512;2
0513;2
0514;4
0515;1
0516;4
0517;4
0518;3
0519;5
0520;5
0521;7
0522;1
0523;4
0524;4
0525;3
0526;7
0527;3
0528;3
0529;2
0530;6
0531;1
0601;8
0602;6
0603;2
0604;4
0605;3
0606;5
0607;8
0608;9
0609;1
0610;2
0611;3
0612;1
0613;3
0614;7
0615;5
0616;5
0617;4
0618;1
0619;10
0620;3
0622;8
0623;4
0624;4
0625;4
0626;5
0627;6
0628;5
0629;4
0630;4
0701;10
0702;3
0703;9
0704;6
0705;8
0706;3
0707;4
0708;5
0709;5
0710;3
0711;4
0712;3
0713;2
0714;2
0715;3
0716;5
0717;2
0718;7
0719;3
0720;3
0721;7
0722;4
0723;5
0724;8
0725;4
0726;5
0727;4
0728;1
0729;4
0730;5
0731;3
0801;3
0802;6
0803;5
0804;9
0805;8
0806;9
0807;8
0808;4
0809;3
0810;2
0811;4
0812;1
0813;6
0814;7
0815;6
0816;9
0817;6
0818;5
0819;5
0820;6
0821;4
0822;3
0823;8
0824;6
0825;3
0826;2
0827;4
0828;9
0829;1
0830;6
0831;7
0901;8
0902;7
0903;4
0904;7
0905;5
0906;4
0907;6
0908;8
0909;3
0910;5
0911;4
0912;5
0913;8
0914;6
0915;2
0916;4
0917;2
0918;2
0919;7
0920;7
0921;4
0922;6
0923;2
0924;2
0925;8
0926;4
0927;4
0928;2
0929;5
0930;4
1001;3
1002;4
1003;4
1004;6
1005;1
1006;4
1007;4
1008;2
1009;2
1010;3
1011;4
1012;5
1013;6
1015;4
1016;5
1017;2
1018;3
1019;8
1020;4
1021;3
1022;5
1023;5
1024;4
1025;2
1026;5
1027;7
1028;5
1029;5
1030;5
1031;9
1101;3
1102;11
1103;5
1104;6
1105;9
1106;5
1107;3
1108;9
1109;5
1110;2
1111;4
1112;5
1113;2
1114;7
1115;7
1116;4
1117;6
1118;5
1119;5
1120;6
1121;8
1122;7
1123;4
1124;2
1125;5
1126;9
1127;5
1128;5
1129;1
1130;4
1201;2
1202;7
1203;6
1204;3
1205;9
1206;5
1207;5
1208;7
1209;3
1210;6
1211;8
1212;1
1213;2
1214;3
1215;5
1216;4
1217;6
1218;11
1219;4
1220;6
1221;7
1222;6
1223;2
1224;7
1225;3
1226;4
1227;4
1228;4
1229;5
1230;3
1231;7
