0101;10
0102;12
0103;10
0104;17
0105;16
0106;7
0107;18
0108;12
0109;9
0110;10
0111;12
0112;19
0113;9
0114;18
0115;22
0116;13
0117;15
0118;18
0119;9
0120;17
0121;13
0122;9
0123;13
0124;14
0125;9
0126;15
0127;13
0128;9
0129;10
0130;7
0131;10
0201;9
0202;11
0203;12
0204;9
0205;5
0206;13
0207;7
0208;14
0209;8
0210;18
0211;14
0212;4
0213;14
0214;12
0215;8
0216;8
0217;8
0218;4
0219;9
0220;9
0221;8
0222;6
0223;10
0224;9
0225;9
0226;12
0227;7
0228;5
0301;7
0302;13
0303;7
0304;7
0305;8
0306;9
0307;8
0308;10
0309;4
0310;13
0311;8
0312;10
0313;12
0314;7
0315;7
0316;13
0317;10
0318;8
0319;10
0320;10
0321;11
0322;5
0323;13
0324;13
0325;11
0326;6
0327;5
0328;3
0329;9
0330;14
0331;8
0401;14
0402;5
0403;8
0404;8
0405;12
0406;8
0407;13
0408;10
0409;5
0410;6
0411;7
0412;7
0413;8
0414;9
0415;10
0416;9
0417;3
0418;12
0419;12
0420;3
0421;15
0422;5
0423;8
0424;9
0425;13
0426;12
0427;10
0428;15
0429;10
0430;9
0501;6
0502;7
0503;6
0504;7
0505;12
0506;9
0507;5
0508;11
0509;5
0510;8
0511;9
0512;15
0513;8
0514;4
0515;5
0516;7
0517;9
0518;9
0519;6
0520;6
0521;10
0522;7
0523;10
0524;3
0525;12
0526;6
0527;9
0528;10
0529;9
0530;4
0531;10
0601;9
0602;10
0603;5
0604;9
0605;10
0606;11
0607;12
0608;6
0609;7
0610;4
0611;8
0612;4
0613;6
0614;16
0615;6
0616;1
0617;10
0618;4
0619;12
0620;6
0621;8
0622;12
0623;9
0624;4
0625;7
0626;10
0627;8
0628;7
0629;9
0630;9
0701;3
0702;9
0703;10
0704;7
0705;8
0706;6
0707;13
0708;11
0709;8
0710;10
0711;3
0712;14
0713;11
0714;6
0715;3
0716;7
0717;13
0718;6
0719;7
0720;10
0721;4
0722;10
0723;14
0724;3
0725;4
0726;7
0727;7
0728;4
0729;10
0730;8
0731;7
0801;7
0802;11
0803;8
0804;7
0805;11
0806;6
0807;4
0808;5
0809;6
0810;6
0811;4
0812;6
0813;10
0814;15
0815;11
0816;12
0817;10
0818;16
0819;7
0820;10
0821;8
0822;7
0823;7
0824;8
0825;4
0826;8
0827;3
0828;6
0829;10
0830;13
0831;4
0901;4
0902;5
0903;8
0904;12
0905;7
0906;10
0907;4
0908;8
0909;4
0910;9
0911;14
0912;8
0913;6
0914;4
0915;8
0916;8
0917;4
0918;8
0919;12
0920;9
0921;10
0922;12
0923;9
0924;8
0925;10
0926;10
0927;12
0928;12
0929;6
0930;5
1001;8
1002;9
1003;8
1004;7
1005;7
1006;10
1007;3
1008;5
1009;15
1010;7
1011;8
1012;10
1013;5
1014;9
1015;8
1016;11
1017;5
1018;13
1019;10
1020;11
1021;14
1022;9
1023;11
1024;7
1025;10
1026;8
1027;7
1028;6
1029;11
1030;10
1031;14
1101;2
1102;9
1103;13
1104;10
1105;10
1106;11
1107;10
1108;6
1109;10
1110;9
1111;10
1112;14
1113;8
1114;8
1115;8
1116;4
1117;9
1118;11
1119;10
1120;10
1121;12
1122;13
1123;12
1124;17
1125;10
1126;3
1127;8
1128;12
1129;8
1130;13
1201;11
1202;11
1203;8
1204;11
1205;7
1206;8
1207;7
1208;6
1209;6
1210;5
1211;11
1212;9
1213;7
1214;6
1215;12
1216;9
1217;11
1218;13
1219;9
1220;10
1221;12
1222;12
1223;8
1224;10
1225;15
1226;10
1227;12
1228;3
1229;10
1230;6
1231;8
