0101;14
0102;18
0103;8
0104;12
0105;14
0106;22
0107;16
0108;18
0109;19
0110;18
0111;16
0112;12
0113;28
0114;15
0115;15
0116;12
0117;19
0118;23
0119;12
0120;17
0121;20
0122;10
0123;12
0124;21
0125;16
0126;13
0127;12
0128;8
0129;13
0130;16
0131;11
0201;18
0202;18
0203;15
0204;17
0205;13
0206;14
0207;18
0208;19
0209;24
0210;14
0211;14
0212;14
0213;13
0214;13
0215;8
0216;19
0217;16
0218;14
0219;7
0220;12
0221;12
0222;16
0223;14
0224;14
0225;15
0226;17
0227;12
0228;14
0301;13
0302;19
0303;13
0304;15
0305;7
0306;9
0307;17
0308;15
0309;9
0310;11
0311;14
0312;15
0313;20
0314;16
0315;11
0316;14
0317;21
0318;16
0319;15
0320;14
0321;10
0322;10
0323;9
0324;10
0325;12
0326;3
0327;14
0328;16
0329;12
0330;8
0331;16
0401;13
0402;10
0403;16
0404;13
0405;11
0406;16
0407;12
0408;11
0409;9
0410;20
0411;11
0412;12
0413;8
0414;16
0415;13
0416;16
0417;10
0418;11
0419;4
0420;5
0421;18
0422;7
0423;11
0424;19
0425;8
0426;11
0427;12
0428;14
0429;13
0430;9
0501;10
0502;15
0503;16
0504;16
0505;14
0506;11
0507;15
0508;16
0509;12
0510;8
0511;11
0512;12
0513;16
0514;5
0515;9
0516;11
0517;13
0518;9
0519;11
0520;12
0521;17
0522;10
0523;6
0524;5
0525;9
0526;11
0527;12
0528;17
0529;14
0530;14
0531;14
0601;4
0602;12
0603;15
0604;14
0605;10
0606;12
0607;10
0608;14
0609;11
0610;9
0611;8
0612;17
0613;9
0614;12
0615;11
0616;10
0617;10
0618;16
0619;18
0620;5
0621;9
0622;14
0623;12
0624;11
0625;8
0626;10
0627;18
0628;18
0629;14
0630;12
0701;13
0702;19
0703;10
0704;4
0705;12
0706;19
0707;9
0708;16
0709;5
0710;10
0711;15
0712;9
0713;10
0714;17
0715;8
0716;10
0717;16
0718;13
0719;10
0720;10
0721;10
0722;17
0723;7
0724;6
0725;6
0726;3
0727;10
0728;10
0729;9
0730;7
0731;7
0801;12
0802;13
0803;13
0804;10
0805;10
0806;9
0807;12
0808;14
0809;12
0810;8
0811;9
0812;12
0813;13
0814;9
0815;10
0816;13
0817;11
0818;11
0819;15
0820;14
0821;8
0822;15
0823;12
0824;13
0825;12
0826;16
0827;6
0828;14
0829;4
0830;6
0831;8
0901;10
0902;12
0903;11
0904;12
0905;11
0906;8
0907;8
0908;11
0909;6
0910;9
0911;16
0912;10
0913;8
0914;17
0915;11
0916;9
0917;13
0918;4
0919;11
0920;12
0921;10
0922;11
0923;7
0924;11
0925;10
0926;10
0927;14
0928;9
0929;23
0930;13
1001;12
1002;16
1003;8
1004;3
1005;11
1006;15
1007;16
1008;14
1009;10
1010;10
1011;8
1012;7
1013;9
1014;10
1015;10
1016;8
1017;5
1018;10
1019;12
1020;17
1021;10
1022;16
1023;17
1024;8
1025;8
1026;11
1027;13
1028;18
1029;10
1030;8
1031;13
1101;13
1102;8
1103;16
1104;15
1105;10
1106;12
1107;11
1108;15
1109;19
1110;16
1111;11
1112;11
1113;10
1114;7
1115;18
1116;15
1117;7
1118;13
1119;14
1120;14
1121;11
1122;5
1123;10
1124;6
1125;7
1126;12
1127;10
1128;12
1129;11
1130;12
1201;13
1202;13
1203;19
1204;13
1205;11
1206;13
1207;15
1208;19
1209;5
1210;15
1211;10
1212;8
1213;16
1214;20
1215;11
1216;10
1217;15
1218;21
1219;13
1220;18
1221;17
1222;12
1223;16
1224;9
1225;20
1226;9
1227;14
1228;17
1229;13
1230;12
1231;11
