0101;7
0102;3
0103;9
0104;5
0105;4
0106;3
0107;5
0108;3
0109;2
0110;4
0111;3
0112;5
0113;5
0114;5
0115;5
0116;5
0117;6
0118;5
0119;9
0120;8
0121;6
0122;5
0123;4
0124;2
0125;3
0126;2
0127;4
0128;1
0129;5
0130;3
0131;6
0201;2
0202;1
0203;6
0204;4
0205;2
0206;2
0207;7
0208;4
0209;5
0210;2
0211;2
0212;5
0213;1
0214;6
0215;4
0216;7
0217;1
0218;11
0219;3
0220;3
0221;1
0222;5
0223;4
0224;5
0225;6
0226;6
0227;8
0228;9
0301;6
0302;2
0303;7
0304;2
0305;3
0306;3
0307;4
0308;1
0309;6
0310;2
0312;2
0313;6
0314;4
0315;2
0316;2
0317;5
0318;4
0319;5
0320;4
0321;6
0322;3
0323;3
0324;8
0325;6
0326;5
0327;5
0328;7
0329;2
0330;5
0331;6
0401;3
0402;3
0403;5
0404;2
0405;2
0406;4
0407;4
0408;3
0409;1
0410;4
0411;1
0412;8
0413;2
0414;4
0415;2
0416;2
0417;2
0418;1
0419;4
0420;5
0421;3
0422;2
0424;4
0425;2
0426;3
0427;5
0428;5
0429;5
0430;2
0501;8
0502;5
0503;5
0504;3
0505;2
0506;1
0507;4
0508;2
0509;3
0510;4
0511;4
0512;3
0513;7
0514;2
0515;7
0516;1
0517;5
0518;2
0519;2
0520;4
0521;1
0522;1
0523;2
0524;1
0526;1
0527;2
0528;5
0529;3
0530;2
0531;4
0601;2
0602;3
0603;2
0604;1
0605;3
0606;6
0607;6
0608;7
0609;3
0610;3
0611;4
0612;2
0613;6
0614;7
0615;4
0616;3
0617;1
0618;2
0619;5
0620;8
0621;2
0622;2
0623;1
0624;5
0625;5
0626;3
0627;3
0628;5
0629;4
0630;2
0701;5
0702;3
0703;2
0704;1
0705;1
0706;3
0707;7
0708;3
0709;4
0710;10
0711;4
0712;2
0713;4
0714;6
0715;4
0716;8
0717;4
0718;4
0719;5
0720;7
0721;4
0722;7
0723;5
0724;2
0725;4
0726;3
0727;1
0728;3
0729;7
0730;3
0731;3
0801;2
0802;5
0803;5
0804;6
0805;3
0806;5
0807;2
0808;6
0809;5
0810;5
0811;3
0812;12
0813;4
0814;3
0815;2
0816;6
0817;4
0818;3
0819;2
0820;5
0821;1
0822;4
0823;7
0824;4
0825;5
0826;5
0827;4
0828;1
0829;4
0830;1
0831;5
0901;1
0902;3
0903;3
0904;2
0905;1
0906;4
0907;1
0908;5
0909;2
0910;5
0911;3
0913;3
0914;1
0915;4
0916;3
0917;4
0918;2
0919;2
0920;3
0921;3
0922;3
0923;5
0924;5
0925;8
0926;5
0927;2
0928;3
0929;6
0930;4
1001;5
1002;4
1003;6
1004;6
1006;2
1007;2
1008;6
1009;2
1010;4
1011;6
1012;7
1013;3
1014;2
1015;4
1016;2
1017;3
1018;2
1019;2
1020;1
1021;2
1023;8
1024;4
1025;4
1026;5
1027;2
1028;1
1029;1
1030;4
1031;6
1101;4
1102;9
1103;3
1104;5
1105;2
1106;3
1107;5
1108;2
1109;3
1110;3
1111;5
1113;5
1114;1
1115;1
1116;4
1117;5
1118;5
1119;5
1120;7
1121;1
1122;1
1123;1
1124;4
1125;2
1126;6
1127;2
1129;3
1130;7
1201;6
1202;7
1203;1
1204;2
1205;5
1206;2
1207;3
1208;7
1209;7
1210;1
1211;4
1212;4
1213;2
1214;6
1215;2
1216;5
1217;7
1218;1
1219;3
1220;5
1221;5
1222;3
1223;3
1224;3
1225;4
1226;4
1227;4
1228;5
1229;10
1230;4
1231;3
