0101;32
0102;34
0103;26
0104;28
0105;25
0106;32
0107;32
0108;34
0109;27
0110;44
0111;38
0112;35
0113;35
0114;34
0115;29
0116;33
0117;22
0118;37
0119;38
0120;32
0121;29
0122;32
0123;33
0124;31
0125;33
0126;28
0127;35
0128;31
0129;29
0130;35
0131;23
0201;34
0202;35
0203;25
0204;26
0205;37
0206;25
0207;35
0208;29
0209;35
0210;29
0211;35
0212;25
0213;29
0214;15
0215;22
0216;22
0217;33
0218;25
0219;27
0220;26
0221;27
0222;28
0223;23
0224;28
0225;28
0226;28
0227;27
0228;26
0301;28
0302;26
0303;23
0304;30
0305;28
0306;28
0307;35
0308;31
0309;32
0310;24
0311;20
0312;45
0313;32
0314;22
0315;26
0316;27
0317;39
0318;23
0319;20
0320;23
0321;18
0322;19
0323;23
0324;26
0325;23
0326;17
0327;25
0328;25
0329;19
0330;19
0331;34
0401;29
0402;22
0403;27
0404;30
0405;25
0406;34
0407;20
0408;25
0409;19
0410;32
0411;17
0412;23
0413;19
0414;32
0415;31
0416;25
0417;23
0418;28
0419;26
0420;28
0421;25
0422;26
0423;17
0424;25
0425;29
0426;30
0427;33
0428;25
0429;24
0430;29
0501;18
0502;20
0503;32
0504;29
0505;22
0506;19
0507;31
0508;26
0509;22
0510;19
0511;26
0512;29
0513;27
0514;28
0515;25
0516;21
0517;19
0518;26
0519;30
0520;30
0521;23
0522;26
0523;26
0524;31
0525;25
0526;22
0527;24
0528;18
0529;26
0530;20
0531;20
0601;32
0602;20
0603;21
0604;23
0605;25
0606;20
0607;25
0608;27
0609;18
0610;27
0611;27
0612;24
0613;23
0614;24
0615;18
0616;29
0617;27
0618;14
0619;15
0620;18
0621;29
0622;32
0623;21
0624;24
0625;19
0626;21
0627;24
0628;29
0629;22
0630;21
0701;30
0702;27
0703;28
0704;30
0705;18
0706;21
0707;28
0708;17
0709;23
0710;22
0711;24
0712;20
0713;26
0714;22
0715;24
0716;16
0717;21
0718;25
0719;20
0720;29
0721;24
0722;22
0723;26
0724;18
0725;28
0726;31
0727;22
0728;18
0729;29
0730;32
0731;31
0801;21
0802;25
0803;28
0804;26
0805;26
0806;21
0807;31
0808;27
0809;17
0810;33
0811;22
0812;23
0813;29
0814;27
0815;23
0816;20
0817;18
0818;24
0819;25
0820;28
0821;29
0822;18
0823;20
0824;21
0825;31
0826;28
0827;20
0828;30
0829;14
0830;16
0831;32
0901;21
0902;22
0903;19
0904;27
0905;17
0906;32
0907;26
0908;20
0909;21
0910;30
0911;25
0912;21
0913;22
0914;25
0915;19
0916;17
0917;26
0918;27
0919;24
0920;26
0921;20
0922;27
0923;20
0924;24
0925;18
0926;29
0927;25
0928;32
0929;27
0930;25
1001;28
1002;29
1003;17
1004;21
1005;29
1006;25
1007;30
1008;29
1009;21
1010;25
1011;21
1012;27
1013;24
1014;23
1015;27
1016;33
1017;25
1018;24
1019;31
1020;23
1021;31
1022;29
1023;21
1024;26
1025;33
1026;24
1027;27
1028;24
1029;25
1030;29
1031;26
1101;23
1102;32
1103;20
1104;24
1105;43
1106;19
1107;20
1108;17
1109;17
1110;31
1111;28
1112;21
1113;29
1114;19
1115;18
1116;26
1117;30
1118;30
1119;25
1120;18
1121;27
1122;26
1123;25
1124;26
1125;13
1126;19
1127;37
1128;17
1129;14
1130;25
1201;29
1202;20
1203;28
1204;19
1205;22
1206;29
1207;22
1208;31
1209;28
1210;26
1211;19
1212;18
1213;17
1214;24
1215;22
1216;29
1217;27
1218;35
1219;22
1220;30
1221;26
1222;25
1223;24
1224;28
1225;28
1226;25
1227;27
1228;23
1229;33
1230;37
1231;32
