0101;48
0102;40
0103;41
0104;44
0105;40
0106;54
0107;40
0108;42
0109;43
0110;38
0111;42
0112;51
0113;39
0114;40
0115;46
0116;38
0117;48
0118;35
0119;63
0120;62
0121;45
0122;44
0123;45
0124;51
0125;51
0126;48
0127;39
0128;38
0129;56
0130;55
0131;55
0201;42
0202;45
0203;39
0204;44
0205;50
0206;46
0207;44
0208;48
0209;44
0210;30
0211;41
0212;41
0213;36
0214;32
0215;35
0216;33
0217;35
0218;34
0219;36
0220;46
0221;41
0222;44
0223;40
0224;39
0225;35
0226;41
0227;39
0228;45
0301;44
0302;43
0303;38
0304;38
0305;33
0306;27
0307;45
0308;31
0309;48
0310;29
0311;31
0312;46
0313;31
0314;39
0315;24
0316;28
0317;34
0318;35
0319;41
0320;31
0321;38
0322;40
0323;35
0324;37
0325;31
0326;45
0327;27
0328;41
0329;31
0330;34
0331;41
0401;42
0402;37
0403;35
0404;31
0405;29
0406;44
0407;37
0408;40
0409;37
0410;28
0411;32
0412;31
0413;30
0414;49
0415;35
0416;43
0417;25
0418;35
0419;40
0420;36
0421;46
0422;33
0423;38
0424;41
0425;30
0426;33
0427;33
0428;35
0429;38
0430;45
0501;33
0502;30
0503;33
0504;34
0505;33
0506;36
0507;42
0508;32
0509;36
0510;44
0511;41
0512;36
0513;28
0514;25
0515;34
0516;32
0517;33
0518;34
0519;35
0520;29
0521;35
0522;31
0523;33
0524;26
0525;36
0526;32
0527;19
0528;37
0529;38
0530;37
0531;24
0601;35
0602;41
0603;37
0604;35
0605;27
0606;32
0607;34
0608;29
0609;24
0610;30
0611;37
0612;45
0613;33
0614;27
0615;23
0616;31
0617;32
0618;30
0619;37
0620;27
0621;26
0622;25
0623;36
0624;34
0625;29
0626;32
0627;40
0628;32
0629;40
0630;38
0701;44
0702;40
0703;32
0704;27
0705;31
0706;38
0707;38
0708;37
0709;39
0710;33
0711;32
0712;23
0713;28
0714;34
0715;35
0716;33
0717;25
0718;37
0719;36
0720;31
0721;33
0722;35
0723;21
0724;34
0725;35
0726;30
0727;44
0728;38
0729;29
0730;34
0731;31
0801;39
0802;32
0803;32
0804;28
0805;30
0806;42
0807;26
0808;29
0809;33
0810;36
0811;29
0812;30
0813;34
0814;43
0815;31
0816;32
0817;32
0818;22
0819;40
0820;36
0821;40
0822;45
0823;39
0824;33
0825;33
0826;22
0827;23
0828;35
0829;28
0830;27
0831;27
0901;38
0902;38
0903;36
0904;35
0905;35
0906;40
0907;28
0908;38
0909;42
0910;35
0911;37
0912;40
0913;44
0914;40
0915;27
0916;36
0917;36
0918;35
0919;33
0920;29
0921;31
0922;39
0923;25
0924;27
0925;44
0926;35
0927;31
0928;38
0929;44
0930;42
1001;40
1002;43
1003;32
1004;26
1005;30
1006;36
1007;34
1008;29
1009;38
1010;38
1011;31
1012;40
1013;35
1014;32
1015;37
1016;33
1017;34
1018;42
1019;38
1020;42
1021;40
1022;34
1023;44
1024;37
1025;27
1026;31
1027;29
1028;32
1029;35
1030;33
1031;43
1101;33
1102;26
1103;31
1104;26
1105;40
1106;31
1107;39
1108;35
1109;39
1110;32
1111;46
1112;30
1113;42
1114;30
1115;26
1116;29
1117;29
1118;40
1119;45
1120;43
1121;35
1122;42
1123;46
1124;42
1125;35
1126;29
1127;31
1128;36
1129;33
1130;37
1201;39
1202;26
1203;38
1204;36
1205;42
1206;43
1207;35
1208;30
1209;28
1210;34
1211;45
1212;32
1213;24
1214;38
1215;33
1216;36
1217;42
1218;32
1219;38
1220;37
1221;45
1222;32
1223;38
1224;38
1225;41
1226;40
1227;28
1228;52
1229;38
1230;38
1231;36
