0101;18
0102;20
0103;17
0104;24
0105;31
0106;26
0107;21
0108;26
0109;24
0110;23
0111;13
0112;23
0113;29
0114;17
0115;26
0116;21
0117;22
0118;14
0119;18
0120;19
0121;15
0122;23
0123;14
0124;14
0125;11
0126;17
0127;14
0128;16
0129;12
0130;19
0131;15
0201;14
0202;26
0203;18
0204;20
0205;19
0206;13
0207;15
0208;21
0209;12
0210;20
0211;13
0212;17
0213;11
0214;9
0215;14
0216;12
0217;21
0218;10
0219;23
0220;18
0221;15
0222;15
0223;20
0224;18
0225;19
0226;18
0227;16
0228;18
0301;19
0302;15
0303;22
0304;23
0305;14
0306;19
0307;16
0308;9
0309;18
0310;20
0311;19
0312;11
0313;16
0314;13
0315;14
0316;15
0317;16
0318;14
0319;18
0320;18
0321;16
0322;17
0323;17
0324;9
0325;16
0326;13
0327;11
0328;15
0329;13
0330;20
0331;22
0401;14
0402;15
0403;13
0404;18
0405;15
0406;18
0407;15
0408;12
0409;17
0410;11
0411;11
0412;18
0413;16
0414;21
0415;15
0416;15
0417;16
0418;14
0419;14
0420;7
0421;16
0422;11
0423;15
0424;16
0425;16
0426;11
0427;16
0428;6
0429;13
0430;14
0501;11
0502;7
0503;16
0504;15
0505;13
0506;11
0507;12
0508;15
0509;7
0510;17
0511;11
0512;10
0513;18
0514;14
0515;14
0516;12
0517;19
0518;19
0519;14
0520;13
0521;13
0522;19
0523;14
0524;14
0525;21
0526;12
0527;10
0528;5
0529;23
0530;12
0531;23
0601;10
0602;13
0603;8
0604;16
0605;14
0606;13
0607;10
0608;13
0609;13
0610;13
0611;13
0612;12
0613;12
0614;11
0615;8
0616;13
0617;23
0618;17
0619;10
0620;16
0621;11
0622;14
0623;12
0624;24
0625;24
0626;13
0627;24
0628;12
0629;19
0630;18
0701;13
0702;15
0703;13
0704;12
0705;13
0706;10
0707;15
0708;18
0709;16
0710;10
0711;17
0712;10
0713;13
0714;17
0715;8
0716;14
0717;12
0718;21
0719;11
0720;7
0721;14
0722;18
0723;23
0724;15
0725;13
0726;11
0727;6
0728;6
0729;22
0730;24
0731;8
0801;12
0802;18
0803;13
0804;12
0805;16
0806;19
0807;13
0808;10
0809;9
0810;15
0811;10
0812;16
0813;18
0814;16
0815;10
0816;10
0817;8
0818;20
0819;21
0820;10
0821;12
0822;11
0823;17
0824;16
0825;12
0826;9
0827;18
0828;10
0829;12
0830;12
0831;15
0901;17
0902;17
0903;12
0904;15
0905;18
0906;17
0907;13
0908;14
0909;17
0910;12
0911;17
0912;13
0913;13
0914;14
0915;13
0916;11
0917;12
0918;19
0919;14
0920;16
0921;10
0922;7
0923;9
0924;16
0925;16
0926;13
0927;18
0928;14
0929;9
0930;14
1001;21
1002;9
1003;11
1004;14
1005;10
1006;19
1007;13
1008;9
1009;11
1010;21
1011;14
1012;15
1013;18
1014;8
1015;17
1016;16
1017;14
1018;16
1019;25
1020;13
1021;20
1022;11
1023;18
1024;13
1025;7
1026;16
1027;13
1028;8
1029;16
1030;12
1031;16
1101;16
1102;15
1103;12
1104;12
1105;22
1106;15
1107;23
1108;13
1109;15
1110;20
1111;10
1112;13
1113;17
1114;15
1115;12
1116;14
1117;22
1118;10
1119;14
1120;15
1121;10
1122;14
1123;16
1124;17
1125;15
1126;12
1127;19
1128;13
1129;10
1130;25
1201;9
1202;15
1203;13
1204;10
1205;18
1206;12
1207;9
1208;14
1209;15
1210;16
1211;21
1212;11
1213;6
1214;14
1215;11
1216;21
1217;11
1218;15
1219;27
1220;15
1221;12
1222;13
1223;21
1224;11
1225;12
1226;18
1227;14
1228;13
1229;13
1230;22
1231;18
