0101;5
0102;12
0103;7
0104;15
0105;7
0106;8
0107;9
0108;10
0109;4
0110;12
0111;9
0112;7
0113;2
0114;14
0115;11
0116;8
0117;9
0118;10
0119;6
0120;6
0121;10
0122;13
0123;6
0124;9
0125;10
0126;17
0127;8
0128;11
0129;7
0130;7
0131;5
0201;9
0202;9
0203;8
0204;6
0205;6
0206;7
0207;8
0208;6
0209;8
0210;8
0211;5
0212;4
0213;6
0214;8
0215;7
0216;5
0217;9
0218;6
0219;7
0220;11
0221;7
0222;5
0223;6
0224;8
0225;11
0226;5
0227;9
0228;4
0301;5
0302;8
0303;7
0304;8
0305;5
0306;6
0307;8
0308;6
0309;4
0310;5
0311;5
0312;6
0313;2
0314;5
0315;5
0316;5
0317;4
0318;12
0319;5
0320;6
0321;2
0322;2
0323;7
0324;4
0325;10
0326;4
0327;7
0328;6
0329;8
0330;9
0331;11
0401;4
0402;5
0403;7
0404;4
0405;5
0406;3
0407;6
0408;6
0409;4
0410;6
0411;6
0412;6
0413;6
0414;9
0415;8
0416;7
0417;4
0418;4
0419;1
0420;9
0421;8
0422;8
0423;3
0424;7
0425;6
0426;5
0427;7
0428;7
0429;6
0430;8
0501;6
0502;11
0503;7
0504;6
0505;9
0506;5
0507;1
0508;2
0509;12
0510;6
0511;7
0512;5
0513;9
0514;6
0515;6
0516;6
0517;6
0518;7
0519;6
0520;4
0521;9
0522;4
0523;7
0524;3
0525;8
0526;5
0527;6
0528;5
0529;5
0530;4
0531;10
0601;5
0602;4
0603;5
0604;6
0605;9
0606;7
0607;6
0608;3
0609;8
0610;3
0611;5
0612;3
0613;5
0614;8
0615;4
0616;7
0617;4
0618;8
0619;6
0620;7
0621;5
0622;12
0623;8
0624;5
0625;2
0626;6
0627;6
0628;7
0629;7
0630;5
0701;2
0702;5
0703;7
0704;5
0705;8
0706;2
0707;4
0708;4
0709;3
0710;9
0711;5
0712;3
0713;6
0714;10
0715;9
0716;3
0717;8
0718;2
0719;3
0720;3
0721;2
0722;5
0723;10
0724;7
0725;5
0726;5
0727;9
0728;4
0729;5
0730;7
0731;8
0801;7
0802;6
0803;4
0804;11
0805;10
0806;5
0808;8
0809;4
0810;4
0811;7
0812;5
0813;5
0814;8
0815;8
0816;2
0817;11
0818;9
0819;6
0820;6
0821;8
0822;7
0823;4
0824;4
0825;7
0826;7
0827;7
0828;7
0829;6
0830;2
0831;6
0901;3
0902;9
0903;5
0904;5
0905;8
0906;3
0907;5
0908;6
0909;9
0910;3
0911;9
0912;6
0913;3
0914;7
0915;8
0916;2
0917;4
0918;10
0919;6
0920;6
0921;4
0922;8
0923;3
0924;6
0925;7
0926;11
0927;6
0928;4
0929;3
0930;6
1001;5
1002;5
1003;4
1004;7
1005;3
1006;6
1007;5
1008;10
1009;7
1010;4
1011;3
1012;5
1013;3
1014;9
1015;5
1016;3
1017;6
1018;6
1019;2
1020;7
1021;11
1022;18
1023;15
1024;7
1025;10
1026;7
1027;6
1028;8
1029;8
1030;7
1031;9
1101;5
1102;6
1103;5
1104;5
1105;6
1106;5
1107;4
1108;8
1109;4
1110;5
1111;6
1112;6
1113;8
1114;8
1115;9
1116;10
1117;5
1118;6
1119;3
1120;6
1121;8
1122;8
1123;8
1124;5
1125;8
1126;7
1127;5
1128;7
1129;5
1130;6
1201;4
1202;6
1203;10
1204;12
1205;4
1206;9
1207;2
1208;7
1209;7
1210;8
1211;12
1212;4
1213;3
1214;3
1215;12
1216;7
1217;7
1218;4
1219;8
1220;5
1221;10
1222;4
1223;9
1224;8
1225;8
1226;9
1227;7
1228;8
1229;5
1230;11
1231;5
