0101;11
0102;22
0103;15
0104;7
0105;14
0106;18
0107;13
0108;12
0109;15
0110;10
0111;7
0112;11
0113;12
0114;17
0115;11
0116;6
0117;10
0118;14
0119;11
0120;10
0121;10
0122;14
0123;13
0124;11
0125;18
0126;13
0127;16
0128;15
0129;11
0130;13
0131;10
0201;7
0202;17
0203;9
0204;16
0205;18
0206;11
0207;9
0208;6
0209;7
0210;7
0211;12
0212;9
0213;8
0214;12
0215;11
0216;12
0217;19
0218;13
0219;7
0220;20
0221;8
0222;3
0223;5
0224;12
0225;8
0226;9
0227;6
0228;10
0301;8
0302;8
0303;12
0304;7
0305;6
0306;12
0307;4
0308;7
0309;8
0310;7
0311;15
0312;12
0313;15
0314;7
0315;12
0316;9
0317;7
0318;11
0319;10
0320;10
0321;14
0322;6
0323;12
0324;10
0325;8
0326;4
0327;11
0328;9
0329;10
0330;12
0331;6
0401;13
0402;10
0403;5
0404;11
0405;8
0406;7
0407;17
0408;12
0409;7
0410;5
0411;13
0412;4
0413;11
0414;14
0415;9
0416;3
0417;8
0418;10
0419;13
0420;12
0421;9
0422;6
0423;11
0424;10
0425;11
0426;10
0427;6
0428;14
0429;11
0430;7
0501;10
0502;6
0503;13
0504;11
0505;11
0506;16
0507;12
0508;9
0509;9
0510;4
0511;5
0512;4
0513;6
0514;12
0515;7
0516;8
0517;11
0518;4
0519;16
0520;10
0521;12
0522;9
0523;9
0524;8
0525;8
0526;13
0527;9
0528;5
0529;6
0530;10
0531;6
0601;5
0602;12
0603;8
0604;5
0605;7
0606;7
0607;2
0608;10
0609;10
0610;11
0611;6
0612;8
0613;7
0614;5
0615;9
0616;5
0617;6
0618;6
0619;9
0620;10
0621;10
0622;14
0623;6
0624;4
0625;5
0626;12
0627;9
0628;7
0629;9
0630;9
0701;12
0702;8
0703;11
0704;10
0705;10
0706;10
0707;8
0708;14
0709;15
0710;7
0711;7
0712;13
0713;5
0714;10
0715;7
0716;11
0717;3
0718;2
0719;10
0720;13
0721;8
0722;9
0723;14
0724;13
0725;15
0726;10
0727;3
0728;12
0729;10
0730;12
0731;9
0801;4
0802;7
0803;7
0804;10
0805;6
0806;8
0807;5
0808;4
0809;4
0810;6
0811;11
0812;10
0813;13
0814;9
0815;13
0816;8
0817;6
0818;9
0819;10
0820;7
0821;7
0822;11
0823;9
0824;4
0825;7
0826;11
0827;11
0828;12
0829;14
0830;2
0831;8
0901;11
0902;6
0903;6
0904;12
0905;14
0906;2
0907;8
0908;14
0909;11
0910;13
0911;6
0912;12
0913;8
0914;7
0915;6
0916;14
0917;4
0918;7
0919;5
0920;3
0921;11
0922;15
0923;12
0924;10
0925;10
0926;6
0927;10
0928;9
0929;5
0930;9
1001;9
1002;10
1003;12
1004;7
1005;4
1006;11
1007;7
1008;9
1009;9
1010;7
1011;7
1012;10
1013;10
1014;6
1015;16
1016;12
1017;4
1018;6
1019;7
1020;8
1021;7
1022;11
1023;10
1024;9
1025;9
1026;6
1027;5
1028;8
1029;9
1030;11
1031;7
1101;13
1102;5
1103;10
1104;11
1105;9
1106;10
1107;14
1108;7
1109;8
1110;6
1111;11
1112;7
1113;9
1114;6
1115;15
1116;9
1117;15
1118;10
1119;15
1120;9
1121;12
1122;13
1123;9
1124;11
1125;9
1126;8
1127;5
1128;7
1129;7
1130;7
1201;7
1202;7
1203;10
1204;6
1205;11
1206;4
1207;2
1208;6
1209;10
1210;5
1211;11
1212;12
1213;9
1214;6
1215;9
1216;9
1217;12
1218;2
1219;8
1220;7
1221;8
1222;16
1223;10
1224;12
1225;9
1226;13
1227;11
1228;9
1229;15
1230;13
1231;12
