0101;10
0102;18
0103;17
0104;7
0105;11
0106;6
0107;12
0108;11
0109;9
0110;10
0111;10
0112;15
0113;14
0114;14
0115;12
0116;9
0117;8
0118;12
0119;11
0120;11
0121;15
0122;10
0123;15
0124;14
0125;12
0126;13
0127;11
0128;10
0129;13
0130;14
0131;6
0201;21
0202;9
0203;11
0204;12
0205;21
0206;10
0207;6
0208;5
0209;8
0210;15
0211;11
0212;9
0213;9
0214;8
0215;10
0216;9
0217;16
0218;8
0219;8
0220;11
0221;6
0222;16
0223;11
0224;7
0225;16
0226;10
0227;12
0228;11
0301;11
0302;10
0303;9
0304;14
0305;11
0306;12
0307;9
0308;11
0309;11
0310;7
0311;13
0312;3
0313;8
0314;8
0315;8
0316;12
0317;12
0318;8
0319;6
0320;11
0321;6
0322;11
0323;17
0324;5
0325;7
0326;6
0327;10
0328;13
0329;8
0330;6
0331;11
0401;13
0402;11
0403;7
0404;11
0405;9
0406;11
0407;15
0408;11
0409;7
0410;15
0411;10
0412;9
0413;9
0414;6
0415;10
0416;14
0417;14
0418;5
0419;10
0420;10
0421;9
0422;7
0423;9
0424;8
0425;5
0426;5
0427;11
0428;8
0429;10
0430;8
0501;6
0502;12
0503;9
0504;7
0505;8
0506;7
0507;13
0508;7
0509;8
0510;9
0511;4
0512;12
0513;8
0514;6
0515;7
0516;7
0517;8
0518;3
0519;12
0520;6
0521;13
0522;5
0523;8
0524;7
0525;8
0526;9
0527;7
0528;4
0529;8
0530;8
0531;9
0601;11
0602;10
0603;6
0604;8
0605;17
0606;11
0607;9
0608;7
0609;4
0610;5
0611;8
0612;9
0613;9
0614;6
0615;13
0616;5
0617;11
0618;7
0619;6
0620;11
0621;5
0622;7
0623;7
0624;6
0625;15
0626;8
0627;10
0628;6
0629;12
0630;12
0701;14
0702;8
0703;9
0704;10
0705;12
0706;6
0707;12
0708;10
0709;9
0710;10
0711;8
0712;11
0713;5
0714;8
0715;14
0716;13
0717;6
0718;4
0719;7
0720;9
0721;13
0722;10
0723;7
0724;7
0725;4
0726;7
0727;9
0728;14
0729;4
0730;8
0731;7
0801;11
0802;6
0803;9
0804;11
0805;9
0806;10
0807;3
0808;14
0809;14
0810;9
0811;7
0812;5
0813;7
0814;6
0815;12
0816;14
0817;9
0818;6
0819;4
0820;6
0821;12
0822;8
0823;9
0824;10
0825;6
0826;11
0827;15
0828;9
0829;11
0830;7
0831;8
0901;12
0902;6
0903;10
0904;11
0905;11
0906;10
0907;13
0908;9
0909;12
0910;7
0911;4
0912;8
0913;6
0914;5
0915;11
0916;6
0917;4
0918;10
0919;13
0920;4
0921;8
0922;11
0923;7
0924;4
0925;5
0926;8
0927;11
0928;8
0929;6
0930;12
1001;15
1002;9
1003;12
1004;10
1005;14
1006;8
1007;12
1008;8
1009;11
1010;13
1011;11
1012;13
1013;4
1014;9
1015;14
1016;10
1017;5
1018;15
1019;7
1020;11
1021;9
1022;14
1023;14
1024;16
1025;13
1026;8
1027;13
1028;6
1029;9
1030;16
1031;6
1101;7
1102;13
1103;13
1104;9
1105;11
1106;9
1107;7
1108;10
1109;4
1110;8
1111;11
1112;12
1113;10
1114;12
1115;6
1116;10
1117;9
1118;7
1119;5
1120;13
1121;6
1122;6
1123;11
1124;5
1125;10
1126;7
1127;8
1128;4
1129;15
1130;5
1201;10
1202;6
1203;9
1204;13
1205;5
1206;8
1207;11
1208;7
1209;12
1210;9
1211;8
1212;9
1213;3
1214;7
1215;7
1216;14
1217;12
1218;13
1219;10
1220;14
1221;13
1222;19
1223;17
1224;9
1225;8
1226;6
1227;16
1228;12
1229;10
1230;29
1231;12
