0101;7
0102;7
0103;8
0104;6
0105;6
0106;6
0107;7
0108;2
0109;8
0110;10
0111;3
0112;10
0113;11
0114;6
0115;12
0116;7
0117;5
0118;8
0119;7
0120;2
0121;7
0122;5
0123;2
0124;5
0125;4
0126;12
0127;12
0128;4
0129;5
0130;7
0131;4
0201;5
0202;6
0203;4
0204;5
0205;14
0206;10
0207;9
0208;6
0209;8
0210;3
0211;8
0212;2
0213;6
0214;4
0215;6
0216;7
0217;6
0218;6
0219;4
0220;11
0221;12
0222;6
0223;8
0224;4
0225;6
0226;3
0227;7
0228;5
0301;10
0302;6
0303;10
0304;5
0305;12
0306;5
0307;4
0308;5
0309;11
0310;3
0311;9
0312;3
0313;5
0314;11
0315;6
0316;9
0317;10
0318;3
0319;5
0320;2
0321;5
0322;6
0323;9
0324;10
0325;10
0326;4
0327;1
0328;11
0329;5
0330;4
0331;2
0401;6
0402;6
0403;3
0404;4
0405;6
0406;7
0407;3
0408;2
0409;6
0410;5
0411;9
0412;5
0413;8
0414;4
0415;9
0416;10
0417;6
0418;7
0419;4
0421;9
0422;2
0423;3
0424;5
0425;6
0426;5
0427;2
0428;4
0429;7
0430;4
0501;3
0502;2
0503;5
0504;4
0505;2
0506;1
0507;5
0508;5
0509;4
0510;8
0511;5
0512;5
0513;4
0514;3
0515;6
0516;5
0517;4
0518;7
0519;4
0520;6
0521;10
0522;6
0523;7
0524;6
0525;8
0526;4
0527;5
0528;1
0529;8
0530;4
0531;10
0601;4
0602;2
0603;2
0604;6
0605;1
0606;7
0607;4
0608;4
0609;3
0610;3
0611;1
0612;8
0613;5
0614;5
0615;2
0616;3
0617;5
0618;6
0619;3
0620;3
0621;6
0622;5
0623;5
0624;2
0625;4
0626;1
0627;1
0628;8
0629;5
0630;3
0701;8
0702;4
0703;5
0704;5
0705;1
0706;7
0707;2
0708;7
0709;2
0710;7
0711;7
0712;5
0713;2
0714;4
0715;5
0716;3
0717;6
0718;5
0719;5
0720;5
0721;6
0722;5
0723;5
0724;5
0725;5
0726;4
0727;3
0728;5
0729;6
0730;8
0731;3
0801;4
0802;9
0803;2
0804;6
0805;6
0806;3
0807;12
0808;2
0809;4
0810;4
0811;4
0812;7
0813;5
0814;3
0815;5
0816;4
0817;9
0818;2
0819;8
0820;3
0821;4
0822;4
0823;6
0824;5
0825;6
0826;5
0827;6
0828;3
0829;4
0830;3
0831;2
0901;3
0902;4
0903;4
0904;7
0905;2
0906;8
0907;3
0908;7
0909;5
0910;9
0911;2
0912;5
0913;7
0914;6
0915;7
0916;6
0917;2
0918;4
0919;4
0920;5
0921;4
0922;5
0923;2
0924;4
0925;3
0926;5
0927;6
0928;4
0929;3
0930;4
1001;1
1002;7
1003;6
1004;3
1005;6
1006;3
1007;6
1008;3
1009;4
1010;5
1011;8
1012;2
1013;5
1014;5
1015;8
1016;8
1017;6
1018;6
1019;6
1020;6
1021;11
1022;6
1023;3
1024;5
1025;3
1026;7
1027;3
1028;2
1029;5
1030;2
1031;12
1101;2
1102;7
1103;5
1104;2
1105;4
1106;6
1107;9
1108;2
1109;5
1110;10
1111;4
1112;9
1113;9
1114;8
1115;4
1116;4
1117;3
1118;9
1119;5
1120;8
1121;3
1122;5
1123;5
1124;7
1125;6
1126;3
1127;4
1128;11
1129;4
1130;7
1201;5
1202;3
1203;5
1204;9
1205;6
1206;7
1207;3
1208;5
1209;6
1210;9
1211;4
1212;6
1213;5
1214;5
1215;5
1216;4
1217;3
1218;7
1219;6
1220;9
1221;3
1222;4
1223;3
1224;5
1225;6
1226;9
1227;5
1228;9
1229;5
1230;5
1231;6
