0101;71
0102;82
0103;74
0104;75
0105;80
0106;94
0107;88
0108;76
0109;99
0110;80
0111;80
0112;76
0113;98
0114;76
0115;95
0116;75
0117;80
0118;94
0119;76
0120;91
0121;71
0122;74
0123;107
0124;58
0125;73
0126;85
0127;82
0128;79
0129;80
0130;66
0131;75
0201;80
0202;77
0203;77
0204;67
0205;69
0206;60
0207;68
0208;85
0209;80
0210;77
0211;73
0212;76
0213;86
0214;69
0215;64
0216;75
0217;85
0218;67
0219;79
0220;72
0221;82
0222;56
0223;73
0224;66
0225;64
0226;43
0227;75
0228;57
0301;50
0302;64
0303;78
0304;64
0305;56
0306;62
0307;62
0308;50
0309;50
0310;70
0311;78
0312;64
0313;49
0314;54
0315;62
0316;62
0317;67
0318;61
0319;67
0320;50
0321;57
0322;56
0323;57
0324;56
0325;66
0326;66
0327;66
0328;47
0329;59
0330;58
0331;52
0401;54
0402;71
0403;83
0404;56
0405;50
0406;62
0407;65
0408;77
0409;59
0410;75
0411;65
0412;66
0413;65
0414;61
0415;63
0416;86
0417;62
0418;47
0419;76
0420;59
0421;66
0422;55
0423;59
0424;55
0425;65
0426;53
0427;75
0428;54
0429;69
0430;59
0501;54
0502;74
0503;62
0504;57
0505;55
0506;59
0507;66
0508;65
0509;72
0510;58
0511;67
0512;75
0513;72
0514;61
0515;50
0516;37
0517;49
0518;57
0519;55
0520;60
0521;65
0522;56
0523;60
0524;62
0525;60
0526;58
0527;45
0528;46
0529;64
0530;43
0531;66
0601;51
0602;54
0603;50
0604;60
0605;54
0606;59
0607;48
0608;63
0609;53
0610;77
0611;53
0612;55
0613;59
0614;57
0615;58
0616;60
0617;60
0618;61
0619;53
0620;75
0621;57
0622;59
0623;54
0624;61
0625;48
0626;66
0627;56
0628;64
0629;66
0630;76
0701;64
0702;56
0703;58
0704;55
0705;55
0706;63
0707;59
0708;49
0709;59
0710;43
0711;62
0712;57
0713;61
0714;64
0715;56
0716;46
0717;56
0718;44
0719;47
0720;45
0721;54
0722;42
0723;39
0724;43
0725;51
0726;48
0727;43
0728;46
0729;38
0730;51
0731;53
0801;59
0802;53
0803;50
0804;50
0805;74
0806;72
0807;80
0808;56
0809;54
0810;57
0811;50
0812;61
0813;49
0814;42
0815;55
0816;55
0817;70
0818;67
0819;59
0820;54
0821;47
0822;55
0823;44
0824;54
0825;58
0826;41
0827;53
0828;48
0829;44
0830;49
0831;49
0901;48
0902;54
0903;75
0904;67
0905;53
0906;53
0907;45
0908;45
0909;57
0910;59
0911;45
0912;55
0913;50
0914;61
0915;70
0916;57
0917;51
0918;57
0919;63
0920;59
0921;50
0922;48
0923;58
0924;59
0925;62
0926;47
0927;44
0928;54
0929;55
0930;48
1001;53
1002;50
1003;43
1004;53
1005;39
1006;53
1007;69
1008;59
1009;54
1010;54
1011;52
1012;68
1013;52
1014;69
1015;49
1016;52
1017;58
1018;62
1019;66
1020;54
1021;67
1022;67
1023;53
1024;75
1025;51
1026;62
1027;59
1028;63
1029;59
1030;48
1031;51
1101;62
1102;60
1103;53
1104;64
1105;57
1106;74
1107;58
1108;52
1109;63
1110;63
1111;71
1112;69
1113;69
1114;60
1115;59
1116;55
1117;70
1118;61
1119;48
1120;51
1121;55
1122;50
1123;57
1124;70
1125;58
1126;66
1127;58
1128;62
1129;64
1130;59
1201;64
1202;81
1203;64
1204;56
1205;63
1206;63
1207;61
1208;66
1209;61
1210;61
1211;52
1212;75
1213;65
1214;74
1215;75
1216;61
1217;58
1218;65
1219;79
1220;68
1221;71
1222;64
1223;65
1224;56
1225;57
1226;73
1227;76
1228;70
1229;78
1230;74
1231;72
