0101;21
0102;23
0103;23
0104;30
0105;22
0106;20
0107;21
0108;18
0109;20
0110;20
0111;17
0112;27
0113;29
0114;26
0115;21
0116;29
0117;16
0118;30
0119;24
0120;43
0121;24
0122;36
0123;19
0124;22
0125;22
0126;21
0127;12
0128;24
0129;18
0130;19
0131;17
0201;21
0202;19
0203;25
0204;13
0205;27
0206;27
0207;24
0208;13
0209;13
0210;18
0211;14
0212;28
0213;17
0214;26
0215;11
0216;17
0217;17
0218;25
0219;19
0220;25
0221;24
0222;13
0223;12
0224;21
0225;14
0226;18
0227;19
0228;17
0301;18
0302;17
0303;18
0304;21
0305;19
0306;18
0307;15
0308;16
0309;15
0310;12
0311;17
0312;17
0313;17
0314;27
0315;23
0316;24
0317;23
0318;16
0319;13
0320;23
0321;19
0322;22
0323;12
0324;22
0325;20
0326;16
0327;13
0328;19
0329;10
0330;19
0331;27
0401;22
0402;20
0403;14
0404;14
0405;16
0406;9
0407;14
0408;16
0409;20
0410;16
0411;8
0412;14
0413;12
0414;15
0415;11
0416;10
0417;16
0418;19
0419;11
0420;23
0421;27
0422;20
0423;19
0424;16
0425;15
0426;14
0427;12
0428;13
0429;22
0430;17
0501;23
0502;19
0503;10
0504;18
0505;20
0506;19
0507;20
0508;18
0509;14
0510;17
0511;14
0512;12
0513;17
0514;12
0515;17
0516;19
0517;18
0518;17
0519;11
0520;14
0521;21
0522;12
0523;14
0524;15
0525;14
0526;14
0527;14
0528;16
0529;14
0530;11
0531;14
0601;8
0602;18
0603;16
0604;10
0605;18
0606;21
0607;14
0608;17
0609;14
0610;25
0611;17
0612;20
0613;13
0614;19
0615;23
0616;21
0617;13
0618;17
0619;16
0620;13
0621;18
0622;14
0623;24
0624;19
0625;19
0626;23
0627;11
0628;17
0629;17
0630;23
0701;9
0702;16
0703;19
0704;15
0705;23
0706;14
0707;11
0708;14
0709;12
0710;12
0711;20
0712;15
0713;22
0714;23
0715;20
0716;12
0717;12
0718;13
0719;16
0720;19
0721;11
0722;16
0723;14
0724;10
0725;14
0726;14
0727;12
0728;11
0729;13
0730;13
0731;11
0801;10
0802;23
0803;12
0804;11
0805;18
0806;16
0807;26
0808;19
0809;15
0810;20
0811;21
0812;12
0813;16
0814;15
0815;16
0816;22
0817;19
0818;15
0819;13
0820;16
0821;12
0822;15
0823;12
0824;13
0825;11
0826;18
0827;9
0828;19
0829;10
0830;15
0831;6
0901;19
0902;17
0903;10
0904;14
0905;18
0906;16
0907;16
0908;22
0909;8
0910;23
0911;16
0912;16
0913;16
0914;12
0915;21
0916;14
0917;16
0918;18
0919;16
0920;16
0921;19
0922;17
0923;10
0924;19
0925;13
0926;22
0927;11
0928;22
0929;18
0930;14
1001;19
1002;25
1003;13
1004;16
1005;12
1006;13
1007;19
1008;16
1009;16
1010;17
1011;13
1012;11
1013;10
1014;17
1015;11
1016;14
1017;23
1018;14
1019;20
1020;25
1021;18
1022;15
1023;23
1024;16
1025;15
1026;15
1027;15
1028;11
1029;16
1030;27
1031;9
1101;19
1102;15
1103;13
1104;17
1105;12
1106;17
1107;20
1108;13
1109;17
1110;23
1111;19
1112;11
1113;27
1114;19
1115;17
1116;20
1117;24
1118;14
1119;14
1120;24
1121;16
1122;21
1123;16
1124;18
1125;14
1126;11
1127;16
1128;19
1129;7
1130;13
1201;21
1202;16
1203;8
1204;21
1205;14
1206;15
1207;21
1208;17
1209;22
1210;20
1211;21
1212;15
1213;15
1214;20
1215;16
1216;30
1217;26
1218;20
1219;21
1220;16
1221;19
1222;18
1223;24
1224;16
1225;21
1226;23
1227;27
1228;12
1229;34
1230;22
1231;21
