0101;21
0102;33
0103;30
0104;23
0105;39
0106;32
0107;20
0108;21
0109;21
0110;30
0111;33
0112;26
0113;24
0114;26
0115;23
0116;24
0117;20
0118;21
0119;30
0120;28
0121;27
0122;18
0123;23
0124;21
0125;27
0126;40
0127;16
0128;33
0129;27
0130;14
0131;25
0201;23
0202;41
0203;28
0204;29
0205;27
0206;21
0207;26
0208;15
0209;25
0210;27
0211;26
0212;31
0213;25
0214;25
0215;19
0216;20
0217;22
0218;25
0219;19
0220;19
0221;19
0222;19
0223;21
0224;24
0225;25
0226;14
0227;17
0228;16
0301;17
0302;23
0303;16
0304;18
0305;18
0306;16
0307;20
0308;31
0309;20
0310;28
0311;17
0312;13
0313;22
0314;17
0315;21
0316;23
0317;19
0318;23
0319;14
0320;16
0321;16
0322;19
0323;20
0324;29
0325;26
0326;20
0327;27
0328;21
0329;16
0330;18
0331;16
0401;24
0402;13
0403;24
0404;21
0405;12
0406;23
0407;14
0408;22
0409;12
0410;17
0411;21
0412;22
0413;17
0414;23
0415;25
0416;22
0417;22
0418;23
0419;11
0420;22
0421;19
0422;22
0423;18
0424;17
0425;22
0426;20
0427;16
0428;23
0429;20
0430;27
0501;22
0502;25
0503;21
0504;17
0505;15
0506;26
0507;18
0508;15
0509;19
0510;19
0511;23
0512;17
0513;14
0514;16
0515;16
0516;13
0517;21
0518;18
0519;20
0520;19
0521;27
0522;11
0523;11
0524;19
0525;19
0526;22
0527;27
0528;14
0529;14
0530;14
0531;20
0601;15
0602;18
0603;17
0604;13
0605;24
0606;24
0607;13
0608;21
0609;23
0610;17
0611;18
0612;22
0613;19
0614;18
0615;20
0616;17
0617;21
0618;16
0619;11
0620;20
0621;11
0622;16
0623;17
0624;17
0625;17
0626;22
0627;17
0628;22
0629;13
0630;20
0701;15
0702;24
0703;20
0704;20
0705;21
0706;13
0707;16
0708;21
0709;10
0710;13
0711;15
0712;14
0713;20
0714;16
0715;19
0716;27
0717;11
0718;16
0719;18
0720;22
0721;15
0722;13
0723;20
0724;14
0725;19
0726;13
0727;19
0728;18
0729;20
0730;12
0731;19
0801;21
0802;16
0803;18
0804;25
0805;24
0806;23
0807;14
0808;15
0809;18
0810;19
0811;12
0812;21
0813;14
0814;16
0815;15
0816;22
0817;12
0818;17
0819;25
0820;21
0821;17
0822;13
0823;20
0824;16
0825;22
0826;12
0827;7
0828;12
0829;13
0830;12
0831;17
0901;24
0902;23
0903;22
0904;14
0905;18
0906;16
0907;13
0908;17
0909;17
0910;29
0911;16
0912;17
0913;18
0914;15
0915;29
0916;18
0917;16
0918;20
0919;22
0920;22
0921;18
0922;19
0923;19
0924;17
0925;21
0926;22
0927;20
0928;12
0929;18
0930;18
1001;17
1002;21
1003;20
1004;23
1005;27
1006;22
1007;17
1008;28
1009;21
1010;20
1011;17
1012;15
1013;16
1014;19
1015;18
1016;19
1017;17
1018;24
1019;19
1020;13
1021;26
1022;23
1023;17
1024;16
1025;18
1026;20
1027;24
1028;15
1029;15
1030;19
1031;17
1101;21
1102;14
1103;17
1104;21
1105;15
1106;24
1107;22
1108;27
1109;15
1110;15
1111;21
1112;20
1113;21
1114;22
1115;17
1116;16
1117;20
1118;21
1119;20
1120;21
1121;22
1122;14
1123;15
1124;23
1125;18
1126;29
1127;10
1128;20
1129;27
1130;20
1201;22
1202;18
1203;16
1204;20
1205;13
1206;17
1207;17
1208;15
1209;16
1210;24
1211;33
1212;25
1213;18
1214;25
1215;23
1216;25
1217;20
1218;20
1219;33
1220;24
1221;18
1222;28
1223;19
1224;15
1225;17
1226;24
1227;21
1228;22
1229;18
1230;29
1231;28
