0101;29
0102;28
0103;27
0104;23
0105;30
0106;36
0107;34
0108;36
0109;31
0110;24
0111;29
0112;20
0113;41
0114;32
0115;28
0116;27
0117;42
0118;22
0119;22
0120;37
0121;26
0122;29
0123;27
0124;33
0125;23
0126;30
0127;27
0128;22
0129;22
0130;22
0131;25
0201;20
0202;22
0203;24
0204;28
0205;22
0206;24
0207;20
0208;20
0209;21
0210;24
0211;23
0212;27
0213;30
0214;30
0215;23
0216;32
0217;21
0218;19
0219;25
0220;16
0221;27
0222;25
0223;23
0224;15
0225;17
0226;20
0227;19
0228;29
0301;22
0302;24
0303;20
0304;20
0305;17
0306;14
0307;14
0308;26
0309;27
0310;29
0311;27
0312;12
0313;19
0314;27
0315;14
0316;26
0317;15
0318;16
0319;19
0320;27
0321;27
0322;20
0323;23
0324;28
0325;21
0326;32
0327;22
0328;19
0329;24
0330;15
0331;26
0401;32
0402;16
0403;19
0404;20
0405;16
0406;19
0407;22
0408;20
0409;19
0410;20
0411;21
0412;29
0413;21
0414;17
0415;23
0416;32
0417;20
0418;18
0419;23
0420;20
0421;17
0422;17
0423;19
0424;24
0425;20
0426;15
0427;18
0428;21
0429;16
0430;16
0501;12
0502;19
0503;18
0504;19
0505;24
0506;35
0507;13
0508;24
0509;17
0510;16
0511;19
0512;21
0513;21
0514;19
0515;20
0516;27
0517;19
0518;25
0519;27
0520;13
0521;21
0522;15
0523;26
0524;11
0525;26
0526;20
0527;27
0528;17
0529;20
0530;15
0531;26
0601;20
0602;22
0603;18
0604;15
0605;10
0606;21
0607;24
0608;25
0609;25
0610;22
0611;13
0612;24
0613;20
0614;14
0615;17
0616;11
0617;8
0618;15
0619;26
0620;24
0621;21
0622;22
0623;11
0624;15
0625;25
0626;25
0627;30
0628;21
0629;15
0630;25
0701;13
0702;17
0703;18
0704;26
0705;16
0706;23
0707;25
0708;15
0709;11
0710;14
0711;18
0712;17
0713;15
0714;22
0715;18
0716;19
0717;26
0718;17
0719;11
0720;17
0721;25
0722;29
0723;19
0724;16
0725;13
0726;16
0727;20
0728;20
0729;15
0730;18
0731;19
0801;15
0802;27
0803;16
0804;22
0805;22
0806;20
0807;17
0808;13
0809;18
0810;16
0811;17
0812;21
0813;22
0814;22
0815;16
0816;18
0817;18
0818;15
0819;21
0820;23
0821;14
0822;11
0823;17
0824;9
0825;15
0826;21
0827;22
0828;16
0829;21
0830;14
0831;24
0901;21
0902;20
0903;14
0904;19
0905;19
0906;18
0907;18
0908;23
0909;27
0910;16
0911;21
0912;21
0913;17
0914;15
0915;20
0916;23
0917;21
0918;21
0919;21
0920;19
0921;22
0922;18
0923;18
0924;18
0925;15
0926;11
0927;30
0928;23
0929;25
0930;15
1001;24
1002;14
1003;14
1004;24
1005;15
1006;11
1007;21
1008;27
1009;18
1010;20
1011;20
1012;26
1013;24
1014;22
1015;22
1016;16
1017;18
1018;19
1019;22
1020;28
1021;17
1022;22
1023;26
1024;26
1025;16
1026;25
1027;19
1028;27
1029;26
1030;20
1031;27
1101;17
1102;25
1103;19
1104;21
1105;12
1106;20
1107;24
1108;25
1109;22
1110;23
1111;21
1112;24
1113;20
1114;24
1115;21
1116;15
1117;23
1118;17
1119;25
1120;22
1121;26
1122;16
1123;21
1124;28
1125;26
1126;20
1127;17
1128;23
1129;20
1130;30
1201;17
1202;23
1203;23
1204;25
1205;20
1206;21
1207;18
1208;19
1209;19
1210;20
1211;30
1212;26
1213;22
1214;24
1215;23
1216;19
1217;27
1218;26
1219;29
1220;22
1221;23
1222;25
1223;15
1224;20
1225;20
1226;24
1227;26
1228;29
1229;29
1230;29
1231;20
