0101;15
0102;20
0103;14
0104;20
0105;9
0106;21
0107;18
0108;18
0109;22
0110;12
0111;20
0112;14
0113;10
0114;12
0115;19
0116;15
0117;14
0118;17
0119;14
0120;16
0121;15
0122;18
0123;13
0124;14
0125;15
0126;20
0127;24
0128;15
0129;17
0130;11
0131;16
0201;18
0202;21
0203;22
0204;13
0205;17
0206;12
0207;9
0208;21
0209;19
0210;13
0211;16
0212;8
0213;13
0214;18
0215;7
0216;18
0217;21
0218;14
0219;13
0220;18
0221;15
0222;22
0223;11
0224;13
0225;15
0226;18
0227;15
0228;15
0301;15
0302;16
0303;6
0304;16
0305;11
0306;9
0307;14
0308;10
0309;13
0310;17
0311;17
0312;18
0313;16
0314;12
0315;12
0316;18
0317;15
0318;13
0319;11
0320;16
0321;14
0322;18
0323;10
0324;19
0325;14
0326;19
0327;11
0328;15
0329;16
0330;17
0331;23
0401;13
0402;11
0403;18
0404;15
0405;15
0406;16
0407;12
0408;13
0409;18
0410;3
0411;15
0412;5
0413;18
0414;16
0415;11
0416;16
0417;8
0418;13
0419;10
0420;17
0421;10
0422;13
0423;14
0424;12
0425;14
0426;17
0427;20
0428;13
0429;14
0430;22
0501;12
0502;13
0503;10
0504;15
0505;12
0506;17
0507;12
0508;16
0509;19
0510;9
0511;16
0512;7
0513;9
0514;13
0515;17
0516;16
0517;16
0518;14
0519;10
0520;15
0521;10
0522;17
0523;9
0524;8
0525;11
0526;13
0527;14
0528;8
0529;13
0530;5
0531;12
0601;9
0602;19
0603;18
0604;23
0605;9
0606;10
0607;11
0608;13
0609;9
0610;12
0611;12
0612;11
0613;17
0614;13
0615;14
0616;10
0617;14
0618;15
0619;14
0620;13
0621;12
0622;13
0623;12
0624;14
0625;17
0626;10
0627;16
0628;11
0629;13
0630;11
0701;16
0702;16
0703;9
0704;16
0705;12
0706;7
0707;5
0708;14
0709;20
0710;17
0711;17
0712;15
0713;14
0714;16
0715;14
0716;9
0717;8
0718;10
0719;14
0720;10
0721;21
0722;15
0723;14
0724;19
0725;9
0726;14
0727;13
0728;21
0729;11
0730;11
0731;6
0801;17
0802;15
0803;15
0804;15
0805;14
0806;19
0807;15
0808;12
0809;16
0810;11
0811;10
0812;6
0813;7
0814;15
0815;10
0816;7
0817;15
0818;23
0819;13
0820;24
0821;11
0822;15
0823;9
0824;18
0825;15
0826;12
0827;17
0828;19
0829;9
0830;9
0831;16
0901;11
0902;8
0903;14
0904;14
0905;15
0906;14
0907;10
0908;10
0909;13
0910;13
0911;17
0912;13
0913;7
0914;14
0915;16
0916;8
0917;11
0918;9
0919;6
0920;15
0921;9
0922;19
0923;13
0924;13
0925;9
0926;2
0927;14
0928;10
0929;10
0930;8
1001;7
1002;14
1003;14
1004;11
1005;21
1006;12
1007;20
1008;16
1009;12
1010;13
1011;15
1012;17
1013;10
1014;15
1015;12
1016;10
1017;5
1018;12
1019;12
1020;18
1021;17
1022;14
1023;21
1024;15
1025;14
1026;15
1027;20
1028;12
1029;14
1030;18
1031;11
1101;17
1102;17
1103;14
1104;18
1105;9
1106;16
1107;15
1108;17
1109;24
1110;22
1111;14
1112;14
1113;17
1114;9
1115;19
1116;13
1117;11
1118;10
1119;18
1120;11
1121;20
1122;12
1123;16
1124;7
1125;14
1126;17
1127;15
1128;8
1129;16
1130;12
1201;15
1202;17
1203;10
1204;9
1205;14
1206;9
1207;17
1208;15
1209;16
1210;9
1211;12
1212;7
1213;7
1214;10
1215;14
1216;21
1217;20
1218;15
1219;10
1220;18
1221;11
1222;20
1223;20
1224;14
1225;22
1226;19
1227;15
1228;17
1229;13
1230;18
1231;16
