0101;10
0102;7
0103;13
0104;12
0105;10
0106;6
0107;9
0108;6
0109;8
0110;9
0111;8
0112;9
0113;4
0114;6
0115;9
0116;8
0117;7
0118;11
0119;5
0120;10
0121;9
0122;14
0123;5
0124;6
0125;9
0126;6
0127;7
0128;6
0129;11
0130;4
0131;14
0201;11
0202;8
0203;6
0204;5
0205;5
0206;8
0207;5
0208;5
0209;2
0210;8
0211;14
0212;5
0213;7
0214;6
0215;7
0216;7
0217;9
0218;11
0219;6
0220;6
0221;10
0222;8
0223;5
0224;5
0225;10
0226;8
0227;10
0228;10
0301;3
0302;13
0303;8
0304;8
0305;12
0306;5
0307;8
0308;5
0309;3
0310;7
0311;9
0312;6
0313;5
0314;11
0315;9
0316;7
0317;3
0318;12
0319;6
0320;5
0321;7
0322;8
0323;8
0324;4
0325;9
0326;11
0327;8
0328;10
0329;11
0330;12
0331;8
0401;5
0402;5
0403;5
0404;10
0405;6
0406;8
0407;8
0408;5
0409;9
0410;6
0411;5
0412;8
0413;9
0414;5
0415;7
0416;5
0417;4
0418;5
0419;12
0420;6
0421;6
0422;7
0423;6
0424;6
0425;7
0426;3
0427;6
0428;11
0429;8
0430;4
0501;7
0502;7
0503;9
0504;9
0505;9
0506;8
0507;9
0508;9
0509;7
0510;3
0511;1
0512;4
0513;10
0514;7
0515;5
0516;6
0517;1
0518;9
0519;5
0520;8
0521;14
0522;6
0523;6
0524;7
0525;9
0526;15
0527;9
0528;10
0529;3
0530;14
0531;11
0601;8
0602;9
0603;6
0604;14
0605;8
0606;4
0607;6
0608;9
0609;3
0610;10
0611;4
0612;8
0613;10
0614;7
0615;10
0616;6
0617;4
0618;7
0619;9
0620;7
0621;3
0622;9
0623;8
0624;9
0625;7
0626;5
0627;8
0628;2
0629;2
0630;7
0701;6
0702;5
0703;8
0704;3
0705;9
0706;7
0707;3
0708;12
0709;6
0710;7
0711;16
0712;8
0713;8
0714;9
0715;7
0716;8
0717;6
0718;11
0719;10
0720;4
0721;8
0722;9
0723;6
0724;7
0725;15
0726;7
0727;7
0728;6
0729;9
0730;9
0731;10
0801;10
0802;10
0803;4
0804;8
0805;9
0806;10
0807;8
0808;8
0809;10
0810;12
0811;11
0812;10
0813;16
0814;11
0815;7
0816;9
0817;9
0818;3
0819;9
0820;13
0821;8
0822;12
0823;6
0824;12
0825;1
0826;11
0827;8
0828;10
0829;10
0830;10
0831;9
0901;5
0902;7
0903;5
0904;11
0905;5
0906;4
0907;10
0908;4
0909;6
0910;13
0911;14
0912;10
0913;8
0914;6
0915;5
0916;9
0917;9
0918;4
0919;11
0920;10
0921;13
0922;10
0923;13
0924;13
0925;14
0926;10
0927;11
0928;15
0929;12
0930;6
1001;11
1002;6
1003;9
1004;10
1005;11
1006;13
1007;7
1008;5
1009;11
1010;9
1011;8
1012;3
1013;8
1014;10
1015;6
1016;6
1017;9
1018;4
1019;8
1020;6
1021;4
1022;10
1023;6
1024;8
1025;6
1026;11
1027;9
1028;11
1029;7
1030;10
1031;9
1101;8
1102;5
1103;4
1104;9
1105;4
1106;8
1107;8
1108;8
1109;9
1110;5
1111;7
1112;10
1113;11
1114;5
1115;7
1116;6
1117;12
1118;5
1119;11
1120;15
1121;12
1122;3
1123;1
1124;10
1125;8
1126;11
1127;8
1128;7
1129;4
1130;9
1201;8
1202;9
1203;9
1204;6
1205;7
1206;6
1207;12
1208;5
1209;6
1210;10
1211;9
1212;6
1213;4
1214;8
1215;4
1216;6
1217;8
1218;8
1219;8
1220;12
1221;8
1222;5
1223;5
1224;8
1225;6
1226;5
1227;9
1228;1
1229;4
1230;6
1231;4
