0101;12
0102;15
0103;17
0104;16
0105;17
0106;14
0107;12
0108;14
0109;15
0110;18
0111;12
0112;7
0113;12
0114;15
0115;9
0116;18
0117;20
0118;8
0119;8
0120;15
0121;14
0122;10
0123;9
0124;10
0125;9
0126;14
0127;10
0128;11
0129;11
0130;15
0131;9
0201;11
0202;21
0203;15
0204;8
0205;11
0206;7
0207;10
0208;14
0209;9
0210;22
0211;17
0212;5
0213;18
0214;14
0215;12
0216;14
0217;11
0218;8
0219;14
0220;15
0221;17
0222;6
0223;14
0224;15
0225;9
0226;7
0227;14
0228;9
0301;4
0302;10
0303;12
0304;15
0305;13
0306;16
0307;9
0308;17
0309;10
0310;10
0311;12
0312;11
0313;13
0314;9
0315;5
0316;12
0317;14
0318;6
0319;7
0320;12
0321;11
0322;14
0323;7
0324;10
0325;11
0326;19
0327;10
0328;6
0329;13
0330;11
0331;4
0401;10
0402;8
0403;14
0404;11
0405;9
0406;9
0407;11
0408;7
0409;12
0410;13
0411;8
0412;6
0413;4
0414;11
0415;12
0416;9
0417;8
0418;13
0419;10
0420;7
0421;12
0422;10
0423;13
0424;8
0425;12
0426;8
0427;9
0428;7
0429;13
0430;6
0501;13
0502;13
0503;12
0504;8
0505;15
0506;14
0507;8
0508;16
0509;13
0510;11
0511;12
0512;8
0513;8
0514;6
0515;11
0516;15
0517;8
0518;6
0519;13
0520;13
0521;8
0522;15
0523;7
0524;10
0525;14
0526;8
0527;14
0528;8
0529;15
0530;9
0531;9
0601;20
0602;7
0603;15
0604;14
0605;13
0606;13
0607;7
0608;14
0609;12
0610;7
0611;7
0612;13
0613;17
0614;6
0615;7
0616;10
0617;12
0618;11
0619;12
0620;11
0621;12
0622;13
0623;15
0624;11
0625;13
0626;9
0627;14
0628;13
0629;15
0630;12
0701;7
0702;13
0703;14
0704;13
0705;5
0706;14
0707;12
0708;9
0709;10
0710;9
0711;14
0712;14
0713;12
0714;9
0715;13
0716;12
0717;13
0718;15
0719;6
0720;9
0721;4
0722;8
0723;7
0724;11
0725;7
0726;15
0727;10
0728;12
0729;8
0730;13
0731;15
0801;4
0802;11
0803;9
0804;8
0805;9
0806;9
0807;11
0808;15
0809;14
0810;13
0811;13
0812;10
0813;5
0814;14
0815;17
0816;14
0817;16
0818;12
0819;11
0820;8
0821;14
0822;23
0823;9
0824;15
0825;12
0826;5
0827;11
0828;11
0829;12
0830;17
0831;13
0901;8
0902;5
0903;13
0904;9
0905;13
0906;21
0907;16
0908;16
0909;11
0910;10
0911;7
0912;8
0913;12
0914;11
0915;16
0916;12
0917;12
0918;14
0919;6
0920;11
0921;17
0922;17
0923;12
0924;9
0925;5
0926;13
0927;14
0928;11
0929;11
0930;9
1001;12
1002;5
1003;10
1004;11
1005;11
1006;15
1007;11
1008;13
1009;18
1010;8
1011;15
1012;19
1013;9
1014;16
1015;16
1016;14
1017;14
1018;10
1019;12
1020;8
1021;16
1022;12
1023;14
1024;16
1025;7
1026;9
1027;11
1028;12
1029;12
1030;12
1031;8
1101;11
1102;9
1103;12
1104;9
1105;12
1106;10
1107;13
1108;15
1109;10
1110;9
1111;13
1112;14
1113;9
1114;12
1115;7
1116;11
1117;11
1118;12
1119;14
1120;15
1121;5
1122;16
1123;5
1124;10
1125;7
1126;7
1127;11
1128;15
1129;5
1130;9
1201;17
1202;10
1203;11
1204;15
1205;9
1206;10
1207;7
1208;8
1209;12
1210;10
1211;10
1212;14
1213;17
1214;9
1215;13
1216;12
1217;17
1218;9
1219;21
1220;12
1221;7
1222;10
1223;8
1224;8
1225;17
1226;13
1227;17
1228;9
1229;8
1230;3
1231;17
