0101;58
0102;62
0103;54
0104;46
0105;60
0106;63
0107;54
0108;51
0109;67
0110;54
0111;58
0112;58
0113;64
0114;57
0115;49
0116;55
0117;62
0118;62
0119;47
0120;65
0121;47
0122;61
0123;47
0124;50
0125;55
0126;60
0127;53
0128;47
0129;53
0130;62
0131;67
0201;54
0202;51
0203;54
0204;51
0205;57
0206;76
0207;63
0208;70
0209;72
0210;69
0211;65
0212;57
0213;58
0214;73
0215;71
0216;74
0217;71
0218;81
0219;67
0220;74
0221;81
0222;68
0223;60
0224;81
0225;60
0226;63
0227;75
0228;58
0229;71
0301;53
0302;69
0303;62
0304;61
0305;77
0306;57
0307;69
0308;68
0309;58
0310;54
0311;57
0312;47
0313;61
0314;59
0315;59
0316;60
0317;62
0318;44
0319;56
0320;49
0321;39
0322;65
0323;52
0324;41
0325;39
0326;42
0327;45
0328;51
0329;49
0330;51
0331;43
0401;52
0402;52
0403;34
0404;45
0405;51
0406;51
0407;45
0408;36
0409;51
0410;44
0411;49
0412;52
0413;50
0414;48
0415;44
0416;38
0417;54
0418;45
0419;49
0420;49
0421;40
0422;37
0423;45
0424;51
0425;36
0426;62
0427;41
0428;52
0429;46
0430;57
0501;50
0502;45
0503;31
0504;53
0505;33
0506;33
0507;37
0508;52
0509;55
0510;57
0511;43
0512;39
0513;51
0514;49
0515;37
0516;50
0517;46
0518;43
0519;33
0520;42
0521;39
0522;37
0523;42
0524;44
0525;51
0526;38
0527;53
0528;35
0529;52
0530;47
0531;54
0601;58
0602;47
0603;49
0604;43
0605;41
0606;49
0607;47
0608;49
0609;38
0610;40
0611;48
0612;46
0613;36
0614;33
0615;49
0616;52
0617;39
0618;42
0619;48
0620;35
0621;52
0622;43
0623;31
0624;45
0625;44
0626;47
0627;55
0628;45
0629;48
0630;54
0701;43
0702;45
0703;49
0704;60
0705;42
0706;46
0707;33
0708;44
0709;45
0710;49
0711;49
0712;41
0713;30
0714;47
0715;40
0716;46
0717;34
0718;53
0719;44
0720;46
0721;46
0722;40
0723;56
0724;49
0725;39
0726;39
0727;55
0728;59
0729;42
0730;61
0731;45
0801;53
0802;51
0803;47
0804;51
0805;48
0806;52
0807;37
0808;52
0809;47
0810;66
0811;52
0812;31
0813;46
0814;51
0815;53
0816;38
0817;55
0818;38
0819;39
0820;44
0821;50
0822;38
0823;40
0824;49
0825;42
0826;40
0827;44
0828;47
0829;38
0830;40
0831;35
0901;39
0902;40
0903;39
0904;44
0905;45
0906;50
0907;51
0908;46
0909;48
0910;55
0911;32
0912;44
0913;39
0914;45
0915;49
0916;37
0917;41
0918;42
0919;44
0920;41
0921;58
0922;48
0923;46
0924;32
0925;50
0926;45
0927;35
0928;41
0929;41
0930;38
1001;40
1002;44
1003;48
1004;41
1005;51
1006;60
1007;47
1008;50
1009;52
1010;55
1011;49
1012;33
1013;49
1014;36
1015;40
1016;47
1017;56
1018;52
1019;55
1020;48
1021;40
1022;54
1023;52
1024;51
1025;47
1026;49
1027;33
1028;56
1029;50
1030;48
1031;39
1101;54
1102;47
1103;55
1104;58
1105;47
1106;44
1107;46
1108;29
1109;60
1110;52
1111;50
1112;51
1113;49
1114;47
1115;40
1116;47
1117;34
1118;61
1119;45
1120;51
1121;39
1122;49
1123;54
1124;45
1125;44
1126;54
1127;57
1128;41
1129;49
1130;59
1201;64
1202;50
1203;48
1204;56
1205;59
1206;55
1207;48
1208;57
1209;48
1210;57
1211;55
1212;57
1213;55
1214;44
1215;55
1216;49
1217;71
1218;66
1219;51
1220;51
1221;50
1222;63
1223;40
1224;73
1225;53
1226;69
1227;52
1228;53
1229;52
1230;48
1231;58
