0101;28
0102;16
0103;12
0104;21
0105;14
0106;27
0107;16
0108;23
0109;21
0110;24
0111;20
0112;20
0113;18
0114;23
0115;16
0116;14
0117;29
0118;17
0119;21
0120;25
0121;24
0122;21
0123;17
0124;22
0125;14
0126;13
0127;17
0128;18
0129;19
0130;17
0131;19
0201;23
0202;19
0203;18
0204;23
0205;29
0206;21
0207;21
0208;18
0209;29
0210;25
0211;25
0212;20
0213;16
0214;20
0215;18
0216;23
0217;17
0218;20
0219;18
0220;19
0221;18
0222;25
0223;24
0224;26
0225;25
0226;21
0227;18
0228;22
0229;15
0301;15
0302;18
0303;25
0304;22
0305;18
0306;27
0307;20
0308;23
0309;23
0310;15
0311;31
0312;28
0313;13
0314;27
0315;15
0316;16
0317;24
0318;21
0319;24
0320;20
0321;16
0322;19
0323;16
0324;17
0325;31
0326;28
0327;13
0328;16
0329;18
0330;21
0331;21
0401;18
0402;17
0403;20
0404;25
0405;25
0406;14
0407;20
0408;12
0409;13
0410;21
0411;17
0412;14
0413;16
0414;23
0415;18
0416;22
0417;15
0418;17
0419;21
0420;28
0421;29
0422;18
0423;20
0424;16
0425;18
0426;22
0427;19
0428;12
0429;20
0430;18
0501;14
0502;17
0503;13
0504;25
0505;13
0506;22
0507;19
0508;16
0509;18
0510;19
0511;16
0512;13
0513;20
0514;16
0515;24
0516;12
0517;19
0518;27
0519;17
0520;22
0521;22
0522;19
0523;18
0524;13
0525;11
0526;13
0527;14
0528;18
0529;16
0530;11
0531;19
0601;22
0602;14
0603;12
0604;21
0605;13
0606;19
0607;21
0608;16
0609;17
0610;19
0611;14
0612;16
0613;18
0614;12
0615;19
0616;14
0617;12
0618;19
0619;19
0620;30
0621;13
0622;22
0623;22
0624;19
0625;20
0626;20
0627;22
0628;18
0629;18
0630;16
0701;12
0702;15
0703;25
0704;17
0705;15
0706;19
0707;7
0708;25
0709;21
0710;11
0711;18
0712;24
0713;17
0714;21
0715;18
0716;12
0717;19
0718;20
0719;14
0720;14
0721;18
0722;14
0723;12
0724;16
0725;22
0726;17
0727;22
0728;14
0729;20
0730;12
0731;23
0801;24
0802;20
0803;8
0804;19
0805;15
0806;24
0807;24
0808;18
0809;14
0810;26
0811;22
0812;20
0813;18
0814;19
0815;19
0816;15
0817;15
0818;29
0819;25
0820;22
0821;14
0822;19
0823;12
0824;18
0825;24
0826;18
0827;15
0828;24
0829;21
0830;15
0831;18
0901;17
0902;9
0903;14
0904;13
0905;23
0906;21
0907;16
0908;18
0909;11
0910;17
0911;16
0912;20
0913;24
0914;24
0915;19
0916;17
0917;22
0918;21
0919;10
0920;12
0921;14
0922;20
0923;16
0924;20
0925;17
0926;20
0927;16
0928;19
0929;12
0930;16
1001;19
1002;18
1003;17
1004;20
1005;21
1006;12
1007;16
1008;32
1009;16
1010;18
1011;25
1012;16
1013;19
1014;11
1015;21
1016;22
1017;24
1018;19
1019;16
1020;20
1021;6
1022;18
1023;25
1024;19
1025;18
1026;24
1027;14
1028;12
1029;16
1030;17
1031;16
1101;23
1102;23
1103;16
1104;14
1105;14
1106;18
1107;16
1108;20
1109;18
1110;13
1111;14
1112;17
1113;18
1114;22
1115;30
1116;16
1117;20
1118;16
1119;15
1120;14
1121;18
1122;26
1123;28
1124;13
1125;15
1126;23
1127;15
1128;15
1129;13
1130;16
1201;23
1202;17
1203;12
1204;18
1205;17
1206;19
1207;15
1208;20
1209;31
1210;26
1211;20
1212;25
1213;20
1214;17
1215;15
1216;23
1217;23
1218;17
1219;15
1220;21
1221;16
1222;19
1223;21
1224;24
1225;27
1226;21
1227;25
1228;26
1229;18
1230;25
1231;23
