0101;8
0102;13
0103;17
0104;12
0105;13
0106;18
0107;15
0108;12
0109;9
0110;20
0111;8
0112;10
0113;7
0114;14
0115;15
0116;10
0117;6
0118;7
0119;21
0120;15
0121;10
0122;18
0123;13
0124;15
0125;17
0126;11
0127;17
0128;18
0129;19
0130;11
0131;22
0201;10
0202;12
0203;15
0204;16
0205;13
0206;17
0207;13
0208;19
0209;15
0210;15
0211;11
0212;20
0213;16
0214;27
0215;18
0216;20
0217;23
0218;17
0219;11
0220;15
0221;16
0222;11
0223;15
0224;17
0225;15
0226;13
0227;15
0228;6
0229;7
0301;19
0302;22
0303;16
0304;23
0305;13
0306;21
0307;13
0308;18
0309;16
0310;12
0311;14
0312;17
0313;21
0314;23
0315;15
0316;18
0317;16
0318;22
0319;14
0320;17
0321;18
0322;19
0323;18
0324;12
0325;15
0326;14
0327;21
0328;19
0329;18
0330;11
0331;12
0400;1
0401;13
0402;13
0403;15
0404;20
0405;13
0406;15
0407;13
0408;8
0409;16
0410;15
0411;14
0412;11
0413;9
0414;13
0415;15
0416;17
0417;11
0418;11
0419;18
0420;7
0421;10
0422;16
0423;14
0424;10
0425;20
0426;15
0427;12
0428;13
0429;9
0430;16
0501;14
0502;8
0503;10
0504;9
0505;20
0506;9
0507;12
0508;11
0509;18
0510;17
0511;10
0512;10
0513;11
0514;15
0515;10
0516;16
0517;8
0518;12
0519;6
0520;12
0521;10
0522;6
0523;10
0524;11
0525;16
0526;15
0527;8
0528;9
0529;15
0530;14
0531;8
0601;15
0602;9
0603;14
0604;17
0605;13
0606;17
0607;16
0608;12
0609;9
0610;11
0611;10
0612;7
0613;9
0614;11
0615;14
0616;11
0617;9
0618;12
0619;11
0620;11
0621;11
0622;11
0623;20
0624;8
0625;11
0626;10
0627;6
0628;10
0629;12
0630;21
0701;11
0702;8
0703;10
0704;12
0705;12
0706;11
0707;10
0708;12
0709;9
0710;14
0711;8
0712;15
0713;7
0714;14
0715;13
0716;8
0717;9
0718;11
0719;11
0720;13
0721;8
0722;7
0723;19
0724;13
0725;19
0726;17
0727;8
0728;8
0729;7
0730;9
0731;14
0801;11
0802;10
0803;14
0804;11
0805;14
0806;18
0807;18
0808;10
0809;7
0810;10
0811;16
0812;9
0813;11
0814;14
0815;15
0816;8
0817;13
0818;17
0819;15
0820;13
0821;9
0822;20
0823;13
0824;10
0825;11
0826;9
0827;8
0828;7
0829;12
0830;9
0831;10
0901;12
0902;13
0903;9
0904;19
0905;14
0906;9
0907;9
0908;12
0909;18
0910;6
0911;7
0912;8
0913;13
0914;7
0915;8
0916;20
0917;13
0918;13
0919;2
0920;10
0921;11
0922;11
0923;13
0924;14
0925;4
0926;13
0927;15
0928;7
0929;14
0930;13
1001;7
1002;2
1003;17
1004;7
1005;8
1006;6
1007;12
1008;14
1009;16
1010;6
1011;18
1012;13
1013;8
1014;11
1015;10
1016;13
1017;18
1018;10
1019;9
1020;8
1021;15
1022;15
1023;17
1024;24
1025;6
1026;14
1027;14
1028;9
1029;18
1030;10
1031;16
1101;17
1102;7
1103;10
1104;16
1105;18
1106;11
1107;16
1108;13
1109;15
1110;18
1111;11
1112;14
1113;9
1114;14
1115;14
1116;17
1117;10
1118;7
1119;17
1120;8
1121;9
1122;9
1123;11
1124;6
1125;13
1126;8
1127;12
1128;18
1129;9
1130;12
1201;17
1202;8
1203;17
1204;8
1205;10
1206;12
1207;17
1208;12
1209;12
1210;13
1211;8
1212;9
1213;16
1214;12
1215;9
1216;9
1217;18
1218;15
1219;19
1220;10
1221;12
1222;12
1223;10
1224;14
1225;6
1226;9
1227;14
1228;19
1229;15
1230;19
1231;10
