0101;13
0102;21
0103;15
0104;12
0105;10
0106;22
0107;13
0108;10
0109;14
0110;12
0111;10
0112;12
0113;14
0114;14
0115;16
0116;13
0117;11
0118;18
0119;9
0120;9
0121;6
0122;9
0123;19
0124;17
0125;13
0126;13
0127;12
0128;14
0129;9
0130;10
0131;8
0201;10
0202;11
0203;10
0204;13
0205;14
0206;19
0207;19
0208;22
0209;15
0210;13
0211;13
0212;20
0213;24
0214;18
0215;15
0216;19
0217;11
0218;19
0219;19
0220;21
0221;18
0222;15
0223;21
0224;23
0225;22
0226;18
0227;15
0228;16
0229;17
0301;23
0302;25
0303;20
0304;21
0305;21
0306;19
0307;16
0308;19
0309;9
0310;17
0311;14
0312;21
0313;15
0314;14
0315;14
0316;6
0317;16
0318;22
0319;11
0320;8
0321;11
0322;11
0323;15
0324;8
0325;13
0326;11
0327;10
0328;16
0329;16
0330;12
0331;13
0401;14
0402;10
0403;14
0404;16
0405;12
0406;9
0407;9
0408;7
0409;8
0410;11
0411;8
0412;12
0413;10
0414;8
0415;8
0416;15
0417;11
0418;13
0419;14
0420;10
0421;11
0422;11
0423;12
0424;11
0425;16
0426;7
0427;17
0428;10
0429;13
0430;12
0501;11
0502;17
0503;4
0504;10
0505;12
0506;12
0507;14
0508;10
0509;11
0510;15
0511;13
0512;9
0513;11
0514;20
0515;12
0516;9
0517;7
0518;11
0519;13
0520;7
0521;10
0522;7
0523;5
0524;16
0525;11
0526;5
0527;16
0528;12
0529;11
0530;17
0531;17
0601;5
0602;12
0603;10
0604;14
0605;16
0606;12
0607;11
0608;13
0609;10
0610;9
0611;14
0612;7
0613;9
0614;8
0615;10
0616;9
0617;6
0618;9
0619;9
0620;11
0621;17
0622;10
0623;12
0624;13
0625;15
0626;15
0627;7
0628;10
0629;9
0630;7
0701;12
0702;6
0703;6
0704;9
0705;8
0706;9
0707;10
0708;10
0709;9
0710;15
0711;6
0712;13
0713;8
0714;9
0715;16
0716;9
0717;10
0718;10
0719;11
0720;11
0721;12
0722;8
0723;18
0724;8
0725;14
0726;5
0727;10
0728;14
0729;7
0730;8
0731;15
0801;2
0802;15
0803;13
0804;8
0805;8
0806;12
0807;12
0808;6
0809;12
0810;6
0811;7
0812;13
0813;10
0814;12
0815;10
0816;7
0817;9
0818;4
0819;10
0820;20
0821;17
0822;10
0823;8
0824;15
0825;7
0826;8
0827;13
0828;10
0829;4
0830;10
0831;16
0901;12
0902;13
0903;7
0904;11
0905;15
0906;13
0907;10
0908;16
0909;7
0910;10
0911;11
0912;7
0913;9
0914;12
0915;9
0916;7
0917;8
0918;11
0919;13
0920;9
0921;9
0922;4
0923;9
0924;11
0925;7
0926;17
0927;13
0928;9
0929;11
0930;17
1001;11
1002;12
1003;9
1004;8
1005;12
1006;11
1007;12
1008;6
1009;12
1010;12
1011;7
1012;6
1013;5
1014;6
1015;11
1016;7
1017;20
1018;14
1019;11
1020;16
1021;12
1022;8
1023;14
1024;7
1025;8
1026;12
1027;8
1028;5
1029;11
1030;10
1031;6
1101;16
1102;10
1103;16
1104;14
1105;12
1106;15
1107;5
1108;16
1109;11
1110;16
1111;14
1112;8
1113;7
1114;16
1115;16
1116;11
1117;9
1118;11
1119;16
1120;11
1121;9
1122;7
1123;11
1124;11
1125;10
1126;8
1127;10
1128;14
1129;15
1130;10
1201;11
1202;9
1203;12
1204;14
1205;9
1206;8
1207;14
1208;10
1209;16
1210;12
1211;16
1212;13
1213;10
1214;12
1215;13
1216;11
1217;9
1218;12
1219;10
1220;15
1221;12
1222;10
1223;16
1224;13
1225;12
1226;9
1227;11
1228;15
1229;9
1230;11
1231;10
