0101;19
0102;13
0103;15
0104;18
0105;17
0106;14
0107;12
0108;12
0109;9
0110;13
0111;15
0112;12
0113;8
0114;9
0115;12
0116;15
0117;15
0118;8
0119;8
0120;15
0121;16
0122;10
0123;10
0124;8
0125;8
0126;12
0127;16
0128;12
0129;12
0130;13
0131;13
0201;9
0202;10
0203;14
0204;17
0205;17
0206;16
0207;18
0208;12
0209;14
0210;5
0211;10
0212;12
0213;16
0214;12
0215;14
0216;11
0217;16
0218;12
0219;16
0220;16
0221;11
0222;12
0223;16
0224;13
0225;13
0226;11
0227;16
0228;21
0229;18
0301;17
0302;19
0303;22
0304;14
0305;15
0306;16
0307;12
0308;8
0309;15
0310;12
0311;19
0312;17
0313;13
0314;18
0315;14
0316;13
0317;21
0318;14
0319;10
0320;12
0321;8
0322;11
0323;14
0324;18
0325;19
0326;13
0327;10
0328;14
0329;19
0330;13
0331;14
0401;9
0402;13
0403;12
0404;18
0405;12
0406;13
0407;16
0408;13
0409;11
0410;10
0411;14
0412;15
0413;15
0414;11
0415;13
0416;11
0417;12
0418;10
0419;9
0420;19
0421;19
0422;11
0423;7
0424;9
0425;10
0426;7
0427;13
0428;12
0429;12
0430;14
0501;18
0502;11
0503;20
0504;9
0505;10
0506;13
0507;10
0508;11
0509;12
0510;13
0511;9
0512;9
0513;14
0514;12
0515;11
0516;12
0517;12
0518;6
0519;11
0520;14
0521;13
0522;11
0523;14
0524;12
0525;8
0526;12
0527;10
0528;8
0529;12
0530;8
0531;7
0601;8
0602;8
0603;8
0604;11
0605;11
0606;13
0607;9
0608;11
0609;8
0610;8
0611;16
0612;13
0613;14
0614;8
0615;12
0616;7
0617;14
0618;18
0619;18
0620;9
0621;10
0622;12
0623;11
0624;13
0625;11
0626;7
0627;13
0628;7
0629;10
0630;6
0701;13
0702;8
0703;16
0704;12
0705;11
0706;19
0707;8
0708;7
0709;10
0710;8
0711;9
0712;11
0713;11
0714;11
0715;10
0716;10
0717;13
0718;8
0719;18
0720;12
0721;10
0722;12
0723;12
0724;11
0725;14
0726;15
0727;17
0728;10
0729;10
0730;7
0731;9
0800;1
0801;9
0802;9
0803;4
0804;6
0805;15
0806;6
0807;10
0808;9
0809;12
0810;18
0811;14
0812;6
0813;16
0814;6
0815;7
0816;6
0817;15
0818;10
0819;14
0820;10
0821;7
0822;7
0823;11
0824;13
0825;5
0826;12
0827;10
0828;12
0829;12
0830;5
0831;8
0901;8
0902;10
0903;10
0904;12
0905;11
0906;15
0907;10
0908;11
0909;12
0910;11
0911;12
0912;9
0913;16
0914;6
0915;11
0916;9
0917;11
0918;10
0919;4
0920;6
0921;12
0922;6
0923;11
0924;11
0925;9
0926;12
0927;15
0928;12
0929;10
0930;16
1001;10
1002;12
1003;21
1004;9
1005;14
1006;13
1007;14
1008;15
1009;9
1010;13
1011;10
1012;11
1013;14
1014;8
1015;7
1016;11
1017;10
1018;14
1019;17
1020;10
1021;12
1022;9
1023;17
1024;7
1025;11
1026;15
1027;11
1028;12
1029;12
1030;9
1031;13
1101;7
1102;14
1103;13
1104;10
1105;10
1106;10
1107;11
1108;9
1109;7
1110;12
1111;15
1112;8
1113;10
1114;13
1115;10
1116;20
1117;15
1118;8
1119;10
1120;13
1121;13
1122;6
1123;11
1124;15
1125;13
1126;13
1127;11
1128;10
1129;12
1130;6
1201;7
1202;9
1203;15
1204;14
1205;14
1206;8
1207;12
1208;7
1209;8
1210;11
1211;13
1212;19
1213;16
1214;11
1215;18
1216;12
1217;12
1218;11
1219;15
1220;20
1221;18
1222;16
1223;15
1224;11
1225;7
1226;15
1227;11
1228;16
1229;20
1230;5
1231;10
