0101;21
0102;10
0103;11
0104;10
0105;9
0106;12
0107;13
0108;8
0109;12
0110;11
0111;12
0112;6
0113;13
0114;17
0115;13
0116;11
0117;9
0118;7
0119;12
0120;8
0121;11
0122;11
0123;12
0124;20
0125;7
0126;8
0127;14
0128;8
0129;5
0130;13
0131;10
0200;1
0201;6
0202;14
0203;11
0204;16
0205;11
0206;13
0207;10
0208;10
0209;5
0210;9
0211;8
0212;17
0213;14
0214;6
0215;16
0216;12
0217;15
0218;11
0219;10
0220;11
0221;19
0222;8
0223;13
0224;9
0225;15
0226;19
0227;9
0228;13
0229;13
0301;12
0302;11
0303;10
0304;12
0305;9
0306;15
0307;16
0308;13
0309;13
0310;7
0311;10
0312;15
0313;10
0314;18
0315;13
0316;12
0317;6
0318;15
0319;13
0320;9
0321;11
0322;13
0323;7
0324;9
0325;11
0326;13
0327;12
0328;15
0329;13
0330;11
0331;16
0401;9
0402;18
0403;10
0404;6
0405;11
0406;14
0407;9
0408;9
0409;8
0410;13
0411;13
0412;13
0413;12
0414;10
0415;10
0416;9
0417;13
0418;12
0419;21
0420;17
0421;14
0422;14
0423;11
0424;11
0425;10
0426;19
0427;12
0428;8
0429;10
0430;13
0501;13
0502;12
0503;5
0504;7
0505;12
0506;7
0507;14
0508;10
0509;12
0510;9
0511;7
0512;10
0513;10
0514;7
0515;16
0516;7
0517;9
0518;5
0519;10
0520;6
0521;12
0522;11
0523;9
0524;14
0525;7
0526;17
0527;6
0528;5
0529;8
0530;13
0531;6
0601;8
0602;9
0603;6
0604;9
0605;5
0606;13
0607;8
0608;3
0609;11
0610;11
0611;9
0612;8
0613;8
0614;11
0615;16
0616;11
0617;2
0618;7
0619;10
0620;8
0621;15
0622;13
0623;7
0624;7
0625;11
0626;14
0627;11
0628;13
0629;7
0630;12
0701;8
0702;11
0703;9
0704;11
0705;7
0706;10
0707;13
0708;6
0709;8
0710;6
0712;8
0713;12
0714;4
0715;11
0716;12
0717;8
0718;8
0719;11
0720;12
0721;7
0722;14
0723;12
0724;9
0725;17
0726;4
0727;9
0728;7
0729;16
0730;8
0731;10
0801;9
0802;10
0803;9
0804;9
0805;8
0806;9
0807;9
0808;5
0809;10
0810;9
0811;7
0812;17
0813;16
0814;13
0815;7
0816;11
0817;11
0818;10
0819;8
0820;10
0821;13
0822;8
0823;10
0824;9
0825;5
0826;7
0827;11
0828;12
0829;2
0830;6
0831;9
0901;10
0902;15
0903;9
0904;7
0905;15
0906;6
0907;8
0908;8
0909;9
0910;9
0911;6
0912;5
0913;12
0914;13
0915;12
0916;8
0917;8
0918;12
0919;12
0920;7
0921;10
0922;4
0923;8
0924;9
0925;12
0926;8
0927;10
0928;9
0929;5
0930;7
1001;10
1002;10
1003;10
1004;14
1005;14
1006;13
1007;9
1008;8
1009;9
1010;14
1011;11
1012;7
1013;11
1014;8
1015;7
1016;16
1017;11
1018;13
1019;13
1020;9
1021;9
1022;11
1023;10
1024;11
1025;10
1026;9
1027;18
1028;8
1029;6
1030;9
1031;11
1101;13
1102;14
1103;12
1104;9
1105;15
1106;12
1107;8
1108;12
1109;10
1110;14
1111;10
1112;11
1113;11
1114;8
1115;10
1116;12
1117;11
1118;13
1119;16
1120;8
1121;11
1122;10
1123;9
1124;6
1125;12
1126;10
1127;10
1128;13
1129;8
1130;11
1201;10
1202;10
1203;10
1204;8
1205;12
1206;16
1207;10
1208;12
1209;5
1210;9
1211;11
1212;12
1213;18
1214;13
1215;8
1216;13
1217;8
1218;14
1219;9
1220;10
1221;15
1222;11
1223;6
1224;8
1225;10
1226;13
1227;12
1228;11
1229;9
1230;9
1231;9
