0101;29
0102;27
0103;39
0104;34
0105;40
0106;23
0107;41
0108;33
0109;27
0110;32
0111;40
0112;32
0113;38
0114;35
0115;24
0116;30
0117;34
0118;25
0119;29
0120;30
0121;36
0122;29
0123;25
0124;23
0125;37
0126;39
0127;36
0128;31
0129;33
0130;22
0131;31
0201;37
0202;29
0203;35
0204;34
0205;40
0206;43
0207;39
0208;40
0209;29
0210;35
0211;24
0212;33
0213;33
0214;38
0215;29
0216;30
0217;32
0218;41
0219;40
0220;49
0221;37
0222;45
0223;45
0224;53
0225;37
0226;43
0227;34
0228;42
0229;45
0301;33
0302;40
0303;26
0304;41
0305;41
0306;39
0307;37
0308;34
0309;37
0310;39
0311;26
0312;24
0313;33
0314;32
0315;50
0316;32
0317;37
0318;23
0319;33
0320;24
0321;31
0322;40
0323;30
0324;35
0325;30
0326;35
0327;27
0328;23
0329;21
0330;26
0331;24
0401;29
0402;22
0403;22
0404;27
0405;33
0406;17
0407;33
0408;24
0409;29
0410;34
0411;23
0412;24
0413;26
0414;28
0415;30
0416;21
0417;25
0418;31
0419;38
0420;27
0421;31
0422;29
0423;32
0424;30
0425;29
0426;25
0427;24
0428;23
0429;24
0430;23
0501;34
0502;19
0503;28
0504;24
0505;25
0506;21
0507;29
0508;20
0509;29
0510;25
0511;29
0512;38
0513;25
0514;25
0515;28
0516;22
0517;26
0518;24
0519;23
0520;27
0521;31
0522;14
0523;22
0524;31
0525;32
0526;23
0527;20
0528;22
0529;26
0530;20
0531;24
0601;30
0602;28
0603;26
0604;33
0605;19
0606;26
0607;18
0608;21
0609;19
0610;11
0611;22
0612;19
0613;24
0614;26
0615;27
0616;18
0617;30
0618;24
0619;14
0620;16
0621;33
0622;23
0623;40
0624;32
0625;21
0626;34
0627;39
0628;26
0629;28
0630;28
0701;24
0702;23
0703;19
0704;26
0705;36
0706;41
0707;19
0708;29
0709;15
0710;30
0711;30
0712;25
0713;28
0714;32
0715;22
0716;26
0717;23
0718;29
0719;17
0720;36
0721;31
0722;28
0723;28
0724;37
0725;25
0726;16
0727;24
0728;22
0729;25
0730;27
0731;28
0801;29
0802;32
0803;24
0804;22
0805;27
0806;40
0807;31
0808;26
0809;24
0810;29
0811;23
0812;21
0813;21
0814;24
0815;22
0816;21
0817;21
0818;26
0819;21
0820;28
0821;34
0822;22
0823;28
0824;27
0825;27
0826;14
0827;28
0828;21
0829;30
0830;22
0831;25
0901;23
0902;23
0903;25
0904;32
0905;31
0906;22
0907;20
0908;21
0909;32
0910;38
0911;32
0912;26
0913;20
0914;14
0915;27
0916;29
0917;28
0918;20
0919;21
0920;24
0921;22
0922;25
0923;23
0924;27
0925;24
0926;24
0927;31
0928;20
0929;25
0930;30
1001;23
1002;27
1003;30
1004;28
1005;29
1006;35
1007;21
1008;38
1009;34
1010;24
1011;27
1012;16
1013;32
1014;27
1015;31
1016;25
1017;25
1018;31
1019;31
1020;29
1021;17
1022;23
1023;21
1024;26
1025;26
1026;25
1027;21
1028;22
1029;26
1030;32
1031;20
1101;32
1102;31
1103;31
1104;27
1105;26
1106;28
1107;25
1108;35
1109;23
1110;29
1111;26
1112;25
1113;26
1114;28
1115;29
1116;25
1117;19
1118;20
1119;30
1120;30
1121;23
1122;30
1123;16
1124;28
1125;31
1126;29
1127;38
1128;24
1129;24
1130;34
1201;31
1202;23
1203;29
1204;35
1205;23
1206;36
1207;30
1208;32
1209;18
1210;41
1211;38
1212;42
1213;27
1214;35
1215;28
1216;33
1217;36
1218;31
1219;31
1220;34
1221;23
1222;31
1223;34
1224;33
1225;31
1226;30
1227;27
1228;36
1229;29
1230;34
1231;22
