0101;24
0102;22
0103;21
0104;31
0105;24
0106;22
0107;19
0108;29
0109;27
0110;22
0111;31
0112;24
0113;24
0114;29
0115;33
0116;25
0117;24
0118;19
0119;22
0120;29
0121;21
0122;31
0123;27
0124;19
0125;30
0126;27
0127;25
0128;25
0129;13
0130;21
0131;21
0201;24
0202;27
0203;32
0204;28
0205;27
0206;36
0207;24
0208;23
0209;21
0210;30
0211;30
0212;20
0213;26
0214;27
0215;28
0216;24
0217;25
0218;22
0219;35
0220;33
0221;26
0222;34
0223;22
0224;31
0225;31
0226;33
0227;27
0228;22
0229;25
0301;39
0302;23
0303;32
0304;24
0305;34
0306;21
0307;36
0308;28
0309;28
0310;25
0311;33
0312;21
0313;19
0314;32
0315;32
0316;22
0317;18
0318;24
0319;25
0320;23
0321;25
0322;22
0323;27
0324;23
0325;16
0326;26
0327;27
0328;24
0329;26
0330;21
0331;16
0401;25
0402;27
0403;17
0404;25
0405;24
0406;28
0407;26
0408;28
0409;20
0410;18
0411;21
0412;20
0413;19
0414;23
0415;23
0416;25
0417;27
0418;17
0419;24
0420;28
0421;21
0422;19
0423;20
0424;31
0425;25
0426;25
0427;16
0428;23
0429;10
0430;22
0501;18
0502;28
0503;24
0504;19
0505;28
0506;20
0507;21
0508;22
0509;17
0510;31
0511;26
0512;21
0513;26
0514;17
0515;23
0516;30
0517;30
0518;19
0519;21
0520;26
0521;16
0522;17
0523;28
0524;18
0525;16
0526;20
0527;14
0528;26
0529;25
0530;22
0531;32
0601;20
0602;23
0603;23
0604;18
0605;23
0606;31
0607;19
0608;21
0609;16
0610;16
0611;18
0612;20
0613;23
0614;16
0615;33
0616;26
0617;26
0618;18
0619;23
0620;14
0621;15
0622;15
0623;28
0624;24
0625;18
0626;21
0627;22
0628;26
0629;13
0630;20
0701;23
0702;19
0703;20
0704;21
0705;20
0706;13
0707;23
0708;21
0709;26
0710;22
0711;25
0712;22
0713;16
0714;20
0715;18
0716;22
0717;24
0718;23
0719;24
0720;28
0721;27
0722;25
0723;27
0724;34
0725;25
0726;31
0727;21
0728;22
0729;19
0730;26
0731;34
0801;24
0802;22
0803;23
0804;15
0805;16
0806;21
0807;19
0808;20
0809;28
0810;18
0811;28
0812;20
0813;23
0814;22
0815;27
0816;21
0817;15
0818;17
0819;24
0820;27
0821;23
0822;18
0823;21
0824;17
0825;23
0826;25
0827;23
0828;21
0829;19
0830;17
0831;20
0901;27
0902;24
0903;15
0904;30
0905;24
0906;22
0907;21
0908;20
0909;23
0910;23
0911;17
0912;18
0913;18
0914;20
0915;23
0916;27
0917;19
0918;19
0919;17
0920;26
0921;17
0922;34
0923;24
0924;28
0925;21
0926;26
0927;26
0928;20
0929;22
0930;10
1001;24
1002;19
1003;21
1004;14
1005;30
1006;21
1007;30
1008;18
1009;27
1010;23
1011;18
1012;17
1013;16
1014;17
1015;22
1016;24
1017;22
1018;24
1019;20
1020;30
1021;24
1022;20
1023;14
1024;22
1025;19
1026;27
1027;23
1028;29
1029;24
1030;35
1031;21
1101;27
1102;23
1103;14
1104;27
1105;19
1106;19
1107;30
1108;26
1109;15
1110;20
1111;20
1112;36
1113;23
1114;28
1115;31
1116;17
1117;20
1118;19
1119;23
1120;30
1121;28
1122;14
1123;16
1124;19
1125;18
1126;13
1127;35
1128;24
1129;21
1130;32
1201;22
1202;21
1203;18
1204;23
1205;30
1206;20
1207;31
1208;16
1209;28
1210;36
1211;36
1212;21
1213;26
1214;24
1215;24
1216;23
1217;32
1218;20
1219;30
1220;22
1221;27
1222;21
1223;19
1224;27
1225;26
1226;31
1227;31
1228;17
1229;20
1230;25
1231;22
