0101;15
0102;8
0103;7
0104;7
0105;12
0106;7
0107;13
0108;11
0109;5
0110;11
0111;3
0112;5
0113;10
0114;3
0115;6
0116;9
0117;11
0118;7
0119;11
0120;10
0121;8
0122;8
0123;5
0124;5
0125;13
0126;5
0127;8
0128;5
0129;7
0130;9
0131;12
0201;7
0202;6
0203;8
0204;8
0205;7
0206;6
0207;11
0208;16
0209;7
0210;6
0211;12
0212;2
0213;6
0214;9
0215;9
0216;7
0217;9
0218;16
0219;6
0220;4
0221;2
0222;6
0223;3
0224;6
0225;8
0226;3
0227;8
0228;8
0229;10
0301;7
0302;11
0303;6
0304;6
0305;8
0306;13
0307;7
0308;6
0309;9
0310;8
0311;8
0312;7
0313;7
0314;8
0315;9
0316;10
0317;9
0318;7
0319;9
0320;7
0321;7
0322;4
0323;5
0324;6
0325;6
0326;7
0327;3
0328;14
0329;8
0330;6
0331;9
0401;3
0402;5
0403;8
0404;4
0405;8
0406;9
0407;6
0408;6
0409;8
0410;8
0411;6
0412;4
0413;4
0414;10
0415;9
0416;3
0417;4
0418;6
0419;4
0420;6
0421;5
0422;7
0423;6
0424;6
0425;4
0426;10
0427;4
0428;11
0429;10
0430;8
0501;3
0502;7
0503;9
0504;11
0505;6
0506;8
0507;7
0508;10
0509;9
0510;9
0511;9
0512;3
0513;7
0514;6
0515;3
0516;3
0517;6
0518;4
0519;4
0520;9
0521;4
0522;7
0523;5
0524;5
0525;7
0526;10
0527;7
0528;7
0529;6
0530;6
0531;4
0601;7
0602;5
0603;6
0604;4
0605;10
0606;4
0607;3
0608;4
0609;5
0610;4
0611;7
0612;4
0613;4
0614;7
0615;4
0616;13
0617;4
0618;5
0619;5
0620;8
0621;7
0622;7
0623;4
0624;10
0625;2
0626;6
0627;5
0628;6
0629;5
0630;5
0701;8
0702;4
0703;5
0704;4
0705;2
0706;5
0707;1
0708;6
0709;7
0710;4
0711;5
0712;4
0713;7
0714;9
0715;7
0716;8
0717;7
0718;5
0719;7
0720;8
0721;7
0722;8
0723;9
0724;4
0725;6
0726;4
0727;7
0728;5
0729;5
0730;4
0731;5
0801;2
0802;3
0803;4
0804;6
0805;6
0806;3
0807;4
0809;6
0810;10
0811;3
0812;7
0813;11
0814;5
0815;4
0816;8
0817;9
0818;3
0819;10
0820;11
0821;13
0822;8
0823;6
0824;4
0825;9
0826;5
0827;7
0828;4
0829;2
0830;5
0831;12
0901;3
0902;5
0903;2
0904;10
0905;6
0906;10
0907;4
0908;6
0909;5
0910;6
0911;5
0912;7
0913;2
0914;4
0915;5
0916;3
0917;5
0918;13
0919;11
0920;4
0921;3
0922;9
0923;2
0924;4
0925;6
0926;8
0927;7
0928;4
0929;5
0930;8
1001;9
1002;9
1003;9
1004;5
1005;1
1006;7
1007;9
1008;1
1009;5
1010;8
1011;8
1012;6
1013;4
1014;4
1015;4
1016;5
1017;7
1018;9
1019;3
1020;6
1021;5
1022;7
1023;4
1024;6
1025;6
1026;4
1027;4
1028;9
1029;8
1030;10
1031;4
1101;4
1102;4
1103;4
1104;6
1105;6
1106;4
1107;8
1108;3
1109;4
1110;3
1111;9
1112;6
1113;5
1114;6
1115;5
1116;7
1117;2
1118;7
1119;4
1120;9
1121;5
1122;5
1123;5
1124;7
1125;4
1126;5
1127;2
1128;5
1129;5
1130;4
1201;7
1202;7
1203;8
1204;8
1205;8
1206;5
1207;3
1208;8
1209;10
1210;8
1211;3
1212;10
1213;6
1214;4
1215;7
1216;11
1217;6
1218;5
1219;5
1220;7
1221;3
1222;10
1223;5
1224;2
1225;12
1226;9
1227;5
1228;7
1229;5
1230;11
1231;5
