0101;14
0102;8
0103;11
0104;6
0105;6
0106;6
0107;14
0108;8
0109;6
0110;11
0111;11
0112;19
0113;6
0114;13
0115;5
0116;6
0117;16
0118;15
0119;10
0120;14
0121;11
0122;10
0123;8
0124;13
0125;9
0126;6
0127;9
0128;10
0129;13
0130;9
0131;17
0201;13
0202;8
0203;12
0204;11
0205;11
0206;8
0207;8
0208;12
0209;9
0210;7
0211;18
0212;14
0213;7
0214;8
0215;11
0216;10
0217;11
0218;9
0219;8
0220;3
0221;13
0222;11
0223;8
0224;5
0225;14
0226;9
0227;9
0228;9
0229;10
0301;12
0302;7
0303;10
0304;8
0305;7
0306;11
0307;4
0308;13
0309;6
0310;11
0311;17
0312;11
0313;11
0314;15
0315;18
0316;12
0317;5
0318;9
0319;8
0320;3
0321;11
0322;13
0323;11
0324;6
0325;7
0326;9
0327;10
0328;7
0329;7
0330;15
0331;10
0401;9
0402;10
0403;8
0404;7
0405;12
0406;7
0407;5
0408;6
0409;7
0410;8
0411;6
0412;9
0413;6
0414;2
0415;10
0416;13
0417;7
0418;11
0419;11
0420;10
0421;12
0422;7
0423;8
0424;11
0425;10
0426;11
0427;6
0428;8
0429;3
0430;6
0501;10
0502;5
0503;5
0504;7
0505;6
0506;8
0507;2
0508;11
0509;6
0510;8
0511;14
0512;4
0513;9
0514;8
0515;9
0516;7
0517;5
0518;6
0519;5
0520;7
0521;4
0522;11
0523;9
0524;8
0525;4
0526;8
0527;8
0528;2
0529;5
0530;4
0531;4
0601;7
0602;10
0603;6
0604;7
0605;7
0606;9
0607;6
0608;9
0609;5
0610;5
0611;9
0612;10
0613;5
0614;3
0615;8
0616;6
0617;7
0618;5
0619;7
0620;6
0621;12
0622;7
0623;14
0624;7
0625;9
0626;9
0627;3
0628;9
0629;7
0630;6
0701;8
0702;3
0703;13
0704;10
0705;7
0706;7
0707;4
0708;6
0709;9
0710;9
0711;2
0712;8
0713;6
0714;4
0715;11
0716;10
0717;12
0718;5
0719;8
0720;3
0721;7
0722;4
0723;8
0724;13
0725;10
0726;19
0727;8
0728;9
0729;7
0730;6
0731;7
0801;8
0802;6
0803;2
0804;8
0805;8
0806;10
0807;9
0808;8
0809;5
0810;9
0811;6
0812;12
0813;13
0814;11
0815;7
0816;7
0817;8
0818;8
0819;7
0820;8
0821;13
0822;5
0823;7
0824;4
0825;9
0826;11
0827;5
0828;7
0829;7
0830;8
0831;7
0901;11
0902;7
0903;3
0904;7
0905;9
0906;6
0907;8
0908;14
0909;5
0910;9
0911;7
0912;7
0913;8
0914;5
0915;6
0916;5
0917;11
0918;12
0919;4
0920;9
0921;4
0922;9
0923;3
0924;11
0925;9
0926;8
0927;6
0928;8
0929;11
0930;3
1001;8
1002;6
1003;7
1004;8
1005;7
1006;7
1007;5
1008;18
1009;6
1010;12
1011;10
1012;6
1013;8
1014;10
1015;4
1016;5
1017;8
1018;8
1019;14
1020;7
1021;10
1022;6
1023;9
1024;10
1025;10
1026;5
1027;10
1028;8
1029;9
1030;18
1031;6
1101;8
1102;8
1103;15
1104;13
1105;9
1106;5
1107;14
1108;8
1109;10
1110;9
1111;5
1112;8
1113;5
1114;9
1115;7
1116;7
1117;8
1118;11
1119;9
1120;3
1121;8
1122;8
1123;7
1124;11
1125;6
1126;12
1127;11
1128;12
1129;7
1130;12
1201;11
1202;14
1203;12
1204;17
1205;12
1206;6
1207;10
1208;5
1209;9
1210;6
1211;6
1212;10
1213;10
1214;10
1215;10
1216;6
1217;9
1218;14
1219;8
1220;11
1221;9
1222;8
1223;5
1224;11
1225;10
1226;9
1227;14
1228;8
1229;11
1230;8
1231;10
