0101;17
0102;15
0103;20
0104;18
0105;13
0106;14
0107;14
0108;19
0109;15
0110;25
0111;14
0112;18
0113;15
0114;19
0115;16
0116;16
0117;22
0118;13
0119;20
0120;14
0121;16
0122;19
0123;19
0124;19
0125;10
0126;20
0127;10
0128;22
0129;26
0130;19
0131;17
0201;27
0202;23
0203;20
0204;13
0205;16
0206;16
0207;17
0208;17
0209;13
0210;21
0211;16
0212;20
0213;11
0214;19
0215;18
0216;18
0217;32
0218;24
0219;23
0220;21
0221;17
0222;21
0223;17
0224;24
0225;19
0226;19
0227;18
0228;20
0229;27
0301;30
0302;17
0303;22
0304;18
0305;21
0306;17
0307;18
0308;20
0309;19
0310;18
0311;15
0312;19
0313;23
0314;20
0315;22
0316;19
0317;20
0318;16
0319;16
0320;16
0321;21
0322;8
0323;17
0324;28
0325;18
0326;15
0327;11
0328;17
0329;17
0330;11
0331;18
0401;14
0402;19
0403;19
0404;15
0405;23
0406;14
0407;17
0408;15
0409;12
0410;15
0411;17
0412;6
0413;18
0414;22
0415;15
0416;17
0417;14
0418;19
0419;15
0420;23
0421;13
0422;10
0423;12
0424;13
0425;19
0426;13
0427;19
0428;16
0429;13
0430;8
0501;11
0502;15
0503;18
0504;13
0505;15
0506;19
0507;13
0508;10
0509;14
0510;11
0511;13
0512;8
0513;14
0514;12
0515;18
0516;8
0517;19
0518;15
0519;15
0520;5
0521;10
0522;20
0523;14
0524;16
0525;13
0526;16
0527;18
0528;19
0529;11
0530;19
0531;17
0601;14
0602;11
0603;21
0604;16
0605;13
0606;18
0607;13
0608;18
0609;13
0610;9
0611;15
0612;16
0613;13
0614;19
0615;18
0616;20
0617;23
0618;18
0619;16
0620;23
0621;7
0622;20
0623;8
0624;13
0625;14
0626;13
0627;14
0628;16
0629;22
0630;18
0701;9
0702;15
0703;13
0704;16
0705;12
0706;16
0707;9
0708;15
0709;12
0710;16
0711;9
0712;9
0713;19
0714;10
0715;7
0716;17
0717;15
0718;12
0719;10
0720;12
0721;9
0722;16
0723;13
0724;13
0725;16
0726;16
0727;12
0728;27
0729;11
0730;14
0731;13
0801;7
0802;17
0803;10
0804;27
0805;18
0806;15
0807;6
0808;12
0809;11
0810;10
0811;15
0812;6
0813;22
0814;15
0815;13
0816;16
0817;17
0818;12
0819;15
0820;15
0821;21
0822;14
0823;10
0824;17
0825;9
0826;19
0827;11
0828;15
0829;15
0830;16
0831;16
0901;16
0902;18
0903;15
0904;12
0905;7
0906;12
0907;13
0908;14
0909;12
0910;14
0911;18
0912;13
0913;10
0914;14
0915;16
0916;14
0917;11
0918;14
0919;13
0920;17
0921;18
0922;19
0923;19
0924;13
0925;10
0926;17
0927;19
0928;17
0929;16
0930;12
1001;13
1002;18
1003;14
1004;20
1005;21
1006;15
1007;17
1008;11
1009;15
1010;21
1011;15
1012;10
1013;13
1014;16
1015;14
1016;18
1017;12
1018;13
1019;14
1020;13
1021;19
1022;16
1023;22
1024;19
1025;24
1026;10
1027;15
1028;10
1029;12
1030;17
1031;18
1101;21
1102;14
1103;10
1104;21
1105;18
1106;21
1107;13
1108;11
1109;15
1110;13
1111;14
1112;27
1113;10
1114;16
1115;15
1116;20
1117;12
1118;11
1119;13
1120;10
1121;18
1122;13
1123;14
1124;12
1125;15
1126;12
1127;16
1128;22
1129;16
1130;19
1201;13
1202;8
1203;11
1204;13
1205;22
1206;23
1207;14
1208;11
1209;21
1210;27
1211;16
1212;14
1213;17
1214;19
1215;17
1216;13
1217;20
1218;28
1219;11
1220;22
1221;9
1222;19
1223;10
1224;17
1225;21
1226;28
1227;16
1228;15
1229;15
1230;13
1231;21
