0101;7
0102;12
0103;12
0104;13
0105;6
0106;5
0107;11
0108;3
0109;7
0110;9
0111;11
0112;11
0113;9
0114;8
0115;9
0116;10
0117;10
0118;11
0119;9
0120;13
0121;6
0122;6
0123;12
0124;7
0125;6
0126;9
0127;9
0128;13
0129;12
0130;14
0131;6
0201;9
0202;7
0203;8
0204;7
0205;10
0206;15
0207;13
0208;15
0209;9
0210;10
0211;17
0212;11
0213;12
0214;10
0215;8
0216;23
0217;22
0218;9
0219;15
0220;12
0221;14
0222;20
0223;17
0224;17
0225;8
0226;13
0227;12
0228;14
0229;19
0301;17
0302;8
0303;9
0304;12
0305;7
0306;14
0307;13
0308;12
0309;12
0310;8
0311;15
0312;14
0313;10
0314;15
0315;7
0316;10
0317;12
0318;9
0319;14
0320;10
0321;11
0322;15
0323;8
0324;7
0325;12
0326;10
0327;13
0328;15
0329;12
0330;12
0331;10
0401;7
0402;15
0403;12
0404;16
0405;8
0406;9
0407;12
0408;8
0409;10
0410;5
0411;13
0412;6
0413;14
0414;13
0415;13
0416;9
0417;13
0418;2
0419;8
0420;11
0421;8
0422;8
0423;11
0424;10
0425;6
0426;8
0427;16
0428;7
0429;9
0430;9
0501;10
0502;11
0503;14
0504;5
0505;8
0506;8
0507;11
0508;8
0509;13
0510;7
0511;8
0512;7
0513;6
0514;10
0515;10
0516;14
0517;13
0518;17
0519;10
0520;8
0521;11
0522;14
0523;9
0524;7
0525;1
0526;6
0527;9
0528;7
0529;7
0530;5
0531;12
0601;7
0602;10
0603;5
0604;11
0605;5
0606;6
0607;8
0608;10
0609;7
0610;10
0611;4
0612;6
0613;8
0614;4
0615;10
0616;5
0617;7
0618;7
0619;9
0620;3
0621;8
0622;8
0623;14
0624;8
0625;6
0626;10
0627;12
0628;6
0629;9
0630;9
0701;8
0702;8
0703;7
0704;10
0705;9
0706;9
0707;7
0708;8
0709;6
0710;3
0711;9
0712;6
0713;6
0714;9
0715;5
0716;9
0717;10
0718;12
0719;9
0720;8
0721;3
0722;4
0723;4
0724;7
0725;11
0726;13
0727;12
0728;10
0729;11
0730;10
0731;8
0801;4
0802;9
0803;7
0804;6
0805;7
0806;8
0807;2
0808;4
0809;11
0810;8
0811;6
0812;11
0813;11
0814;7
0815;7
0816;11
0817;6
0818;14
0819;11
0820;9
0821;10
0822;6
0823;15
0824;8
0825;10
0826;13
0827;8
0828;5
0829;9
0830;11
0831;9
0901;4
0902;2
0903;10
0904;8
0905;7
0906;12
0907;7
0908;7
0909;5
0910;9
0911;9
0912;8
0913;7
0914;12
0915;7
0916;12
0917;3
0918;7
0919;14
0920;7
0921;14
0922;5
0923;8
0924;7
0925;11
0926;7
0927;14
0928;8
0929;8
0930;11
1001;8
1002;8
1003;12
1004;7
1005;11
1006;10
1007;9
1008;5
1009;3
1010;5
1011;8
1012;12
1013;8
1014;15
1015;16
1016;9
1017;8
1018;14
1019;10
1020;14
1021;9
1022;9
1023;8
1024;5
1025;9
1026;7
1027;8
1028;13
1029;10
1030;12
1031;8
1101;11
1102;10
1103;10
1104;6
1105;3
1106;8
1107;13
1108;14
1109;7
1110;9
1111;14
1112;10
1113;5
1114;9
1115;7
1116;8
1117;6
1118;12
1119;11
1120;7
1121;2
1122;5
1123;11
1124;9
1125;10
1126;14
1127;7
1128;6
1129;5
1130;4
1201;9
1202;10
1203;6
1204;12
1205;12
1206;11
1207;11
1208;10
1209;17
1210;5
1211;11
1212;9
1213;9
1214;12
1215;8
1216;13
1217;9
1218;8
1219;7
1220;13
1221;8
1222;14
1223;3
1224;11
1225;8
1226;12
1227;8
1228;11
1229;13
1230;11
1231;9
