0101;47
0102;33
0103;47
0104;44
0105;31
0106;39
0107;38
0108;32
0109;43
0110;30
0111;37
0112;30
0113;29
0114;33
0115;36
0116;36
0117;39
0118;41
0119;40
0120;31
0121;23
0122;41
0123;32
0124;29
0125;40
0126;39
0127;41
0128;34
0129;35
0130;39
0131;32
0201;39
0202;47
0203;31
0204;47
0205;20
0206;29
0207;48
0208;37
0209;39
0210;47
0211;35
0212;32
0213;33
0214;46
0215;38
0216;42
0217;43
0218;39
0219;36
0220;38
0221;35
0222;28
0223;46
0224;27
0225;39
0226;30
0227;43
0228;38
0229;39
0301;32
0302;28
0303;36
0304;28
0305;25
0306;47
0307;39
0308;46
0309;39
0310;38
0311;35
0312;45
0313;39
0314;42
0315;35
0316;34
0317;39
0318;38
0319;42
0320;32
0321;39
0322;32
0323;37
0324;23
0325;28
0326;31
0327;33
0328;37
0329;30
0330;36
0331;25
0401;28
0402;29
0403;33
0404;25
0405;33
0406;25
0407;33
0408;27
0409;34
0410;31
0411;35
0412;35
0413;35
0414;30
0415;39
0416;27
0417;27
0418;35
0419;28
0420;27
0421;36
0422;34
0423;43
0424;27
0425;35
0426;32
0427;42
0428;33
0429;26
0430;26
0501;34
0502;22
0503;20
0504;32
0505;30
0506;23
0507;32
0508;31
0509;39
0510;31
0511;39
0512;24
0513;32
0514;44
0515;29
0516;22
0517;27
0518;32
0519;44
0520;27
0521;42
0522;17
0523;44
0524;20
0525;40
0526;32
0527;25
0528;24
0529;24
0530;22
0531;24
0601;23
0602;32
0603;26
0604;31
0605;36
0606;20
0607;35
0608;23
0609;26
0610;26
0611;19
0612;25
0613;25
0614;26
0615;26
0616;20
0617;27
0618;29
0619;31
0620;32
0621;29
0622;32
0623;35
0624;22
0625;36
0626;31
0627;32
0628;24
0629;26
0630;28
0701;33
0702;33
0703;33
0704;33
0705;31
0706;29
0707;26
0708;25
0709;33
0710;26
0711;31
0712;37
0713;31
0714;27
0715;32
0716;40
0717;31
0718;35
0719;27
0720;21
0721;27
0722;45
0723;26
0724;33
0725;41
0726;25
0727;35
0728;35
0729;30
0730;28
0731;24
0801;30
0802;32
0803;31
0804;28
0805;23
0806;22
0807;24
0808;24
0809;24
0810;34
0811;38
0812;33
0813;30
0814;29
0815;24
0816;32
0817;26
0818;36
0819;26
0820;37
0821;23
0822;25
0823;29
0824;26
0825;18
0826;24
0827;29
0828;32
0829;24
0830;24
0831;17
0901;32
0902;34
0903;32
0904;32
0905;31
0906;27
0907;42
0908;28
0909;38
0910;30
0911;30
0912;30
0913;18
0914;30
0915;25
0916;29
0917;29
0918;34
0919;38
0920;38
0921;34
0922;40
0923;27
0924;43
0925;23
0926;31
0927;32
0928;22
0929;30
0930;20
1001;35
1002;42
1003;36
1004;25
1005;36
1006;35
1007;32
1008;29
1009;38
1010;49
1011;32
1012;36
1013;31
1014;45
1015;27
1016;31
1017;29
1018;37
1019;26
1020;32
1021;19
1022;29
1023;32
1024;33
1025;30
1026;29
1027;28
1028;38
1029;27
1030;27
1031;33
1101;36
1102;30
1103;37
1104;27
1105;34
1106;35
1107;30
1108;28
1109;37
1110;37
1111;28
1112;25
1113;32
1114;34
1115;32
1116;31
1117;40
1118;38
1119;53
1120;33
1121;24
1122;37
1123;28
1124;34
1125;35
1126;42
1127;30
1128;24
1129;32
1130;41
1201;25
1202;31
1203;33
1204;37
1205;26
1206;22
1207;26
1208;35
1209;37
1210;37
1211;38
1212;35
1213;27
1214;34
1215;37
1216;41
1217;30
1218;43
1219;33
1220;36
1221;44
1222;33
1223;38
1224;35
1225;50
1226;31
1227;41
1228;35
1229;44
1230;29
1231;32
