0101;4
0102;11
0103;6
0104;5
0105;7
0106;9
0107;8
0108;4
0109;8
0110;4
0111;8
0112;4
0113;7
0114;7
0115;13
0116;5
0117;10
0118;7
0119;10
0120;11
0121;12
0122;16
0123;11
0124;9
0125;8
0126;4
0127;4
0128;1
0129;9
0130;7
0131;6
0201;4
0202;2
0203;7
0204;8
0205;2
0206;8
0207;12
0208;11
0209;10
0210;10
0211;2
0212;5
0213;1
0214;6
0215;5
0216;6
0217;10
0218;7
0219;5
0220;18
0221;8
0222;6
0223;5
0224;9
0225;10
0226;9
0227;6
0228;3
0229;7
0301;4
0302;10
0303;6
0304;7
0305;9
0306;8
0307;3
0308;1
0309;11
0310;4
0311;5
0312;9
0313;8
0314;8
0315;7
0316;11
0317;6
0318;7
0319;9
0320;8
0321;4
0322;6
0323;7
0324;11
0325;7
0326;7
0327;7
0328;8
0329;11
0330;8
0331;6
0401;10
0402;7
0403;6
0404;7
0405;3
0406;3
0407;7
0408;10
0409;7
0410;5
0411;6
0412;5
0413;3
0414;4
0415;3
0416;6
0417;5
0418;8
0419;2
0420;9
0421;12
0422;5
0423;7
0424;3
0425;7
0426;8
0427;3
0428;10
0429;3
0430;5
0501;6
0502;3
0503;6
0504;7
0505;3
0506;3
0507;6
0508;4
0509;7
0510;7
0511;7
0512;5
0513;4
0514;9
0515;7
0516;4
0517;4
0518;5
0519;9
0520;4
0521;7
0522;7
0523;8
0524;4
0525;4
0526;11
0527;6
0528;4
0529;3
0530;6
0531;3
0601;3
0602;9
0603;8
0604;8
0605;2
0606;7
0607;6
0608;4
0609;3
0610;7
0611;6
0612;2
0613;4
0614;5
0615;9
0616;6
0617;5
0618;3
0619;5
0620;6
0621;8
0622;5
0623;3
0624;8
0625;4
0626;7
0627;5
0628;2
0629;11
0630;6
0701;4
0702;7
0703;5
0704;3
0705;3
0706;5
0707;2
0708;3
0709;5
0710;3
0711;5
0712;6
0713;6
0714;7
0715;6
0716;4
0717;9
0718;4
0719;7
0720;5
0721;3
0722;8
0723;6
0724;6
0725;5
0726;7
0727;11
0728;12
0729;8
0730;7
0731;10
0801;8
0802;10
0803;4
0804;7
0805;5
0806;5
0807;7
0808;7
0809;9
0810;9
0811;7
0812;8
0813;4
0814;6
0815;6
0816;1
0817;5
0818;9
0819;8
0820;5
0821;5
0822;3
0823;6
0824;4
0825;4
0826;7
0827;6
0828;7
0830;2
0831;3
0901;2
0902;6
0903;10
0904;7
0905;8
0906;5
0907;6
0908;5
0909;8
0910;5
0911;4
0912;4
0913;3
0914;3
0915;6
0916;10
0917;2
0918;8
0919;8
0921;3
0922;3
0923;3
0924;6
0925;5
0926;11
0927;6
0928;7
0930;11
1001;8
1002;3
1003;5
1004;6
1005;4
1006;3
1007;3
1008;3
1009;5
1010;4
1011;9
1012;6
1013;6
1014;2
1015;7
1016;6
1017;8
1018;6
1019;12
1020;6
1021;4
1022;4
1023;7
1024;11
1025;7
1026;8
1027;4
1028;7
1029;1
1030;7
1031;7
1101;8
1102;5
1103;8
1104;8
1105;5
1106;5
1107;5
1108;1
1109;9
1110;3
1111;10
1112;7
1113;9
1114;9
1115;7
1116;5
1117;6
1118;11
1119;5
1120;7
1121;10
1122;5
1123;9
1124;4
1125;7
1126;5
1127;10
1128;6
1129;10
1130;9
1201;6
1202;5
1203;5
1204;8
1205;8
1206;8
1207;3
1208;5
1209;6
1210;3
1211;9
1212;5
1213;8
1214;7
1215;4
1216;5
1217;3
1218;8
1219;7
1220;3
1221;5
1222;8
1223;7
1224;5
1225;3
1226;7
1227;8
1228;13
1229;4
1230;12
1231;3
