0101;41
0102;43
0103;33
0104;34
0105;45
0106;31
0107;29
0108;38
0109;33
0110;39
0111;26
0112;39
0113;33
0114;28
0115;25
0116;28
0117;24
0118;41
0119;22
0120;34
0121;44
0122;27
0123;25
0124;24
0125;24
0126;36
0127;37
0128;28
0129;35
0130;31
0131;26
0201;28
0202;30
0203;27
0204;22
0205;32
0206;35
0207;41
0208;22
0209;45
0210;33
0211;46
0212;38
0213;41
0214;39
0215;38
0216;37
0217;33
0218;43
0219;46
0220;41
0221;44
0222;38
0223;45
0224;38
0225;28
0226;34
0227;42
0228;45
0229;41
0301;47
0302;43
0303;26
0304;43
0305;48
0306;40
0307;37
0308;29
0309;35
0310;37
0311;37
0312;32
0313;35
0314;24
0315;27
0316;29
0317;24
0318;30
0319;35
0320;33
0321;35
0322;33
0323;27
0324;27
0325;28
0326;30
0327;25
0328;25
0329;29
0330;23
0331;34
0401;19
0402;36
0403;23
0404;27
0405;28
0406;26
0407;35
0408;31
0409;18
0410;39
0411;21
0412;26
0413;26
0414;23
0415;25
0416;32
0417;20
0418;22
0419;30
0420;25
0421;26
0422;32
0423;29
0424;19
0425;32
0426;27
0427;31
0428;30
0429;23
0430;25
0501;32
0502;29
0503;28
0504;21
0505;23
0506;27
0507;25
0508;24
0509;22
0510;34
0511;26
0512;17
0513;19
0514;33
0515;30
0516;15
0517;21
0518;35
0519;29
0520;20
0521;19
0522;35
0523;30
0524;32
0525;22
0526;26
0527;18
0528;28
0529;26
0530;28
0531;31
0601;28
0602;27
0603;30
0604;32
0605;28
0606;31
0607;20
0608;32
0609;29
0610;20
0611;29
0612;24
0613;29
0614;28
0615;18
0616;22
0617;26
0618;27
0619;35
0620;24
0621;32
0622;37
0623;25
0624;23
0625;32
0626;34
0627;20
0628;23
0629;32
0630;20
0701;22
0702;31
0703;25
0704;19
0705;26
0706;35
0707;21
0708;24
0709;35
0710;22
0711;21
0712;32
0713;25
0714;23
0715;17
0716;23
0717;29
0718;18
0719;27
0720;23
0721;25
0722;16
0723;37
0724;34
0725;28
0726;25
0727;26
0728;17
0729;21
0730;24
0731;30
0801;26
0802;23
0803;29
0804;30
0805;28
0806;33
0807;19
0808;25
0809;22
0810;26
0811;26
0812;20
0813;20
0814;32
0815;25
0816;27
0817;27
0818;31
0819;27
0820;30
0821;34
0822;25
0823;33
0824;31
0825;19
0826;33
0827;33
0828;22
0829;37
0830;20
0831;22
0901;29
0902;28
0903;23
0904;33
0905;35
0906;31
0907;34
0908;28
0909;20
0910;17
0911;21
0912;25
0913;23
0914;26
0915;19
0916;26
0917;24
0918;29
0919;19
0920;26
0921;33
0922;25
0923;22
0924;28
0925;23
0926;36
0927;31
0928;25
0929;19
0930;30
1001;25
1002;22
1003;26
1004;24
1005;29
1006;25
1007;23
1008;24
1009;24
1010;25
1011;28
1012;29
1013;28
1014;21
1015;24
1016;26
1017;23
1018;24
1019;32
1020;27
1021;29
1022;19
1023;30
1024;25
1025;25
1026;27
1027;27
1028;26
1029;19
1030;28
1031;20
1101;34
1102;34
1103;31
1104;27
1105;26
1106;23
1107;30
1108;27
1109;24
1110;30
1111;21
1112;27
1113;28
1114;24
1115;29
1116;31
1117;28
1118;18
1119;27
1120;33
1121;28
1122;31
1123;32
1124;24
1125;19
1126;32
1127;38
1128;26
1129;30
1130;25
1201;16
1202;21
1203;35
1204;26
1205;31
1206;34
1207;30
1208;33
1209;18
1210;28
1211;28
1212;28
1213;45
1214;37
1215;32
1216;27
1217;30
1218;26
1219;30
1220;36
1221;27
1222;25
1223;25
1224;36
1225;16
1226;23
1227;37
1228;37
1229;33
1230;33
1231;26
