0101;18
0102;16
0103;10
0104;10
0105;16
0106;11
0107;11
0108;14
0109;20
0110;13
0111;14
0112;11
0113;11
0114;5
0115;11
0116;20
0117;9
0118;13
0119;12
0120;9
0121;9
0122;12
0123;16
0124;14
0125;14
0126;13
0127;13
0128;16
0129;12
0130;17
0131;10
0201;13
0202;12
0203;15
0204;16
0205;8
0206;17
0207;15
0208;10
0209;16
0210;12
0211;21
0212;17
0213;20
0214;8
0215;16
0216;17
0217;18
0218;14
0219;13
0220;18
0221;21
0222;18
0223;20
0224;17
0225;22
0226;16
0227;14
0228;21
0229;12
0301;19
0302;15
0303;19
0304;15
0305;11
0306;15
0307;19
0308;13
0309;11
0310;11
0311;16
0312;21
0313;10
0314;22
0315;9
0316;15
0317;16
0318;15
0319;17
0320;10
0321;15
0322;15
0323;14
0324;14
0325;9
0326;17
0327;18
0328;13
0329;15
0330;11
0331;3
0401;15
0402;9
0403;17
0404;16
0405;13
0406;14
0407;13
0408;12
0409;14
0410;12
0411;15
0412;16
0413;8
0414;17
0415;8
0416;8
0417;14
0418;13
0419;12
0420;12
0421;11
0422;18
0423;15
0424;11
0425;12
0426;19
0427;20
0428;12
0429;14
0430;8
0501;14
0502;12
0503;18
0504;16
0505;14
0506;19
0507;18
0508;18
0509;12
0510;16
0511;14
0512;14
0513;17
0514;9
0515;16
0516;8
0517;15
0518;12
0519;8
0520;9
0521;16
0522;10
0523;13
0524;11
0525;17
0526;17
0527;9
0528;9
0529;11
0530;14
0531;15
0601;14
0602;12
0603;15
0604;7
0605;9
0606;10
0607;5
0608;11
0609;13
0610;13
0611;17
0612;11
0613;16
0614;10
0615;11
0616;15
0617;7
0618;10
0619;13
0620;16
0621;10
0622;10
0623;15
0624;9
0625;6
0626;11
0627;7
0628;16
0629;12
0630;8
0701;10
0702;12
0703;18
0704;10
0705;12
0706;10
0707;14
0708;6
0709;16
0710;12
0711;11
0712;14
0713;10
0714;12
0715;13
0716;13
0717;8
0718;8
0719;14
0720;16
0721;8
0722;12
0723;14
0724;11
0725;10
0726;14
0727;12
0728;10
0729;6
0730;7
0731;13
0801;7
0802;17
0803;12
0804;9
0805;8
0806;13
0807;6
0808;7
0809;7
0810;9
0811;9
0812;12
0813;9
0814;15
0815;12
0816;14
0817;18
0818;9
0819;8
0820;7
0821;8
0822;16
0823;8
0824;13
0825;11
0826;12
0827;13
0828;7
0829;9
0830;10
0831;12
0901;10
0902;9
0903;13
0904;15
0905;7
0906;12
0907;7
0908;12
0909;6
0910;11
0911;12
0912;12
0913;12
0914;17
0915;13
0916;14
0917;13
0918;14
0919;13
0920;10
0921;12
0922;11
0923;8
0924;13
0925;13
0926;6
0927;11
0928;13
0929;8
0930;17
1001;11
1002;12
1003;12
1004;9
1005;21
1006;12
1007;7
1008;14
1009;8
1010;21
1011;12
1012;15
1013;13
1014;7
1015;9
1016;16
1017;9
1018;16
1019;15
1020;15
1021;13
1022;10
1023;16
1024;13
1025;15
1026;12
1027;13
1028;13
1029;16
1030;12
1031;15
1101;11
1102;15
1103;19
1104;10
1105;11
1106;13
1107;11
1108;11
1109;11
1110;6
1111;8
1112;16
1113;11
1114;12
1115;18
1116;9
1117;13
1118;9
1119;11
1120;17
1121;13
1122;9
1123;8
1124;11
1125;8
1126;14
1127;15
1128;11
1129;9
1130;10
1201;8
1202;11
1203;11
1204;10
1205;15
1206;13
1207;14
1208;7
1209;13
1210;10
1211;15
1212;7
1213;13
1214;14
1215;18
1216;11
1217;16
1218;12
1219;19
1220;14
1221;6
1222;13
1223;11
1224;15
1225;10
1226;12
1227;12
1228;14
1229;21
1230;12
1231;14
