0101;4
0102;6
0103;1
0104;6
0105;5
0106;8
0107;5
0108;8
0109;9
0110;10
0111;8
0112;9
0113;3
0114;8
0115;6
0116;14
0117;8
0118;8
0119;7
0120;8
0121;11
0122;6
0123;11
0124;11
0125;8
0126;12
0127;10
0128;14
0129;4
0130;8
0131;8
0201;9
0202;9
0203;7
0204;8
0205;8
0206;14
0207;12
0208;7
0209;16
0210;8
0211;1
0212;3
0213;5
0214;11
0215;9
0216;12
0217;9
0218;8
0219;5
0220;9
0221;9
0222;7
0223;16
0224;5
0225;8
0226;10
0227;9
0228;7
0229;8
0301;8
0302;7
0303;8
0304;13
0305;9
0306;8
0307;8
0308;4
0309;8
0310;10
0311;6
0312;10
0313;6
0314;5
0315;5
0316;13
0317;8
0318;8
0319;8
0320;8
0321;3
0322;9
0323;10
0324;11
0325;11
0326;4
0327;7
0328;7
0329;5
0330;7
0331;6
0401;15
0402;5
0403;11
0404;9
0405;13
0406;9
0407;5
0408;2
0409;8
0410;12
0411;5
0412;4
0413;9
0414;7
0415;5
0416;4
0417;11
0418;2
0419;6
0420;9
0421;5
0422;7
0423;5
0424;8
0425;5
0426;9
0427;7
0428;4
0429;3
0430;10
0501;6
0502;5
0503;4
0504;6
0505;3
0506;7
0507;2
0508;9
0509;6
0510;6
0511;6
0512;6
0513;5
0514;10
0515;7
0516;4
0517;5
0518;12
0519;6
0520;7
0521;8
0522;10
0523;17
0524;5
0525;13
0526;12
0527;12
0528;10
0529;12
0530;5
0531;7
0601;6
0602;7
0603;6
0604;6
0605;10
0606;8
0607;7
0608;7
0609;8
0610;6
0611;11
0612;5
0613;14
0614;6
0615;13
0616;11
0617;9
0618;12
0619;12
0620;7
0621;7
0622;9
0623;7
0624;7
0625;7
0626;4
0627;5
0628;14
0629;8
0630;9
0701;12
0702;4
0703;7
0704;7
0705;7
0706;7
0707;5
0708;12
0709;11
0710;5
0711;9
0712;9
0713;9
0714;8
0715;10
0716;7
0717;9
0718;9
0719;3
0720;5
0721;8
0722;7
0723;9
0724;2
0725;5
0726;7
0727;9
0728;6
0729;9
0730;5
0731;8
0801;4
0802;4
0803;10
0804;4
0805;8
0806;8
0807;8
0808;8
0809;5
0810;8
0811;2
0812;2
0813;8
0814;13
0815;9
0816;9
0817;12
0818;8
0819;12
0820;2
0821;12
0822;9
0823;5
0824;7
0825;6
0826;11
0827;7
0828;7
0829;13
0830;5
0831;5
0901;9
0902;6
0903;8
0904;3
0905;12
0906;10
0907;3
0908;5
0909;6
0910;8
0911;10
0912;7
0913;8
0914;5
0915;3
0916;8
0917;11
0918;6
0919;8
0920;5
0921;4
0922;8
0923;7
0924;7
0925;8
0926;12
0927;9
0928;7
0929;10
0930;12
1001;9
1002;4
1003;9
1004;4
1005;9
1006;8
1007;8
1008;11
1009;8
1010;5
1011;9
1012;12
1013;4
1014;8
1015;8
1016;13
1017;6
1018;3
1019;13
1020;7
1021;15
1022;10
1023;10
1024;7
1025;3
1026;9
1027;5
1028;9
1029;12
1030;7
1031;11
1101;9
1102;6
1103;11
1104;12
1105;6
1106;10
1107;14
1108;9
1109;6
1110;8
1111;7
1112;12
1113;8
1114;4
1115;12
1116;8
1117;4
1118;3
1119;8
1120;7
1121;12
1122;6
1123;10
1124;9
1125;7
1126;7
1127;6
1128;7
1129;6
1130;10
1201;4
1202;5
1203;5
1204;6
1205;8
1206;11
1207;10
1208;3
1209;8
1210;4
1211;7
1212;9
1213;11
1214;6
1215;5
1216;12
1217;4
1218;11
1219;12
1220;8
1221;10
1222;9
1223;3
1224;7
1225;8
1226;10
1227;16
1228;14
1229;4
1230;13
1231;6
