0101;7
0102;4
0103;10
0104;8
0105;18
0106;5
0107;4
0108;8
0109;7
0110;7
0111;7
0112;8
0113;8
0114;12
0115;11
0116;9
0117;9
0118;2
0119;9
0120;7
0121;8
0122;7
0123;7
0124;5
0125;8
0126;1
0127;6
0128;8
0129;4
0130;5
0131;15
0201;5
0202;3
0203;9
0204;8
0205;10
0206;8
0207;6
0208;7
0209;8
0210;11
0211;10
0212;5
0213;10
0214;5
0215;10
0216;6
0217;7
0218;11
0219;10
0220;9
0221;10
0222;5
0223;8
0224;7
0225;5
0226;11
0227;7
0228;6
0229;13
0301;11
0302;9
0303;8
0304;9
0305;14
0306;8
0307;7
0308;7
0309;10
0310;7
0311;7
0312;7
0313;8
0314;8
0315;7
0316;8
0317;11
0318;6
0319;8
0320;7
0321;14
0322;12
0323;5
0324;2
0325;9
0326;8
0327;15
0328;10
0329;6
0330;8
0331;11
0401;7
0402;12
0403;8
0404;4
0405;9
0406;7
0407;8
0408;10
0409;11
0410;8
0411;6
0412;10
0413;7
0414;8
0415;8
0416;6
0417;9
0418;8
0419;6
0420;4
0421;7
0422;4
0423;8
0424;10
0425;5
0426;4
0427;6
0428;7
0429;9
0430;6
0501;15
0502;7
0503;9
0504;1
0505;10
0506;7
0507;8
0508;5
0509;8
0510;7
0511;9
0512;12
0513;8
0514;9
0515;6
0516;6
0517;7
0518;4
0519;7
0520;11
0521;12
0522;7
0523;11
0524;8
0525;10
0526;7
0527;9
0528;6
0529;6
0530;2
0531;8
0601;6
0602;7
0603;5
0604;4
0605;11
0606;6
0607;9
0608;6
0609;6
0610;15
0611;6
0612;6
0613;6
0614;8
0615;7
0616;7
0617;5
0618;8
0619;13
0620;8
0621;8
0622;5
0623;7
0624;11
0625;10
0626;5
0627;4
0628;5
0629;11
0630;6
0701;6
0702;8
0703;5
0704;6
0705;8
0706;8
0707;7
0708;8
0709;7
0710;8
0711;10
0712;5
0713;15
0714;10
0715;7
0716;7
0717;8
0718;15
0719;4
0720;11
0721;9
0722;11
0723;9
0724;8
0725;11
0726;10
0727;12
0728;9
0729;9
0730;8
0731;5
0801;10
0802;4
0803;6
0804;7
0805;4
0806;11
0807;12
0808;7
0809;4
0810;8
0811;5
0812;10
0813;10
0814;9
0815;5
0816;8
0817;10
0818;5
0819;6
0820;7
0821;12
0822;7
0823;7
0824;4
0825;11
0826;17
0827;8
0828;10
0829;9
0830;5
0831;8
0901;9
0902;5
0903;8
0904;10
0905;9
0906;7
0907;6
0908;4
0909;6
0910;9
0911;4
0912;8
0913;6
0914;12
0915;5
0916;5
0917;6
0918;7
0919;6
0920;6
0921;9
0922;2
0923;11
0924;14
0925;8
0926;10
0927;7
0928;3
0929;12
0930;10
1001;9
1002;7
1003;6
1004;2
1005;8
1006;11
1007;7
1008;3
1009;11
1010;10
1011;6
1012;6
1013;7
1014;10
1015;9
1016;7
1017;4
1018;2
1019;6
1020;4
1021;11
1022;4
1023;6
1024;9
1025;10
1026;9
1027;1
1028;4
1029;4
1030;8
1031;7
1101;6
1102;8
1103;6
1104;5
1105;7
1106;8
1107;9
1108;4
1109;8
1110;7
1111;6
1112;8
1113;13
1114;8
1115;5
1116;12
1117;12
1118;5
1119;12
1120;15
1121;4
1122;6
1123;11
1124;9
1125;4
1126;6
1127;7
1128;8
1129;6
1130;9
1201;7
1202;10
1203;6
1204;10
1205;7
1206;8
1207;10
1208;5
1209;5
1210;10
1211;7
1212;10
1213;3
1214;7
1215;8
1216;10
1217;12
1218;10
1219;8
1220;10
1221;8
1222;4
1223;7
1224;6
1225;8
1226;9
1227;6
1228;7
1229;4
1230;9
1231;2
