0101;13
0102;6
0103;13
0104;16
0105;13
0106;8
0107;12
0108;8
0109;11
0110;13
0111;12
0112;14
0113;17
0114;11
0115;9
0116;14
0117;10
0118;16
0119;8
0120;11
0121;9
0122;6
0123;9
0124;6
0125;8
0126;14
0127;9
0128;13
0129;14
0130;15
0131;6
0201;14
0202;11
0203;10
0204;13
0205;10
0206;9
0207;6
0208;14
0209;9
0210;16
0211;9
0212;12
0213;13
0214;8
0215;12
0216;7
0217;9
0218;15
0219;19
0220;10
0221;9
0222;21
0223;13
0224;15
0225;11
0226;10
0227;8
0228;9
0229;9
0301;10
0302;10
0303;10
0304;15
0305;15
0306;13
0307;15
0308;8
0309;6
0310;9
0311;11
0312;12
0313;14
0314;12
0315;8
0316;15
0317;10
0318;10
0319;7
0320;8
0321;13
0322;9
0323;9
0324;11
0325;8
0326;4
0327;10
0328;6
0329;12
0330;6
0331;10
0401;8
0402;11
0403;10
0404;9
0405;14
0406;9
0407;16
0408;11
0409;13
0410;13
0411;8
0412;11
0413;13
0414;9
0415;11
0416;12
0417;13
0418;9
0419;5
0420;15
0421;10
0422;10
0423;16
0424;12
0425;7
0426;5
0427;10
0428;13
0429;9
0430;6
0501;13
0502;7
0503;10
0504;9
0505;10
0506;8
0507;7
0508;11
0509;15
0510;9
0511;11
0512;5
0513;12
0514;7
0515;8
0516;10
0517;10
0518;11
0519;8
0520;15
0521;7
0522;12
0523;13
0524;7
0525;15
0526;10
0527;9
0528;8
0529;11
0530;9
0531;8
0601;9
0602;9
0603;5
0604;12
0605;8
0606;9
0607;10
0608;16
0609;17
0610;9
0611;12
0612;7
0613;14
0614;14
0615;19
0616;10
0617;9
0618;15
0619;8
0620;12
0621;15
0622;16
0623;13
0624;13
0625;11
0626;18
0627;12
0628;14
0629;15
0630;11
0701;15
0702;11
0703;14
0704;14
0705;17
0706;20
0707;21
0708;13
0709;4
0710;11
0711;12
0712;14
0713;12
0714;13
0715;16
0716;14
0717;12
0718;14
0719;16
0720;13
0721;11
0722;9
0723;16
0724;15
0725;4
0726;9
0727;11
0728;13
0729;27
0730;9
0731;13
0801;11
0802;6
0803;14
0804;9
0805;7
0806;13
0807;12
0808;8
0809;9
0810;12
0811;18
0812;19
0813;12
0814;11
0815;5
0816;7
0817;11
0818;10
0819;5
0820;12
0821;14
0822;19
0823;14
0824;9
0825;16
0826;10
0827;13
0828;9
0829;4
0830;13
0831;13
0901;14
0902;13
0903;9
0904;10
0905;21
0906;14
0907;8
0908;11
0909;9
0910;20
0911;8
0912;16
0913;22
0914;12
0915;7
0916;14
0917;13
0918;10
0919;10
0920;9
0921;7
0922;15
0923;11
0924;14
0925;11
0926;17
0927;16
0928;16
0929;13
0930;13
1001;11
1002;16
1003;14
1004;15
1005;10
1006;9
1007;17
1008;13
1009;8
1010;11
1011;6
1012;16
1013;15
1014;15
1015;8
1016;12
1017;15
1018;13
1019;14
1020;9
1021;10
1022;18
1023;17
1024;16
1025;14
1026;7
1027;10
1028;8
1029;17
1030;13
1031;10
1101;12
1102;11
1103;8
1104;12
1105;16
1106;13
1107;10
1108;8
1109;9
1110;7
1111;14
1112;16
1113;15
1114;5
1115;15
1116;11
1117;9
1118;11
1119;15
1120;12
1121;11
1122;12
1123;13
1124;9
1125;6
1126;10
1127;13
1128;15
1129;14
1130;11
1201;11
1202;9
1203;9
1204;11
1205;15
1206;5
1207;11
1208;13
1209;14
1210;17
1211;13
1212;11
1213;7
1214;12
1215;18
1216;15
1217;10
1218;9
1219;13
1220;9
1221;6
1222;20
1223;8
1224;12
1225;16
1226;10
1227;9
1228;9
1229;15
1230;10
1231;8
