0101;12
0102;6
0103;10
0104;12
0105;2
0106;6
0107;7
0108;5
0109;10
0110;5
0111;5
0112;7
0113;6
0114;4
0115;8
0116;5
0117;8
0118;4
0119;8
0120;10
0121;4
0122;6
0123;6
0124;4
0125;6
0126;6
0127;8
0128;9
0129;12
0130;9
0131;9
0201;7
0202;8
0203;5
0204;6
0205;6
0206;7
0207;12
0208;7
0209;5
0210;8
0211;14
0212;7
0213;14
0214;8
0215;6
0216;15
0217;9
0218;7
0219;10
0220;7
0221;7
0222;8
0223;11
0224;7
0225;11
0226;9
0227;9
0228;7
0301;8
0302;7
0303;9
0304;10
0305;8
0306;9
0307;13
0308;4
0309;7
0310;5
0311;6
0312;4
0313;6
0314;8
0315;13
0316;8
0317;5
0318;10
0319;9
0320;9
0321;7
0322;8
0323;7
0324;10
0325;9
0326;7
0327;7
0328;6
0329;7
0330;5
0331;6
0401;6
0402;6
0403;6
0404;2
0405;13
0406;7
0407;16
0408;5
0409;3
0410;9
0411;9
0412;3
0413;9
0414;8
0415;7
0416;6
0417;6
0418;5
0419;7
0420;8
0421;10
0422;8
0423;10
0424;6
0425;4
0426;4
0427;6
0428;5
0429;11
0430;3
0501;7
0502;8
0503;6
0504;5
0505;4
0506;9
0507;8
0508;8
0509;4
0510;5
0511;7
0512;3
0513;6
0514;9
0515;5
0516;7
0517;9
0518;4
0519;3
0520;7
0521;15
0522;7
0523;3
0524;5
0525;3
0526;2
0527;6
0528;5
0529;8
0530;3
0531;6
0601;9
0602;3
0603;7
0604;4
0605;6
0606;12
0607;11
0608;5
0609;5
0610;9
0611;6
0612;5
0613;5
0614;8
0615;4
0616;7
0617;3
0618;9
0619;10
0620;11
0621;5
0622;7
0623;5
0624;10
0625;6
0626;8
0627;6
0628;4
0629;8
0630;5
0701;4
0702;6
0703;5
0704;10
0705;11
0706;6
0707;10
0708;12
0709;13
0710;6
0711;4
0712;5
0713;4
0714;5
0715;4
0716;5
0717;6
0718;4
0719;10
0720;10
0721;8
0722;3
0723;9
0724;9
0725;12
0726;8
0727;5
0728;3
0729;5
0730;8
0731;5
0801;8
0802;7
0803;5
0804;4
0805;9
0806;9
0807;10
0808;7
0809;4
0810;8
0811;9
0812;8
0813;1
0814;3
0815;3
0816;3
0817;9
0818;5
0819;9
0820;7
0821;11
0822;10
0823;7
0824;13
0825;6
0826;6
0827;8
0828;7
0829;6
0830;3
0831;7
0901;5
0902;5
0903;8
0904;7
0905;3
0906;8
0907;6
0908;5
0909;6
0910;5
0911;4
0912;8
0913;5
0914;7
0915;6
0916;5
0917;4
0918;3
0919;15
0920;4
0921;4
0922;4
0923;8
0924;8
0925;7
0926;7
0927;3
0928;5
0929;8
0930;10
1001;6
1002;7
1003;5
1004;6
1005;4
1006;7
1007;5
1008;5
1009;5
1010;3
1011;5
1012;5
1013;4
1014;7
1015;7
1016;5
1017;7
1018;8
1019;5
1020;5
1021;8
1022;8
1023;8
1024;5
1025;6
1026;6
1027;6
1028;3
1029;6
1030;11
1031;8
1101;8
1102;10
1103;2
1104;8
1105;8
1106;7
1107;5
1108;5
1109;11
1110;8
1111;9
1112;10
1113;4
1114;10
1115;14
1116;3
1117;11
1118;9
1119;4
1120;8
1121;7
1122;10
1123;7
1124;5
1125;8
1126;5
1127;4
1128;6
1129;8
1130;5
1201;6
1202;9
1203;6
1204;6
1205;7
1206;6
1207;5
1208;9
1209;4
1210;14
1211;7
1212;5
1213;5
1214;15
1215;3
1216;11
1217;5
1218;11
1219;4
1220;8
1221;10
1222;4
1223;9
1224;5
1225;8
1226;2
1227;10
1228;9
1229;15
1230;6
1231;7
