0101;15
0102;9
0103;13
0104;1
0105;12
0106;8
0107;12
0108;5
0109;6
0110;4
0111;8
0112;12
0113;7
0114;10
0115;6
0116;4
0117;5
0118;6
0119;5
0120;5
0121;8
0122;12
0123;11
0124;11
0125;9
0126;5
0127;11
0128;9
0129;6
0130;12
0131;8
0201;4
0202;11
0203;6
0204;12
0205;7
0206;9
0207;11
0208;9
0209;9
0210;4
0211;5
0212;4
0213;11
0214;10
0215;10
0216;9
0217;6
0218;8
0219;11
0220;11
0221;9
0222;10
0223;9
0224;4
0225;9
0226;9
0227;11
0228;9
0301;7
0302;15
0303;1
0304;9
0305;10
0306;10
0307;13
0308;9
0309;3
0310;8
0311;8
0312;5
0313;13
0314;7
0315;6
0316;9
0317;7
0318;5
0319;8
0320;12
0321;8
0322;9
0323;11
0324;12
0325;7
0326;6
0327;9
0328;11
0329;5
0330;4
0331;7
0401;10
0402;9
0403;6
0404;4
0405;6
0406;8
0407;13
0408;11
0409;7
0410;9
0411;5
0412;5
0413;9
0414;7
0415;8
0416;9
0417;9
0418;12
0419;7
0420;7
0421;3
0422;8
0423;4
0424;7
0425;9
0426;9
0427;8
0428;7
0429;10
0430;10
0501;5
0502;5
0503;5
0504;7
0505;8
0506;7
0507;3
0508;5
0509;7
0510;6
0511;7
0512;12
0513;6
0514;12
0515;6
0516;4
0517;5
0518;10
0519;11
0520;11
0521;13
0522;5
0523;10
0524;12
0525;11
0526;11
0527;5
0528;6
0529;10
0530;11
0531;10
0601;6
0602;12
0603;8
0604;12
0605;13
0606;10
0607;10
0608;5
0609;10
0610;6
0611;2
0612;5
0613;9
0614;6
0615;7
0616;7
0617;9
0618;4
0619;10
0620;5
0621;9
0622;6
0623;4
0624;5
0625;5
0626;9
0627;11
0628;6
0629;4
0630;8
0701;7
0702;5
0703;9
0704;8
0705;4
0706;4
0707;8
0708;10
0709;6
0710;12
0711;8
0712;9
0713;7
0714;11
0715;7
0716;7
0717;10
0718;8
0719;9
0720;4
0721;9
0722;8
0723;9
0724;10
0725;8
0726;7
0727;6
0728;6
0729;9
0730;14
0731;10
0801;5
0802;3
0803;8
0804;11
0805;11
0806;9
0807;7
0808;4
0809;2
0810;6
0811;11
0812;5
0813;5
0814;12
0815;7
0816;6
0817;8
0818;10
0819;9
0820;5
0821;3
0822;9
0823;9
0824;3
0825;4
0826;6
0827;3
0828;5
0829;9
0830;5
0831;14
0901;7
0902;8
0903;5
0904;8
0905;10
0906;5
0907;4
0908;5
0909;11
0910;5
0911;9
0912;8
0913;5
0914;11
0915;6
0916;7
0917;3
0918;13
0919;9
0920;8
0921;7
0922;3
0923;8
0924;9
0925;9
0926;4
0927;4
0928;8
0929;6
0930;3
1001;9
1002;9
1003;6
1004;4
1005;4
1006;5
1007;8
1008;9
1009;5
1010;10
1011;8
1012;4
1013;4
1014;6
1015;8
1016;6
1017;7
1018;7
1019;2
1020;5
1021;5
1022;6
1023;11
1024;10
1025;7
1026;5
1027;3
1028;8
1029;6
1030;8
1031;8
1101;4
1102;8
1103;5
1104;4
1105;5
1106;8
1107;8
1108;8
1109;7
1110;7
1111;12
1112;5
1113;13
1114;9
1115;6
1116;8
1117;9
1118;9
1119;8
1120;5
1121;11
1122;6
1123;4
1124;9
1125;5
1126;12
1127;7
1128;8
1129;7
1130;10
1201;3
1202;8
1203;4
1204;2
1205;9
1206;7
1207;7
1208;9
1209;9
1210;6
1211;5
1212;8
1213;7
1214;8
1215;17
1216;8
1217;7
1218;7
1219;8
1220;5
1221;5
1222;9
1223;11
1224;7
1225;9
1226;8
1227;12
1228;8
1229;8
1230;6
1231;12
