0101;10
0102;2
0103;10
0104;6
0105;10
0106;12
0107;9
0108;7
0109;8
0110;11
0111;6
0112;8
0113;7
0114;4
0115;12
0116;10
0117;10
0118;13
0119;6
0120;10
0121;5
0122;9
0123;8
0124;13
0125;13
0126;5
0127;7
0128;10
0129;9
0130;8
0131;7
0201;12
0202;9
0203;11
0204;19
0205;12
0206;9
0207;11
0208;10
0209;5
0210;11
0211;11
0212;11
0213;7
0214;7
0215;8
0216;7
0217;5
0218;12
0219;5
0220;11
0221;10
0222;18
0223;12
0224;7
0225;8
0226;11
0227;5
0228;19
0301;5
0302;10
0303;13
0304;9
0305;7
0306;12
0307;14
0308;14
0309;18
0310;9
0311;10
0312;10
0313;14
0314;13
0315;7
0316;12
0317;8
0318;11
0319;10
0320;10
0321;8
0322;8
0323;9
0324;8
0325;8
0326;10
0327;1
0328;8
0329;14
0330;4
0331;8
0401;7
0402;10
0403;8
0404;14
0405;8
0406;13
0407;5
0408;13
0409;13
0410;12
0411;7
0412;10
0413;9
0414;9
0415;10
0416;9
0417;6
0418;12
0419;6
0420;7
0421;8
0422;5
0423;7
0424;12
0425;10
0426;7
0427;6
0428;12
0429;7
0430;9
0501;9
0502;19
0503;5
0504;11
0505;4
0506;12
0507;10
0508;7
0509;4
0510;10
0511;9
0512;10
0513;8
0514;11
0515;10
0516;7
0517;9
0518;9
0519;6
0520;10
0521;7
0522;8
0523;7
0524;11
0525;9
0526;10
0527;6
0528;8
0529;6
0530;7
0531;6
0601;9
0602;9
0603;10
0604;8
0605;11
0606;8
0607;6
0608;6
0609;10
0610;4
0611;8
0612;5
0613;5
0614;7
0615;3
0616;6
0617;7
0618;5
0619;7
0620;7
0621;5
0622;7
0623;9
0624;5
0625;6
0626;12
0627;5
0628;1
0629;5
0630;8
0701;5
0702;10
0703;6
0704;6
0705;2
0706;15
0707;7
0708;5
0709;17
0710;10
0711;11
0712;11
0713;10
0714;7
0715;6
0716;7
0717;7
0718;10
0719;6
0720;6
0721;11
0722;16
0723;9
0724;8
0725;5
0726;9
0727;16
0728;11
0729;7
0730;11
0731;7
0801;7
0802;6
0803;9
0804;8
0805;7
0806;9
0807;15
0808;10
0809;10
0810;14
0811;3
0812;8
0813;5
0814;7
0815;5
0816;6
0817;5
0818;10
0819;8
0820;9
0821;6
0822;9
0823;7
0824;11
0825;6
0826;3
0827;7
0828;3
0829;11
0830;11
0831;10
0901;5
0902;7
0903;5
0904;12
0905;6
0906;7
0907;8
0908;10
0909;9
0910;6
0911;7
0912;7
0913;5
0914;4
0915;7
0916;4
0917;6
0918;7
0919;6
0920;8
0921;5
0922;9
0923;6
0924;8
0925;5
0926;7
0927;9
0928;10
0929;9
0930;6
1001;12
1002;10
1003;7
1004;8
1005;11
1006;6
1007;9
1008;8
1009;7
1010;9
1011;7
1012;5
1013;10
1014;7
1015;6
1016;12
1017;11
1018;14
1019;6
1020;9
1021;4
1022;11
1023;3
1024;13
1025;11
1026;4
1027;8
1028;10
1029;9
1030;11
1031;13
1101;7
1102;9
1103;13
1104;11
1105;7
1106;7
1107;4
1108;10
1109;6
1110;7
1111;7
1112;4
1113;8
1114;12
1115;3
1116;12
1117;8
1118;7
1119;11
1120;12
1121;10
1122;8
1123;3
1124;9
1125;9
1126;7
1127;11
1128;9
1129;5
1130;9
1201;6
1202;12
1203;10
1204;9
1205;8
1206;5
1207;12
1208;6
1209;4
1210;8
1211;11
1212;7
1213;11
1214;10
1215;10
1216;13
1217;5
1218;9
1219;12
1220;11
1221;8
1222;12
1223;8
1224;9
1225;9
1226;12
1227;10
1228;6
1229;7
1230;4
1231;7
