0101;12
0102;6
0103;13
0104;8
0105;11
0106;4
0107;8
0108;11
0109;11
0110;13
0111;7
0112;8
0113;8
0114;12
0115;9
0116;6
0117;10
0118;5
0119;6
0120;12
0121;14
0122;9
0123;13
0124;4
0125;4
0126;6
0127;8
0128;6
0129;13
0130;5
0131;9
0201;14
0202;4
0203;10
0204;12
0205;12
0206;7
0207;10
0208;4
0209;7
0210;9
0211;3
0212;16
0213;6
0214;9
0215;11
0216;9
0217;6
0218;11
0219;10
0220;12
0221;8
0222;12
0223;11
0224;10
0225;11
0226;14
0227;12
0228;15
0301;9
0302;13
0303;11
0304;10
0305;10
0306;14
0307;14
0308;5
0309;13
0310;6
0311;8
0312;10
0313;13
0314;8
0315;9
0316;14
0317;8
0318;12
0319;9
0320;13
0321;11
0322;7
0323;12
0324;9
0325;13
0326;12
0327;12
0328;10
0329;6
0330;6
0331;10
0401;12
0402;4
0403;7
0404;7
0405;12
0406;13
0407;11
0408;8
0409;7
0410;11
0411;8
0412;7
0413;6
0414;8
0415;9
0416;9
0417;2
0418;7
0419;8
0420;9
0421;8
0422;10
0423;8
0424;8
0425;11
0426;6
0427;9
0428;8
0429;12
0430;12
0501;12
0502;9
0503;5
0504;5
0505;12
0506;5
0507;8
0508;9
0509;8
0510;3
0511;9
0512;9
0513;7
0514;11
0515;11
0516;11
0517;8
0518;9
0519;8
0520;12
0521;8
0522;13
0523;7
0524;8
0525;7
0526;5
0527;11
0528;8
0529;9
0530;8
0531;12
0601;9
0602;7
0603;7
0604;11
0605;10
0606;9
0607;7
0608;5
0609;13
0610;9
0611;13
0612;10
0613;12
0614;8
0615;10
0616;7
0617;10
0618;6
0619;7
0620;7
0621;7
0622;7
0623;7
0624;7
0625;8
0626;7
0627;4
0628;9
0629;7
0630;7
0701;6
0702;11
0703;8
0704;4
0705;7
0706;9
0707;7
0708;8
0709;8
0710;8
0711;10
0712;13
0713;12
0714;9
0715;11
0716;11
0717;9
0718;9
0719;4
0720;3
0721;5
0722;13
0723;10
0724;8
0725;8
0726;7
0727;10
0728;11
0729;9
0730;7
0731;11
0801;8
0802;3
0803;7
0804;12
0805;11
0806;4
0807;2
0808;5
0809;10
0810;9
0811;10
0812;10
0813;8
0814;4
0815;7
0816;6
0817;6
0818;6
0819;8
0820;11
0821;5
0822;9
0823;9
0824;8
0825;11
0826;11
0827;5
0828;5
0829;4
0830;8
0831;11
0901;6
0902;12
0903;5
0904;7
0905;7
0906;8
0907;7
0908;9
0909;9
0910;9
0911;9
0912;5
0913;8
0914;4
0915;6
0916;15
0917;8
0918;4
0919;8
0920;7
0921;10
0922;6
0923;8
0924;8
0925;9
0926;5
0927;9
0928;6
0929;10
0930;5
1001;8
1002;6
1003;5
1004;6
1005;3
1006;7
1007;4
1008;4
1009;11
1010;10
1011;6
1012;8
1013;5
1014;9
1015;8
1016;5
1017;6
1018;10
1019;7
1020;7
1021;6
1022;5
1023;11
1024;9
1025;5
1026;6
1027;9
1028;5
1029;10
1030;17
1031;8
1101;5
1102;9
1103;11
1104;7
1105;6
1106;7
1107;13
1108;8
1109;10
1110;7
1111;9
1112;8
1113;11
1114;7
1115;12
1116;5
1117;10
1118;8
1119;5
1120;12
1121;12
1122;9
1123;12
1124;10
1125;9
1126;14
1127;7
1128;7
1129;8
1130;12
1201;8
1202;8
1203;5
1204;7
1205;10
1206;13
1207;11
1208;7
1209;9
1210;8
1211;13
1212;12
1213;7
1214;7
1215;10
1216;16
1217;7
1218;8
1219;7
1220;8
1221;8
1222;5
1223;4
1224;12
1225;6
1226;4
1227;7
1228;9
1229;13
1230;14
1231;14
