0101;16
0102;11
0103;8
0104;16
0105;10
0106;10
0107;19
0108;21
0109;14
0110;22
0111;14
0112;7
0113;12
0114;14
0115;13
0116;9
0117;15
0118;14
0119;11
0120;11
0121;9
0122;11
0123;14
0124;9
0125;16
0126;10
0127;17
0128;10
0129;8
0130;10
0131;7
0201;8
0202;15
0203;4
0204;18
0205;7
0206;8
0207;16
0208;12
0209;16
0210;15
0211;16
0212;17
0213;9
0214;13
0215;15
0216;13
0217;17
0218;15
0219;13
0220;16
0221;9
0222;8
0223;11
0224;18
0225;7
0226;17
0227;8
0228;17
0301;14
0302;12
0303;16
0304;10
0305;13
0306;14
0307;16
0308;6
0309;19
0310;9
0311;12
0312;13
0313;10
0314;10
0315;12
0316;15
0317;13
0318;7
0319;13
0320;9
0321;12
0322;15
0323;10
0324;11
0325;9
0326;12
0327;10
0328;10
0329;14
0330;13
0331;14
0401;15
0402;16
0403;10
0404;6
0405;10
0406;15
0407;11
0408;9
0409;12
0410;12
0411;8
0412;7
0413;8
0414;15
0415;13
0416;8
0417;12
0418;10
0419;11
0420;11
0421;12
0422;6
0423;8
0424;11
0425;13
0426;10
0427;12
0428;10
0429;14
0430;13
0501;10
0502;10
0503;8
0504;11
0505;15
0506;8
0507;7
0508;15
0509;8
0510;15
0511;9
0512;14
0513;13
0514;7
0515;12
0516;11
0517;15
0518;16
0519;8
0520;6
0521;11
0522;11
0523;11
0524;10
0525;9
0526;10
0527;8
0528;15
0529;13
0530;10
0531;17
0601;11
0602;12
0603;12
0604;11
0605;14
0606;10
0607;16
0608;11
0609;11
0610;7
0611;11
0612;7
0613;12
0614;15
0615;9
0616;12
0617;14
0618;9
0619;9
0620;8
0621;10
0622;14
0623;12
0624;14
0625;18
0626;12
0627;11
0628;9
0629;18
0630;9
0701;21
0702;8
0703;13
0704;10
0705;11
0706;5
0707;8
0708;13
0709;11
0710;12
0711;12
0712;15
0713;16
0714;11
0715;11
0716;4
0717;10
0718;14
0719;11
0720;19
0721;5
0722;15
0723;15
0724;16
0725;12
0726;15
0727;16
0728;10
0729;17
0730;14
0731;13
0801;9
0802;20
0803;7
0804;12
0805;11
0806;13
0807;14
0808;11
0809;10
0810;10
0811;16
0812;14
0813;9
0814;11
0815;10
0816;12
0817;19
0818;12
0819;10
0820;10
0821;11
0822;9
0823;9
0824;9
0825;12
0826;12
0827;9
0828;7
0829;10
0830;15
0831;11
0901;7
0902;8
0903;6
0904;9
0905;10
0906;7
0907;11
0908;9
0909;14
0910;13
0911;8
0912;8
0913;10
0914;13
0915;7
0916;12
0917;15
0918;13
0919;16
0920;14
0921;14
0922;18
0923;11
0924;15
0925;14
0926;7
0927;9
0928;7
0929;9
0930;10
1001;10
1002;10
1003;12
1004;13
1005;8
1006;7
1007;1
1008;11
1009;12
1010;15
1011;11
1012;7
1013;14
1014;16
1015;4
1016;12
1017;13
1018;16
1019;10
1020;6
1021;17
1022;10
1023;6
1024;14
1025;11
1026;17
1027;10
1028;5
1029;10
1030;12
1031;5
1101;8
1102;12
1103;14
1104;13
1105;10
1106;14
1107;6
1108;9
1109;14
1110;15
1111;10
1112;12
1113;8
1114;10
1115;8
1116;9
1117;9
1118;15
1119;14
1120;10
1121;14
1122;14
1123;11
1124;17
1125;14
1126;12
1127;14
1128;10
1129;17
1130;10
1201;10
1202;16
1203;14
1204;15
1205;11
1206;12
1207;14
1208;9
1209;16
1210;9
1211;13
1212;8
1213;14
1214;11
1215;14
1216;8
1217;8
1218;8
1219;17
1220;8
1221;13
1222;11
1223;11
1224;11
1225;12
1226;8
1227;9
1228;8
1229;12
1230;7
1231;13
