0101;6
0102;4
0103;5
0104;9
0105;13
0106;1
0107;5
0108;6
0109;4
0110;2
0111;7
0112;7
0113;7
0114;2
0115;5
0116;6
0117;3
0118;8
0119;5
0120;4
0121;4
0122;5
0123;5
0125;9
0126;2
0127;6
0128;6
0129;5
0130;7
0131;6
0201;5
0202;10
0203;6
0204;5
0205;4
0206;4
0207;3
0208;7
0209;3
0210;3
0211;9
0212;4
0213;10
0214;6
0215;3
0216;6
0217;4
0218;5
0219;4
0220;7
0221;5
0222;8
0223;6
0224;10
0225;6
0226;5
0227;7
0228;6
0301;6
0302;6
0303;1
0304;3
0305;7
0306;3
0307;7
0308;4
0309;2
0310;5
0311;7
0312;2
0313;5
0314;8
0315;3
0316;8
0317;3
0318;2
0319;6
0320;7
0321;4
0322;6
0323;4
0324;8
0325;6
0326;7
0327;4
0328;4
0329;11
0330;9
0331;7
0401;7
0402;4
0403;10
0404;6
0405;7
0406;7
0407;9
0408;4
0409;6
0410;2
0411;6
0412;5
0413;9
0414;8
0415;6
0416;5
0417;10
0418;2
0419;3
0420;8
0421;5
0422;7
0423;6
0424;6
0425;2
0426;4
0427;5
0428;7
0429;7
0430;4
0501;7
0502;8
0503;8
0504;5
0505;7
0506;4
0507;5
0508;6
0509;3
0510;5
0511;4
0512;10
0513;6
0514;7
0515;6
0516;4
0517;6
0518;2
0519;4
0520;6
0521;5
0522;8
0523;3
0524;5
0525;5
0526;3
0527;9
0528;8
0529;7
0530;3
0531;10
0601;6
0602;7
0603;6
0604;6
0605;3
0606;9
0607;14
0608;7
0610;4
0611;4
0612;4
0613;5
0614;8
0615;9
0616;3
0617;4
0618;5
0619;5
0620;5
0621;4
0622;7
0623;5
0624;4
0625;7
0626;9
0627;5
0628;5
0629;6
0630;4
0701;3
0702;5
0703;7
0704;5
0705;2
0706;5
0707;4
0708;5
0709;4
0710;15
0711;3
0712;8
0713;4
0714;1
0716;4
0717;5
0718;6
0719;5
0720;7
0721;7
0722;5
0723;7
0724;9
0725;6
0726;3
0727;7
0728;8
0729;4
0730;6
0731;10
0801;7
0802;6
0803;7
0804;5
0805;5
0806;4
0807;5
0808;5
0809;5
0810;7
0811;3
0812;5
0813;2
0814;7
0815;6
0816;4
0817;6
0818;11
0819;3
0820;5
0821;2
0822;5
0823;7
0824;5
0825;5
0826;3
0827;8
0828;5
0829;7
0830;2
0831;5
0901;5
0902;2
0903;1
0904;4
0905;5
0906;3
0907;5
0908;8
0909;6
0910;2
0911;5
0912;9
0913;9
0915;2
0916;4
0917;9
0918;4
0919;3
0920;2
0921;6
0922;5
0923;5
0924;6
0925;6
0926;3
0927;6
0928;3
0929;4
0930;1
1001;6
1002;4
1003;2
1004;3
1005;6
1006;4
1007;5
1008;8
1009;6
1010;4
1011;7
1012;3
1013;5
1014;5
1015;2
1016;7
1017;3
1018;5
1019;8
1021;3
1022;1
1023;2
1024;10
1025;6
1026;4
1027;4
1028;9
1029;7
1030;3
1031;2
1101;4
1102;7
1103;2
1104;2
1105;5
1106;6
1107;4
1108;7
1109;6
1110;2
1111;11
1112;4
1113;1
1114;2
1115;4
1116;5
1117;7
1118;4
1119;2
1120;4
1121;7
1122;7
1123;9
1124;7
1125;4
1126;5
1127;11
1128;2
1129;8
1130;3
1201;5
1202;7
1203;2
1204;5
1205;6
1206;8
1207;4
1208;5
1209;4
1210;6
1211;6
1212;9
1213;3
1214;4
1215;6
1216;2
1217;2
1218;11
1219;6
1220;10
1221;7
1222;7
1223;3
1224;4
1225;5
1226;8
1227;6
1228;2
1229;5
1230;8
1231;5
