0101;24
0102;15
0103;18
0104;21
0105;20
0106;22
0107;25
0108;16
0109;11
0110;25
0111;24
0112;18
0113;26
0114;21
0115;18
0116;19
0117;15
0118;23
0119;21
0120;23
0121;17
0122;16
0123;16
0124;21
0125;26
0126;12
0127;30
0128;19
0129;16
0130;24
0131;27
0201;23
0202;18
0203;19
0204;21
0205;17
0206;21
0207;18
0208;17
0209;12
0210;20
0211;27
0212;25
0213;23
0214;19
0215;21
0216;23
0217;18
0218;27
0219;28
0220;28
0221;16
0222;12
0223;17
0224;20
0225;14
0226;22
0227;24
0228;20
0301;16
0302;16
0303;27
0304;16
0305;20
0306;15
0307;15
0308;20
0309;21
0310;23
0311;15
0312;20
0313;12
0314;24
0315;15
0316;20
0317;26
0318;17
0319;15
0320;16
0321;13
0322;21
0323;16
0324;12
0325;20
0326;14
0327;16
0328;15
0329;21
0330;23
0331;21
0401;17
0402;15
0403;17
0404;19
0405;29
0406;19
0407;23
0408;22
0409;24
0410;17
0411;18
0412;14
0413;15
0414;20
0415;22
0416;24
0417;12
0418;27
0419;13
0420;24
0421;19
0422;14
0423;13
0424;12
0425;25
0426;20
0427;21
0428;23
0429;26
0430;14
0501;23
0502;23
0503;21
0504;15
0505;11
0506;18
0507;13
0508;20
0509;21
0510;18
0511;13
0512;14
0513;15
0514;11
0515;14
0516;22
0517;15
0518;15
0519;15
0520;16
0521;20
0522;21
0523;15
0524;18
0525;16
0526;17
0527;17
0528;20
0529;19
0530;12
0531;14
0601;19
0602;21
0603;19
0604;19
0605;18
0606;27
0607;24
0608;23
0609;11
0610;16
0611;12
0612;17
0613;17
0614;10
0615;21
0616;11
0617;12
0618;11
0619;10
0620;13
0621;16
0622;17
0623;14
0624;14
0625;14
0626;22
0627;14
0628;20
0629;18
0630;16
0701;18
0702;18
0703;17
0704;16
0705;17
0706;18
0707;11
0708;17
0709;21
0710;23
0711;17
0712;22
0713;22
0714;22
0715;19
0716;23
0717;12
0718;20
0719;14
0720;22
0721;23
0722;22
0723;13
0724;14
0725;23
0726;15
0727;16
0728;19
0729;16
0730;20
0731;26
0801;21
0802;18
0803;16
0804;18
0805;17
0806;14
0807;15
0808;21
0809;19
0810;13
0811;15
0812;14
0813;16
0814;14
0815;18
0816;21
0817;13
0818;21
0819;17
0820;18
0821;7
0822;16
0823;16
0824;20
0825;11
0826;9
0827;15
0828;26
0829;21
0830;13
0831;16
0901;16
0902;14
0903;15
0904;16
0905;14
0906;17
0907;13
0908;14
0909;27
0910;17
0911;10
0912;14
0913;18
0914;22
0915;24
0916;23
0917;15
0918;17
0919;20
0920;16
0921;11
0922;17
0923;17
0924;13
0925;16
0926;14
0927;14
0928;20
0929;14
0930;23
1001;24
1002;14
1003;23
1004;14
1005;20
1006;12
1007;14
1008;20
1009;14
1010;19
1011;13
1012;16
1013;26
1014;15
1015;18
1016;20
1017;21
1018;16
1019;17
1020;16
1021;18
1022;18
1023;10
1024;21
1025;24
1026;22
1027;14
1028;19
1029;13
1030;20
1031;17
1101;17
1102;23
1103;21
1104;16
1105;17
1106;13
1107;15
1108;18
1109;16
1110;20
1111;20
1112;23
1113;25
1114;21
1115;17
1116;25
1117;15
1118;19
1119;19
1120;25
1121;26
1122;13
1123;13
1124;14
1125;17
1126;19
1127;16
1128;12
1129;16
1130;16
1201;20
1202;19
1203;17
1204;16
1205;24
1206;23
1207;21
1208;15
1209;14
1210;18
1211;18
1212;24
1213;17
1214;28
1215;16
1216;18
1217;22
1218;19
1219;16
1220;22
1221;21
1222;18
1223;18
1224;16
1225;26
1226;14
1227;18
1228;18
1229;16
1230;21
1231;21
