0101;18
0102;22
0103;12
0104;17
0105;20
0106;15
0107;9
0108;19
0109;23
0110;20
0111;17
0112;13
0113;24
0114;25
0115;17
0116;24
0117;16
0118;29
0119;23
0120;15
0121;12
0122;15
0123;15
0124;17
0125;28
0126;18
0127;8
0128;25
0129;22
0130;14
0131;15
0201;15
0202;17
0203;24
0204;17
0205;17
0206;23
0207;18
0208;13
0209;21
0210;17
0211;22
0212;4
0213;29
0214;24
0215;20
0216;18
0217;22
0218;21
0219;20
0220;21
0221;21
0222;20
0223;20
0224;21
0225;22
0226;19
0227;14
0228;23
0301;19
0302;19
0303;25
0304;17
0305;13
0306;11
0307;28
0308;18
0309;14
0310;15
0311;17
0312;15
0313;29
0314;24
0315;18
0316;14
0317;13
0318;15
0319;25
0320;13
0321;11
0322;17
0323;16
0324;21
0325;18
0326;15
0327;22
0328;26
0329;13
0330;23
0331;13
0401;15
0402;18
0403;28
0404;14
0405;11
0406;18
0407;15
0408;13
0409;18
0410;22
0411;15
0412;13
0413;25
0414;15
0415;22
0416;16
0417;11
0418;15
0419;21
0420;12
0421;23
0422;10
0423;22
0424;14
0425;12
0426;18
0427;13
0428;12
0429;11
0430;20
0501;13
0502;14
0503;27
0504;14
0505;12
0506;16
0507;17
0508;12
0509;13
0510;22
0511;17
0512;20
0513;20
0514;15
0515;18
0516;15
0517;16
0518;18
0519;16
0520;16
0521;14
0522;18
0523;14
0524;17
0525;20
0526;20
0527;17
0528;11
0529;15
0530;14
0531;14
0601;13
0602;6
0603;19
0604;12
0605;18
0606;21
0607;12
0608;14
0609;24
0610;26
0611;15
0612;10
0613;16
0614;18
0615;22
0616;13
0617;21
0618;10
0619;13
0620;20
0621;12
0622;9
0623;11
0624;10
0625;13
0626;12
0627;17
0628;12
0629;16
0630;14
0701;19
0702;12
0703;15
0704;21
0705;15
0706;18
0707;16
0708;16
0709;17
0710;19
0711;23
0712;22
0713;23
0714;25
0715;32
0716;18
0717;23
0718;19
0719;26
0720;21
0721;30
0722;18
0723;29
0724;9
0725;20
0726;22
0727;16
0728;19
0729;23
0730;18
0731;18
0801;20
0802;13
0803;19
0804;7
0805;16
0806;16
0807;21
0808;14
0809;17
0810;25
0811;16
0812;16
0813;11
0814;16
0815;13
0816;17
0817;18
0818;22
0819;19
0820;19
0821;15
0822;13
0823;17
0824;18
0825;19
0826;17
0827;20
0828;16
0829;16
0830;11
0831;17
0901;16
0902;15
0903;17
0904;11
0905;14
0906;18
0907;18
0908;18
0909;18
0910;17
0911;11
0912;16
0913;14
0914;12
0915;18
0916;19
0917;12
0918;26
0919;10
0920;20
0921;12
0922;11
0923;16
0924;14
0925;19
0926;21
0927;17
0928;18
0929;16
0930;19
1001;15
1002;10
1003;16
1004;14
1005;19
1006;18
1007;19
1008;15
1009;11
1010;16
1011;12
1012;13
1013;18
1014;17
1015;20
1016;23
1017;16
1018;6
1019;13
1020;17
1021;17
1022;21
1023;22
1024;19
1025;15
1026;15
1027;22
1028;17
1029;13
1030;20
1031;14
1101;25
1102;19
1103;20
1104;12
1105;22
1106;17
1107;11
1108;18
1109;16
1110;22
1111;14
1112;16
1113;21
1114;23
1115;17
1116;21
1117;21
1118;18
1119;18
1120;19
1121;19
1122;18
1123;12
1124;8
1125;23
1126;25
1127;11
1128;23
1129;18
1130;17
1201;13
1202;15
1203;19
1204;12
1205;21
1206;19
1207;22
1208;15
1209;13
1210;21
1211;14
1212;17
1213;22
1214;25
1215;20
1216;17
1217;19
1218;24
1219;19
1220;22
1221;23
1222;16
1223;22
1224;14
1225;19
1226;16
1227;21
1228;21
1229;15
1230;26
1231;28
