0000;1
0101;12
0102;16
0103;12
0104;17
0105;21
0106;19
0107;14
0108;20
0109;14
0110;15
0111;20
0112;23
0113;13
0114;23
0115;11
0116;14
0117;15
0118;21
0119;23
0120;14
0121;13
0122;20
0123;10
0124;17
0125;16
0126;13
0127;20
0128;14
0129;27
0130;19
0131;28
0201;17
0202;11
0203;18
0204;21
0205;20
0206;18
0207;21
0208;11
0209;12
0210;20
0211;19
0212;15
0213;18
0214;29
0215;22
0216;22
0217;22
0218;22
0219;18
0220;18
0221;22
0222;18
0223;27
0224;14
0225;27
0226;16
0227;17
0228;19
0301;18
0302;24
0303;18
0304;29
0305;22
0306;23
0307;14
0308;18
0309;16
0310;15
0311;14
0312;25
0313;17
0314;18
0315;16
0316;24
0317;20
0318;21
0319;7
0320;17
0321;18
0322;12
0323;17
0324;18
0325;24
0326;22
0327;13
0328;22
0329;17
0330;19
0331;15
0401;18
0402;17
0403;20
0404;8
0405;17
0406;10
0407;15
0408;22
0409;16
0410;21
0411;15
0412;27
0413;20
0414;22
0415;20
0416;23
0417;19
0418;21
0419;19
0420;10
0421;17
0422;16
0423;16
0424;17
0425;10
0426;18
0427;19
0428;21
0429;19
0430;20
0501;16
0502;16
0503;9
0504;13
0505;13
0506;21
0507;19
0508;12
0509;17
0510;20
0511;27
0512;20
0513;12
0514;17
0515;16
0516;18
0517;20
0518;15
0519;9
0520;19
0521;15
0522;11
0523;7
0524;14
0525;16
0526;14
0527;17
0528;18
0529;14
0530;19
0531;18
0601;18
0602;25
0603;18
0604;11
0605;23
0606;22
0607;21
0608;20
0609;16
0610;23
0611;19
0612;12
0613;16
0614;14
0615;14
0616;11
0617;21
0618;7
0619;13
0620;12
0621;10
0622;14
0623;23
0624;16
0625;20
0626;9
0627;16
0628;16
0629;10
0630;18
0701;13
0702;19
0703;8
0704;16
0705;14
0706;16
0707;9
0708;20
0709;8
0710;17
0711;20
0712;18
0713;20
0714;18
0715;22
0716;15
0717;19
0718;24
0719;22
0720;21
0721;23
0722;25
0723;22
0724;25
0725;22
0726;24
0727;23
0728;28
0729;24
0730;23
0731;34
0801;26
0802;15
0803;18
0804;19
0805;13
0806;16
0807;17
0808;15
0809;19
0810;17
0811;8
0812;17
0813;15
0814;24
0815;18
0816;16
0817;16
0818;16
0819;23
0820;14
0821;14
0822;18
0823;21
0824;13
0825;11
0826;17
0827;10
0828;15
0829;20
0830;11
0831;14
0901;17
0902;15
0903;13
0904;13
0905;14
0906;18
0907;12
0908;12
0909;12
0910;11
0911;12
0912;14
0913;10
0914;12
0915;18
0916;17
0917;11
0918;14
0919;11
0920;14
0921;12
0922;16
0923;10
0924;12
0925;11
0926;12
0927;14
0928;16
0929;17
0930;15
1001;16
1002;10
1003;15
1004;17
1005;9
1006;13
1007;21
1008;16
1009;23
1010;10
1011;11
1012;11
1013;17
1014;17
1015;16
1016;17
1017;11
1018;10
1019;20
1020;18
1021;13
1022;18
1023;13
1024;16
1025;15
1026;24
1027;19
1028;17
1029;16
1030;17
1031;11
1101;19
1102;11
1103;19
1104;19
1105;17
1106;29
1107;28
1108;16
1109;8
1110;11
1111;15
1112;15
1113;9
1114;18
1115;18
1116;18
1117;13
1118;11
1119;20
1120;15
1121;14
1122;24
1123;10
1124;24
1125;21
1126;18
1127;15
1128;10
1129;21
1130;18
1201;15
1202;16
1203;14
1204;11
1205;18
1206;11
1207;14
1208;22
1209;17
1210;21
1211;19
1212;16
1213;17
1214;15
1215;11
1216;17
1217;13
1218;22
1219;21
1220;25
1221;21
1222;17
1223;19
1224;18
1225;11
1226;16
1227;7
1228;21
1229;16
1230;21
1231;21
