0101;15
0102;25
0103;12
0104;23
0105;18
0106;13
0107;14
0108;17
0109;18
0110;16
0111;13
0112;18
0113;16
0114;12
0115;19
0116;16
0117;20
0118;22
0119;23
0120;17
0121;14
0122;9
0123;15
0124;23
0125;16
0126;17
0127;18
0128;15
0129;16
0130;19
0131;17
0201;20
0202;25
0203;11
0204;23
0205;23
0206;15
0207;15
0208;21
0209;17
0210;14
0211;18
0212;22
0213;16
0214;23
0215;24
0216;18
0217;25
0218;24
0219;17
0220;18
0221;26
0222;21
0223;24
0224;26
0225;20
0226;25
0227;19
0228;20
0301;19
0302;11
0303;20
0304;11
0305;20
0306;24
0307;20
0308;22
0309;20
0310;21
0311;18
0312;14
0313;19
0314;14
0315;31
0316;21
0317;17
0318;15
0319;19
0320;17
0321;12
0322;15
0323;21
0324;22
0325;26
0326;17
0327;17
0328;11
0329;18
0330;15
0331;20
0401;20
0402;23
0403;16
0404;20
0405;20
0406;19
0407;14
0408;15
0409;25
0410;16
0411;27
0412;13
0413;23
0414;15
0415;15
0416;15
0417;16
0418;23
0419;13
0420;15
0421;20
0422;14
0423;21
0424;15
0425;23
0426;24
0427;16
0428;23
0429;15
0430;18
0501;14
0502;20
0503;19
0504;11
0505;12
0506;15
0507;16
0508;12
0509;14
0510;10
0511;11
0512;24
0513;28
0514;21
0515;17
0516;10
0517;13
0518;19
0519;12
0520;13
0521;18
0522;11
0523;14
0524;10
0525;19
0526;24
0527;19
0528;20
0529;17
0530;15
0531;19
0601;18
0602;18
0603;16
0604;26
0605;21
0606;16
0607;13
0608;10
0609;18
0610;15
0611;17
0612;15
0613;13
0614;11
0615;14
0616;16
0617;13
0618;16
0619;7
0620;24
0621;27
0622;18
0623;12
0624;21
0625;18
0626;16
0627;18
0628;22
0629;11
0630;11
0701;16
0702;8
0703;20
0704;19
0705;14
0706;16
0707;16
0708;25
0709;19
0710;21
0711;17
0712;21
0713;27
0714;10
0715;15
0716;27
0717;25
0718;16
0719;22
0720;20
0721;13
0722;12
0723;16
0724;12
0725;18
0726;24
0727;13
0728;8
0729;16
0730;13
0731;22
0801;28
0802;15
0803;7
0804;20
0805;20
0806;13
0807;14
0808;14
0809;16
0810;15
0811;13
0812;14
0813;18
0814;11
0815;23
0816;18
0817;13
0818;16
0819;22
0820;18
0821;17
0822;16
0823;19
0824;13
0825;13
0826;19
0827;15
0828;20
0829;17
0830;13
0831;13
0901;13
0902;13
0903;17
0904;12
0905;22
0906;12
0907;14
0908;15
0909;22
0910;17
0911;17
0912;10
0913;17
0914;17
0915;16
0916;12
0917;21
0918;16
0919;22
0920;17
0921;15
0922;19
0923;10
0924;13
0925;25
0926;11
0927;15
0928;19
0929;22
0930;15
1001;13
1002;19
1003;21
1004;20
1005;12
1006;12
1007;9
1008;19
1009;15
1010;16
1011;16
1012;11
1013;17
1014;14
1015;19
1016;17
1017;14
1018;13
1019;14
1020;11
1021;13
1022;16
1023;14
1024;15
1025;18
1026;8
1027;16
1028;21
1029;21
1030;12
1031;14
1101;22
1102;19
1103;13
1104;16
1105;22
1106;20
1107;22
1108;16
1109;18
1110;22
1111;19
1112;16
1113;16
1114;16
1115;17
1116;17
1117;21
1118;22
1119;16
1120;17
1121;22
1122;17
1123;14
1124;18
1125;19
1126;14
1127;20
1128;13
1129;13
1130;16
1201;18
1202;27
1203;20
1204;24
1205;13
1206;17
1207;11
1208;16
1209;16
1210;18
1211;23
1212;16
1213;25
1214;15
1215;12
1216;21
1217;22
1218;19
1219;14
1220;19
1221;18
1222;18
1223;11
1224;16
1225;18
1226;19
1227;16
1228;17
1229;22
1230;18
1231;17
