0101;7
0102;4
0103;2
0104;7
0105;7
0106;5
0107;2
0108;4
0109;4
0110;5
0111;8
0112;3
0113;8
0114;6
0115;4
0116;6
0117;8
0118;8
0119;2
0120;2
0121;5
0122;2
0123;9
0124;6
0125;2
0126;4
0127;3
0128;2
0129;8
0130;7
0131;1
0201;8
0202;4
0203;4
0204;3
0205;4
0206;9
0207;9
0208;3
0209;6
0210;6
0211;8
0212;4
0213;3
0214;3
0215;3
0216;6
0217;4
0218;1
0219;3
0220;7
0221;7
0222;10
0223;4
0224;7
0225;4
0226;8
0227;6
0228;3
0301;7
0302;10
0303;2
0304;8
0305;2
0306;5
0307;3
0308;9
0309;6
0310;8
0311;3
0312;3
0313;8
0314;3
0315;9
0316;6
0317;4
0318;2
0319;5
0320;5
0321;2
0322;5
0323;6
0324;3
0325;4
0326;6
0327;4
0328;9
0329;4
0330;4
0331;5
0401;4
0402;6
0403;6
0404;7
0405;7
0406;1
0407;1
0408;3
0409;7
0410;4
0411;4
0412;7
0413;7
0414;7
0415;4
0416;6
0417;4
0418;7
0419;5
0420;2
0421;4
0422;5
0423;4
0424;8
0425;9
0426;1
0427;5
0428;1
0429;5
0430;6
0501;7
0502;3
0503;4
0504;7
0505;4
0506;6
0507;4
0508;3
0509;5
0510;6
0511;5
0512;5
0513;6
0514;7
0515;2
0516;4
0517;4
0518;4
0519;7
0520;2
0521;2
0522;2
0523;9
0524;3
0525;5
0526;4
0527;4
0528;5
0529;1
0530;5
0531;7
0601;3
0602;8
0603;4
0604;5
0605;5
0606;6
0607;6
0608;5
0609;1
0610;5
0611;5
0612;2
0613;3
0614;6
0615;4
0616;2
0617;1
0618;7
0619;4
0620;12
0621;3
0622;2
0623;6
0624;4
0625;9
0626;6
0627;5
0628;9
0629;1
0630;1
0701;2
0702;1
0703;2
0704;6
0705;5
0706;4
0707;2
0708;7
0709;2
0710;6
0711;3
0712;4
0713;2
0714;6
0715;4
0716;5
0717;7
0718;2
0719;2
0720;5
0721;3
0722;3
0723;4
0724;3
0725;5
0726;8
0727;6
0728;4
0729;4
0730;4
0731;6
0801;7
0802;7
0803;4
0804;5
0805;8
0806;4
0807;3
0808;4
0809;5
0810;5
0811;1
0812;3
0813;5
0814;3
0815;3
0816;4
0817;3
0818;7
0819;4
0820;2
0821;2
0822;10
0823;4
0824;4
0825;5
0826;2
0827;6
0828;4
0829;3
0830;4
0831;4
0901;8
0902;6
0903;5
0904;5
0905;5
0906;6
0907;5
0908;3
0909;3
0910;1
0911;7
0912;1
0913;4
0914;3
0915;3
0916;7
0917;1
0918;6
0919;6
0920;8
0921;12
0922;2
0923;6
0924;8
0925;11
0926;3
0927;1
0928;4
0929;8
0930;2
1001;8
1002;7
1003;7
1004;7
1005;6
1006;4
1007;3
1008;3
1009;6
1010;5
1011;4
1012;3
1013;1
1014;5
1015;7
1016;3
1017;3
1018;6
1019;4
1020;2
1021;4
1022;3
1023;5
1024;4
1025;2
1026;2
1027;3
1028;7
1029;6
1030;5
1031;6
1101;5
1102;4
1103;2
1104;3
1105;9
1106;2
1107;8
1108;2
1109;4
1110;5
1111;7
1112;2
1113;4
1114;6
1115;3
1116;7
1117;9
1118;9
1119;6
1120;6
1121;7
1122;5
1123;10
1124;3
1125;8
1126;1
1127;7
1128;5
1129;3
1130;3
1202;5
1203;10
1204;3
1205;8
1206;7
1207;6
1208;8
1209;6
1210;4
1211;1
1212;6
1213;1
1214;6
1215;4
1216;2
1217;6
1218;5
1219;1
1220;6
1221;6
1222;3
1223;10
1224;3
1225;7
1226;5
1227;8
1228;7
1229;4
1230;2
1231;6
