0100;1
0101;20
0102;11
0103;16
0104;14
0105;22
0106;19
0107;10
0108;15
0109;16
0110;12
0111;13
0112;17
0113;18
0114;11
0115;15
0116;13
0117;18
0118;18
0119;15
0120;21
0121;10
0122;20
0123;11
0124;12
0125;8
0126;23
0127;25
0128;13
0129;11
0130;15
0131;12
0201;13
0202;19
0203;9
0204;22
0205;9
0206;13
0207;13
0208;20
0209;15
0210;17
0211;15
0212;11
0213;13
0214;19
0215;15
0216;10
0217;18
0218;17
0219;22
0220;14
0221;14
0222;19
0223;9
0224;22
0225;21
0226;22
0227;18
0228;14
0301;19
0302;21
0303;13
0304;18
0305;15
0306;10
0307;14
0308;7
0309;11
0310;20
0311;13
0312;15
0313;21
0314;15
0315;19
0316;18
0317;10
0318;13
0319;16
0320;18
0321;11
0322;10
0323;11
0324;14
0325;14
0326;15
0327;9
0328;13
0329;12
0330;14
0331;10
0401;12
0402;11
0403;10
0404;15
0405;10
0406;14
0407;14
0408;10
0409;14
0410;14
0411;17
0412;12
0413;15
0414;12
0415;9
0416;15
0417;18
0418;18
0419;10
0420;12
0421;19
0422;12
0423;10
0424;11
0425;13
0426;14
0427;10
0428;14
0429;9
0430;12
0501;15
0502;17
0503;14
0504;22
0505;9
0506;18
0507;9
0508;12
0509;17
0510;14
0511;12
0512;7
0513;10
0514;10
0515;11
0516;16
0517;15
0518;13
0519;8
0520;13
0521;13
0522;6
0523;12
0524;8
0525;8
0526;8
0527;19
0528;10
0529;13
0530;10
0531;19
0601;14
0602;13
0603;13
0604;16
0605;21
0606;14
0607;10
0608;18
0609;13
0610;10
0611;10
0612;9
0613;11
0614;19
0615;11
0616;10
0617;14
0618;12
0619;9
0620;16
0621;12
0622;12
0623;6
0624;16
0625;12
0626;12
0627;11
0628;10
0629;10
0630;13
0701;17
0702;21
0703;7
0704;14
0705;7
0706;11
0707;10
0708;12
0709;17
0710;17
0711;15
0712;23
0713;10
0714;9
0715;15
0716;12
0717;12
0718;16
0719;9
0720;15
0721;16
0722;5
0723;11
0724;13
0725;13
0726;16
0727;19
0728;15
0729;12
0730;12
0731;18
0801;15
0802;12
0803;11
0804;7
0805;7
0806;12
0807;9
0808;8
0809;8
0810;14
0811;8
0812;8
0813;10
0814;9
0815;11
0816;10
0817;13
0818;17
0819;11
0820;9
0821;8
0822;9
0823;14
0824;18
0825;10
0826;12
0827;11
0828;9
0829;10
0830;13
0831;10
0901;14
0902;7
0903;11
0904;25
0905;9
0906;9
0907;11
0908;13
0909;15
0910;8
0911;10
0912;12
0913;14
0914;12
0915;13
0916;7
0917;17
0918;11
0919;11
0920;14
0921;15
0922;14
0923;9
0924;11
0925;18
0926;15
0927;16
0928;11
0929;18
0930;16
1001;8
1002;19
1003;13
1004;13
1005;12
1006;18
1007;7
1008;13
1009;14
1010;14
1011;11
1012;11
1013;13
1014;11
1015;16
1016;13
1017;15
1018;15
1019;9
1020;17
1021;15
1022;16
1023;11
1024;14
1025;8
1026;10
1027;11
1028;16
1029;13
1030;13
1031;16
1101;16
1102;10
1103;8
1104;10
1105;17
1106;7
1107;14
1108;11
1109;9
1110;14
1111;16
1112;14
1113;11
1114;18
1115;13
1116;15
1117;11
1118;6
1119;13
1120;12
1121;14
1122;9
1123;7
1124;11
1125;19
1126;6
1127;23
1128;12
1129;10
1130;21
1201;10
1202;15
1203;15
1204;13
1205;14
1206;23
1207;10
1208;12
1209;9
1210;12
1211;10
1212;16
1213;14
1214;11
1215;14
1216;18
1217;9
1218;12
1219;13
1220;10
1221;17
1222;21
1223;18
1224;18
1225;13
1226;13
1227;18
1228;15
1229;17
1230;10
1231;22
