0101;19
0102;19
0103;17
0104;17
0105;19
0106;22
0107;24
0108;18
0109;14
0110;12
0111;17
0112;18
0113;19
0114;15
0115;17
0116;18
0117;17
0118;15
0119;21
0120;18
0121;19
0122;16
0123;29
0124;21
0125;14
0126;15
0127;20
0128;24
0129;21
0130;14
0131;18
0201;23
0202;18
0203;17
0204;12
0205;18
0206;20
0207;15
0208;8
0209;11
0210;18
0211;15
0212;18
0213;14
0214;18
0215;11
0216;20
0217;27
0218;22
0219;25
0220;21
0221;18
0222;15
0223;18
0224;13
0225;20
0226;27
0227;24
0228;26
0301;15
0302;15
0303;19
0304;15
0305;23
0306;19
0307;23
0308;26
0309;15
0310;16
0311;19
0312;13
0313;21
0314;20
0315;18
0316;8
0317;10
0318;8
0319;19
0320;9
0321;17
0322;16
0323;13
0324;14
0325;19
0326;14
0327;13
0328;15
0329;12
0330;16
0331;13
0401;20
0402;13
0403;15
0404;21
0405;15
0406;25
0407;18
0408;18
0409;17
0410;11
0411;18
0412;14
0413;19
0414;15
0415;20
0416;15
0417;17
0418;16
0419;16
0420;24
0421;14
0422;23
0423;14
0424;10
0425;17
0426;11
0427;10
0428;12
0429;9
0430;18
0501;10
0502;8
0503;23
0504;20
0505;12
0506;25
0507;12
0508;13
0509;12
0510;17
0511;10
0512;10
0513;23
0514;25
0515;11
0516;18
0517;12
0518;14
0519;18
0520;14
0521;8
0522;11
0523;13
0524;23
0525;12
0526;14
0527;12
0528;15
0529;14
0530;15
0531;12
0601;21
0602;19
0603;9
0604;13
0605;18
0606;9
0607;18
0608;18
0609;14
0610;14
0611;16
0612;15
0613;11
0614;13
0615;16
0616;24
0617;16
0618;16
0619;13
0620;18
0621;16
0622;12
0623;15
0624;12
0625;17
0626;16
0627;14
0628;10
0629;8
0630;23
0701;16
0702;15
0703;11
0704;19
0705;12
0706;21
0707;14
0708;13
0709;16
0710;17
0711;23
0712;24
0713;12
0714;10
0715;18
0716;8
0717;9
0718;18
0719;19
0720;11
0721;16
0722;17
0723;12
0724;13
0725;20
0726;12
0727;14
0728;8
0729;5
0730;20
0731;16
0801;14
0802;11
0803;10
0804;12
0805;13
0806;15
0807;17
0808;20
0809;8
0810;17
0811;12
0812;9
0813;18
0814;12
0815;12
0816;16
0817;13
0818;11
0819;17
0820;8
0821;21
0822;15
0823;16
0824;14
0825;12
0826;22
0827;16
0828;22
0829;14
0830;17
0831;19
0901;12
0902;14
0903;16
0904;10
0905;9
0906;10
0907;15
0908;8
0909;22
0910;14
0911;12
0912;16
0913;13
0914;15
0915;14
0916;9
0917;16
0918;10
0919;15
0920;17
0921;13
0922;13
0923;15
0924;17
0925;19
0926;15
0927;15
0928;14
0929;8
0930;18
1001;13
1002;10
1003;18
1004;20
1005;7
1006;10
1007;18
1008;9
1009;7
1010;17
1011;8
1012;20
1013;14
1014;13
1015;19
1016;12
1017;13
1018;11
1019;15
1020;21
1021;12
1022;13
1023;15
1024;20
1025;16
1026;23
1027;10
1028;20
1029;17
1030;14
1031;19
1101;10
1102;12
1103;16
1104;21
1105;12
1106;12
1107;25
1108;23
1109;15
1110;10
1111;19
1112;18
1113;17
1114;19
1115;20
1116;15
1117;12
1118;14
1119;15
1120;16
1121;18
1122;16
1123;9
1124;13
1125;19
1126;18
1127;16
1128;12
1129;12
1130;15
1201;19
1202;14
1203;17
1204;17
1205;21
1206;16
1207;16
1208;19
1209;14
1210;17
1211;14
1212;16
1213;13
1214;26
1215;18
1216;17
1217;14
1218;16
1219;10
1220;18
1221;11
1222;12
1223;20
1224;20
1225;14
1226;15
1227;14
1228;17
1229;13
1230;14
1231;24
