0101;24
0102;19
0103;35
0104;31
0105;32
0106;29
0107;26
0108;28
0109;25
0110;28
0111;29
0112;25
0113;42
0114;37
0115;30
0116;40
0117;35
0118;22
0119;32
0120;33
0121;26
0122;33
0123;25
0124;33
0125;30
0126;36
0127;33
0128;38
0129;28
0130;26
0131;30
0201;33
0202;33
0203;31
0204;26
0205;32
0206;31
0207;35
0208;29
0209;39
0210;33
0211;48
0212;29
0213;25
0214;39
0215;34
0216;34
0217;36
0218;33
0219;46
0220;29
0221;37
0222;49
0223;34
0224;30
0225;24
0226;37
0227;30
0228;34
0301;28
0302;37
0303;27
0304;30
0305;34
0306;39
0307;28
0308;37
0309;38
0310;36
0311;27
0312;26
0313;35
0314;27
0315;21
0316;36
0317;31
0318;26
0319;33
0320;34
0321;33
0322;35
0323;44
0324;23
0325;25
0326;34
0327;29
0328;32
0329;28
0330;27
0331;32
0401;30
0402;34
0403;35
0404;33
0405;29
0406;24
0407;34
0408;35
0409;38
0410;28
0411;36
0412;29
0413;39
0414;35
0415;22
0416;32
0417;26
0418;29
0419;25
0420;29
0421;28
0422;25
0423;24
0424;18
0425;30
0426;37
0427;31
0428;28
0429;23
0430;26
0501;27
0502;25
0503;25
0504;15
0505;40
0506;32
0507;27
0508;30
0509;35
0510;38
0511;23
0512;30
0513;28
0514;30
0515;34
0516;37
0517;28
0518;29
0519;28
0520;28
0521;29
0522;33
0523;23
0524;34
0525;28
0526;29
0527;34
0528;30
0529;28
0530;27
0531;32
0601;30
0602;38
0603;25
0604;25
0605;31
0606;44
0607;30
0608;31
0609;36
0610;38
0611;34
0612;28
0613;24
0614;31
0615;27
0616;17
0617;26
0618;28
0619;29
0620;26
0621;29
0622;23
0623;25
0624;36
0625;24
0626;27
0627;28
0628;28
0629;23
0630;29
0701;38
0702;25
0703;28
0704;25
0705;34
0706;29
0707;35
0708;31
0709;29
0710;23
0711;31
0712;33
0713;48
0714;29
0715;29
0716;24
0717;30
0718;40
0719;28
0720;39
0721;38
0722;43
0723;49
0724;34
0725;36
0726;30
0727;38
0728;57
0729;38
0730;36
0731;38
0801;57
0802;26
0803;26
0804;31
0805;27
0806;27
0807;28
0808;35
0809;29
0810;31
0811;24
0812;27
0813;36
0814;26
0815;22
0816;16
0817;25
0818;24
0819;23
0820;24
0821;22
0822;30
0823;26
0824;27
0825;26
0826;26
0827;18
0828;31
0829;25
0830;26
0831;27
0901;27
0902;21
0903;28
0904;18
0905;24
0906;24
0907;31
0908;30
0909;25
0910;19
0911;31
0912;22
0913;35
0914;26
0915;24
0916;18
0917;17
0918;24
0919;28
0920;25
0921;33
0922;22
0923;29
0924;36
0925;39
0926;27
0927;31
0928;28
0929;22
0930;25
1001;24
1002;26
1003;29
1004;26
1005;33
1006;33
1007;25
1008;27
1009;25
1010;22
1011;27
1012;23
1013;38
1014;35
1015;21
1016;25
1017;33
1018;32
1019;33
1020;37
1021;26
1022;32
1023;34
1024;31
1025;30
1026;35
1027;33
1028;34
1029;27
1030;20
1031;25
1101;27
1102;24
1103;24
1104;28
1105;25
1106;33
1107;28
1108;38
1109;27
1110;35
1111;28
1112;27
1113;29
1114;31
1115;32
1116;32
1117;33
1118;37
1119;35
1120;34
1121;27
1122;38
1123;23
1124;43
1125;24
1126;28
1127;39
1128;21
1129;23
1130;28
1201;30
1202;39
1203;21
1204;32
1205;28
1206;37
1207;32
1208;34
1209;26
1210;35
1211;23
1212;31
1213;41
1214;25
1215;34
1216;31
1217;28
1218;27
1219;32
1220;25
1221;30
1222;39
1223;33
1224;32
1225;28
1226;36
1227;28
1228;25
1229;35
1230;25
1231;29
