0101;15
0102;24
0103;14
0104;19
0105;18
0106;22
0107;23
0108;18
0109;23
0110;21
0111;10
0112;13
0113;19
0114;9
0115;20
0116;22
0117;8
0118;16
0119;19
0120;14
0121;12
0122;12
0123;16
0124;23
0125;11
0126;16
0127;21
0128;13
0129;13
0130;23
0131;7
0201;15
0202;13
0203;18
0204;11
0205;11
0206;12
0207;19
0208;16
0209;10
0210;18
0211;13
0212;16
0213;18
0214;20
0215;10
0216;15
0217;13
0218;25
0219;22
0220;17
0221;19
0222;7
0223;13
0224;23
0225;17
0226;16
0227;25
0228;25
0301;24
0302;14
0303;26
0304;17
0305;21
0306;18
0307;23
0308;21
0309;19
0310;22
0311;21
0312;24
0313;11
0314;16
0315;11
0316;15
0317;23
0318;22
0319;20
0320;13
0321;16
0322;15
0323;12
0324;8
0325;20
0326;14
0327;19
0328;16
0329;20
0330;13
0331;19
0401;12
0402;11
0403;20
0404;17
0405;26
0406;16
0407;10
0408;15
0409;19
0410;24
0411;27
0412;21
0413;14
0414;18
0415;17
0416;15
0417;11
0418;17
0419;19
0420;14
0421;14
0422;10
0423;14
0424;5
0425;15
0426;14
0427;14
0428;21
0429;13
0430;21
0501;20
0502;16
0503;19
0504;6
0505;18
0506;18
0507;21
0508;24
0509;21
0510;12
0511;20
0512;27
0513;18
0514;14
0515;13
0516;8
0517;15
0518;10
0519;16
0520;12
0521;16
0522;8
0523;16
0524;7
0525;20
0526;16
0527;10
0528;12
0529;15
0530;16
0531;17
0601;17
0602;15
0603;16
0604;18
0605;15
0606;23
0607;22
0608;22
0609;15
0610;15
0611;16
0612;13
0613;9
0614;8
0615;15
0616;15
0617;12
0618;17
0619;18
0620;14
0621;14
0622;15
0623;17
0624;16
0625;11
0626;18
0627;22
0628;15
0629;14
0630;12
0701;14
0702;11
0703;17
0704;16
0705;11
0706;10
0707;17
0708;11
0709;14
0710;16
0711;23
0712;30
0713;16
0714;23
0715;14
0716;24
0717;20
0718;21
0719;23
0720;23
0721;18
0722;16
0723;21
0724;24
0725;15
0726;17
0727;23
0728;21
0729;20
0730;22
0731;21
0801;17
0802;8
0803;16
0804;15
0805;18
0806;9
0807;10
0808;14
0809;19
0810;11
0811;10
0812;12
0813;18
0814;11
0815;15
0816;16
0817;12
0818;10
0819;15
0820;13
0821;14
0822;16
0823;12
0824;17
0825;10
0826;11
0827;17
0828;7
0829;20
0830;14
0831;15
0901;24
0902;8
0903;13
0904;20
0905;17
0906;17
0907;14
0908;12
0909;12
0910;18
0911;23
0912;10
0913;13
0914;10
0915;17
0916;24
0917;9
0918;5
0919;14
0920;16
0921;9
0922;17
0923;11
0924;15
0925;14
0926;21
0927;14
0928;11
0929;11
0930;18
1001;10
1002;20
1003;9
1004;14
1005;14
1006;13
1007;8
1008;12
1009;17
1010;12
1011;14
1012;17
1013;14
1014;13
1015;9
1016;11
1017;15
1018;13
1019;16
1020;11
1021;9
1022;15
1023;18
1024;10
1025;18
1026;18
1027;12
1028;17
1029;13
1030;26
1031;11
1101;20
1102;14
1103;15
1104;18
1105;12
1106;15
1107;24
1108;22
1109;15
1110;15
1111;15
1112;11
1113;22
1114;12
1115;15
1116;13
1117;19
1118;13
1119;11
1120;15
1121;18
1122;15
1123;10
1124;26
1125;17
1126;23
1127;19
1128;14
1129;17
1130;15
1201;12
1202;18
1203;14
1204;19
1205;16
1206;14
1207;15
1208;16
1209;15
1210;23
1211;18
1212;16
1213;16
1214;17
1215;17
1216;12
1217;17
1218;16
1219;15
1220;7
1221;15
1222;20
1223;21
1224;10
1225;18
1226;15
1227;11
1228;15
1229;11
1230;17
1231;14
