0101;9
0102;9
0103;12
0104;12
0105;9
0106;16
0107;12
0108;11
0109;18
0110;10
0111;9
0112;9
0113;11
0114;12
0115;10
0116;9
0117;7
0118;6
0119;8
0120;14
0121;13
0122;10
0123;11
0124;9
0125;18
0126;16
0127;9
0128;12
0129;3
0130;12
0131;10
0201;17
0202;9
0203;13
0204;11
0205;13
0206;8
0207;7
0208;11
0209;9
0210;8
0211;12
0212;13
0213;6
0214;14
0215;9
0216;12
0217;3
0218;9
0219;9
0220;17
0221;14
0222;6
0223;11
0224;11
0225;14
0226;15
0227;16
0228;11
0301;14
0302;12
0303;9
0304;14
0305;9
0306;6
0307;14
0308;11
0309;13
0310;14
0311;7
0312;14
0313;11
0314;8
0315;9
0316;7
0317;10
0318;17
0319;11
0320;12
0321;8
0322;11
0323;13
0324;15
0325;13
0326;10
0327;5
0328;14
0329;12
0330;14
0331;10
0401;10
0402;11
0403;6
0404;7
0405;8
0406;16
0407;17
0408;14
0409;15
0410;12
0411;14
0412;11
0413;5
0414;10
0415;11
0416;14
0417;13
0418;14
0419;9
0420;19
0421;12
0422;10
0423;6
0424;11
0425;7
0426;5
0427;9
0428;12
0429;4
0430;15
0501;8
0502;5
0503;11
0504;7
0505;10
0506;8
0507;14
0508;10
0509;6
0510;7
0511;9
0512;8
0513;5
0514;10
0515;2
0516;10
0517;9
0518;5
0519;7
0520;7
0521;8
0522;9
0523;11
0524;9
0525;13
0526;8
0527;9
0528;10
0529;5
0530;5
0531;3
0601;12
0602;11
0603;7
0604;13
0605;10
0606;9
0607;9
0608;11
0609;14
0610;15
0611;12
0612;8
0613;16
0614;8
0615;9
0616;8
0617;5
0618;16
0619;14
0620;15
0621;10
0622;12
0623;9
0624;8
0625;10
0626;8
0627;11
0628;17
0629;4
0630;11
0701;9
0702;7
0703;10
0704;10
0705;8
0706;13
0707;10
0708;4
0709;19
0710;12
0711;5
0712;10
0713;13
0714;16
0715;15
0716;11
0717;12
0718;10
0719;8
0720;13
0721;10
0722;12
0723;10
0724;16
0725;14
0726;14
0727;11
0728;9
0729;7
0730;23
0731;14
0801;18
0802;11
0803;11
0804;17
0805;12
0806;9
0807;10
0808;14
0809;11
0810;6
0811;15
0812;16
0813;7
0814;15
0815;4
0816;11
0817;9
0818;12
0819;14
0820;11
0821;10
0822;13
0823;15
0824;15
0825;7
0826;4
0827;8
0828;11
0829;12
0830;15
0831;12
0901;7
0902;13
0903;12
0904;8
0905;13
0906;10
0907;9
0908;10
0909;11
0910;15
0911;3
0912;11
0913;12
0914;10
0915;11
0916;11
0917;5
0918;7
0919;11
0920;5
0921;13
0922;13
0923;6
0924;12
0925;16
0926;11
0927;11
0928;5
0929;5
0930;5
1001;16
1002;8
1003;9
1004;8
1005;12
1006;14
1007;2
1008;8
1009;8
1010;12
1011;10
1012;10
1013;11
1014;7
1015;11
1016;6
1017;10
1018;16
1019;8
1020;13
1021;5
1022;7
1023;8
1024;15
1025;11
1026;8
1028;10
1029;8
1030;9
1031;11
1101;9
1102;10
1103;10
1104;8
1105;17
1106;14
1107;11
1108;9
1109;10
1110;11
1111;8
1112;13
1113;7
1114;10
1115;8
1116;13
1117;10
1118;11
1119;7
1120;11
1121;10
1122;4
1123;11
1124;12
1125;9
1126;10
1127;5
1128;10
1129;6
1130;10
1201;13
1202;13
1203;11
1204;10
1205;7
1206;15
1207;7
1208;7
1209;11
1210;12
1211;10
1212;10
1213;8
1214;9
1215;10
1216;12
1217;9
1218;13
1219;12
1220;9
1221;11
1222;7
1223;6
1224;11
1225;5
1226;8
1227;17
1228;16
1229;15
1230;11
1231;9
