0101;23
0102;25
0103;30
0104;18
0105;13
0106;18
0107;15
0108;21
0109;31
0110;18
0111;27
0112;9
0113;17
0114;20
0115;14
0116;12
0117;16
0118;10
0119;17
0120;16
0121;23
0122;13
0123;16
0124;21
0125;21
0126;18
0127;16
0128;20
0129;19
0130;20
0131;21
0201;21
0202;17
0203;12
0204;16
0205;24
0206;22
0207;14
0208;25
0209;16
0210;22
0211;24
0212;15
0213;10
0214;26
0215;16
0216;17
0217;19
0218;18
0219;19
0220;26
0221;24
0222;24
0223;29
0224;25
0225;16
0226;17
0227;16
0228;27
0301;21
0302;23
0303;16
0304;19
0305;23
0306;15
0307;20
0308;21
0309;23
0310;26
0311;22
0312;13
0313;14
0314;28
0315;18
0316;18
0317;24
0318;23
0319;22
0320;16
0321;17
0322;15
0323;21
0324;23
0325;25
0326;10
0327;13
0328;16
0329;22
0330;17
0331;20
0401;21
0402;15
0403;22
0404;22
0405;20
0406;19
0407;29
0408;18
0409;19
0410;12
0411;23
0412;25
0413;22
0414;20
0415;18
0416;22
0417;15
0418;23
0419;16
0420;14
0421;15
0422;13
0423;24
0424;23
0425;25
0426;19
0427;22
0428;18
0429;16
0430;11
0501;22
0502;17
0503;13
0504;23
0505;22
0506;14
0507;19
0508;21
0509;18
0510;14
0511;19
0512;17
0513;28
0514;15
0515;16
0516;25
0517;20
0518;22
0519;15
0520;19
0521;17
0522;14
0523;12
0524;14
0525;28
0526;17
0527;22
0528;23
0529;20
0530;21
0531;19
0601;13
0602;20
0603;19
0604;21
0605;17
0606;12
0607;22
0608;19
0609;19
0610;15
0611;18
0612;18
0613;19
0614;21
0615;18
0616;13
0617;18
0618;19
0619;20
0620;13
0621;22
0622;19
0623;23
0624;17
0625;11
0626;15
0627;19
0628;17
0629;19
0630;15
0701;19
0702;13
0703;12
0704;21
0705;13
0706;23
0707;20
0708;14
0709;26
0710;26
0711;22
0712;28
0713;17
0714;14
0715;12
0716;18
0717;11
0718;17
0719;16
0720;15
0721;16
0722;22
0723;17
0724;15
0725;13
0726;20
0727;16
0728;20
0729;23
0730;16
0731;21
0801;16
0802;18
0803;17
0804;9
0805;10
0806;14
0807;18
0808;16
0809;12
0810;17
0811;10
0812;20
0813;15
0814;12
0815;11
0816;16
0817;12
0818;12
0819;17
0820;9
0821;17
0822;10
0823;8
0824;12
0825;15
0826;10
0827;21
0828;18
0829;11
0830;19
0831;22
0901;14
0902;7
0903;16
0904;13
0905;13
0906;11
0907;16
0908;18
0909;20
0910;16
0911;19
0912;29
0913;18
0914;17
0915;20
0916;11
0917;18
0918;16
0919;14
0920;30
0921;17
0922;18
0923;15
0924;18
0925;17
0926;24
0927;29
0928;17
0929;11
0930;19
1001;15
1002;21
1003;18
1004;14
1005;20
1006;15
1007;7
1008;11
1009;10
1010;14
1011;17
1012;13
1013;12
1014;18
1015;8
1016;12
1017;21
1018;20
1019;20
1020;21
1021;7
1022;22
1023;18
1024;13
1025;14
1026;16
1027;15
1028;23
1029;14
1030;11
1031;16
1101;23
1102;15
1103;19
1104;22
1105;18
1106;16
1107;17
1108;17
1109;16
1110;19
1111;13
1112;22
1113;10
1114;21
1115;19
1116;18
1117;24
1118;16
1119;19
1120;20
1121;15
1122;13
1123;15
1124;16
1125;24
1126;24
1127;19
1128;15
1129;19
1130;22
1201;14
1202;19
1203;17
1204;20
1205;17
1206;17
1207;23
1208;15
1209;33
1210;26
1211;20
1212;19
1213;23
1214;12
1215;20
1216;19
1217;17
1218;24
1219;23
1220;20
1221;19
1222;20
1223;23
1224;20
1225;24
1226;20
1227;21
1228;19
1229;14
1230;19
1231;19
