0101;13
0102;13
0103;12
0104;16
0105;16
0106;7
0107;15
0108;6
0109;15
0110;8
0111;10
0112;11
0113;9
0114;11
0115;15
0116;21
0117;15
0118;9
0119;16
0120;15
0121;10
0122;11
0123;16
0124;12
0125;7
0126;19
0127;9
0128;12
0129;13
0130;8
0131;14
0201;14
0202;7
0203;15
0204;11
0205;9
0206;11
0207;15
0208;11
0209;15
0210;12
0211;13
0212;13
0213;12
0214;15
0215;14
0216;8
0217;15
0218;23
0219;10
0220;18
0221;19
0222;9
0223;17
0224;12
0225;18
0226;10
0227;17
0228;21
0301;14
0302;10
0303;8
0304;20
0305;15
0306;12
0307;15
0308;13
0309;21
0310;18
0311;12
0312;15
0313;16
0314;13
0315;12
0316;15
0317;21
0318;15
0319;10
0320;11
0321;16
0322;12
0323;10
0324;15
0325;13
0326;16
0327;12
0328;9
0329;8
0330;11
0331;13
0401;10
0402;10
0403;14
0404;14
0405;4
0406;14
0407;17
0408;13
0409;13
0410;14
0411;8
0412;6
0413;12
0414;9
0415;11
0416;7
0417;13
0418;11
0419;21
0420;13
0421;12
0422;17
0423;16
0424;9
0425;10
0426;12
0427;9
0428;13
0429;15
0430;18
0501;10
0502;9
0503;17
0504;11
0505;8
0506;10
0507;10
0508;13
0509;13
0510;8
0511;14
0512;13
0513;11
0514;6
0515;9
0516;12
0517;8
0518;5
0519;11
0520;10
0521;14
0522;8
0523;10
0524;10
0525;11
0526;18
0527;14
0528;10
0529;8
0530;11
0531;9
0601;17
0602;8
0603;9
0604;15
0605;10
0606;11
0607;12
0608;15
0609;12
0610;17
0611;7
0612;11
0613;15
0614;13
0615;15
0616;11
0617;14
0618;15
0619;7
0620;17
0621;6
0622;9
0623;18
0624;11
0625;8
0626;7
0627;10
0628;9
0629;9
0630;10
0701;15
0702;8
0703;9
0704;12
0705;15
0706;8
0707;8
0708;11
0709;19
0710;19
0711;19
0712;21
0713;32
0714;22
0715;20
0716;22
0717;20
0718;15
0719;19
0720;15
0721;20
0722;9
0723;13
0724;17
0725;7
0726;8
0727;6
0728;9
0729;10
0730;14
0731;17
0801;12
0802;17
0803;11
0804;15
0805;8
0806;10
0807;14
0808;16
0809;9
0810;10
0811;10
0812;11
0813;11
0814;8
0815;7
0816;12
0817;12
0818;11
0819;9
0820;10
0821;7
0822;12
0823;14
0824;8
0825;12
0826;8
0827;7
0828;11
0829;10
0830;9
0831;9
0901;18
0902;10
0903;6
0904;9
0905;13
0906;7
0907;9
0908;5
0909;13
0910;17
0911;10
0912;8
0913;10
0914;13
0915;14
0916;11
0917;9
0918;13
0919;16
0920;14
0921;6
0922;10
0923;15
0924;5
0925;22
0926;13
0927;14
0928;10
0929;8
0930;11
1001;11
1002;10
1003;9
1004;7
1005;10
1006;11
1007;8
1008;19
1009;16
1010;11
1011;8
1012;15
1013;12
1014;12
1015;9
1016;16
1017;12
1018;8
1019;7
1020;13
1021;13
1022;12
1023;14
1024;9
1025;20
1026;16
1027;7
1028;15
1029;11
1030;11
1031;15
1101;14
1102;6
1103;11
1104;11
1105;17
1106;10
1107;14
1108;8
1109;10
1110;11
1111;17
1112;8
1113;14
1114;12
1115;12
1116;9
1117;12
1118;13
1119;8
1120;11
1121;11
1122;13
1123;11
1124;10
1125;9
1126;14
1127;12
1128;8
1129;15
1130;8
1201;13
1202;12
1203;8
1204;11
1205;14
1206;11
1207;13
1208;12
1209;9
1210;18
1211;10
1212;11
1213;12
1214;13
1215;20
1216;11
1217;13
1218;6
1219;13
1220;13
1221;11
1222;13
1223;13
1224;14
1225;14
1226;11
1227;16
1228;10
1229;9
1230;17
1231;14
