0101;8
0102;9
0103;15
0104;11
0105;14
0106;4
0107;9
0108;6
0109;1
0110;14
0111;11
0112;8
0113;10
0114;10
0115;10
0116;12
0117;9
0118;12
0119;6
0120;12
0121;3
0122;10
0123;10
0124;6
0125;8
0126;14
0127;7
0128;9
0129;11
0130;11
0131;7
0201;5
0202;5
0203;18
0204;16
0205;11
0206;11
0207;11
0208;9
0209;10
0210;11
0211;7
0212;9
0213;12
0214;8
0215;12
0216;8
0217;9
0218;12
0219;13
0220;14
0221;6
0222;12
0223;7
0224;11
0225;12
0226;12
0227;15
0228;17
0301;7
0302;13
0303;10
0304;15
0305;12
0306;12
0307;10
0308;12
0309;14
0310;7
0311;6
0312;15
0313;21
0314;13
0315;9
0316;12
0317;12
0318;11
0319;11
0320;9
0321;4
0322;7
0323;11
0324;12
0325;8
0326;14
0327;6
0328;6
0329;5
0330;11
0331;9
0401;8
0402;12
0403;8
0404;13
0405;13
0406;11
0407;21
0408;7
0409;8
0410;12
0411;3
0412;9
0413;7
0414;10
0415;10
0416;8
0417;5
0418;9
0419;9
0420;10
0421;9
0422;8
0423;10
0424;8
0425;15
0426;9
0427;13
0428;13
0429;7
0430;10
0501;14
0502;10
0503;5
0504;14
0505;4
0506;10
0507;7
0508;7
0509;5
0510;15
0511;8
0512;8
0513;15
0514;10
0515;7
0516;11
0517;7
0518;17
0519;13
0520;5
0521;11
0522;10
0523;12
0524;9
0525;10
0526;7
0527;5
0528;10
0529;11
0530;22
0531;12
0601;9
0602;10
0603;11
0604;11
0605;10
0606;10
0607;14
0608;9
0609;14
0610;9
0611;6
0612;21
0613;7
0614;14
0615;6
0616;7
0617;2
0618;13
0619;10
0620;11
0621;12
0622;12
0623;9
0624;10
0625;10
0626;10
0627;5
0628;9
0629;6
0630;4
0701;6
0702;11
0703;10
0704;11
0705;9
0706;9
0707;16
0708;13
0709;5
0710;13
0711;12
0712;11
0713;5
0714;13
0715;7
0716;8
0717;12
0718;14
0719;14
0720;11
0721;8
0722;10
0723;13
0724;12
0725;11
0726;12
0727;15
0728;11
0729;6
0730;11
0731;11
0801;10
0802;12
0803;7
0804;6
0805;5
0806;10
0807;13
0808;15
0809;8
0810;9
0811;13
0812;5
0813;8
0814;8
0815;13
0816;15
0817;9
0818;8
0819;7
0820;10
0821;6
0822;8
0823;8
0824;13
0825;9
0826;10
0827;10
0828;6
0829;10
0830;8
0831;13
0901;11
0902;6
0903;9
0904;11
0905;13
0906;12
0907;5
0908;12
0909;10
0910;12
0911;7
0912;14
0913;15
0914;13
0915;10
0916;10
0917;10
0918;12
0919;11
0920;6
0921;10
0922;4
0923;11
0924;9
0925;15
0926;5
0927;11
0928;9
0929;13
0930;11
1001;4
1002;13
1003;8
1004;5
1005;6
1006;9
1007;12
1008;10
1009;15
1010;12
1011;11
1012;8
1013;8
1014;9
1015;7
1016;9
1017;14
1018;14
1019;7
1020;15
1021;9
1022;13
1023;11
1024;15
1025;8
1026;7
1027;13
1028;6
1029;11
1030;12
1031;10
1101;7
1102;11
1103;9
1104;14
1105;15
1106;10
1107;11
1108;9
1109;11
1110;12
1111;7
1112;13
1113;11
1114;8
1115;8
1116;9
1117;10
1118;11
1119;8
1120;14
1121;13
1122;9
1123;13
1124;11
1125;9
1126;12
1127;8
1128;12
1129;9
1130;15
1201;13
1202;8
1203;8
1204;13
1205;11
1206;8
1207;11
1208;11
1209;8
1210;10
1211;13
1212;10
1213;12
1214;6
1215;14
1216;5
1217;5
1218;13
1219;14
1220;10
1221;10
1222;9
1223;10
1224;9
1225;8
1226;7
1227;9
1228;6
1229;7
1230;10
1231;9
