0101;3
0102;1
0103;5
0104;4
0105;4
0106;2
0107;6
0108;2
0109;4
0110;3
0112;3
0113;5
0114;7
0115;5
0116;3
0117;5
0118;2
0119;5
0120;2
0121;1
0122;2
0123;3
0124;4
0125;3
0126;2
0127;2
0128;3
0129;7
0131;3
0201;6
0202;2
0203;6
0204;3
0205;5
0206;5
0207;2
0208;3
0209;6
0210;4
0211;2
0212;4
0213;2
0214;2
0215;2
0216;2
0217;3
0218;2
0219;4
0220;5
0221;4
0222;2
0223;5
0225;3
0226;7
0227;4
0228;1
0301;1
0302;8
0303;7
0304;6
0305;3
0307;2
0308;1
0309;6
0310;4
0311;8
0312;4
0314;6
0315;3
0316;6
0317;5
0318;2
0319;2
0320;5
0321;3
0322;2
0323;2
0325;2
0326;4
0327;2
0328;1
0329;1
0330;3
0331;4
0401;3
0402;1
0403;2
0404;2
0405;5
0406;5
0408;3
0409;2
0410;2
0411;2
0412;2
0413;3
0414;1
0415;1
0416;2
0417;3
0418;4
0419;4
0420;3
0421;1
0422;4
0423;3
0424;1
0425;3
0426;3
0427;3
0428;4
0429;7
0430;2
0501;2
0502;1
0503;4
0504;8
0505;3
0507;6
0508;3
0509;1
0510;2
0511;2
0512;3
0514;3
0516;6
0517;2
0518;1
0519;2
0520;2
0521;2
0522;2
0523;3
0524;3
0525;3
0526;6
0527;1
0528;3
0529;5
0530;6
0531;1
0601;4
0602;1
0603;3
0604;5
0605;5
0606;5
0607;4
0608;4
0609;3
0611;2
0612;5
0613;2
0614;5
0615;2
0616;3
0617;2
0618;1
0619;3
0620;2
0621;1
0622;6
0623;1
0624;4
0625;2
0626;5
0627;3
0628;2
0629;1
0630;2
0701;1
0702;1
0703;2
0704;5
0705;3
0706;2
0707;3
0709;2
0710;3
0711;3
0712;4
0713;4
0714;3
0715;1
0716;3
0717;5
0718;5
0719;5
0720;6
0721;1
0722;2
0723;8
0724;1
0725;4
0726;3
0727;4
0728;1
0729;5
0730;3
0731;8
0801;8
0802;3
0803;2
0804;1
0805;2
0806;3
0807;4
0808;3
0809;2
0810;4
0811;2
0812;1
0813;1
0814;2
0815;5
0816;1
0817;3
0818;6
0819;3
0820;1
0821;2
0822;5
0823;1
0824;3
0825;1
0826;5
0827;2
0828;2
0829;4
0830;3
0831;3
0901;4
0902;4
0903;5
0904;3
0905;1
0907;8
0908;5
0909;4
0910;2
0911;2
0912;4
0913;2
0914;2
0915;3
0916;2
0917;3
0918;3
0919;2
0921;2
0922;2
0923;5
0924;3
0926;1
0927;2
0928;3
0929;3
0930;1
1001;2
1002;2
1003;1
1004;1
1005;3
1006;4
1007;3
1008;6
1009;2
1010;4
1011;1
1012;4
1013;5
1014;1
1015;2
1016;4
1017;3
1019;4
1020;7
1021;1
1022;3
1023;4
1024;1
1025;3
1026;1
1027;1
1028;1
1029;5
1030;2
1031;6
1101;2
1102;3
1104;3
1105;2
1106;2
1107;2
1108;4
1109;1
1111;3
1112;5
1113;4
1114;1
1116;1
1117;4
1118;4
1119;2
1120;1
1121;3
1122;1
1123;2
1124;4
1125;4
1126;6
1127;2
1128;2
1129;4
1130;3
1201;2
1202;2
1204;4
1205;1
1206;5
1207;3
1208;2
1209;1
1210;2
1211;2
1212;4
1213;2
1214;4
1215;6
1216;2
1218;3
1219;3
1222;4
1223;5
1224;2
1225;3
1226;5
1227;5
1228;4
1229;8
1230;3
1231;4
