0101;33
0102;23
0103;31
0104;40
0105;32
0106;30
0107;19
0108;25
0109;29
0110;22
0111;28
0112;22
0113;35
0114;32
0115;24
0116;27
0117;22
0118;21
0119;25
0120;20
0121;31
0122;19
0123;24
0124;28
0125;29
0126;21
0127;28
0128;21
0129;24
0130;16
0131;30
0201;29
0202;23
0203;25
0204;26
0205;29
0206;23
0207;29
0208;25
0209;25
0210;26
0211;23
0212;31
0213;31
0214;27
0215;24
0216;24
0217;26
0218;32
0219;21
0220;30
0221;37
0222;30
0223;24
0224;34
0225;32
0226;28
0227;29
0228;35
0301;32
0302;29
0303;40
0304;29
0305;26
0306;31
0307;20
0308;27
0309;19
0310;34
0311;24
0312;26
0313;25
0314;22
0315;29
0316;24
0317;25
0318;22
0319;22
0320;27
0321;18
0322;23
0323;17
0324;26
0325;19
0326;23
0327;30
0328;13
0329;30
0330;27
0331;26
0401;32
0402;24
0403;20
0404;19
0405;18
0406;22
0407;22
0408;21
0409;27
0410;20
0411;24
0412;17
0413;29
0414;27
0415;14
0416;24
0417;25
0418;23
0419;24
0420;20
0421;23
0422;14
0423;23
0424;26
0425;37
0426;22
0427;19
0428;19
0429;22
0430;25
0501;25
0502;24
0503;17
0504;37
0505;31
0506;15
0507;26
0508;24
0509;25
0510;23
0511;35
0512;15
0513;22
0514;24
0515;25
0516;26
0517;23
0518;27
0519;19
0520;20
0521;27
0522;27
0523;15
0524;28
0525;27
0526;16
0527;31
0528;24
0529;27
0530;30
0531;35
0601;19
0602;18
0603;18
0604;23
0605;27
0606;23
0607;21
0608;16
0609;34
0610;24
0611;24
0612;31
0613;31
0614;24
0615;26
0616;16
0617;14
0618;17
0619;15
0620;33
0621;28
0622;33
0623;22
0624;28
0625;17
0626;19
0627;14
0628;23
0629;24
0630;18
0700;1
0701;20
0702;17
0703;21
0704;18
0705;19
0706;19
0707;33
0708;17
0709;21
0710;27
0711;34
0712;28
0713;26
0714;21
0715;17
0716;20
0717;13
0718;18
0719;23
0720;16
0721;19
0722;30
0723;16
0724;23
0725;30
0726;20
0727;26
0728;23
0729;27
0730;20
0731;32
0801;29
0802;18
0803;21
0804;12
0805;22
0806;22
0807;18
0808;22
0809;21
0810;27
0811;22
0812;30
0813;21
0814;17
0815;24
0816;28
0817;19
0818;17
0819;22
0820;25
0821;25
0822;18
0823;15
0824;26
0825;17
0826;24
0827;18
0828;13
0829;25
0830;24
0831;31
0901;22
0902;21
0903;20
0904;18
0905;24
0906;26
0907;21
0908;17
0909;25
0910;24
0911;26
0912;23
0913;14
0914;25
0915;19
0916;27
0917;21
0918;24
0919;21
0920;20
0921;15
0922;23
0923;13
0924;27
0925;28
0926;19
0927;18
0928;36
0929;29
0930;17
1001;18
1002;15
1003;22
1004;23
1005;29
1006;15
1007;19
1008;18
1009;21
1010;20
1011;23
1012;21
1013;16
1014;28
1015;26
1016;25
1017;23
1018;23
1019;20
1020;17
1021;21
1022;28
1023;25
1024;27
1025;22
1026;28
1027;24
1028;30
1029;28
1030;20
1031;23
1101;12
1102;21
1103;28
1104;33
1105;21
1106;18
1107;28
1108;20
1109;22
1110;26
1111;20
1112;24
1113;15
1114;16
1115;29
1116;20
1117;27
1118;17
1119;23
1120;30
1121;21
1122;18
1123;21
1124;26
1125;23
1126;32
1127;15
1128;27
1129;19
1130;25
1201;25
1202;17
1203;25
1204;28
1205;31
1206;27
1207;24
1208;30
1209;24
1210;21
1211;28
1212;29
1213;32
1214;27
1215;30
1216;32
1217;26
1218;22
1219;26
1220;20
1221;18
1222;18
1223;35
1224;17
1225;22
1226;30
1227;30
1228;31
1229;35
1230;28
1231;32
