0101;18
0102;24
0103;22
0104;14
0105;16
0106;12
0107;15
0108;20
0109;22
0110;17
0111;16
0112;17
0113;16
0114;18
0115;16
0116;17
0117;17
0118;17
0119;14
0120;16
0121;13
0122;12
0123;18
0124;19
0125;17
0126;11
0127;15
0128;18
0129;19
0130;23
0131;9
0201;18
0202;14
0203;16
0204;17
0205;18
0206;11
0207;18
0208;16
0209;14
0210;11
0211;16
0212;9
0213;16
0214;12
0215;10
0216;11
0217;13
0218;8
0219;13
0220;11
0221;16
0222;13
0223;18
0224;16
0225;24
0226;11
0227;10
0228;11
0301;14
0302;13
0303;9
0304;13
0305;12
0306;7
0307;16
0308;12
0309;19
0310;10
0311;14
0312;8
0313;17
0314;9
0315;8
0316;14
0317;14
0318;8
0319;13
0320;8
0321;9
0322;12
0323;10
0324;16
0325;15
0326;9
0327;14
0328;16
0329;8
0330;10
0331;14
0401;19
0402;7
0403;21
0404;14
0405;7
0406;10
0407;11
0408;17
0409;11
0410;13
0411;15
0412;15
0413;13
0414;12
0415;10
0416;10
0417;11
0418;17
0419;18
0420;10
0421;15
0422;10
0423;7
0424;11
0425;15
0426;16
0427;14
0428;11
0429;7
0430;19
0501;13
0502;17
0503;15
0504;14
0505;11
0506;12
0507;5
0508;9
0509;9
0510;7
0511;13
0512;4
0513;4
0514;10
0515;8
0516;11
0517;11
0518;11
0519;11
0520;15
0521;11
0522;16
0523;17
0524;12
0525;6
0526;11
0527;14
0528;14
0529;14
0530;7
0531;9
0601;11
0602;15
0603;12
0604;23
0605;12
0606;7
0607;6
0608;4
0609;6
0610;15
0611;14
0612;9
0613;8
0614;8
0615;9
0616;19
0617;9
0618;13
0619;10
0620;8
0621;12
0622;11
0623;7
0624;7
0625;8
0626;8
0627;14
0628;13
0629;8
0630;13
0701;11
0702;9
0703;9
0704;14
0705;15
0706;11
0707;15
0708;9
0709;14
0710;9
0711;9
0712;14
0713;13
0714;12
0715;19
0716;17
0717;14
0718;9
0719;14
0720;10
0721;7
0722;11
0723;13
0724;9
0725;9
0726;17
0727;11
0728;14
0729;14
0730;8
0731;9
0801;7
0802;10
0803;11
0804;6
0805;17
0806;12
0807;10
0808;10
0809;16
0810;10
0811;10
0812;12
0813;15
0814;13
0815;9
0816;7
0817;13
0818;9
0819;13
0820;10
0821;7
0822;10
0823;11
0824;9
0825;17
0826;7
0827;11
0828;19
0829;6
0830;12
0831;4
0901;14
0902;6
0903;12
0904;12
0905;15
0906;12
0907;8
0908;10
0909;13
0910;13
0911;15
0912;7
0913;11
0914;15
0915;9
0916;10
0917;12
0918;11
0919;9
0920;5
0921;9
0922;13
0923;5
0924;8
0925;13
0926;15
0927;10
0928;12
0929;9
0930;21
1001;18
1002;13
1003;13
1004;11
1005;13
1006;15
1007;16
1008;13
1009;12
1010;10
1011;8
1012;14
1013;16
1014;16
1015;16
1016;12
1017;7
1018;13
1019;7
1020;10
1021;17
1022;11
1023;17
1024;18
1025;10
1026;13
1027;11
1028;8
1029;14
1030;10
1031;11
1101;13
1102;12
1103;15
1104;14
1105;11
1106;9
1107;8
1108;12
1109;14
1110;17
1111;12
1112;12
1113;13
1114;12
1115;12
1116;13
1117;12
1118;12
1119;12
1120;19
1121;11
1122;11
1123;19
1124;13
1125;12
1126;14
1127;14
1128;8
1129;11
1130;9
1201;12
1202;11
1203;11
1204;13
1205;20
1206;16
1207;19
1208;17
1209;17
1210;13
1211;15
1212;14
1213;16
1214;22
1215;9
1216;19
1217;10
1218;13
1219;14
1220;10
1221;16
1222;16
1223;20
1224;10
1225;11
1226;16
1227;13
1228;12
1229;16
1230;8
1231;14
