0101;5
0102;18
0103;5
0104;8
0105;13
0106;12
0107;16
0108;10
0109;9
0110;7
0111;10
0112;12
0113;13
0114;9
0115;19
0116;10
0117;12
0118;9
0119;10
0120;12
0121;14
0122;7
0123;9
0124;15
0125;13
0126;9
0127;15
0128;7
0129;11
0130;2
0131;8
0201;12
0202;10
0203;9
0204;7
0205;11
0206;5
0207;11
0208;7
0209;11
0210;9
0211;14
0212;3
0213;6
0214;12
0215;9
0216;6
0217;8
0218;7
0219;5
0220;5
0221;7
0222;13
0223;2
0224;6
0225;6
0226;5
0227;9
0228;15
0301;6
0302;4
0303;11
0304;9
0305;8
0306;3
0307;10
0308;9
0309;7
0310;6
0311;9
0312;14
0313;7
0314;10
0315;10
0316;14
0317;12
0318;6
0319;5
0320;3
0321;8
0322;6
0323;7
0324;4
0325;7
0326;4
0327;10
0328;6
0329;8
0330;3
0331;9
0401;6
0402;4
0403;6
0404;10
0405;8
0406;7
0407;9
0408;14
0409;4
0410;8
0411;10
0412;17
0413;10
0414;9
0415;13
0416;3
0417;9
0418;15
0419;12
0420;9
0421;7
0422;8
0423;3
0424;10
0425;4
0426;8
0427;4
0428;9
0429;12
0430;6
0501;8
0502;6
0503;8
0504;11
0505;8
0506;12
0507;7
0508;8
0509;7
0510;10
0511;8
0512;5
0513;12
0514;8
0515;7
0516;3
0517;7
0518;6
0519;7
0520;7
0521;10
0522;7
0523;9
0524;5
0525;5
0526;2
0527;4
0528;6
0529;3
0530;9
0531;2
0601;7
0602;4
0603;9
0604;3
0605;5
0606;7
0607;9
0608;5
0609;9
0610;5
0611;9
0612;6
0613;5
0614;8
0615;4
0616;10
0617;7
0618;8
0619;9
0620;11
0621;10
0622;5
0623;5
0624;3
0625;4
0626;5
0627;5
0628;7
0629;10
0630;8
0701;7
0702;4
0703;4
0704;4
0705;10
0706;5
0707;3
0708;12
0709;10
0710;8
0711;4
0712;6
0713;5
0714;5
0715;3
0716;10
0717;5
0718;7
0719;4
0720;6
0721;3
0722;19
0723;11
0724;10
0725;7
0726;6
0727;6
0728;2
0729;6
0730;3
0731;1
0801;8
0802;8
0803;3
0804;3
0805;5
0806;9
0807;6
0808;8
0809;6
0810;6
0811;10
0812;8
0813;7
0814;8
0815;6
0816;3
0817;4
0818;8
0819;4
0820;7
0821;5
0822;12
0823;4
0824;7
0825;5
0826;8
0827;8
0828;6
0829;6
0830;10
0831;4
0901;6
0902;9
0903;6
0904;13
0905;5
0906;7
0907;7
0908;9
0909;7
0910;4
0911;5
0912;5
0913;4
0914;7
0915;15
0916;10
0917;7
0918;9
0919;5
0920;7
0921;7
0922;7
0923;5
0924;8
0925;8
0926;4
0927;5
0928;4
0929;7
0930;6
1001;7
1002;5
1003;11
1004;7
1005;8
1006;9
1007;10
1008;8
1009;5
1010;4
1011;7
1012;12
1013;7
1014;8
1015;9
1016;4
1017;6
1018;8
1019;8
1020;9
1021;7
1022;3
1023;4
1024;5
1025;5
1026;8
1027;8
1028;7
1029;6
1030;7
1031;5
1101;6
1102;8
1103;14
1104;5
1105;5
1106;7
1107;4
1108;9
1109;4
1110;8
1111;7
1112;3
1113;10
1114;9
1115;9
1116;6
1117;6
1118;6
1119;10
1120;10
1121;11
1122;11
1123;8
1124;4
1125;6
1126;13
1127;19
1128;9
1129;10
1130;7
1201;4
1202;6
1203;7
1204;7
1205;8
1206;7
1207;12
1208;10
1209;10
1210;5
1211;6
1212;6
1213;11
1214;5
1215;3
1216;12
1217;11
1218;7
1219;7
1220;6
1221;10
1222;12
1223;8
1224;9
1225;12
1226;14
1227;12
1228;7
1229;5
1230;8
1231;8
