0101;13
0102;8
0103;8
0104;7
0105;6
0106;8
0107;13
0108;5
0109;7
0110;7
0111;6
0112;11
0113;7
0114;11
0115;11
0116;6
0117;8
0118;8
0119;7
0120;7
0121;8
0122;6
0123;9
0124;11
0125;7
0126;8
0127;9
0128;9
0129;8
0130;6
0131;4
0201;5
0202;11
0203;6
0204;8
0205;12
0206;7
0207;13
0208;10
0209;8
0210;7
0211;5
0212;7
0213;7
0214;11
0215;4
0216;10
0217;10
0218;10
0219;7
0220;9
0221;5
0222;10
0223;5
0224;9
0225;5
0226;9
0227;6
0228;7
0301;9
0302;11
0303;5
0304;5
0305;6
0306;7
0307;2
0308;5
0309;6
0310;10
0311;4
0312;3
0313;11
0314;4
0315;6
0316;3
0317;6
0318;10
0319;3
0320;11
0321;5
0322;10
0323;7
0324;7
0325;7
0326;12
0327;5
0328;5
0329;4
0330;9
0331;7
0401;10
0402;6
0403;4
0404;3
0405;14
0406;5
0407;5
0408;11
0409;8
0410;11
0411;6
0412;12
0413;8
0414;8
0415;4
0416;3
0417;6
0418;4
0419;11
0420;5
0421;6
0422;4
0423;4
0424;5
0425;5
0426;5
0427;9
0428;7
0429;6
0430;11
0501;8
0502;10
0503;9
0504;9
0505;10
0506;11
0507;5
0508;14
0509;3
0510;4
0511;6
0512;4
0513;4
0514;3
0515;3
0516;5
0517;6
0518;3
0519;9
0520;5
0521;10
0522;4
0523;10
0524;8
0525;4
0526;6
0527;8
0528;6
0529;10
0530;5
0531;7
0601;8
0602;3
0603;5
0604;5
0605;7
0606;4
0607;2
0608;5
0609;7
0610;10
0611;9
0612;9
0613;7
0614;5
0615;5
0616;5
0617;6
0618;8
0619;6
0620;6
0621;10
0622;7
0623;4
0624;4
0625;3
0626;6
0627;9
0628;5
0629;11
0630;7
0701;2
0702;6
0703;9
0704;7
0705;7
0706;6
0707;7
0708;3
0709;11
0710;6
0711;2
0712;11
0713;9
0714;5
0715;2
0716;8
0717;8
0718;8
0719;8
0720;5
0721;5
0722;10
0723;8
0724;11
0725;4
0726;11
0727;10
0728;5
0729;5
0730;9
0731;6
0801;6
0802;8
0803;7
0804;6
0805;11
0806;3
0807;3
0808;11
0809;4
0810;7
0811;6
0812;8
0813;8
0814;5
0815;3
0816;7
0817;5
0818;5
0819;3
0820;8
0821;5
0822;4
0823;6
0824;1
0825;12
0826;10
0827;6
0828;7
0829;6
0830;7
0831;8
0901;4
0902;6
0903;3
0904;4
0905;12
0906;8
0907;6
0908;9
0909;5
0910;8
0911;5
0912;3
0913;11
0914;2
0915;5
0916;5
0917;6
0918;6
0919;12
0920;8
0921;7
0922;7
0923;5
0924;10
0925;6
0926;7
0927;6
0928;6
0929;6
0930;8
1001;11
1002;7
1003;6
1004;7
1005;4
1006;8
1007;6
1008;9
1009;5
1010;4
1011;8
1012;7
1013;11
1014;8
1015;5
1016;8
1017;4
1018;5
1019;14
1020;10
1021;2
1022;5
1023;7
1024;5
1025;10
1026;10
1027;5
1028;7
1029;13
1030;9
1031;5
1101;16
1102;5
1103;5
1104;9
1105;2
1106;4
1107;7
1108;7
1109;8
1110;4
1111;5
1112;12
1113;6
1114;2
1115;4
1116;13
1117;7
1118;6
1119;5
1120;5
1121;7
1122;7
1123;6
1124;7
1125;7
1126;4
1127;8
1128;5
1129;9
1130;5
1201;6
1202;8
1203;10
1204;11
1205;10
1206;8
1207;4
1208;4
1209;3
1210;11
1211;8
1212;8
1213;10
1214;5
1215;6
1216;6
1217;6
1218;11
1219;11
1220;9
1221;13
1222;16
1223;12
1224;14
1225;7
1226;8
1227;7
1228;6
1229;11
1230;6
1231;7
