0101;8
0102;6
0103;4
0104;10
0105;10
0106;9
0107;7
0108;10
0109;7
0110;6
0111;11
0112;14
0113;6
0114;4
0115;4
0116;11
0117;13
0118;9
0119;6
0120;13
0121;11
0122;7
0123;2
0124;7
0125;5
0126;6
0127;5
0128;6
0129;4
0130;6
0131;3
0201;7
0202;8
0203;12
0204;6
0205;7
0206;8
0207;5
0208;1
0209;7
0210;2
0211;6
0212;7
0213;5
0214;4
0215;7
0216;6
0217;8
0218;4
0219;5
0220;4
0221;6
0222;6
0223;1
0224;3
0225;4
0226;9
0227;5
0228;4
0301;2
0302;3
0303;2
0304;2
0305;2
0306;5
0307;3
0308;4
0309;9
0311;3
0312;4
0313;5
0314;3
0315;2
0316;3
0317;5
0318;4
0319;5
0320;7
0321;4
0322;3
0323;8
0324;4
0325;3
0326;3
0327;4
0328;4
0329;7
0330;2
0331;8
0401;7
0402;10
0403;3
0404;7
0405;5
0406;4
0407;3
0408;6
0409;8
0410;6
0411;7
0412;4
0413;5
0414;3
0415;5
0416;4
0417;2
0418;9
0419;8
0420;3
0421;10
0422;6
0423;2
0424;3
0425;3
0426;3
0427;2
0428;7
0429;4
0430;4
0501;5
0502;8
0503;5
0504;3
0505;6
0506;4
0507;3
0508;6
0509;8
0510;5
0511;5
0512;3
0513;4
0514;5
0515;3
0516;4
0517;6
0518;5
0519;1
0520;4
0521;6
0522;7
0523;4
0524;1
0525;6
0526;3
0527;2
0528;3
0529;5
0530;2
0531;2
0601;7
0602;7
0603;2
0604;5
0605;4
0606;5
0607;3
0608;2
0609;5
0610;1
0611;4
0612;3
0613;5
0614;6
0615;5
0616;6
0617;1
0618;7
0619;2
0620;2
0621;5
0622;5
0623;3
0624;2
0625;2
0626;4
0627;5
0628;1
0629;3
0630;8
0701;10
0702;6
0703;3
0704;7
0705;3
0706;5
0707;6
0708;2
0709;2
0710;9
0711;6
0712;6
0713;4
0714;8
0715;3
0716;3
0717;5
0718;5
0719;14
0720;5
0721;8
0722;5
0723;7
0724;8
0725;3
0726;5
0727;3
0728;4
0729;2
0730;6
0731;5
0801;5
0802;2
0803;5
0804;5
0805;3
0806;4
0807;2
0808;4
0809;2
0810;5
0811;2
0812;4
0813;5
0814;6
0815;3
0816;8
0817;4
0818;4
0819;4
0820;4
0821;6
0822;3
0823;1
0824;2
0825;3
0826;4
0827;2
0828;7
0829;6
0830;1
0831;2
0901;7
0902;3
0903;4
0904;6
0905;4
0906;3
0907;5
0908;3
0909;5
0910;3
0911;8
0912;4
0913;6
0914;3
0915;3
0916;6
0917;6
0919;4
0920;1
0921;4
0922;4
0923;4
0924;3
0925;3
0926;5
0927;2
0928;5
0929;7
0930;4
1001;4
1002;8
1003;3
1004;2
1005;1
1006;2
1007;2
1008;5
1009;2
1010;6
1011;4
1012;3
1013;4
1014;5
1015;5
1016;2
1017;1
1018;6
1019;3
1020;8
1021;5
1022;4
1023;3
1024;5
1025;4
1026;4
1027;7
1028;2
1029;3
1030;3
1031;3
1102;2
1103;7
1104;5
1105;4
1106;3
1107;6
1108;8
1109;5
1110;5
1111;3
1112;7
1113;3
1114;5
1115;5
1116;5
1117;7
1118;2
1119;3
1120;5
1121;1
1122;4
1123;4
1124;5
1125;8
1126;2
1127;4
1128;3
1129;8
1130;2
1201;9
1202;3
1203;7
1204;6
1205;6
1206;4
1207;6
1208;8
1209;2
1210;5
1211;3
1212;3
1213;3
1214;5
1215;6
1216;2
1217;1
1218;1
1219;7
1220;7
1221;2
1222;5
1223;6
1224;3
1225;6
1226;5
1227;2
1228;2
1229;5
1230;8
1231;5
