0101;12
0102;18
0103;17
0104;16
0105;16
0106;16
0107;12
0108;20
0109;14
0110;16
0111;21
0112;11
0113;12
0114;20
0115;9
0116;13
0117;11
0118;22
0119;11
0120;9
0121;14
0122;17
0123;13
0124;18
0125;13
0126;11
0127;14
0128;14
0129;8
0130;15
0131;13
0201;17
0202;18
0203;17
0204;13
0205;8
0206;13
0207;15
0208;13
0209;8
0210;12
0211;7
0212;14
0213;12
0214;17
0215;17
0216;14
0217;17
0218;11
0219;13
0220;11
0221;12
0222;17
0223;18
0224;16
0225;13
0226;12
0227;9
0228;18
0301;10
0302;11
0303;16
0304;10
0305;9
0306;16
0307;9
0308;5
0309;15
0310;12
0311;14
0312;12
0313;8
0314;15
0315;11
0316;13
0317;11
0318;14
0319;13
0320;18
0321;9
0322;8
0323;8
0324;13
0325;10
0326;9
0327;9
0328;9
0329;9
0330;11
0331;19
0401;15
0402;13
0403;15
0404;9
0405;13
0406;18
0407;14
0408;12
0409;8
0410;11
0411;19
0412;6
0413;12
0414;17
0415;10
0416;10
0417;11
0418;8
0419;15
0420;12
0421;10
0422;14
0423;18
0424;13
0425;12
0426;15
0427;14
0428;10
0429;9
0430;14
0501;11
0502;13
0503;9
0504;14
0505;13
0506;7
0507;13
0508;10
0509;15
0510;11
0511;9
0512;13
0513;9
0514;13
0515;13
0516;13
0517;11
0518;12
0519;11
0520;10
0521;6
0522;11
0523;10
0524;7
0525;13
0526;10
0527;15
0528;4
0529;11
0530;15
0531;13
0601;17
0602;10
0603;8
0604;14
0605;14
0606;10
0607;10
0608;12
0609;12
0610;13
0611;8
0612;11
0613;14
0614;15
0615;9
0616;9
0617;6
0618;10
0619;10
0620;14
0621;13
0622;12
0623;16
0624;15
0625;4
0626;16
0627;8
0628;9
0629;10
0630;12
0701;7
0702;7
0703;11
0704;10
0705;11
0706;14
0707;9
0708;8
0709;12
0710;8
0711;12
0712;11
0713;19
0714;3
0715;14
0716;10
0717;11
0718;11
0719;10
0720;16
0721;9
0722;12
0723;20
0724;12
0725;6
0726;6
0727;6
0728;15
0729;8
0730;13
0731;11
0801;23
0802;11
0803;11
0804;15
0805;15
0806;12
0807;10
0808;9
0809;10
0810;12
0811;14
0812;7
0813;9
0814;8
0815;14
0816;14
0817;15
0818;11
0819;12
0820;11
0821;16
0822;12
0823;7
0824;10
0825;13
0826;10
0827;11
0828;6
0829;7
0830;11
0831;9
0901;7
0902;11
0903;11
0904;11
0905;10
0906;8
0907;8
0908;15
0909;3
0910;7
0911;11
0912;13
0913;6
0914;15
0915;9
0916;13
0917;11
0918;15
0919;13
0920;12
0921;3
0922;11
0923;7
0924;11
0925;8
0926;5
0927;8
0928;5
0929;15
0930;10
1001;12
1002;9
1003;8
1004;16
1005;10
1006;6
1007;12
1008;5
1009;7
1010;15
1011;10
1012;12
1013;11
1014;13
1015;17
1016;13
1017;8
1018;8
1019;13
1020;9
1021;6
1022;4
1023;8
1024;16
1025;13
1026;6
1027;16
1028;7
1029;9
1030;14
1031;9
1101;17
1102;9
1103;13
1104;16
1105;8
1106;9
1107;15
1108;11
1109;9
1110;10
1111;9
1112;12
1113;6
1114;14
1115;7
1116;13
1117;13
1118;5
1119;11
1120;8
1121;8
1122;11
1123;8
1124;10
1125;9
1126;12
1127;7
1128;11
1129;9
1130;8
1201;9
1202;11
1203;13
1204;13
1205;9
1206;12
1207;15
1208;17
1209;19
1210;10
1211;10
1212;12
1213;13
1214;10
1215;13
1216;15
1217;14
1218;8
1219;18
1220;15
1221;12
1222;8
1223;13
1224;9
1225;20
1226;14
1227;14
1228;14
1229;13
1230;10
1231;16
