0101;13
0102;12
0103;20
0104;19
0105;11
0106;22
0107;17
0108;13
0109;14
0110;17
0111;16
0112;17
0113;18
0114;13
0115;14
0116;19
0117;18
0118;9
0119;11
0120;12
0121;14
0122;17
0123;10
0124;12
0125;19
0126;8
0127;13
0128;14
0129;9
0130;16
0131;9
0201;13
0202;12
0203;16
0204;14
0205;15
0206;7
0207;10
0208;15
0209;14
0210;11
0211;12
0212;15
0213;13
0214;12
0215;16
0216;14
0217;7
0218;8
0219;16
0220;5
0221;12
0222;9
0223;11
0224;10
0225;17
0226;10
0227;12
0228;11
0301;9
0302;9
0303;4
0304;15
0305;16
0306;9
0307;11
0308;4
0309;16
0310;10
0311;6
0312;14
0313;11
0314;13
0315;9
0316;5
0317;10
0318;13
0319;10
0320;6
0321;15
0322;10
0323;9
0324;15
0325;14
0326;15
0327;10
0328;12
0329;7
0330;7
0331;8
0401;11
0402;12
0403;10
0404;10
0405;10
0406;15
0407;9
0408;7
0409;12
0410;8
0411;13
0412;10
0413;10
0414;15
0415;11
0416;4
0417;9
0418;5
0419;14
0420;5
0421;12
0422;11
0423;7
0424;9
0425;10
0426;6
0427;9
0428;8
0429;8
0430;15
0501;9
0502;8
0503;12
0504;10
0505;13
0506;9
0507;9
0508;7
0509;8
0510;6
0511;15
0512;12
0513;7
0514;13
0515;8
0516;14
0517;9
0518;5
0519;8
0520;7
0521;11
0522;11
0523;15
0524;8
0525;5
0526;9
0527;7
0528;9
0529;10
0530;13
0531;12
0601;7
0602;13
0603;9
0604;13
0605;8
0606;3
0607;6
0608;6
0609;9
0610;13
0611;9
0612;8
0613;9
0614;7
0615;10
0616;13
0617;10
0618;15
0619;12
0620;7
0621;6
0622;8
0623;11
0624;7
0625;11
0626;10
0627;7
0628;9
0629;12
0630;8
0701;13
0702;7
0703;9
0704;5
0705;7
0706;5
0707;12
0708;6
0709;19
0710;13
0711;9
0712;8
0713;9
0714;13
0715;9
0716;11
0717;5
0718;6
0719;8
0720;8
0721;10
0722;8
0723;15
0724;17
0725;11
0726;14
0727;11
0728;11
0729;6
0730;8
0731;11
0801;11
0802;9
0803;15
0804;11
0805;10
0806;12
0807;15
0808;11
0809;7
0810;11
0811;13
0812;9
0813;17
0814;13
0815;8
0816;4
0817;7
0818;11
0819;9
0820;8
0821;10
0822;7
0823;4
0824;11
0825;6
0826;7
0827;8
0828;10
0829;11
0830;14
0831;9
0901;10
0902;8
0903;15
0904;11
0905;8
0906;9
0907;8
0908;6
0909;6
0910;13
0911;7
0912;12
0913;12
0914;13
0915;4
0916;14
0917;8
0918;11
0919;14
0920;10
0921;7
0922;8
0923;10
0924;7
0925;11
0926;12
0927;5
0928;9
0929;6
0930;9
1001;12
1002;16
1003;10
1004;13
1005;6
1006;8
1007;12
1008;8
1009;14
1010;6
1011;9
1012;6
1013;13
1014;14
1015;13
1016;9
1017;10
1018;16
1019;10
1020;5
1021;7
1022;10
1023;3
1024;17
1025;9
1026;11
1027;11
1028;13
1029;14
1030;10
1031;8
1101;11
1102;6
1103;9
1104;9
1105;11
1106;20
1107;13
1108;11
1109;9
1110;10
1111;9
1112;6
1113;13
1114;9
1115;9
1116;7
1117;14
1118;10
1119;14
1120;6
1121;11
1122;10
1123;8
1124;3
1125;11
1126;17
1127;13
1128;4
1129;13
1130;13
1201;8
1202;12
1203;9
1204;11
1205;9
1206;8
1207;17
1208;13
1209;16
1210;8
1211;16
1212;5
1213;12
1214;10
1215;8
1216;9
1217;14
1218;13
1219;10
1220;10
1221;6
1222;11
1223;15
1224;14
1225;8
1226;14
1227;12
1228;11
1229;16
1230;13
1231;12
