0101;11
0102;17
0103;11
0104;14
0105;16
0106;12
0107;8
0108;17
0109;11
0110;9
0111;11
0112;8
0113;20
0114;11
0115;9
0116;16
0117;15
0118;7
0119;8
0120;16
0121;15
0122;9
0123;8
0124;7
0125;7
0126;4
0127;12
0128;9
0129;12
0130;12
0131;10
0201;11
0202;14
0203;18
0204;11
0205;12
0206;9
0207;9
0208;10
0209;13
0210;8
0211;20
0212;11
0213;10
0214;5
0215;15
0216;11
0217;5
0218;14
0219;7
0220;13
0221;8
0222;10
0223;8
0224;6
0225;13
0226;15
0227;9
0228;7
0301;11
0302;6
0303;11
0304;10
0305;7
0306;10
0307;6
0308;13
0309;9
0310;9
0311;7
0312;8
0313;6
0314;8
0315;9
0316;14
0317;16
0318;6
0319;9
0320;11
0321;10
0322;10
0323;7
0324;5
0325;5
0326;9
0327;5
0328;6
0329;11
0330;11
0331;10
0401;7
0402;15
0403;7
0404;14
0405;9
0406;10
0407;6
0408;12
0409;7
0410;13
0411;7
0412;15
0413;15
0414;5
0415;10
0416;15
0417;6
0418;6
0419;8
0420;4
0421;11
0422;11
0423;11
0424;11
0425;5
0426;10
0427;11
0428;10
0429;12
0430;11
0501;11
0502;11
0503;6
0504;10
0505;8
0506;8
0507;6
0508;10
0509;13
0510;8
0511;11
0512;12
0513;11
0514;11
0515;11
0516;5
0517;7
0518;10
0519;16
0520;15
0521;14
0522;7
0523;8
0524;6
0525;10
0526;9
0527;3
0528;5
0529;6
0530;12
0531;13
0601;11
0602;11
0603;11
0604;10
0605;9
0606;4
0607;13
0608;14
0609;10
0610;10
0611;10
0612;4
0613;6
0614;9
0615;8
0616;6
0617;7
0618;13
0619;8
0620;11
0621;6
0622;10
0623;12
0624;6
0625;7
0626;6
0627;16
0628;10
0629;12
0630;11
0701;12
0702;9
0703;12
0704;4
0705;9
0706;5
0707;6
0708;8
0709;7
0710;11
0711;9
0712;11
0713;11
0714;10
0715;12
0716;10
0717;12
0718;12
0719;9
0720;9
0721;12
0722;11
0723;11
0724;9
0725;8
0726;6
0727;8
0728;7
0729;11
0730;8
0731;10
0801;12
0802;10
0803;7
0804;14
0805;13
0806;13
0807;5
0808;8
0809;9
0810;13
0811;9
0812;9
0813;9
0814;6
0815;13
0816;16
0817;11
0818;7
0819;10
0820;7
0821;12
0822;8
0823;8
0824;5
0825;14
0826;6
0827;10
0828;12
0829;10
0830;6
0831;12
0901;14
0902;10
0903;7
0904;4
0905;11
0906;13
0907;4
0908;9
0909;5
0910;4
0911;14
0912;7
0913;10
0914;6
0915;8
0916;7
0917;10
0918;8
0919;7
0920;9
0921;5
0922;10
0923;8
0924;11
0925;6
0926;9
0927;8
0928;7
0929;16
0930;7
1001;11
1002;8
1003;7
1004;11
1005;7
1006;7
1007;12
1008;9
1009;13
1010;12
1011;8
1012;10
1013;19
1014;11
1015;4
1016;6
1017;7
1018;7
1019;7
1020;8
1021;9
1022;12
1023;12
1024;7
1025;6
1026;17
1027;11
1028;9
1029;14
1030;5
1031;4
1101;9
1102;12
1103;9
1104;10
1105;9
1106;8
1107;6
1108;10
1109;15
1110;12
1111;15
1112;13
1113;9
1114;5
1115;6
1116;10
1117;7
1118;9
1119;11
1120;14
1121;11
1122;12
1123;6
1124;10
1125;8
1126;9
1127;13
1128;5
1129;11
1130;9
1201;6
1202;4
1203;16
1204;7
1205;7
1206;8
1207;8
1208;3
1209;8
1210;1
1211;8
1212;11
1213;7
1214;9
1215;11
1216;10
1217;13
1218;14
1219;15
1220;6
1221;13
1222;8
1223;8
1224;11
1225;13
1226;6
1227;7
1228;9
1229;11
1230;11
1231;11
