0101;4
0102;5
0103;7
0104;7
0105;4
0106;9
0107;14
0108;5
0109;8
0110;6
0111;10
0112;9
0113;7
0114;11
0115;7
0116;6
0117;3
0118;7
0119;7
0120;3
0121;8
0122;7
0123;6
0124;7
0125;4
0126;7
0127;6
0128;11
0129;11
0130;18
0131;8
0201;8
0202;6
0203;10
0204;14
0205;5
0206;10
0207;6
0208;8
0209;12
0210;7
0211;9
0212;8
0213;1
0214;10
0215;6
0216;6
0217;9
0218;10
0219;4
0220;5
0221;7
0222;2
0223;9
0224;6
0225;9
0226;6
0227;5
0228;8
0301;8
0302;6
0303;3
0304;6
0305;7
0306;6
0307;7
0308;6
0309;4
0310;9
0311;4
0312;7
0313;4
0314;9
0315;3
0316;5
0317;5
0318;4
0319;4
0320;7
0321;3
0322;2
0323;4
0324;2
0325;8
0326;6
0327;8
0328;8
0329;6
0330;6
0331;8
0401;6
0402;8
0403;5
0404;3
0405;1
0406;4
0407;4
0408;7
0409;7
0410;3
0411;2
0412;5
0413;4
0414;10
0415;2
0416;6
0417;5
0418;2
0419;5
0420;5
0421;9
0422;9
0423;5
0424;7
0425;5
0426;4
0427;7
0428;8
0429;3
0430;6
0501;2
0502;8
0503;4
0504;4
0505;3
0506;3
0507;5
0508;9
0509;4
0510;8
0511;2
0512;8
0513;3
0514;5
0515;1
0516;6
0517;2
0518;4
0519;4
0520;5
0521;9
0522;6
0523;6
0524;3
0525;4
0526;5
0527;4
0528;2
0529;3
0530;4
0531;5
0601;6
0602;9
0603;6
0605;5
0606;6
0607;4
0608;6
0609;2
0610;3
0611;7
0612;3
0613;4
0614;4
0615;4
0616;4
0617;7
0618;2
0619;3
0620;1
0621;5
0622;3
0623;5
0624;5
0625;3
0626;7
0627;3
0628;7
0629;2
0630;6
0701;5
0702;5
0703;2
0704;5
0705;6
0706;1
0707;4
0708;5
0709;4
0710;5
0711;3
0712;4
0713;5
0714;4
0715;2
0716;7
0717;7
0718;9
0719;3
0720;2
0721;6
0722;8
0723;3
0724;11
0725;8
0726;3
0727;1
0728;8
0729;4
0730;5
0731;5
0801;5
0802;3
0803;6
0804;1
0805;5
0806;5
0807;7
0808;3
0809;3
0810;3
0811;3
0812;3
0813;4
0814;3
0815;4
0816;2
0817;3
0818;5
0819;8
0820;2
0821;9
0822;1
0823;5
0824;1
0825;5
0826;7
0827;4
0828;5
0829;7
0830;9
0831;3
0901;7
0902;3
0903;6
0904;5
0905;1
0906;4
0907;8
0908;2
0909;3
0910;10
0911;4
0912;3
0913;9
0914;4
0915;10
0916;3
0917;6
0918;2
0919;5
0920;3
0921;6
0922;4
0923;4
0924;3
0925;2
0926;6
0927;6
0928;5
0929;4
0930;4
1001;1
1002;7
1003;5
1004;6
1005;3
1006;3
1007;2
1008;3
1009;4
1010;4
1011;3
1012;5
1013;11
1014;4
1015;8
1016;6
1017;7
1018;7
1019;2
1020;3
1021;5
1022;9
1023;3
1024;3
1025;4
1026;9
1027;5
1028;4
1029;4
1030;6
1031;4
1101;5
1102;8
1103;7
1104;3
1105;4
1106;2
1107;8
1108;6
1109;13
1110;8
1111;6
1112;5
1113;3
1114;2
1115;7
1116;7
1117;9
1118;13
1119;9
1120;8
1121;7
1122;3
1123;9
1124;3
1125;6
1126;10
1127;4
1128;7
1129;6
1130;5
1201;4
1202;3
1203;2
1204;5
1205;10
1206;9
1207;6
1208;3
1209;6
1210;6
1211;8
1212;3
1213;7
1214;5
1215;3
1216;9
1217;9
1218;4
1219;4
1220;5
1221;6
1222;7
1223;15
1224;5
1225;6
1226;9
1227;5
1228;11
1229;11
1230;5
1231;6
