0101;11
0102;14
0103;9
0104;8
0105;11
0106;10
0107;11
0108;13
0109;10
0110;10
0111;17
0112;5
0113;10
0114;11
0115;7
0116;10
0117;10
0118;9
0119;10
0120;8
0121;8
0122;14
0123;8
0124;4
0125;12
0126;16
0127;9
0128;7
0129;10
0130;10
0131;5
0201;8
0202;12
0203;13
0204;6
0205;10
0206;9
0207;10
0208;8
0209;10
0210;5
0211;5
0212;11
0213;10
0214;11
0215;4
0216;11
0217;7
0218;7
0219;9
0220;7
0221;4
0222;11
0223;9
0224;12
0225;10
0226;9
0227;6
0228;9
0301;8
0302;4
0303;9
0304;12
0305;10
0306;6
0307;11
0308;13
0309;9
0310;10
0311;6
0312;5
0313;12
0314;8
0315;9
0316;8
0317;5
0318;8
0319;9
0320;12
0321;8
0322;8
0323;8
0324;8
0325;4
0326;8
0327;6
0328;10
0329;12
0330;2
0331;10
0401;7
0402;10
0403;10
0404;6
0405;8
0406;8
0407;7
0408;6
0409;10
0410;6
0411;5
0412;8
0413;9
0414;6
0415;7
0416;12
0417;10
0418;7
0419;12
0420;4
0421;7
0422;9
0423;6
0424;6
0425;6
0426;10
0427;6
0428;8
0429;7
0430;7
0501;7
0502;8
0503;9
0504;10
0505;6
0506;10
0507;7
0508;12
0509;17
0510;3
0511;8
0512;9
0513;7
0514;8
0515;8
0516;9
0517;7
0518;9
0519;8
0520;8
0521;12
0522;7
0523;8
0524;9
0525;7
0526;7
0527;5
0528;14
0529;2
0530;9
0531;7
0601;10
0602;7
0603;4
0604;8
0605;7
0606;6
0607;12
0608;3
0609;9
0610;9
0611;8
0612;8
0613;6
0614;7
0615;8
0616;7
0617;7
0618;5
0619;4
0620;9
0621;8
0622;10
0623;4
0624;12
0625;6
0626;17
0627;10
0628;3
0629;13
0630;11
0701;9
0702;6
0703;6
0704;5
0705;7
0706;7
0707;7
0708;8
0709;11
0710;7
0711;8
0712;11
0713;4
0714;9
0715;10
0716;10
0717;7
0718;9
0719;7
0720;7
0721;9
0722;13
0723;7
0724;8
0725;11
0726;8
0727;13
0728;8
0729;9
0730;11
0731;9
0801;8
0802;7
0803;18
0804;9
0805;8
0806;9
0807;6
0808;8
0809;9
0810;9
0811;8
0812;7
0813;8
0814;3
0815;8
0816;9
0817;9
0818;7
0819;7
0820;6
0821;8
0822;5
0823;6
0824;4
0825;12
0826;4
0827;7
0828;11
0829;4
0830;9
0831;4
0901;6
0902;5
0903;5
0904;12
0905;4
0906;6
0907;6
0908;4
0909;8
0910;10
0911;10
0912;7
0913;4
0914;7
0915;10
0916;7
0917;11
0918;4
0919;4
0920;8
0921;13
0922;9
0923;7
0924;8
0925;4
0926;5
0927;9
0928;7
0929;8
0930;10
1001;9
1002;8
1003;7
1004;11
1005;6
1006;13
1007;8
1008;13
1009;13
1010;11
1011;5
1012;8
1013;14
1014;11
1015;10
1016;7
1017;8
1018;9
1019;6
1020;4
1021;13
1022;9
1023;10
1024;7
1025;12
1026;6
1027;11
1028;18
1029;9
1030;7
1031;8
1101;9
1102;10
1103;7
1104;7
1105;11
1106;5
1107;3
1108;12
1109;7
1110;10
1111;11
1112;9
1113;11
1114;10
1115;7
1116;12
1117;8
1118;9
1119;8
1120;11
1121;5
1122;7
1123;6
1124;12
1125;6
1126;4
1127;8
1128;9
1129;10
1130;3
1201;9
1202;5
1203;7
1204;11
1205;8
1206;8
1207;10
1208;11
1209;9
1210;7
1211;11
1212;6
1213;8
1214;9
1215;5
1216;7
1217;9
1218;5
1219;12
1220;9
1221;11
1222;7
1223;11
1224;11
1225;12
1226;17
1227;12
1228;6
1229;9
1230;10
1231;12
