0101;9
0102;4
0103;8
0104;7
0105;7
0106;6
0107;9
0108;6
0109;7
0110;4
0111;1
0112;12
0113;5
0114;3
0115;6
0116;6
0117;6
0118;4
0119;8
0120;7
0121;6
0122;5
0123;7
0124;8
0125;9
0126;9
0127;8
0128;9
0129;5
0130;6
0131;5
0201;7
0202;7
0203;5
0204;2
0205;5
0206;5
0207;3
0208;5
0209;8
0210;5
0212;12
0213;3
0214;5
0215;7
0216;9
0217;6
0218;6
0219;6
0220;9
0221;4
0222;3
0223;5
0224;7
0225;5
0226;4
0227;9
0228;3
0301;8
0302;4
0303;4
0304;5
0305;4
0306;4
0307;3
0308;5
0309;6
0310;6
0311;5
0312;2
0313;5
0314;7
0315;4
0316;8
0317;6
0318;10
0319;3
0320;9
0321;8
0322;7
0323;6
0324;3
0325;4
0326;5
0327;5
0328;7
0329;2
0330;4
0331;3
0401;6
0402;2
0403;8
0404;7
0405;1
0406;7
0407;5
0408;9
0409;3
0411;2
0412;10
0413;5
0414;7
0415;3
0416;1
0417;3
0418;4
0419;1
0420;3
0421;3
0422;9
0423;7
0424;5
0425;6
0426;6
0427;7
0428;3
0429;11
0430;4
0501;3
0502;4
0503;4
0504;2
0505;8
0506;5
0507;2
0508;6
0509;1
0510;7
0511;7
0512;8
0513;4
0514;2
0515;5
0516;4
0518;4
0519;3
0520;5
0521;6
0522;4
0523;5
0524;3
0525;3
0526;2
0527;1
0528;5
0529;5
0530;1
0531;4
0601;6
0602;8
0603;3
0604;4
0605;3
0606;4
0607;8
0608;5
0609;2
0610;5
0611;4
0612;2
0613;4
0614;3
0615;8
0616;5
0617;6
0618;4
0619;3
0620;3
0621;4
0622;4
0623;2
0624;6
0625;3
0626;7
0627;8
0628;8
0629;9
0630;3
0701;4
0702;10
0703;5
0704;4
0706;7
0707;3
0708;5
0709;2
0710;4
0711;3
0712;5
0713;4
0714;4
0715;6
0716;9
0717;4
0718;5
0719;2
0720;5
0721;10
0722;1
0723;7
0724;4
0725;2
0726;5
0727;1
0728;5
0729;2
0730;5
0731;7
0801;4
0802;6
0803;9
0804;5
0805;10
0806;5
0807;3
0808;3
0809;3
0810;7
0811;4
0812;3
0813;1
0814;7
0815;5
0816;6
0817;5
0818;4
0819;5
0820;8
0821;2
0822;2
0823;7
0824;7
0825;7
0826;5
0827;4
0828;4
0829;5
0830;4
0831;3
0901;5
0902;6
0903;7
0904;4
0905;4
0906;3
0907;6
0908;3
0909;3
0910;4
0911;11
0912;3
0913;2
0914;5
0915;5
0916;4
0918;5
0919;3
0920;4
0921;3
0922;4
0923;4
0924;3
0925;9
0926;6
0927;5
0928;5
0929;3
0930;4
1001;5
1002;4
1003;9
1004;4
1006;5
1007;4
1008;4
1009;1
1010;3
1011;3
1012;4
1013;6
1014;4
1015;2
1016;3
1017;4
1019;6
1020;7
1021;1
1022;9
1023;3
1024;1
1025;8
1026;5
1027;8
1028;2
1029;6
1030;5
1031;8
1101;3
1102;10
1103;1
1104;5
1105;5
1106;5
1107;6
1108;2
1109;5
1110;2
1111;2
1112;6
1113;7
1114;4
1115;4
1116;4
1117;4
1118;10
1119;5
1120;6
1121;8
1122;4
1123;2
1124;8
1125;6
1126;5
1127;8
1128;7
1129;8
1130;6
1201;6
1202;6
1203;10
1204;6
1205;1
1206;10
1207;5
1208;7
1209;9
1210;5
1211;2
1212;3
1213;6
1214;5
1215;5
1216;2
1217;8
1218;12
1219;6
1220;1
1221;9
1222;9
1223;4
1224;6
1225;5
1226;11
1227;6
1228;3
1229;7
1230;8
1231;4
