0101;9
0102;3
0103;2
0104;3
0105;1
0106;2
0107;3
0108;5
0109;3
0110;1
0111;5
0112;2
0113;2
0114;4
0115;2
0116;2
0117;2
0118;8
0119;3
0120;2
0121;1
0122;3
0123;3
0124;6
0125;3
0126;5
0127;1
0128;5
0129;6
0130;2
0131;2
0201;2
0202;2
0203;3
0204;1
0205;3
0206;3
0207;5
0208;2
0209;3
0210;2
0211;2
0212;4
0213;4
0214;3
0215;2
0216;1
0217;2
0218;1
0219;2
0220;4
0221;4
0222;3
0223;1
0225;3
0226;1
0228;1
0301;2
0302;4
0303;3
0304;4
0306;4
0307;1
0308;3
0309;1
0310;3
0311;1
0312;3
0313;1
0314;1
0315;3
0316;2
0317;1
0318;2
0319;3
0321;3
0322;2
0323;3
0324;1
0327;2
0328;2
0329;4
0330;4
0401;1
0402;1
0403;1
0404;2
0406;1
0408;2
0409;4
0410;4
0411;3
0412;3
0415;3
0417;4
0419;3
0420;3
0421;1
0422;2
0423;2
0424;1
0425;3
0426;1
0427;2
0428;1
0429;2
0430;2
0501;5
0502;1
0505;3
0506;2
0507;2
0508;2
0509;3
0510;1
0511;3
0512;1
0514;3
0515;3
0516;1
0517;3
0518;3
0519;3
0520;3
0521;1
0522;1
0523;1
0524;1
0526;6
0527;4
0528;5
0529;4
0530;3
0531;2
0601;1
0602;2
0603;3
0604;1
0605;3
0606;1
0607;1
0608;5
0609;2
0610;1
0611;2
0613;1
0614;1
0615;2
0617;4
0619;4
0621;1
0622;4
0623;1
0625;1
0626;6
0627;2
0628;1
0629;2
0630;2
0701;5
0702;2
0704;2
0705;1
0706;4
0707;1
0708;2
0709;3
0710;1
0711;2
0713;1
0714;1
0715;2
0716;3
0717;3
0718;1
0719;5
0720;1
0721;3
0722;2
0723;1
0724;1
0725;3
0726;5
0727;2
0728;2
0730;2
0731;3
0801;5
0803;1
0805;3
0807;1
0808;2
0809;1
0810;1
0811;3
0812;1
0813;1
0814;3
0815;2
0816;2
0817;2
0818;1
0819;1
0820;1
0821;2
0822;3
0823;2
0824;1
0825;6
0827;1
0828;3
0829;1
0830;6
0831;2
0901;2
0902;3
0903;1
0904;3
0905;2
0906;2
0907;1
0908;2
0910;3
0911;1
0912;1
0913;3
0914;5
0915;2
0916;2
0917;1
0918;3
0920;2
0921;2
0922;2
0923;1
0924;1
0925;3
0926;2
0927;3
0928;2
0929;5
0930;3
1002;2
1003;2
1004;2
1006;6
1007;5
1008;1
1009;2
1010;1
1011;4
1012;2
1013;3
1014;4
1015;1
1017;4
1018;2
1019;6
1020;3
1021;4
1022;1
1023;1
1024;2
1025;2
1027;1
1028;4
1029;4
1030;3
1031;1
1101;4
1102;2
1103;1
1104;1
1105;5
1106;5
1107;2
1108;2
1109;1
1110;2
1111;5
1112;3
1114;2
1116;2
1117;1
1119;1
1120;1
1121;2
1122;4
1124;3
1125;3
1126;3
1127;1
1129;1
1130;3
1201;4
1202;2
1203;2
1204;3
1205;1
1206;2
1207;2
1209;3
1210;3
1212;1
1213;2
1215;3
1216;3
1217;1
1218;2
1220;3
1221;3
1223;1
1225;3
1226;1
1227;3
1228;4
1229;3
1230;4
