0101;9
0102;12
0103;8
0104;12
0105;3
0106;7
0107;8
0108;10
0109;9
0110;7
0111;9
0112;10
0113;6
0114;3
0115;5
0116;3
0117;10
0118;9
0119;4
0120;8
0121;9
0122;9
0123;10
0124;8
0125;9
0126;6
0127;4
0128;5
0129;5
0130;9
0131;4
0201;4
0202;9
0203;4
0204;9
0205;5
0206;7
0207;2
0208;5
0209;8
0210;2
0211;8
0212;6
0213;6
0214;9
0215;4
0216;3
0217;6
0218;10
0219;2
0220;11
0221;4
0222;6
0223;7
0224;4
0225;4
0226;7
0227;4
0228;10
0301;6
0302;8
0303;9
0304;4
0305;4
0306;5
0307;3
0308;6
0309;9
0310;5
0311;7
0312;4
0313;4
0314;6
0315;5
0316;10
0317;3
0318;5
0319;6
0320;4
0321;5
0322;4
0323;7
0324;3
0325;2
0326;6
0327;5
0328;4
0329;6
0330;7
0331;2
0401;7
0402;7
0403;12
0404;9
0405;6
0407;5
0408;5
0409;2
0410;9
0411;6
0412;6
0413;11
0414;8
0415;2
0416;6
0417;6
0418;8
0419;6
0420;3
0421;5
0422;5
0423;9
0424;8
0425;5
0426;3
0427;5
0428;7
0429;7
0430;5
0501;7
0502;7
0503;6
0504;2
0505;4
0506;8
0507;9
0508;3
0509;5
0510;2
0511;6
0512;2
0513;6
0514;4
0515;4
0516;4
0517;1
0518;5
0519;7
0520;7
0521;6
0522;2
0523;11
0524;6
0525;3
0526;4
0527;6
0528;4
0529;7
0530;5
0531;5
0601;6
0602;3
0603;2
0604;7
0605;4
0606;6
0607;13
0608;4
0609;4
0610;4
0611;4
0612;8
0613;6
0614;3
0615;8
0616;7
0617;6
0618;3
0619;5
0620;4
0621;4
0622;7
0623;3
0624;6
0625;7
0626;6
0627;6
0628;8
0629;4
0630;10
0701;1
0702;4
0703;7
0704;3
0705;6
0706;4
0707;4
0708;5
0709;5
0710;10
0711;3
0712;4
0713;5
0714;3
0715;3
0716;4
0717;3
0718;9
0719;3
0720;8
0721;4
0722;7
0723;7
0724;8
0725;5
0726;3
0727;4
0728;7
0729;4
0730;8
0731;1
0801;10
0802;2
0803;7
0804;7
0805;5
0806;3
0807;5
0808;7
0809;5
0810;2
0811;2
0812;5
0813;4
0814;1
0815;4
0816;7
0817;3
0818;7
0819;4
0820;2
0821;5
0822;7
0823;5
0824;2
0825;3
0826;7
0827;8
0828;6
0829;2
0830;3
0831;1
0901;2
0902;10
0903;8
0904;2
0905;10
0906;3
0907;1
0908;2
0909;8
0910;9
0911;6
0912;7
0913;3
0914;3
0915;5
0916;2
0917;5
0918;2
0919;4
0920;4
0921;5
0922;5
0923;8
0924;4
0925;2
0926;6
0927;7
0928;6
0929;5
0930;4
1001;6
1002;4
1003;9
1004;5
1005;4
1006;5
1007;6
1008;3
1009;5
1010;7
1011;8
1012;4
1013;3
1014;4
1015;2
1016;7
1017;1
1018;8
1019;5
1020;2
1021;2
1022;4
1023;7
1024;7
1025;8
1026;7
1027;3
1028;15
1029;5
1030;2
1031;4
1101;4
1102;12
1103;2
1104;5
1105;9
1106;5
1107;5
1108;5
1109;3
1110;4
1111;1
1112;6
1113;4
1114;3
1115;1
1116;7
1117;7
1118;3
1119;3
1120;7
1121;4
1122;5
1123;5
1124;7
1125;9
1126;7
1127;5
1128;7
1129;4
1130;6
1201;3
1202;5
1203;6
1204;6
1205;7
1206;3
1207;9
1208;3
1209;5
1210;7
1211;7
1212;7
1213;4
1214;7
1215;1
1216;5
1217;5
1218;4
1219;5
1220;8
1221;5
1222;9
1223;7
1224;4
1225;4
1226;11
1227;6
1228;9
1229;7
1230;10
1231;10
