0101;37
0102;52
0103;47
0104;58
0105;41
0106;36
0107;42
0108;55
0109;39
0110;60
0111;35
0112;42
0113;53
0114;45
0115;45
0116;57
0117;60
0118;39
0119;44
0120;55
0121;44
0122;42
0123;40
0124;45
0125;38
0126;49
0127;46
0128;30
0129;43
0130;37
0131;49
0201;38
0202;42
0203;49
0204;27
0205;27
0206;38
0207;32
0208;37
0209;36
0210;32
0211;32
0212;35
0213;39
0214;45
0215;37
0216;37
0217;32
0218;39
0219;41
0220;41
0221;31
0222;35
0223;39
0224;32
0225;39
0226;34
0227;42
0228;33
0301;41
0302;31
0303;29
0304;33
0305;32
0306;44
0307;36
0308;35
0309;32
0310;42
0311;32
0312;37
0313;35
0314;34
0315;31
0316;43
0317;39
0318;33
0319;37
0320;39
0321;36
0322;35
0323;34
0324;34
0325;27
0326;39
0327;32
0328;36
0329;41
0330;29
0331;30
0401;32
0402;32
0403;27
0404;34
0405;34
0406;42
0407;43
0408;24
0409;23
0410;31
0411;53
0412;51
0413;41
0414;33
0415;29
0416;34
0417;40
0418;37
0419;35
0420;35
0421;37
0422;26
0423;36
0424;30
0425;34
0426;29
0427;41
0428;31
0429;30
0430;32
0501;36
0502;35
0503;33
0504;29
0505;25
0506;26
0507;31
0508;31
0509;37
0510;34
0511;25
0512;33
0513;29
0514;32
0515;38
0516;30
0517;28
0518;32
0519;39
0520;34
0521;23
0522;38
0523;26
0524;26
0525;28
0526;24
0527;31
0528;30
0529;25
0530;30
0531;24
0601;33
0602;27
0603;32
0604;24
0605;29
0606;45
0607;28
0608;34
0609;34
0610;44
0611;29
0612;33
0613;29
0614;23
0615;39
0616;34
0617;32
0618;36
0619;31
0620;29
0621;31
0622;25
0623;18
0624;41
0625;36
0626;39
0627;43
0628;29
0629;36
0630;34
0701;31
0702;30
0703;26
0704;25
0705;25
0706;35
0707;28
0708;28
0709;34
0710;38
0711;38
0712;42
0713;23
0714;32
0715;33
0716;35
0717;32
0718;26
0719;21
0720;27
0721;27
0722;43
0723;37
0724;31
0725;28
0726;23
0727;42
0728;39
0729;35
0730;33
0731;26
0801;22
0802;30
0803;36
0804;40
0805;35
0806;38
0807;33
0808;27
0809;33
0810;28
0811;30
0812;29
0813;37
0814;35
0815;28
0816;35
0817;26
0818;36
0819;27
0820;31
0821;39
0822;33
0823;30
0824;49
0825;31
0826;31
0827;26
0828;34
0829;22
0830;28
0831;27
0901;14
0902;27
0903;19
0904;31
0905;31
0906;28
0907;30
0908;24
0909;29
0910;31
0911;33
0912;29
0913;21
0914;37
0915;44
0916;43
0917;31
0918;29
0919;29
0920;27
0921;40
0922;43
0923;30
0924;28
0925;24
0926;37
0927;31
0928;23
0929;25
0930;26
1001;35
1002;38
1003;44
1004;35
1005;34
1006;28
1007;26
1008;19
1009;42
1010;45
1011;44
1012;33
1013;36
1014;30
1015;34
1016;53
1017;50
1018;32
1019;34
1020;31
1021;26
1022;38
1023;43
1024;33
1025;39
1026;34
1027;29
1028;37
1029;28
1030;30
1031;38
1101;21
1102;36
1103;42
1104;28
1105;34
1106;28
1107;30
1108;31
1109;34
1110;36
1111;25
1112;36
1113;26
1114;30
1115;39
1116;38
1117;27
1118;38
1119;32
1120;39
1121;40
1122;27
1123;27
1124;31
1125;38
1126;31
1127;50
1128;38
1129;28
1130;28
1201;35
1202;40
1203;42
1204;41
1205;33
1206;47
1207;34
1208;34
1209;31
1210;28
1211;33
1212;40
1213;36
1214;39
1215;39
1216;31
1217;36
1218;34
1219;42
1220;41
1221;29
1222;44
1223;45
1224;35
1225;39
1226;45
1227;40
1228;29
1229;33
1230;44
1231;35
