0101;10
0102;6
0103;8
0104;6
0105;9
0106;8
0107;9
0108;11
0109;5
0110;10
0111;6
0112;4
0113;10
0114;8
0115;6
0116;5
0117;10
0118;8
0119;6
0120;10
0121;4
0122;8
0123;4
0124;4
0125;4
0126;10
0127;6
0128;3
0129;7
0130;5
0131;5
0201;3
0202;3
0203;5
0204;1
0205;7
0206;6
0207;3
0208;6
0209;5
0210;11
0211;8
0212;9
0213;8
0214;5
0215;4
0216;4
0217;5
0218;5
0219;4
0220;6
0221;7
0222;7
0223;7
0224;3
0225;2
0226;5
0227;6
0228;5
0301;7
0302;4
0303;5
0304;2
0305;6
0306;8
0307;10
0308;4
0309;4
0310;7
0311;4
0312;4
0313;5
0314;5
0315;7
0316;2
0317;4
0318;6
0319;5
0320;6
0321;6
0322;5
0323;6
0324;3
0325;6
0326;6
0327;7
0328;6
0329;2
0330;7
0331;2
0401;6
0402;13
0403;7
0404;6
0405;7
0406;4
0407;1
0408;3
0409;7
0410;7
0411;3
0412;6
0413;9
0414;2
0415;8
0416;3
0417;3
0418;9
0419;3
0420;5
0421;4
0422;7
0423;10
0424;3
0425;4
0426;5
0427;5
0428;8
0429;5
0430;7
0501;7
0502;8
0503;8
0504;8
0505;4
0506;1
0507;7
0508;4
0509;5
0510;8
0511;4
0512;6
0513;3
0514;5
0515;7
0516;3
0517;8
0518;4
0519;7
0520;4
0521;8
0522;4
0523;7
0524;4
0525;6
0526;1
0527;1
0528;6
0529;4
0530;2
0531;4
0601;5
0602;7
0603;7
0604;7
0605;8
0606;4
0607;5
0608;3
0609;7
0610;3
0611;1
0612;8
0613;2
0614;6
0615;5
0616;5
0617;3
0618;4
0619;4
0620;3
0621;6
0622;3
0623;7
0624;5
0625;6
0626;5
0627;2
0628;7
0629;4
0630;5
0701;2
0702;5
0703;2
0704;5
0705;3
0706;7
0707;3
0708;8
0709;2
0710;3
0711;4
0712;6
0713;6
0714;5
0715;7
0716;9
0717;4
0718;7
0719;9
0720;4
0721;9
0722;6
0723;6
0724;7
0725;3
0726;11
0727;2
0728;9
0729;8
0730;3
0731;8
0801;9
0802;6
0803;5
0804;3
0805;6
0806;5
0807;7
0808;7
0809;8
0810;8
0811;2
0812;2
0813;10
0814;4
0815;4
0816;2
0817;1
0818;4
0819;2
0820;10
0821;2
0822;4
0823;5
0824;2
0825;7
0826;5
0827;6
0828;5
0829;4
0830;3
0831;8
0901;2
0902;2
0903;7
0904;7
0905;8
0906;3
0907;5
0908;6
0909;6
0910;6
0911;3
0912;2
0913;4
0914;4
0915;5
0916;6
0917;5
0918;3
0919;5
0920;6
0921;2
0922;11
0923;4
0924;4
0925;6
0926;7
0927;3
0928;4
0929;8
0930;6
1001;2
1002;11
1003;3
1004;3
1005;5
1006;4
1007;6
1008;2
1009;5
1010;7
1011;7
1012;7
1013;4
1014;7
1015;6
1016;3
1017;5
1018;2
1019;1
1020;9
1021;6
1022;6
1023;5
1024;4
1025;4
1026;5
1027;4
1028;5
1029;8
1030;10
1031;10
1101;7
1102;8
1103;6
1104;3
1105;5
1106;5
1107;3
1108;6
1109;5
1110;5
1111;2
1112;2
1113;8
1114;7
1115;8
1116;4
1117;6
1118;4
1119;5
1120;5
1121;3
1122;3
1123;5
1124;15
1125;8
1126;4
1127;7
1128;7
1129;7
1130;5
1201;5
1202;3
1203;3
1204;9
1205;5
1206;5
1207;3
1208;10
1209;7
1210;6
1211;11
1212;9
1213;7
1214;4
1215;5
1216;5
1217;3
1218;1
1219;8
1220;2
1221;2
1222;5
1223;4
1224;13
1225;10
1226;7
1227;3
1228;7
1229;7
1230;7
1231;9
