0101;12
0102;21
0103;18
0104;24
0105;25
0106;20
0107;11
0108;13
0109;14
0110;20
0111;18
0112;17
0113;25
0114;14
0115;18
0116;25
0117;13
0118;16
0119;14
0120;11
0121;12
0122;16
0123;15
0124;7
0125;19
0126;19
0127;15
0128;10
0129;10
0130;13
0131;14
0201;14
0202;13
0203;19
0204;18
0205;14
0206;17
0207;14
0208;13
0209;15
0210;14
0211;12
0212;12
0213;10
0214;11
0215;8
0216;13
0217;13
0218;15
0219;14
0220;19
0221;10
0222;11
0223;15
0224;20
0225;9
0226;10
0227;17
0228;12
0301;12
0302;10
0303;10
0304;21
0305;19
0306;12
0307;13
0308;19
0309;23
0310;14
0311;22
0312;16
0313;21
0314;16
0315;11
0316;9
0317;17
0318;10
0319;13
0320;11
0321;20
0322;24
0323;12
0324;11
0325;8
0326;14
0327;6
0328;17
0329;23
0330;21
0331;11
0401;10
0402;17
0403;14
0404;18
0405;11
0406;11
0407;7
0408;11
0409;21
0410;10
0411;20
0412;14
0413;11
0414;14
0415;11
0416;10
0417;17
0418;16
0419;13
0420;10
0421;14
0422;14
0423;15
0424;13
0425;13
0426;17
0427;8
0428;14
0429;12
0430;11
0501;5
0502;16
0503;21
0504;6
0505;22
0506;14
0507;15
0508;20
0509;16
0510;8
0511;16
0512;16
0513;11
0514;12
0515;10
0516;14
0517;11
0518;11
0519;14
0520;8
0521;10
0522;14
0523;8
0524;9
0525;13
0526;12
0527;11
0528;15
0529;11
0530;20
0531;13
0601;11
0602;17
0603;13
0604;14
0605;4
0606;13
0607;20
0608;9
0609;10
0610;18
0611;11
0612;8
0613;10
0614;16
0615;5
0616;11
0617;27
0618;14
0619;13
0620;10
0621;13
0622;9
0623;14
0624;18
0625;13
0626;18
0627;16
0628;8
0629;14
0630;13
0701;14
0702;15
0703;19
0704;10
0705;8
0706;7
0707;14
0708;9
0709;8
0710;10
0711;14
0712;7
0713;13
0714;13
0715;15
0716;10
0717;8
0718;13
0719;15
0720;12
0721;7
0722;19
0723;19
0724;19
0725;14
0726;11
0727;14
0728;10
0729;11
0730;15
0731;18
0801;8
0802;15
0803;15
0804;18
0805;22
0806;16
0807;11
0808;9
0809;12
0810;14
0811;16
0812;14
0813;9
0814;19
0815;12
0816;16
0817;12
0818;8
0819;9
0820;10
0821;7
0822;12
0823;7
0824;12
0825;14
0826;16
0827;11
0828;7
0829;10
0830;12
0831;10
0901;8
0902;16
0903;20
0904;10
0905;10
0906;14
0907;15
0908;5
0909;7
0910;14
0911;7
0912;7
0913;12
0914;9
0915;10
0916;14
0917;10
0918;13
0919;11
0920;14
0921;12
0922;8
0923;10
0924;11
0925;9
0926;13
0927;9
0928;12
0929;11
0930;14
1001;15
1002;9
1003;20
1004;10
1005;14
1006;15
1007;15
1008;4
1009;15
1010;15
1011;18
1012;14
1013;20
1014;12
1015;9
1016;11
1017;9
1018;12
1019;10
1020;9
1021;15
1022;8
1023;12
1024;17
1025;8
1026;13
1027;13
1028;11
1029;15
1030;11
1031;10
1101;14
1102;14
1103;9
1104;9
1105;17
1106;14
1107;12
1108;12
1109;20
1110;13
1111;24
1112;20
1113;14
1114;13
1115;17
1116;3
1117;11
1118;9
1119;15
1120;12
1121;14
1122;20
1123;13
1124;13
1125;12
1126;12
1127;9
1128;16
1129;14
1130;16
1201;15
1202;16
1203;13
1204;11
1205;12
1206;11
1207;14
1208;19
1209;16
1210;13
1211;9
1212;18
1213;14
1214;16
1215;15
1216;7
1217;17
1218;18
1219;17
1220;17
1221;15
1222;16
1223;12
1224;17
1225;16
1226;18
1227;22
1228;18
1229;10
1230;14
1231;15
