0101;38
0102;36
0103;24
0104;32
0105;25
0106;26
0107;15
0108;31
0109;27
0110;32
0111;22
0112;29
0113;24
0114;32
0115;39
0116;21
0117;24
0118;34
0119;25
0120;20
0121;27
0122;24
0123;34
0124;17
0125;25
0126;23
0127;22
0128;18
0129;20
0130;32
0131;26
0201;25
0202;28
0203;25
0204;25
0205;26
0206;19
0207;19
0208;27
0209;34
0210;34
0211;12
0212;22
0213;23
0214;30
0215;18
0216;22
0217;33
0218;18
0219;21
0220;19
0221;26
0222;29
0223;28
0224;19
0225;22
0226;12
0227;13
0228;18
0301;12
0302;23
0303;21
0304;18
0305;27
0306;30
0307;22
0308;19
0309;26
0310;20
0311;20
0312;30
0313;21
0314;21
0315;22
0316;19
0317;27
0318;20
0319;24
0320;22
0321;18
0322;32
0323;21
0324;25
0325;14
0326;16
0327;11
0328;22
0329;18
0330;20
0331;30
0401;18
0402;17
0403;24
0404;23
0405;25
0406;20
0407;24
0408;23
0409;20
0410;23
0411;23
0412;20
0413;19
0414;14
0415;22
0416;26
0417;23
0418;17
0419;27
0420;24
0421;30
0422;20
0423;22
0424;20
0425;13
0426;23
0427;25
0428;21
0429;16
0430;21
0501;16
0502;26
0503;18
0504;27
0505;19
0506;14
0507;22
0508;23
0509;24
0510;25
0511;14
0512;24
0513;12
0514;21
0515;17
0516;21
0517;14
0518;24
0519;23
0520;24
0521;24
0522;17
0523;19
0524;17
0525;8
0526;20
0527;13
0528;18
0529;13
0530;19
0531;18
0601;13
0602;18
0603;24
0604;19
0605;22
0606;16
0607;21
0608;27
0609;23
0610;22
0611;19
0612;17
0613;17
0614;24
0615;23
0616;16
0617;19
0618;23
0619;18
0620;26
0621;16
0622;18
0623;8
0624;21
0625;33
0626;18
0627;19
0628;21
0629;22
0630;19
0701;20
0702;24
0703;16
0704;24
0705;27
0706;21
0707;16
0708;13
0709;20
0710;16
0711;17
0712;23
0713;19
0714;17
0715;24
0716;27
0717;28
0718;21
0719;19
0720;21
0721;20
0722;33
0723;18
0724;20
0725;26
0726;23
0727;23
0728;16
0729;18
0730;23
0731;21
0801;32
0802;20
0803;20
0804;30
0805;24
0806;26
0807;14
0808;16
0809;11
0810;14
0811;19
0812;24
0813;27
0814;21
0815;17
0816;18
0817;23
0818;16
0819;21
0820;30
0821;26
0822;18
0823;18
0824;21
0825;18
0826;18
0827;23
0828;10
0829;11
0830;22
0831;14
0901;22
0902;20
0903;24
0904;15
0905;18
0906;23
0907;12
0908;16
0909;22
0910;20
0911;17
0912;19
0913;16
0914;14
0915;25
0916;13
0917;23
0918;21
0919;22
0920;21
0921;23
0922;28
0923;11
0924;26
0925;22
0926;18
0927;25
0928;13
0929;27
0930;33
1001;31
1002;16
1003;24
1004;22
1005;28
1006;19
1007;10
1008;14
1009;19
1010;17
1011;20
1012;28
1013;26
1014;13
1015;29
1016;18
1017;17
1018;20
1019;35
1020;18
1021;11
1022;26
1023;26
1024;22
1025;21
1026;14
1027;24
1028;22
1029;30
1030;19
1031;13
1101;16
1102;16
1103;12
1104;20
1105;29
1106;26
1107;21
1108;29
1109;18
1110;19
1111;23
1112;23
1113;17
1114;24
1115;27
1116;16
1117;18
1118;27
1119;20
1120;12
1121;20
1122;20
1123;21
1124;20
1125;21
1126;25
1127;28
1128;41
1129;17
1130;15
1201;21
1202;21
1203;20
1204;19
1205;21
1206;20
1207;22
1208;24
1209;21
1210;30
1211;27
1212;24
1213;13
1214;33
1215;23
1216;17
1217;30
1218;26
1219;18
1220;28
1221;23
1222;20
1223;18
1224;28
1225;21
1226;35
1227;27
1228;26
1229;22
1230;21
1231;19
