0101;23
0102;32
0103;21
0104;26
0105;42
0106;31
0107;30
0108;30
0109;28
0110;26
0111;35
0112;31
0113;36
0114;29
0115;34
0116;26
0117;42
0118;28
0119;32
0120;30
0121;23
0122;30
0123;39
0124;27
0125;28
0126;27
0127;34
0128;32
0129;26
0130;29
0131;21
0201;26
0202;26
0203;34
0204;27
0205;28
0206;24
0207;25
0208;25
0209;24
0210;26
0211;18
0212;19
0213;21
0214;16
0215;27
0216;19
0217;25
0218;25
0219;24
0220;23
0221;22
0222;27
0223;20
0224;27
0225;16
0226;21
0227;22
0228;25
0301;20
0302;23
0303;15
0304;23
0305;20
0306;19
0307;22
0308;15
0309;25
0310;17
0311;23
0312;25
0313;24
0314;30
0315;15
0316;20
0317;16
0318;20
0319;24
0320;18
0321;12
0322;29
0323;21
0324;23
0325;15
0326;23
0327;27
0328;21
0329;18
0330;15
0331;22
0401;23
0402;26
0403;26
0404;14
0405;20
0406;20
0407;23
0408;24
0409;19
0410;18
0411;19
0412;19
0413;26
0414;20
0415;16
0416;17
0417;23
0418;25
0419;23
0420;24
0421;23
0422;22
0423;17
0424;12
0425;29
0426;25
0427;24
0428;29
0429;21
0430;28
0501;18
0502;29
0503;24
0504;25
0505;23
0506;22
0507;19
0508;23
0509;23
0510;23
0511;17
0512;27
0513;23
0514;24
0515;21
0516;22
0517;19
0518;17
0519;25
0520;16
0521;17
0522;16
0523;25
0524;18
0525;20
0526;19
0527;13
0528;17
0529;25
0530;21
0531;30
0601;19
0602;25
0603;20
0604;24
0605;21
0606;27
0607;21
0608;16
0609;29
0610;29
0611;18
0612;22
0613;14
0614;21
0615;20
0616;21
0617;21
0618;29
0619;13
0620;26
0621;14
0622;21
0623;23
0624;16
0625;21
0626;28
0627;26
0628;18
0629;18
0630;14
0701;22
0702;18
0703;29
0704;28
0705;21
0706;23
0707;20
0708;22
0709;22
0710;28
0711;25
0712;29
0713;25
0714;15
0715;28
0716;29
0717;28
0718;21
0719;29
0720;22
0721;22
0722;18
0723;31
0724;20
0725;19
0726;17
0727;21
0728;18
0729;18
0730;22
0731;18
0801;20
0802;22
0803;24
0804;25
0805;19
0806;31
0807;34
0808;21
0809;16
0810;28
0811;22
0812;21
0813;21
0814;20
0815;24
0816;25
0817;22
0818;22
0819;26
0820;17
0821;24
0822;20
0823;23
0824;26
0825;29
0826;31
0827;17
0828;18
0829;21
0830;18
0831;24
0901;18
0902;22
0903;11
0904;22
0905;10
0906;19
0907;15
0908;27
0909;21
0910;7
0911;17
0912;15
0913;20
0914;22
0915;27
0916;22
0917;20
0918;20
0919;17
0920;22
0921;17
0922;28
0923;25
0924;18
0925;23
0926;22
0927;22
0928;21
0929;16
0930;19
1001;18
1002;22
1003;20
1004;12
1005;12
1006;22
1007;19
1008;15
1009;21
1010;24
1011;20
1012;30
1013;22
1014;30
1015;22
1016;23
1017;29
1018;13
1019;15
1020;13
1021;20
1022;23
1023;18
1024;19
1025;18
1026;19
1027;16
1028;20
1029;17
1030;21
1031;23
1101;18
1102;26
1103;26
1104;27
1105;22
1106;21
1107;22
1108;17
1109;23
1110;22
1111;23
1112;19
1113;23
1114;32
1115;19
1116;19
1117;32
1118;17
1119;30
1120;23
1121;28
1122;21
1123;27
1124;25
1125;18
1126;26
1127;15
1128;20
1129;20
1130;21
1201;21
1202;20
1203;29
1204;33
1205;25
1206;30
1207;28
1208;21
1209;18
1210;38
1211;25
1212;23
1213;22
1214;23
1215;22
1216;20
1217;26
1218;36
1219;29
1220;32
1221;25
1222;19
1223;25
1224;24
1225;30
1226;25
1227;22
1228;31
1229;21
1230;28
1231;27
