0101;14
0102;12
0103;19
0104;17
0105;23
0106;26
0107;12
0108;20
0109;19
0110;29
0111;12
0112;13
0113;19
0114;19
0115;16
0116;17
0117;18
0118;20
0119;20
0120;22
0121;16
0122;24
0123;20
0124;15
0125;16
0126;26
0127;12
0128;21
0129;18
0130;16
0131;14
0201;16
0202;18
0203;10
0204;16
0205;16
0206;7
0207;8
0208;10
0209;14
0210;15
0211;15
0212;15
0213;11
0214;12
0215;18
0216;11
0217;12
0218;12
0219;9
0220;12
0221;17
0222;12
0223;7
0224;12
0225;9
0226;9
0227;13
0228;13
0301;10
0302;12
0303;16
0304;14
0305;7
0306;15
0307;6
0308;15
0309;15
0310;8
0311;15
0312;10
0313;10
0314;8
0315;9
0316;12
0317;17
0318;14
0319;14
0320;7
0321;13
0322;11
0323;7
0324;7
0325;8
0326;14
0327;17
0328;14
0329;13
0330;5
0331;10
0401;15
0402;11
0403;19
0404;13
0405;10
0406;10
0407;11
0408;18
0409;9
0410;13
0411;15
0412;15
0413;11
0414;7
0415;12
0416;10
0417;12
0418;12
0419;14
0420;14
0421;12
0422;8
0423;22
0424;13
0425;10
0426;6
0427;20
0428;10
0429;11
0430;10
0501;7
0502;21
0503;12
0504;14
0505;18
0506;14
0507;14
0508;8
0509;17
0510;11
0511;6
0512;10
0513;9
0514;15
0515;14
0516;7
0517;13
0518;18
0519;13
0520;17
0521;13
0522;10
0523;5
0524;9
0525;15
0526;11
0527;10
0528;15
0529;8
0530;6
0531;11
0601;7
0602;14
0603;12
0604;13
0605;13
0606;10
0607;9
0608;14
0609;7
0610;4
0611;13
0612;13
0613;15
0614;12
0615;13
0616;12
0617;14
0618;12
0619;12
0620;11
0621;12
0622;14
0623;11
0624;18
0625;10
0626;15
0627;13
0628;11
0629;10
0630;7
0701;21
0702;12
0703;8
0704;11
0705;15
0706;9
0707;16
0708;10
0709;9
0710;15
0711;9
0712;14
0713;12
0714;14
0715;13
0716;16
0717;15
0718;18
0719;11
0720;15
0721;8
0722;12
0723;10
0724;16
0725;18
0726;17
0727;10
0728;7
0729;7
0730;9
0731;8
0801;9
0802;13
0803;14
0804;13
0805;13
0806;14
0807;13
0808;8
0809;10
0810;13
0811;8
0812;10
0813;7
0814;12
0815;8
0816;10
0817;17
0818;7
0819;10
0820;6
0821;15
0822;12
0823;9
0824;12
0825;11
0826;11
0827;14
0828;5
0829;7
0830;10
0831;12
0901;14
0902;9
0903;12
0904;9
0905;12
0906;8
0907;15
0908;14
0909;7
0910;16
0911;14
0912;15
0913;13
0914;6
0915;14
0916;15
0917;10
0918;11
0919;10
0920;13
0921;12
0922;11
0923;12
0924;11
0925;10
0926;12
0927;10
0928;16
0929;11
0930;9
1001;14
1002;17
1003;12
1004;6
1005;15
1006;20
1007;7
1008;11
1009;7
1010;11
1011;11
1012;10
1013;19
1014;11
1015;13
1016;9
1017;13
1018;9
1019;13
1020;16
1021;12
1022;12
1023;9
1024;9
1025;15
1026;8
1027;14
1028;14
1029;12
1030;11
1031;18
1101;11
1102;15
1103;11
1104;9
1105;20
1106;16
1107;8
1108;15
1109;13
1110;5
1111;12
1112;14
1113;8
1114;16
1115;15
1116;19
1117;10
1118;9
1119;15
1120;12
1121;17
1122;16
1123;17
1124;16
1125;13
1126;19
1127;12
1128;14
1129;9
1130;13
1201;10
1202;12
1203;10
1204;15
1205;15
1206;13
1207;13
1208;19
1209;13
1210;13
1211;13
1212;6
1213;18
1214;16
1215;22
1216;14
1217;14
1218;8
1219;9
1220;17
1221;11
1222;14
1223;11
1224;15
1225;11
1226;16
1227;15
1228;13
1229;19
1230;16
1231;25
