0101;12
0102;10
0103;14
0104;12
0105;18
0106;11
0107;18
0108;12
0109;14
0110;13
0111;14
0112;13
0113;15
0114;13
0115;9
0116;14
0117;11
0118;10
0119;9
0120;12
0121;9
0122;15
0123;11
0124;14
0125;14
0126;9
0127;8
0128;11
0129;15
0130;21
0131;15
0201;13
0202;8
0203;11
0204;15
0205;10
0206;10
0207;16
0208;11
0209;10
0210;11
0211;12
0212;5
0213;12
0214;15
0215;11
0216;11
0217;13
0218;16
0219;6
0220;8
0221;9
0222;14
0223;10
0224;7
0225;13
0226;6
0227;16
0228;8
0301;19
0302;12
0303;4
0304;10
0305;12
0306;14
0307;11
0308;15
0309;15
0310;7
0311;16
0312;6
0313;10
0314;11
0315;16
0316;12
0317;7
0318;7
0319;9
0320;11
0321;6
0322;14
0323;10
0324;8
0325;17
0326;11
0327;8
0328;8
0329;17
0330;8
0331;15
0401;15
0402;11
0403;8
0404;8
0405;6
0406;10
0407;11
0408;9
0409;9
0410;8
0411;13
0412;9
0413;9
0414;14
0415;18
0416;10
0417;14
0418;15
0419;9
0420;9
0421;15
0422;8
0423;16
0424;11
0425;9
0426;13
0427;14
0428;16
0429;9
0430;12
0501;11
0502;11
0503;10
0504;10
0505;9
0506;21
0507;12
0508;14
0509;8
0510;13
0511;11
0512;11
0513;4
0514;11
0515;10
0516;4
0517;7
0518;10
0519;10
0520;4
0521;8
0522;16
0523;8
0524;12
0525;12
0526;11
0527;13
0528;11
0529;13
0530;12
0531;9
0601;12
0602;7
0603;8
0604;9
0605;6
0606;7
0607;17
0608;15
0609;9
0610;9
0611;7
0612;6
0613;10
0614;8
0615;11
0616;10
0617;11
0618;6
0619;8
0620;14
0621;6
0622;9
0623;9
0624;10
0625;13
0626;11
0627;4
0628;9
0629;5
0630;12
0701;8
0702;9
0703;7
0704;9
0705;11
0706;8
0707;11
0708;7
0709;7
0710;11
0711;5
0712;14
0713;17
0714;12
0715;8
0716;17
0717;4
0718;7
0719;12
0720;4
0721;16
0722;17
0723;14
0724;9
0725;13
0726;5
0727;5
0728;10
0729;8
0730;10
0731;13
0801;11
0802;10
0803;15
0804;11
0805;14
0806;6
0807;7
0808;10
0809;7
0810;10
0811;8
0812;8
0813;12
0814;5
0815;12
0816;9
0817;8
0818;7
0819;9
0820;11
0821;8
0822;11
0823;10
0824;7
0825;7
0826;6
0827;8
0828;12
0829;9
0830;4
0831;9
0901;12
0902;11
0903;12
0904;10
0905;13
0906;8
0907;9
0908;6
0909;7
0910;9
0911;5
0912;10
0913;16
0914;12
0915;5
0916;10
0917;6
0918;5
0919;9
0920;10
0921;12
0922;8
0923;9
0924;10
0925;8
0926;11
0927;12
0928;8
0929;9
0930;8
1001;7
1002;11
1003;9
1004;10
1005;4
1006;7
1007;14
1008;11
1009;8
1010;7
1011;14
1012;15
1013;12
1014;9
1015;14
1016;8
1017;5
1018;8
1019;12
1020;11
1021;13
1022;10
1023;10
1024;8
1025;11
1026;12
1027;6
1028;10
1029;8
1030;13
1031;8
1101;11
1102;9
1103;6
1104;11
1105;11
1106;5
1107;15
1108;8
1109;15
1110;11
1111;4
1112;6
1113;14
1114;7
1115;10
1116;15
1117;11
1118;8
1119;15
1120;15
1121;11
1122;12
1123;9
1124;6
1125;10
1126;8
1127;10
1128;13
1129;17
1130;9
1201;8
1202;15
1203;11
1204;8
1205;8
1206;9
1207;6
1208;9
1209;14
1210;9
1211;7
1212;14
1213;12
1214;6
1215;8
1216;8
1217;9
1218;8
1219;12
1220;15
1221;4
1222;18
1223;9
1224;7
1225;13
1226;7
1227;17
1228;10
1229;11
1230;10
1231;12
