0101;33
0102;17
0103;30
0104;34
0105;22
0106;22
0107;21
0108;26
0109;29
0110;26
0111;14
0112;24
0113;15
0114;23
0115;20
0116;21
0117;19
0118;30
0119;19
0120;24
0121;17
0122;23
0123;30
0124;29
0125;25
0126;23
0127;21
0128;24
0129;17
0130;15
0131;23
0201;23
0202;17
0203;25
0204;23
0205;24
0206;17
0207;24
0208;24
0209;20
0210;22
0211;23
0212;21
0213;19
0214;24
0215;35
0216;15
0217;26
0218;12
0219;24
0220;22
0221;22
0222;18
0223;16
0224;11
0225;11
0226;17
0227;25
0228;29
0301;24
0302;19
0303;24
0304;19
0305;26
0306;22
0307;13
0308;26
0309;16
0310;10
0311;19
0312;23
0313;18
0314;20
0315;14
0316;16
0317;25
0318;17
0319;20
0320;18
0321;22
0322;8
0323;27
0324;25
0325;22
0326;30
0327;19
0328;23
0329;16
0330;19
0331;17
0401;26
0402;14
0403;16
0404;21
0405;16
0406;28
0407;12
0408;24
0409;12
0410;27
0411;21
0412;17
0413;20
0414;22
0415;17
0416;20
0417;18
0418;17
0419;21
0420;17
0421;11
0422;22
0423;12
0424;16
0425;21
0426;15
0427;23
0428;13
0429;18
0430;21
0501;19
0502;24
0503;11
0504;15
0505;16
0506;27
0507;20
0508;18
0509;16
0510;22
0511;23
0512;15
0513;20
0514;20
0515;11
0516;21
0517;11
0518;12
0519;16
0520;17
0521;20
0522;20
0523;25
0524;17
0525;20
0526;15
0527;14
0528;15
0529;20
0530;17
0531;21
0601;14
0602;13
0603;18
0604;23
0605;15
0606;20
0607;15
0608;22
0609;12
0610;22
0611;13
0612;21
0613;17
0614;14
0615;21
0616;19
0617;23
0618;16
0619;22
0620;20
0621;22
0622;21
0623;20
0624;12
0625;15
0626;26
0627;25
0628;20
0629;14
0630;9
0701;18
0702;18
0703;13
0704;18
0705;11
0706;21
0707;20
0708;23
0709;15
0710;13
0711;14
0712;28
0713;18
0714;18
0715;18
0716;29
0717;13
0718;20
0719;28
0720;11
0721;18
0722;19
0723;17
0724;19
0725;16
0726;15
0727;23
0728;16
0729;12
0730;13
0731;23
0801;18
0802;17
0803;22
0804;35
0805;26
0806;25
0807;16
0808;16
0809;10
0810;16
0811;18
0812;15
0813;23
0814;20
0815;27
0816;13
0817;7
0818;7
0819;14
0820;14
0821;13
0822;23
0823;18
0824;13
0825;14
0826;22
0827;18
0828;11
0829;16
0830;18
0831;17
0901;14
0902;13
0903;14
0904;18
0905;22
0906;14
0907;14
0908;19
0909;20
0910;19
0911;21
0912;18
0913;16
0914;30
0915;16
0916;24
0917;28
0918;13
0919;14
0920;29
0921;18
0922;26
0923;13
0924;15
0925;21
0926;23
0927;13
0928;18
0929;24
0930;22
1001;26
1002;21
1003;23
1004;22
1005;16
1006;21
1007;17
1008;19
1009;15
1010;20
1011;18
1012;20
1013;29
1014;29
1015;20
1016;20
1017;21
1018;22
1019;23
1020;20
1021;13
1022;24
1023;21
1024;23
1025;28
1026;16
1027;16
1028;19
1029;22
1030;19
1031;18
1101;22
1102;22
1103;25
1104;23
1105;18
1106;14
1107;25
1108;18
1109;28
1110;30
1111;25
1112;24
1113;20
1114;23
1115;21
1116;12
1117;17
1118;16
1119;15
1120;27
1121;19
1122;26
1123;24
1124;26
1125;23
1126;26
1127;14
1128;20
1129;29
1130;19
1201;18
1202;26
1203;27
1204;26
1205;29
1206;22
1207;21
1208;21
1209;23
1210;29
1211;16
1212;26
1213;18
1214;21
1215;20
1216;27
1217;25
1218;30
1219;18
1220;19
1221;21
1222;21
1223;35
1224;24
1225;28
1226;23
1227;24
1228;27
1229;21
1230;26
1231;28
