0101;22
0102;43
0103;40
0104;44
0105;38
0106;46
0107;30
0108;39
0109;30
0110;30
0111;41
0112;36
0113;39
0114;36
0115;30
0116;42
0117;35
0118;35
0119;26
0120;34
0121;33
0122;24
0123;23
0124;26
0125;26
0126;37
0127;31
0128;32
0129;25
0130;47
0131;26
0201;24
0202;36
0203;33
0204;24
0205;37
0206;21
0207;25
0208;22
0209;40
0210;27
0211;22
0212;17
0213;36
0214;32
0215;29
0216;29
0217;33
0218;23
0219;32
0220;35
0221;25
0222;18
0223;27
0224;38
0225;26
0226;35
0227;17
0228;32
0301;32
0302;31
0303;24
0304;22
0305;28
0306;21
0307;33
0308;25
0309;27
0310;30
0311;30
0312;31
0313;22
0314;27
0315;25
0316;43
0317;22
0318;23
0319;24
0320;38
0321;32
0322;27
0323;37
0324;32
0325;17
0326;24
0327;30
0328;24
0329;30
0330;16
0331;25
0401;29
0402;25
0403;23
0404;23
0405;29
0406;31
0407;28
0408;37
0409;27
0410;26
0411;33
0412;29
0413;40
0414;23
0415;21
0416;24
0417;35
0418;27
0419;28
0420;23
0421;20
0422;15
0423;35
0424;34
0425;26
0426;21
0427;17
0428;24
0429;20
0430;28
0501;25
0502;31
0503;24
0504;26
0505;24
0506;20
0507;30
0508;28
0509;25
0510;24
0511;30
0512;23
0513;20
0514;22
0515;24
0516;22
0517;18
0518;22
0519;21
0520;35
0521;27
0522;25
0523;24
0524;26
0525;28
0526;20
0527;22
0528;22
0529;36
0530;21
0531;33
0601;44
0602;27
0603;18
0604;23
0605;30
0606;20
0607;21
0608;21
0609;22
0610;22
0611;29
0612;22
0613;13
0614;29
0615;27
0616;29
0617;25
0618;36
0619;29
0620;31
0621;31
0622;26
0623;29
0624;21
0625;17
0626;28
0627;28
0628;18
0629;24
0630;22
0701;21
0702;16
0703;16
0704;21
0705;27
0706;28
0707;23
0708;20
0709;23
0710;26
0711;20
0712;19
0713;29
0714;23
0715;45
0716;31
0717;19
0718;21
0719;26
0720;23
0721;36
0722;34
0723;26
0724;17
0725;25
0726;27
0727;28
0728;31
0729;21
0730;28
0731;25
0801;19
0802;35
0803;36
0804;41
0805;36
0806;24
0807;21
0808;20
0809;22
0810;24
0811;21
0812;34
0813;21
0814;16
0815;28
0816;22
0817;28
0818;17
0819;19
0820;16
0821;10
0822;28
0823;25
0824;14
0825;26
0826;26
0827;15
0828;19
0829;33
0830;35
0831;21
0901;19
0902;21
0903;23
0904;26
0905;21
0906;15
0907;24
0908;20
0909;17
0910;23
0911;25
0912;23
0913;29
0914;19
0915;25
0916;23
0917;30
0918;20
0919;24
0920;28
0921;20
0922;27
0923;34
0924;21
0925;16
0926;32
0927;30
0928;27
0929;36
0930;29
1001;28
1002;29
1003;22
1004;20
1005;22
1006;21
1007;34
1008;24
1009;27
1010;34
1011;32
1012;35
1013;27
1014;28
1015;33
1016;35
1017;33
1018;24
1019;26
1020;23
1021;20
1022;35
1023;22
1024;27
1025;24
1026;28
1027;25
1028;30
1029;34
1030;20
1031;30
1101;23
1102;25
1103;33
1104;23
1105;28
1106;30
1107;26
1108;31
1109;20
1110;30
1111;33
1112;17
1113;31
1114;22
1115;23
1116;23
1117;26
1118;28
1119;24
1120;28
1121;28
1122;25
1123;22
1124;20
1125;25
1126;22
1127;29
1128;32
1129;31
1130;24
1201;31
1202;32
1203;27
1204;21
1205;20
1206;25
1207;27
1208;28
1209;30
1210;30
1211;24
1212;23
1213;28
1214;36
1215;28
1216;34
1217;33
1218;36
1219;41
1220;23
1221;27
1222;49
1223;30
1224;31
1225;29
1226;28
1227;37
1228;38
1229;26
1230;26
1231;28
