0101;9
0103;7
0104;5
0105;5
0106;5
0107;7
0108;5
0109;5
0110;2
0111;7
0112;7
0113;11
0114;8
0115;7
0116;4
0117;4
0118;4
0119;8
0120;4
0121;4
0122;6
0123;5
0124;9
0125;7
0126;8
0127;8
0128;9
0129;4
0130;5
0131;1
0201;8
0202;10
0203;7
0204;7
0205;5
0206;8
0207;12
0208;4
0209;3
0210;2
0211;7
0212;6
0213;7
0214;3
0215;4
0216;6
0217;5
0218;12
0219;5
0220;6
0221;7
0222;7
0223;6
0224;8
0225;7
0226;2
0227;4
0228;2
0301;9
0302;8
0303;3
0304;7
0305;8
0306;5
0307;4
0308;7
0309;6
0310;12
0311;8
0312;6
0313;4
0314;4
0315;5
0316;9
0317;9
0318;6
0319;3
0320;6
0321;7
0322;8
0323;5
0324;7
0325;12
0326;9
0327;4
0328;7
0329;6
0330;8
0331;6
0401;8
0402;7
0403;4
0404;2
0405;9
0406;9
0407;9
0408;5
0409;5
0410;4
0411;3
0412;7
0413;6
0414;8
0415;8
0416;8
0417;7
0418;6
0419;11
0420;7
0421;5
0422;5
0423;9
0424;1
0425;11
0426;8
0427;7
0428;4
0429;8
0430;4
0501;6
0502;4
0503;5
0504;4
0505;14
0506;5
0507;6
0508;6
0509;7
0510;6
0511;7
0512;7
0513;1
0514;8
0515;5
0516;3
0517;7
0518;3
0519;10
0520;3
0521;13
0522;7
0523;6
0524;12
0525;5
0526;4
0527;5
0528;6
0529;5
0530;8
0531;8
0601;3
0602;6
0603;8
0604;6
0605;5
0606;1
0607;10
0608;5
0609;2
0610;6
0611;4
0612;9
0613;14
0614;9
0615;5
0616;6
0617;4
0618;12
0619;5
0620;7
0621;6
0622;8
0623;10
0624;4
0625;6
0626;4
0627;8
0628;5
0629;2
0630;9
0701;12
0702;6
0703;7
0704;9
0705;10
0706;14
0707;7
0708;4
0709;3
0710;12
0711;7
0712;8
0713;5
0714;5
0715;11
0716;7
0717;2
0718;13
0719;5
0720;5
0721;8
0722;5
0723;5
0724;7
0725;11
0726;6
0727;4
0728;6
0729;9
0730;8
0731;16
0801;7
0802;5
0803;6
0804;11
0805;10
0806;9
0807;10
0808;7
0809;10
0810;4
0811;3
0812;3
0813;6
0814;10
0815;2
0816;2
0817;8
0818;6
0819;6
0820;8
0821;6
0822;13
0823;5
0824;8
0825;4
0826;8
0827;3
0828;4
0829;7
0830;8
0831;5
0901;3
0902;9
0903;9
0904;2
0905;7
0906;3
0907;13
0908;9
0909;10
0910;8
0911;2
0912;5
0913;5
0914;4
0916;2
0917;11
0918;5
0919;6
0920;10
0921;5
0922;8
0923;6
0924;6
0925;8
0926;3
0927;11
0928;3
0929;10
0930;10
1001;12
1002;5
1003;15
1004;9
1005;6
1006;4
1007;9
1008;9
1009;5
1010;9
1011;9
1012;9
1013;6
1014;6
1015;7
1016;9
1017;14
1018;11
1019;11
1020;6
1021;4
1022;4
1023;3
1024;5
1025;8
1026;9
1027;8
1028;4
1029;7
1030;8
1031;8
1101;11
1102;7
1103;8
1104;2
1105;5
1106;12
1107;7
1108;5
1109;13
1110;6
1111;6
1112;3
1113;9
1114;3
1115;6
1116;5
1117;2
1118;3
1119;4
1120;9
1121;12
1122;7
1123;6
1124;10
1125;5
1126;7
1127;5
1128;7
1129;4
1130;9
1201;7
1202;3
1203;3
1204;12
1205;10
1206;3
1207;5
1208;6
1209;7
1210;7
1211;3
1212;5
1213;7
1214;9
1215;6
1216;3
1217;9
1218;5
1219;5
1220;5
1221;5
1222;7
1223;7
1224;6
1225;3
1226;4
1227;6
1228;4
1229;11
1230;3
1231;9
