0101;15
0102;11
0103;12
0104;14
0105;15
0106;14
0107;15
0108;22
0109;11
0110;16
0111;15
0112;8
0113;11
0114;18
0115;21
0116;16
0117;17
0118;21
0119;19
0120;9
0121;9
0122;17
0123;8
0124;13
0125;17
0126;16
0127;13
0128;16
0129;8
0130;10
0131;17
0201;7
0202;16
0203;14
0204;13
0205;9
0206;13
0207;21
0208;11
0209;17
0210;14
0211;15
0212;15
0213;10
0214;26
0215;12
0216;6
0217;10
0218;13
0219;10
0220;20
0221;18
0222;15
0223;22
0224;11
0225;15
0226;19
0227;10
0228;21
0301;18
0302;21
0303;14
0304;14
0305;16
0306;15
0307;15
0308;21
0309;13
0310;13
0311;20
0312;13
0313;26
0314;16
0315;23
0316;18
0317;14
0318;14
0319;17
0320;11
0321;14
0322;11
0323;20
0324;24
0325;13
0326;22
0327;15
0328;22
0329;22
0330;14
0331;13
0401;15
0402;11
0403;12
0404;8
0405;18
0406;16
0407;21
0408;15
0409;14
0410;12
0411;13
0412;22
0413;14
0414;11
0415;9
0416;12
0417;16
0418;15
0419;11
0420;7
0421;13
0422;14
0423;12
0424;14
0425;11
0426;13
0427;15
0428;14
0429;20
0430;10
0501;12
0502;10
0503;8
0504;10
0505;10
0506;16
0507;6
0508;8
0509;15
0510;12
0511;12
0512;16
0513;10
0514;10
0515;6
0516;16
0517;16
0518;16
0519;12
0520;17
0521;17
0522;19
0523;9
0524;14
0525;15
0526;17
0527;12
0528;14
0529;12
0530;8
0531;12
0601;10
0602;8
0603;20
0604;15
0605;15
0606;12
0607;13
0608;15
0609;10
0610;12
0611;11
0612;7
0613;16
0614;13
0615;9
0616;11
0617;9
0618;12
0619;9
0620;6
0621;12
0622;8
0623;7
0624;10
0625;13
0626;8
0627;17
0628;5
0629;11
0630;12
0701;7
0702;14
0703;10
0704;11
0705;10
0706;14
0707;8
0708;19
0709;6
0710;15
0711;8
0712;8
0713;11
0714;10
0715;10
0716;10
0717;12
0718;16
0719;15
0720;15
0721;10
0722;16
0723;11
0724;8
0725;9
0726;8
0727;16
0728;9
0729;12
0730;2
0731;14
0801;12
0802;13
0803;14
0804;9
0805;16
0806;11
0807;12
0808;10
0809;7
0810;10
0811;11
0812;6
0813;9
0814;13
0815;15
0816;13
0817;11
0818;12
0819;9
0820;10
0821;8
0822;11
0823;8
0824;17
0825;12
0826;7
0827;8
0828;6
0829;7
0830;10
0831;9
0901;15
0902;12
0903;9
0904;4
0905;9
0906;14
0907;10
0908;12
0909;6
0910;9
0911;8
0912;8
0913;9
0914;15
0915;16
0916;12
0917;11
0918;12
0919;9
0920;11
0921;9
0922;13
0923;6
0924;12
0925;13
0926;9
0927;8
0928;11
0929;8
0930;14
1001;19
1002;20
1003;12
1004;18
1005;3
1006;5
1007;11
1008;9
1009;6
1010;16
1011;10
1012;12
1013;13
1014;10
1015;5
1016;13
1017;8
1018;11
1019;11
1020;12
1021;8
1022;12
1023;13
1024;14
1025;8
1026;14
1027;7
1028;14
1029;14
1030;12
1031;9
1101;11
1102;17
1103;22
1104;23
1105;14
1106;14
1107;17
1108;7
1109;8
1110;14
1111;17
1112;11
1113;18
1114;15
1115;6
1116;9
1117;10
1118;19
1119;12
1120;14
1121;15
1122;17
1123;12
1124;16
1125;17
1126;14
1127;11
1128;13
1129;8
1130;14
1201;12
1202;15
1203;12
1204;11
1205;15
1206;13
1207;8
1208;15
1209;7
1210;16
1211;16
1212;8
1213;10
1214;11
1215;14
1216;14
1217;14
1218;10
1219;12
1220;13
1221;14
1222;9
1223;16
1224;17
1225;10
1226;13
1227;14
1228;13
1229;16
1230;16
1231;16
