0101;8
0102;11
0103;5
0104;6
0105;6
0106;4
0107;5
0108;11
0109;3
0110;6
0111;4
0112;5
0113;6
0114;8
0115;7
0116;2
0117;11
0118;2
0119;4
0120;5
0121;6
0122;4
0123;5
0124;6
0125;4
0126;8
0127;6
0128;9
0129;3
0130;3
0131;4
0201;5
0202;3
0203;2
0204;5
0205;3
0206;3
0207;4
0208;6
0209;9
0210;1
0211;9
0212;6
0213;4
0215;7
0216;4
0217;2
0218;8
0219;7
0220;4
0221;4
0222;7
0223;1
0224;4
0225;3
0226;3
0227;4
0228;4
0301;4
0302;4
0303;6
0304;6
0305;4
0306;2
0307;4
0308;3
0309;1
0310;3
0311;5
0312;6
0313;5
0314;2
0315;3
0316;3
0317;2
0318;3
0319;7
0320;9
0321;4
0322;8
0323;6
0324;3
0325;7
0326;6
0327;6
0328;4
0329;8
0330;3
0331;2
0401;4
0402;6
0403;8
0404;4
0405;4
0406;6
0407;7
0408;6
0409;3
0410;1
0411;2
0412;4
0413;5
0414;2
0415;4
0416;4
0417;1
0418;8
0419;6
0420;3
0421;3
0422;3
0423;5
0424;5
0425;6
0426;5
0427;4
0428;3
0429;4
0430;7
0501;8
0502;4
0503;5
0504;1
0505;2
0506;2
0507;3
0508;3
0509;3
0510;2
0511;3
0512;3
0513;3
0514;4
0515;1
0516;6
0517;1
0518;6
0519;7
0520;2
0521;3
0522;4
0523;3
0524;1
0525;3
0526;7
0527;3
0528;2
0529;11
0530;4
0531;4
0601;2
0602;6
0603;1
0604;5
0605;3
0606;2
0607;3
0608;3
0609;3
0610;2
0611;3
0612;3
0613;5
0614;7
0615;5
0616;3
0617;4
0618;5
0619;4
0620;4
0621;2
0622;5
0623;6
0624;4
0625;4
0626;3
0627;4
0628;1
0629;1
0630;8
0701;4
0702;3
0703;2
0704;4
0705;4
0706;10
0707;1
0708;6
0709;7
0710;2
0711;4
0712;5
0713;3
0714;1
0715;3
0716;4
0717;2
0718;2
0719;1
0720;2
0721;3
0722;2
0723;3
0724;5
0725;5
0726;3
0727;5
0728;4
0729;3
0730;5
0731;6
0801;6
0802;5
0803;2
0804;2
0806;1
0807;2
0808;2
0809;2
0810;1
0811;4
0812;7
0813;6
0814;5
0816;4
0817;1
0818;3
0819;3
0820;4
0821;2
0822;3
0823;3
0824;3
0825;4
0826;2
0827;3
0828;1
0829;3
0830;2
0831;1
0901;8
0902;4
0903;4
0904;1
0905;2
0906;4
0907;5
0908;3
0909;5
0910;3
0911;9
0912;6
0913;4
0914;1
0915;6
0916;4
0917;2
0918;3
0919;4
0920;3
0921;5
0922;6
0924;5
0925;3
0927;4
0928;6
0929;5
0930;6
1001;5
1002;3
1003;6
1005;4
1007;6
1008;4
1009;4
1010;5
1011;4
1012;2
1013;1
1014;5
1015;4
1016;2
1017;6
1018;3
1019;4
1020;3
1021;2
1022;3
1023;3
1024;2
1025;6
1026;3
1027;2
1028;5
1029;4
1030;4
1031;1
1101;6
1102;8
1103;3
1104;7
1105;6
1106;4
1107;2
1108;3
1109;2
1110;6
1111;5
1112;6
1113;4
1114;6
1115;2
1116;3
1117;4
1118;5
1119;2
1120;4
1121;5
1122;3
1123;4
1124;4
1125;9
1126;4
1127;6
1128;6
1129;9
1130;3
1201;7
1202;1
1203;5
1204;3
1205;5
1206;10
1207;4
1208;4
1209;3
1210;2
1211;4
1212;7
1213;2
1214;5
1215;3
1216;6
1217;1
1218;2
1219;5
1220;8
1221;2
1222;3
1223;4
1224;5
1225;5
1226;4
1227;5
1228;3
1229;4
1230;4
1231;3
