0101;11
0102;18
0103;10
0104;7
0105;6
0106;5
0107;10
0108;7
0109;12
0110;11
0111;6
0112;4
0113;14
0114;7
0115;10
0116;12
0117;14
0118;7
0119;11
0120;15
0121;11
0122;11
0123;16
0124;13
0125;4
0126;14
0127;10
0128;6
0129;7
0130;6
0131;11
0201;4
0202;8
0203;16
0204;10
0205;6
0206;8
0207;5
0208;9
0209;11
0210;8
0211;8
0212;15
0213;10
0214;4
0215;12
0216;10
0217;9
0218;8
0219;9
0220;5
0221;9
0222;8
0223;10
0224;8
0225;3
0226;9
0227;9
0228;8
0301;12
0302;6
0303;3
0304;6
0305;11
0306;12
0307;10
0308;10
0309;7
0310;4
0311;7
0312;9
0313;6
0314;14
0315;5
0316;10
0317;11
0318;8
0319;9
0320;8
0321;8
0322;10
0323;10
0324;11
0325;11
0326;6
0327;6
0328;7
0329;11
0330;5
0331;8
0401;12
0402;13
0403;7
0404;9
0405;10
0406;12
0407;10
0408;14
0409;7
0410;9
0411;12
0412;11
0413;7
0414;7
0415;2
0416;6
0417;7
0418;7
0419;8
0420;5
0421;11
0422;9
0423;8
0424;3
0425;6
0426;7
0427;10
0428;7
0429;6
0430;12
0501;8
0502;6
0503;6
0504;4
0505;12
0506;7
0507;5
0508;10
0509;7
0510;3
0511;6
0512;4
0513;6
0514;10
0515;3
0516;9
0517;5
0518;6
0519;11
0520;10
0521;8
0522;7
0523;6
0524;9
0525;11
0526;10
0527;6
0528;7
0529;3
0530;9
0531;11
0601;5
0602;2
0603;7
0604;6
0605;13
0606;9
0607;5
0608;1
0609;12
0610;4
0611;6
0612;7
0613;6
0614;10
0615;2
0616;10
0617;9
0618;5
0619;7
0620;4
0621;6
0622;10
0623;6
0624;5
0625;9
0626;5
0627;8
0628;7
0629;6
0630;5
0701;10
0702;9
0703;4
0704;13
0705;3
0706;8
0707;11
0708;4
0709;6
0710;3
0711;7
0712;7
0713;7
0714;5
0715;5
0716;6
0717;4
0718;10
0719;4
0720;7
0721;5
0722;8
0723;7
0724;10
0725;8
0726;6
0727;9
0728;8
0729;14
0730;5
0731;9
0801;8
0802;4
0803;11
0804;6
0805;9
0806;6
0807;2
0808;8
0809;8
0810;8
0811;6
0812;6
0813;11
0814;14
0815;7
0816;4
0817;10
0818;12
0819;8
0820;9
0821;14
0822;7
0823;10
0824;7
0825;11
0826;9
0827;6
0828;6
0829;1
0830;5
0831;9
0901;7
0902;6
0903;11
0904;4
0905;4
0906;7
0907;4
0908;5
0909;3
0910;11
0911;4
0912;4
0913;7
0914;7
0915;7
0916;7
0917;4
0918;8
0919;9
0920;6
0921;7
0922;5
0923;5
0924;5
0925;9
0926;3
0927;8
0928;1
0929;4
0930;12
1001;2
1002;5
1003;13
1004;7
1005;3
1006;9
1007;11
1008;9
1009;7
1010;8
1011;6
1012;4
1013;3
1014;4
1015;8
1016;8
1017;7
1018;8
1019;9
1020;13
1021;9
1022;2
1023;5
1024;6
1025;7
1026;8
1027;6
1028;14
1029;4
1030;10
1031;8
1101;10
1102;4
1103;13
1104;3
1105;10
1106;7
1107;7
1108;5
1109;7
1110;7
1111;11
1112;12
1113;7
1114;8
1115;9
1116;9
1117;7
1118;10
1119;7
1120;12
1121;7
1122;9
1123;9
1124;14
1125;10
1126;17
1127;10
1128;10
1129;12
1130;16
1201;13
1202;5
1203;9
1204;12
1205;6
1206;9
1207;5
1208;11
1209;8
1210;10
1211;10
1212;11
1213;7
1214;12
1215;6
1216;7
1217;7
1218;15
1219;8
1220;3
1221;10
1222;11
1223;12
1224;8
1225;11
1226;7
1227;8
1228;11
1229;10
1230;12
1231;14
