0101;11
0102;5
0103;5
0104;4
0105;4
0106;8
0107;5
0108;3
0109;4
0110;12
0111;8
0112;6
0113;7
0114;5
0115;14
0116;1
0117;5
0118;9
0119;4
0120;6
0121;10
0122;6
0123;7
0124;7
0125;5
0126;5
0127;12
0128;12
0129;7
0130;5
0131;9
0201;5
0202;2
0203;2
0204;7
0205;3
0206;7
0207;7
0208;4
0209;7
0210;4
0211;7
0212;7
0213;8
0214;5
0215;7
0216;5
0217;4
0218;7
0219;4
0220;5
0221;8
0222;6
0223;3
0224;6
0225;6
0226;9
0227;10
0228;4
0301;8
0302;6
0303;9
0304;10
0305;11
0306;4
0307;8
0308;2
0309;7
0310;4
0311;7
0312;6
0313;3
0314;9
0315;6
0316;10
0317;4
0318;7
0319;10
0320;7
0321;9
0322;3
0323;3
0324;13
0325;6
0326;5
0327;4
0328;4
0329;6
0330;4
0331;4
0401;2
0402;4
0403;6
0404;2
0405;5
0406;4
0407;4
0408;2
0409;5
0410;3
0411;6
0412;11
0413;9
0414;4
0415;5
0416;5
0417;5
0418;2
0419;6
0420;3
0421;5
0422;10
0423;2
0424;5
0425;3
0426;9
0427;1
0428;5
0429;4
0430;3
0501;7
0502;3
0503;7
0504;6
0505;3
0506;6
0507;6
0508;5
0509;4
0510;4
0511;2
0512;3
0513;4
0514;4
0515;4
0516;3
0517;7
0518;7
0519;4
0520;6
0521;7
0522;7
0523;5
0524;4
0525;6
0526;7
0527;6
0528;4
0529;5
0530;7
0531;5
0601;9
0602;5
0603;7
0604;8
0605;4
0606;4
0607;4
0608;1
0609;2
0610;10
0611;3
0612;5
0613;6
0614;2
0615;8
0616;1
0617;6
0618;4
0619;6
0620;5
0621;7
0622;3
0623;9
0624;8
0625;6
0626;5
0627;6
0628;9
0629;1
0630;6
0701;4
0702;2
0703;6
0704;5
0705;4
0706;4
0707;6
0708;3
0709;4
0710;4
0711;8
0712;3
0713;2
0714;4
0715;4
0716;3
0717;5
0718;8
0719;4
0720;1
0721;5
0722;5
0723;3
0724;6
0725;6
0726;8
0727;5
0728;5
0729;3
0730;3
0731;3
0801;5
0802;4
0803;4
0804;5
0805;5
0806;4
0807;4
0808;5
0809;4
0810;7
0811;8
0812;5
0813;5
0814;10
0815;5
0816;7
0817;5
0818;7
0819;8
0820;3
0821;4
0822;5
0823;1
0824;5
0825;4
0826;2
0827;7
0828;5
0829;7
0830;3
0831;6
0901;7
0902;7
0903;6
0904;7
0905;3
0906;3
0907;7
0908;2
0909;5
0910;4
0911;5
0912;6
0913;6
0914;7
0915;5
0916;5
0917;6
0918;4
0919;2
0920;8
0921;1
0922;5
0923;3
0924;1
0925;5
0926;3
0927;4
0928;5
0929;5
0930;8
1001;7
1002;7
1003;6
1004;10
1005;7
1006;6
1007;11
1008;8
1009;3
1010;2
1011;7
1012;2
1013;7
1014;4
1015;5
1016;3
1017;4
1018;5
1019;5
1020;4
1021;4
1022;8
1023;6
1024;5
1025;7
1026;6
1027;4
1028;4
1029;3
1030;5
1031;6
1101;6
1102;8
1103;4
1104;8
1105;6
1106;3
1107;10
1108;3
1109;1
1110;8
1111;2
1112;8
1113;8
1114;6
1115;7
1116;4
1117;7
1118;7
1119;5
1120;6
1121;8
1122;7
1123;10
1124;8
1125;4
1126;4
1127;6
1128;6
1129;6
1130;5
1201;8
1202;6
1203;3
1204;2
1205;4
1206;5
1207;2
1208;7
1209;4
1210;5
1211;2
1212;4
1213;5
1214;5
1215;2
1216;4
1217;2
1218;5
1219;6
1220;9
1221;3
1222;8
1223;8
1224;2
1225;5
1226;6
1227;4
1228;9
1229;8
1230;7
1231;6
