0101;4
0102;10
0103;7
0104;9
0105;12
0106;10
0107;10
0108;9
0109;18
0110;12
0111;6
0112;9
0113;11
0114;9
0115;13
0116;21
0117;9
0118;22
0119;15
0120;16
0121;14
0122;15
0123;13
0124;10
0125;15
0126;12
0127;8
0128;9
0129;7
0130;11
0131;9
0201;8
0202;9
0203;4
0204;10
0205;6
0206;7
0207;10
0208;13
0209;11
0210;9
0211;6
0212;7
0213;16
0214;14
0215;15
0216;10
0217;10
0218;6
0219;9
0220;7
0221;10
0222;11
0223;8
0224;14
0225;11
0226;9
0227;12
0228;6
0301;14
0302;20
0303;11
0304;9
0305;11
0306;10
0307;8
0308;15
0309;12
0310;9
0311;12
0312;12
0313;13
0314;14
0315;11
0316;14
0317;10
0318;8
0319;12
0320;19
0321;14
0322;12
0323;10
0324;7
0325;6
0326;13
0327;13
0328;11
0329;4
0330;12
0331;5
0401;6
0402;13
0403;9
0404;12
0405;8
0406;6
0407;8
0408;15
0409;8
0410;10
0411;9
0412;15
0413;6
0414;12
0415;4
0416;10
0417;4
0418;7
0419;6
0420;8
0421;15
0422;5
0423;6
0424;7
0425;8
0426;8
0427;12
0428;9
0429;5
0430;6
0501;10
0502;9
0503;6
0504;10
0505;7
0506;9
0507;8
0508;5
0509;10
0510;5
0511;17
0512;4
0513;10
0514;7
0515;9
0516;6
0517;10
0518;10
0519;9
0520;9
0521;6
0522;6
0523;10
0524;10
0525;14
0526;6
0527;5
0528;12
0529;7
0530;9
0531;9
0601;9
0602;14
0603;11
0604;12
0605;10
0606;10
0607;8
0608;6
0609;9
0610;14
0611;7
0612;11
0613;7
0614;2
0615;5
0616;7
0617;10
0618;5
0619;9
0620;9
0621;3
0622;4
0623;10
0624;6
0625;8
0626;7
0627;6
0628;14
0629;15
0630;11
0701;10
0702;10
0703;7
0704;11
0705;7
0706;7
0707;3
0708;11
0709;13
0710;12
0711;5
0712;11
0713;11
0714;13
0715;5
0716;9
0717;12
0718;8
0719;6
0720;8
0721;6
0722;2
0723;7
0724;10
0725;5
0726;3
0727;7
0728;7
0729;7
0730;10
0731;3
0801;5
0802;8
0803;7
0804;5
0805;11
0806;5
0807;8
0808;14
0809;5
0810;6
0811;9
0812;5
0813;9
0814;8
0815;12
0816;11
0817;11
0818;1
0819;5
0820;8
0821;13
0822;7
0823;5
0824;10
0825;8
0826;9
0827;2
0828;9
0829;8
0830;5
0831;11
0901;4
0902;10
0903;3
0904;6
0905;8
0906;11
0907;8
0908;6
0909;11
0910;9
0911;5
0912;9
0913;12
0914;7
0915;6
0916;5
0917;11
0918;5
0919;12
0920;10
0921;5
0922;5
0923;8
0924;5
0925;5
0926;5
0927;8
0928;8
0929;8
0930;5
1001;6
1002;6
1003;8
1004;5
1005;9
1006;6
1007;8
1008;7
1009;9
1010;2
1011;8
1012;2
1013;6
1014;7
1015;8
1016;8
1017;9
1018;8
1019;3
1020;6
1021;11
1022;6
1023;8
1024;9
1025;8
1026;10
1027;12
1028;2
1029;12
1030;9
1031;7
1101;13
1102;13
1103;12
1104;6
1105;10
1106;6
1107;6
1108;16
1109;8
1110;9
1111;10
1112;7
1113;8
1114;9
1115;7
1116;9
1117;3
1118;4
1119;11
1120;7
1121;5
1122;3
1123;11
1124;12
1125;9
1126;13
1127;5
1128;10
1129;9
1130;5
1201;8
1202;12
1203;7
1204;8
1205;7
1206;9
1207;9
1208;9
1209;6
1210;9
1211;8
1212;4
1213;7
1214;5
1215;3
1216;6
1217;12
1218;4
1219;9
1220;2
1221;6
1222;12
1223;10
1224;9
1225;13
1226;14
1227;10
1228;11
1229;11
1230;9
1231;6
