0101;12
0102;10
0103;11
0104;7
0105;8
0106;11
0107;11
0108;12
0109;18
0110;7
0111;11
0112;10
0113;11
0114;17
0115;9
0116;14
0117;5
0118;12
0119;11
0120;5
0121;18
0122;12
0123;13
0124;8
0125;16
0126;9
0127;12
0128;7
0129;9
0130;12
0131;13
0201;11
0202;7
0203;11
0204;9
0205;7
0206;6
0207;7
0208;1
0209;6
0210;9
0211;14
0212;11
0213;7
0214;13
0215;8
0216;12
0217;11
0218;6
0219;5
0220;6
0221;11
0222;11
0223;11
0224;7
0225;9
0226;10
0227;6
0228;11
0301;9
0302;4
0303;6
0304;12
0305;13
0306;7
0307;5
0308;5
0309;9
0310;12
0311;14
0312;9
0313;7
0314;14
0315;8
0316;10
0317;8
0318;12
0319;10
0320;7
0321;8
0322;2
0323;13
0324;9
0325;6
0326;11
0327;13
0328;7
0329;5
0330;19
0331;10
0401;11
0402;5
0403;9
0404;11
0405;2
0406;6
0407;9
0408;6
0409;11
0410;13
0411;14
0412;12
0413;12
0414;9
0415;9
0416;9
0417;9
0418;16
0419;7
0420;10
0421;10
0422;9
0423;8
0424;5
0425;6
0426;2
0427;10
0428;8
0429;11
0430;7
0501;7
0502;5
0503;10
0504;7
0505;10
0506;11
0507;11
0508;10
0509;13
0510;9
0511;12
0512;9
0513;8
0514;13
0515;12
0516;12
0517;11
0518;9
0519;6
0520;9
0521;13
0522;10
0523;11
0524;10
0525;12
0526;7
0527;10
0528;11
0529;10
0530;12
0531;4
0601;9
0602;8
0603;8
0604;12
0605;11
0606;4
0607;4
0608;7
0609;12
0610;10
0611;7
0612;15
0613;5
0614;7
0615;6
0616;5
0617;4
0618;10
0619;8
0620;5
0621;9
0622;5
0623;6
0624;12
0625;6
0626;7
0627;4
0628;7
0629;4
0630;12
0701;10
0702;13
0703;15
0704;10
0705;12
0706;10
0707;7
0708;9
0709;7
0710;7
0711;3
0712;6
0713;8
0714;6
0715;13
0716;10
0717;8
0718;9
0719;13
0720;9
0721;9
0722;8
0723;11
0724;7
0725;8
0726;12
0727;5
0728;13
0729;5
0730;4
0731;3
0801;6
0802;7
0803;7
0804;23
0805;13
0806;4
0807;4
0808;4
0809;12
0810;12
0811;8
0812;5
0813;9
0814;13
0815;8
0816;8
0817;8
0818;9
0819;8
0820;7
0821;4
0822;10
0823;6
0824;5
0825;6
0826;7
0827;5
0828;9
0829;10
0830;9
0831;9
0901;12
0902;8
0903;11
0904;4
0905;10
0906;8
0907;8
0908;5
0909;12
0910;5
0911;7
0912;3
0913;9
0914;5
0915;10
0916;4
0917;4
0918;12
0919;8
0920;9
0921;4
0922;5
0923;12
0924;11
0925;5
0926;6
0927;6
0928;5
0929;6
0930;8
1001;3
1002;6
1003;5
1004;12
1005;5
1006;7
1007;7
1008;3
1009;7
1010;8
1011;6
1012;10
1013;9
1014;11
1015;6
1016;4
1017;6
1018;5
1019;10
1020;10
1021;7
1022;5
1023;6
1024;13
1025;14
1026;7
1027;4
1028;8
1029;7
1030;9
1031;9
1101;10
1102;6
1103;9
1104;9
1105;12
1106;8
1107;6
1108;8
1109;9
1110;12
1111;8
1112;8
1113;7
1114;11
1115;8
1116;8
1117;13
1118;10
1119;9
1120;6
1121;6
1122;14
1123;8
1124;9
1125;9
1126;2
1127;5
1128;7
1129;15
1130;11
1201;9
1202;16
1203;5
1204;10
1205;7
1206;14
1207;12
1208;7
1209;4
1210;5
1211;9
1212;5
1213;10
1214;9
1215;8
1216;15
1217;11
1218;9
1219;6
1220;8
1221;8
1222;13
1223;8
1224;8
1225;14
1226;14
1227;9
1228;15
1229;6
1230;14
1231;11
