0101;9
0102;9
0103;13
0104;14
0105;14
0106;20
0107;19
0108;18
0109;13
0110;19
0111;12
0112;9
0113;14
0114;16
0115;14
0116;11
0117;20
0118;11
0119;19
0120;15
0121;15
0122;13
0123;12
0124;18
0125;17
0126;20
0127;23
0128;23
0129;14
0130;19
0131;12
0201;13
0202;14
0203;12
0204;16
0205;16
0206;13
0207;12
0208;14
0209;11
0210;7
0211;10
0212;13
0213;7
0214;11
0215;12
0216;10
0217;6
0218;10
0219;10
0220;8
0221;8
0222;7
0223;19
0224;12
0225;12
0226;11
0227;15
0228;11
0301;17
0302;18
0303;8
0304;16
0305;11
0306;13
0307;7
0308;12
0309;13
0310;13
0311;12
0312;18
0313;12
0314;11
0315;5
0316;18
0317;9
0318;14
0319;9
0320;9
0321;16
0322;15
0323;19
0324;10
0325;10
0326;9
0327;9
0328;15
0329;6
0330;7
0331;17
0401;17
0402;23
0403;9
0404;13
0405;16
0406;19
0407;9
0408;8
0409;11
0410;10
0411;6
0412;11
0413;9
0414;7
0415;11
0416;17
0417;9
0418;11
0419;15
0420;13
0421;13
0422;16
0423;16
0424;8
0425;7
0426;13
0427;12
0428;8
0429;10
0430;13
0501;9
0502;14
0503;8
0504;9
0505;8
0506;10
0507;12
0508;10
0509;8
0510;12
0511;19
0512;10
0513;13
0514;6
0515;10
0516;10
0517;10
0518;7
0519;9
0520;8
0521;10
0522;14
0523;12
0524;14
0525;14
0526;19
0527;12
0528;17
0529;13
0530;8
0531;17
0601;8
0602;8
0603;16
0604;6
0605;19
0606;18
0607;7
0608;6
0609;14
0610;12
0611;11
0612;18
0613;9
0614;7
0615;7
0616;13
0617;8
0618;14
0619;5
0620;8
0621;7
0622;15
0623;7
0624;14
0625;6
0626;9
0627;11
0628;9
0629;9
0630;12
0701;8
0702;12
0703;13
0704;8
0705;9
0706;7
0707;13
0708;15
0709;13
0710;7
0711;10
0712;8
0713;11
0714;10
0715;13
0716;10
0717;15
0718;7
0719;7
0720;8
0721;12
0722;10
0723;6
0724;6
0725;17
0726;1
0727;10
0728;5
0729;6
0730;10
0731;8
0801;11
0802;9
0803;12
0804;13
0805;6
0806;8
0807;7
0808;10
0809;12
0810;11
0811;11
0812;13
0813;12
0814;14
0815;10
0816;10
0817;12
0818;6
0819;12
0820;10
0821;6
0822;8
0823;13
0824;8
0825;5
0826;12
0827;7
0828;8
0829;10
0830;10
0831;16
0901;9
0902;9
0903;10
0904;9
0905;8
0906;8
0907;12
0908;12
0909;6
0910;8
0911;14
0912;13
0913;8
0914;5
0915;9
0916;10
0917;12
0918;12
0919;21
0920;7
0921;11
0922;9
0923;8
0924;10
0925;6
0926;13
0927;6
0928;6
0929;12
0930;8
1001;9
1002;12
1003;10
1004;12
1005;9
1006;6
1007;10
1008;7
1009;12
1010;13
1011;15
1012;12
1013;6
1014;7
1015;9
1016;12
1017;14
1018;8
1019;5
1020;10
1021;8
1022;7
1023;11
1024;7
1025;14
1026;12
1027;15
1028;9
1029;12
1030;11
1031;6
1101;11
1102;9
1103;18
1104;13
1105;10
1106;12
1107;19
1108;8
1109;12
1110;19
1111;14
1112;13
1113;10
1114;13
1115;12
1116;11
1117;13
1118;17
1119;12
1120;10
1121;10
1122;12
1123;14
1124;15
1125;9
1126;12
1127;8
1128;12
1129;10
1130;14
1201;14
1202;11
1203;16
1204;6
1205;5
1206;8
1207;8
1208;13
1209;12
1210;7
1211;13
1212;8
1213;12
1214;10
1215;16
1216;3
1217;8
1218;12
1219;17
1220;14
1221;10
1222;18
1223;7
1224;20
1225;12
1226;15
1227;6
1228;12
1229;13
1230;10
1231;15
