0101;28
0102;26
0103;24
0104;28
0105;19
0106;27
0107;30
0108;33
0109;25
0110;33
0111;26
0112;33
0113;26
0114;35
0115;31
0116;28
0117;29
0118;32
0119;40
0120;34
0121;40
0122;25
0123;32
0124;29
0125;34
0126;33
0127;22
0128;39
0129;29
0130;35
0131;29
0201;35
0202;29
0203;30
0204;20
0205;33
0206;28
0207;41
0208;27
0209;34
0210;28
0211;28
0212;26
0213;34
0214;34
0215;22
0216;26
0217;27
0218;29
0219;28
0220;31
0221;35
0222;33
0223;29
0224;25
0225;35
0226;36
0227;30
0228;34
0301;24
0302;34
0303;37
0304;38
0305;28
0306;23
0307;22
0308;36
0309;30
0310;23
0311;37
0312;33
0313;28
0314;28
0315;38
0316;33
0317;24
0318;30
0319;26
0320;26
0321;21
0322;32
0323;27
0324;28
0325;22
0326;21
0327;28
0328;33
0329;28
0330;45
0331;27
0401;21
0402;27
0403;34
0404;21
0405;20
0406;25
0407;30
0408;23
0409;36
0410;29
0411;25
0412;30
0413;24
0414;18
0415;19
0416;36
0417;32
0418;22
0419;23
0420;17
0421;23
0422;32
0423;29
0424;31
0425;24
0426;31
0427;31
0428;33
0429;33
0430;35
0501;26
0502;29
0503;27
0504;27
0505;25
0506;23
0507;21
0508;22
0509;25
0510;22
0511;35
0512;18
0513;26
0514;27
0515;29
0516;24
0517;26
0518;29
0519;22
0520;23
0521;22
0522;17
0523;29
0524;25
0525;21
0526;35
0527;24
0528;28
0529;29
0530;36
0531;20
0601;30
0602;27
0603;21
0604;26
0605;34
0606;32
0607;19
0608;15
0609;21
0610;24
0611;21
0612;27
0613;30
0614;24
0615;27
0616;32
0617;30
0618;16
0619;24
0620;27
0621;23
0622;26
0623;34
0624;23
0625;28
0626;23
0627;20
0628;31
0629;18
0630;21
0701;36
0702;25
0703;24
0704;32
0705;23
0706;17
0707;20
0708;26
0709;24
0710;32
0711;29
0712;29
0713;27
0714;24
0715;36
0716;27
0717;29
0718;20
0719;27
0720;28
0721;21
0722;28
0723;17
0724;22
0725;22
0726;24
0727;27
0728;25
0729;21
0730;34
0731;23
0801;25
0802;24
0803;25
0804;20
0805;29
0806;27
0807;22
0808;21
0809;30
0810;30
0811;22
0812;18
0813;26
0814;20
0815;33
0816;12
0817;20
0818;21
0819;24
0820;27
0821;27
0822;21
0823;16
0824;24
0825;27
0826;26
0827;30
0828;22
0829;21
0830;29
0831;32
0901;20
0902;21
0903;19
0904;18
0905;28
0906;29
0907;24
0908;32
0909;23
0910;24
0911;24
0912;33
0913;26
0914;24
0915;23
0916;32
0917;21
0918;25
0919;23
0920;25
0921;28
0922;21
0923;23
0924;19
0925;33
0926;20
0927;17
0928;20
0929;27
0930;22
1001;22
1002;25
1003;21
1004;16
1005;23
1006;15
1007;23
1008;28
1009;25
1010;17
1011;22
1012;26
1013;18
1014;23
1015;27
1016;17
1017;27
1018;28
1019;21
1020;26
1021;37
1022;25
1023;21
1024;28
1025;34
1026;25
1027;21
1028;34
1029;33
1030;22
1031;27
1101;27
1102;33
1103;28
1104;36
1105;35
1106;37
1107;28
1108;30
1109;27
1110;26
1111;25
1112;33
1113;36
1114;32
1115;19
1116;29
1117;32
1118;23
1119;26
1120;16
1121;22
1122;35
1123;22
1124;23
1125;26
1126;30
1127;33
1128;23
1129;23
1130;27
1201;26
1202;36
1203;28
1204;36
1205;32
1206;17
1207;28
1208;26
1209;28
1210;29
1211;23
1212;31
1213;33
1214;37
1215;25
1216;26
1217;24
1218;25
1219;30
1220;32
1221;30
1222;24
1223;26
1224;22
1225;20
1226;25
1227;22
1228;23
1229;23
1230;28
1231;26
