0101;18
0102;21
0103;16
0104;17
0105;19
0106;26
0107;21
0108;24
0109;19
0110;22
0111;17
0112;20
0113;23
0114;36
0115;11
0116;26
0117;25
0118;26
0119;25
0120;27
0121;17
0122;19
0123;24
0124;20
0125;21
0126;13
0127;27
0128;14
0129;17
0130;26
0131;24
0201;28
0202;16
0203;18
0204;20
0205;22
0206;22
0207;14
0208;15
0209;22
0210;11
0211;20
0212;17
0213;27
0214;21
0215;9
0216;15
0217;16
0218;15
0219;18
0220;10
0221;22
0222;23
0223;15
0224;15
0225;22
0226;21
0227;19
0228;10
0301;18
0302;13
0303;16
0304;19
0305;22
0306;15
0307;19
0308;16
0309;17
0310;24
0311;17
0312;15
0313;16
0314;16
0315;23
0316;21
0317;21
0318;24
0319;19
0320;12
0321;25
0322;24
0323;12
0324;16
0325;27
0326;22
0327;26
0328;13
0329;22
0330;18
0331;22
0401;19
0402;23
0403;21
0404;28
0405;20
0406;21
0407;14
0408;14
0409;22
0410;19
0411;24
0412;15
0413;16
0414;16
0415;19
0416;14
0417;14
0418;19
0419;15
0420;17
0421;16
0422;25
0423;19
0424;19
0425;19
0426;20
0427;15
0428;11
0429;16
0430;17
0501;16
0502;19
0503;21
0504;24
0505;19
0506;15
0507;16
0508;14
0509;15
0510;23
0511;18
0512;19
0513;11
0514;18
0515;21
0516;15
0517;12
0518;28
0519;11
0520;22
0521;20
0522;15
0523;18
0524;18
0525;14
0526;13
0527;14
0528;23
0529;14
0530;16
0531;14
0601;18
0602;15
0603;16
0604;14
0605;15
0606;24
0607;26
0608;13
0609;21
0610;18
0611;19
0612;10
0613;14
0614;14
0615;20
0616;13
0617;13
0618;16
0619;7
0620;12
0621;11
0622;10
0623;20
0624;22
0625;16
0626;16
0627;16
0628;22
0629;16
0630;13
0701;23
0702;27
0703;14
0704;14
0705;16
0706;20
0707;19
0708;25
0709;17
0710;22
0711;11
0712;17
0713;10
0714;22
0715;18
0716;13
0717;15
0718;24
0719;11
0720;9
0721;15
0722;14
0723;22
0724;21
0725;17
0726;15
0727;20
0728;18
0729;13
0730;18
0731;10
0801;16
0802;17
0803;25
0804;18
0805;14
0806;15
0807;16
0808;15
0809;17
0810;16
0811;12
0812;18
0813;18
0814;16
0815;19
0816;16
0817;12
0818;16
0819;14
0820;9
0821;23
0822;20
0823;17
0824;12
0825;18
0826;9
0827;14
0828;11
0829;5
0830;15
0831;9
0901;14
0902;17
0903;23
0904;8
0905;11
0906;10
0907;9
0908;15
0909;23
0910;13
0911;16
0912;17
0913;6
0914;16
0915;18
0916;19
0917;10
0918;19
0919;19
0920;21
0921;10
0922;10
0923;13
0924;11
0925;20
0926;12
0927;21
0928;16
0929;10
0930;17
1001;24
1002;14
1003;18
1004;14
1005;20
1006;8
1007;18
1008;14
1009;15
1010;12
1011;22
1012;16
1013;16
1014;10
1015;20
1016;15
1017;17
1018;10
1019;16
1020;14
1021;21
1022;18
1023;19
1024;22
1025;18
1026;20
1027;18
1028;18
1029;19
1030;14
1031;20
1101;27
1102;24
1103;13
1104;26
1105;21
1106;20
1107;22
1108;17
1109;21
1110;16
1111;19
1112;22
1113;16
1114;23
1115;22
1116;17
1117;21
1118;12
1119;15
1120;17
1121;18
1122;16
1123;14
1124;18
1125;20
1126;17
1127;21
1128;23
1129;16
1130;14
1201;26
1202;20
1203;18
1204;18
1205;22
1206;19
1207;14
1208;17
1209;20
1210;16
1211;10
1212;18
1213;16
1214;22
1215;16
1216;14
1217;19
1218;18
1219;17
1220;22
1221;25
1222;23
1223;20
1224;19
1225;15
1226;21
1227;11
1228;18
1229;25
1230;25
1231;19
