0101;22
0102;24
0103;24
0104;23
0105;20
0106;25
0107;19
0108;27
0109;30
0110;25
0111;22
0112;18
0113;13
0114;22
0115;19
0116;21
0117;15
0118;29
0119;30
0120;26
0121;26
0122;24
0123;22
0124;23
0125;25
0126;35
0127;27
0128;27
0129;18
0130;26
0131;23
0201;23
0202;23
0203;21
0204;21
0205;20
0206;21
0207;20
0208;17
0209;24
0210;25
0211;21
0212;21
0213;24
0214;18
0215;21
0216;18
0217;25
0218;20
0219;18
0220;33
0221;16
0222;20
0223;29
0224;25
0225;19
0226;22
0227;24
0228;15
0301;26
0302;13
0303;26
0304;29
0305;17
0306;22
0307;21
0308;20
0309;29
0310;22
0311;25
0312;25
0313;17
0314;25
0315;21
0316;15
0317;26
0318;18
0319;24
0320;32
0321;26
0322;21
0323;20
0324;28
0325;14
0326;22
0327;19
0328;16
0329;22
0330;24
0331;22
0401;22
0402;28
0403;24
0404;27
0405;23
0406;21
0407;17
0408;19
0409;16
0410;21
0411;21
0412;15
0413;26
0414;16
0415;25
0416;26
0417;19
0418;28
0419;19
0420;22
0421;27
0422;21
0423;20
0424;14
0425;25
0426;15
0427;14
0428;22
0429;20
0430;18
0501;20
0502;26
0503;13
0504;18
0505;21
0506;24
0507;20
0508;17
0509;25
0510;19
0511;16
0512;23
0513;20
0514;29
0515;17
0516;24
0517;18
0518;18
0519;19
0520;15
0521;24
0522;16
0523;17
0524;26
0525;21
0526;23
0527;22
0528;21
0529;16
0530;19
0531;28
0601;24
0602;20
0603;25
0604;24
0605;23
0606;18
0607;11
0608;22
0609;22
0610;16
0611;12
0612;20
0613;22
0614;17
0615;13
0616;23
0617;20
0618;27
0619;26
0620;18
0621;12
0622;11
0623;15
0624;13
0625;15
0626;31
0627;21
0628;20
0629;19
0630;19
0701;25
0702;18
0703;28
0704;23
0705;17
0706;21
0707;15
0708;15
0709;16
0710;17
0711;21
0712;22
0713;19
0714;21
0715;18
0716;18
0717;20
0718;16
0719;7
0720;19
0721;15
0722;24
0723;22
0724;16
0725;22
0726;20
0727;7
0728;10
0729;20
0730;17
0731;15
0801;13
0802;15
0803;14
0804;18
0805;19
0806;17
0807;14
0808;14
0809;21
0810;14
0811;14
0812;14
0813;18
0814;14
0815;12
0816;20
0817;27
0818;22
0819;20
0820;17
0821;24
0822;17
0823;24
0824;19
0825;18
0826;28
0827;20
0828;18
0829;16
0830;24
0831;20
0901;21
0902;16
0903;21
0904;22
0905;11
0906;27
0907;14
0908;23
0909;14
0910;17
0911;17
0912;16
0913;27
0914;17
0915;20
0916;12
0917;20
0918;17
0919;19
0920;23
0921;11
0922;18
0923;20
0924;12
0925;17
0926;18
0927;24
0928;20
0929;21
0930;14
1001;16
1002;18
1003;17
1004;18
1005;17
1006;21
1007;22
1008;15
1009;16
1010;20
1011;22
1012;18
1013;13
1014;19
1015;17
1016;14
1017;18
1018;20
1019;19
1020;19
1021;19
1022;30
1023;16
1024;30
1025;27
1026;13
1027;19
1028;17
1029;14
1030;14
1031;16
1101;26
1102;16
1103;13
1104;23
1105;22
1106;20
1107;23
1108;22
1109;27
1110;22
1111;22
1112;20
1113;23
1114;16
1115;17
1116;24
1117;18
1118;17
1119;22
1120;23
1121;26
1122;19
1123;25
1124;24
1125;18
1126;15
1127;21
1128;22
1129;25
1130;15
1201;30
1202;35
1203;20
1204;21
1205;21
1206;23
1207;24
1208;29
1209;25
1210;20
1211;17
1212;14
1213;26
1214;27
1215;18
1216;36
1217;12
1218;26
1219;19
1220;21
1221;22
1222;15
1223;20
1224;23
1225;13
1226;21
1227;14
1228;18
1229;16
1230;24
1231;16
