0101;8
0102;13
0103;10
0104;5
0105;6
0106;16
0107;10
0108;12
0109;6
0110;9
0111;10
0112;10
0113;9
0114;10
0115;10
0116;12
0117;13
0118;9
0119;8
0120;12
0121;14
0122;6
0123;7
0124;6
0125;1
0126;11
0127;13
0128;8
0129;11
0130;11
0131;8
0201;13
0202;15
0203;8
0204;7
0205;7
0206;10
0207;8
0208;14
0209;10
0210;11
0211;10
0212;7
0213;5
0214;9
0215;6
0216;7
0217;12
0218;10
0219;7
0220;12
0221;11
0222;11
0223;12
0224;8
0225;11
0226;6
0227;11
0228;10
0301;7
0302;10
0303;11
0304;12
0305;8
0306;12
0307;2
0308;11
0309;5
0310;12
0311;10
0312;11
0313;7
0314;5
0315;5
0316;10
0317;12
0318;13
0319;7
0320;12
0321;8
0322;10
0323;5
0324;6
0325;9
0326;13
0327;11
0328;13
0329;10
0330;7
0331;4
0401;12
0402;9
0403;7
0404;8
0405;11
0406;4
0407;10
0408;9
0409;6
0410;8
0411;12
0412;15
0413;5
0414;8
0415;6
0416;7
0417;2
0418;8
0419;8
0420;14
0421;7
0422;5
0423;9
0424;5
0425;7
0426;8
0427;8
0428;3
0429;8
0430;4
0501;11
0502;8
0503;6
0504;9
0505;11
0506;11
0507;11
0508;12
0509;10
0510;12
0511;7
0512;6
0513;10
0514;9
0515;7
0516;6
0517;9
0518;5
0519;3
0520;5
0521;5
0522;9
0523;4
0524;8
0525;12
0526;9
0527;7
0528;12
0529;7
0530;4
0531;5
0601;7
0602;7
0603;10
0604;9
0605;14
0606;5
0607;7
0608;8
0609;7
0610;4
0611;10
0612;8
0613;5
0614;9
0615;8
0616;12
0617;7
0618;8
0619;5
0620;12
0621;5
0622;4
0623;7
0624;7
0625;9
0626;6
0627;8
0628;5
0629;4
0630;6
0701;6
0702;7
0703;9
0704;4
0705;6
0706;7
0707;6
0708;3
0709;5
0710;8
0711;2
0712;7
0713;8
0714;7
0715;8
0716;3
0717;7
0718;5
0719;9
0720;2
0721;12
0722;8
0723;4
0724;11
0725;6
0726;7
0727;10
0728;5
0729;6
0730;8
0731;4
0801;4
0802;4
0803;10
0804;8
0805;10
0806;6
0807;12
0808;7
0809;8
0810;6
0811;7
0812;9
0813;1
0814;5
0815;9
0816;6
0817;5
0818;6
0819;6
0820;6
0821;4
0822;10
0823;7
0824;5
0825;5
0826;8
0827;6
0828;7
0829;5
0830;7
0831;37
0901;5
0902;9
0903;7
0904;5
0905;6
0906;8
0907;4
0908;2
0909;2
0910;6
0911;6
0912;6
0913;8
0914;7
0915;5
0916;6
0917;6
0918;8
0919;10
0920;12
0921;12
0922;6
0923;4
0924;13
0925;9
0926;8
0927;5
0928;9
0929;10
0930;5
1001;2
1002;9
1003;7
1004;2
1005;4
1006;11
1007;5
1008;9
1009;5
1010;5
1011;8
1012;8
1013;15
1014;5
1015;7
1016;4
1017;8
1018;10
1019;7
1020;13
1021;7
1022;7
1023;9
1024;7
1025;10
1026;5
1027;10
1028;13
1029;3
1030;6
1031;14
1101;10
1102;5
1103;4
1104;13
1105;16
1106;5
1107;8
1108;4
1109;7
1110;9
1111;11
1112;5
1113;5
1114;7
1115;8
1116;8
1117;12
1118;7
1119;7
1120;6
1121;14
1122;10
1123;4
1124;10
1125;5
1126;4
1127;6
1128;11
1129;9
1130;7
1201;8
1202;10
1203;7
1204;7
1205;5
1206;7
1207;7
1208;11
1209;14
1210;6
1211;5
1212;7
1213;7
1214;6
1215;8
1216;12
1217;4
1218;13
1219;9
1220;6
1221;6
1222;8
1223;11
1224;7
1225;9
1226;10
1227;8
1228;9
1229;13
1230;12
1231;9
