0101;25
0102;21
0103;20
0104;17
0105;28
0106;23
0107;24
0108;27
0109;19
0110;24
0111;22
0112;19
0113;20
0114;19
0115;21
0116;27
0117;25
0118;20
0119;22
0120;22
0121;22
0122;18
0123;22
0124;19
0125;19
0126;13
0127;25
0128;20
0129;17
0130;22
0131;17
0201;29
0202;8
0203;15
0204;11
0205;13
0206;17
0207;16
0208;25
0209;22
0210;14
0211;24
0212;20
0213;13
0214;19
0215;16
0216;19
0217;10
0218;19
0219;18
0220;23
0221;21
0222;25
0223;22
0224;12
0225;19
0226;19
0227;16
0228;15
0301;21
0302;27
0303;13
0304;24
0305;17
0306;20
0307;9
0308;21
0309;21
0310;24
0311;20
0312;17
0313;17
0314;22
0315;10
0316;11
0317;18
0318;15
0319;13
0320;7
0321;10
0322;9
0323;19
0324;17
0325;18
0326;17
0327;24
0328;23
0329;19
0330;13
0331;17
0401;19
0402;19
0403;17
0404;11
0405;14
0406;21
0407;15
0408;10
0409;15
0410;11
0411;15
0412;13
0413;26
0414;17
0415;18
0416;14
0417;12
0418;20
0419;14
0420;18
0421;15
0422;9
0423;22
0424;9
0425;19
0426;23
0427;14
0428;17
0429;14
0430;11
0501;22
0502;16
0503;18
0504;22
0505;25
0506;12
0507;18
0508;14
0509;20
0510;15
0511;15
0512;18
0513;16
0514;9
0515;12
0516;13
0517;13
0518;13
0519;18
0520;21
0521;13
0522;16
0523;11
0524;23
0525;22
0526;16
0527;18
0528;15
0529;20
0530;11
0531;12
0601;11
0602;19
0603;13
0604;18
0605;20
0606;18
0607;12
0608;18
0609;14
0610;17
0611;12
0612;21
0613;21
0614;19
0615;16
0616;16
0617;15
0618;16
0619;14
0620;14
0621;15
0622;22
0623;17
0624;14
0625;5
0626;13
0627;13
0628;22
0629;14
0630;10
0701;16
0702;21
0703;14
0704;13
0705;14
0706;13
0707;20
0708;7
0709;8
0710;13
0711;19
0712;14
0713;10
0714;14
0715;15
0716;17
0717;13
0718;23
0719;15
0720;15
0721;14
0722;14
0723;12
0724;17
0725;16
0726;16
0727;16
0728;20
0729;16
0730;15
0731;13
0801;11
0802;21
0803;16
0804;21
0805;19
0806;14
0807;10
0808;18
0809;17
0810;16
0811;18
0812;9
0813;14
0814;22
0815;17
0816;20
0817;11
0818;8
0819;18
0820;19
0821;20
0822;11
0823;19
0824;16
0825;12
0826;16
0827;13
0828;13
0829;13
0830;7
0831;12
0901;16
0902;13
0903;6
0904;14
0905;15
0906;19
0907;9
0908;12
0909;16
0910;19
0911;17
0912;8
0913;23
0914;12
0915;11
0916;12
0917;13
0918;16
0919;20
0920;9
0921;14
0922;17
0923;9
0924;21
0925;20
0926;15
0927;13
0928;14
0929;26
0930;19
1001;17
1002;16
1003;12
1004;20
1005;15
1006;15
1007;17
1008;15
1009;19
1010;21
1011;12
1012;19
1013;15
1014;12
1015;11
1016;13
1017;21
1018;17
1019;16
1020;21
1021;17
1022;18
1023;15
1024;14
1025;15
1026;14
1027;16
1028;22
1029;14
1030;16
1031;10
1101;10
1102;23
1103;13
1104;17
1105;27
1106;20
1107;23
1108;16
1109;22
1110;13
1111;13
1112;13
1113;21
1114;16
1115;15
1116;19
1117;14
1118;28
1119;13
1120;20
1121;16
1122;14
1123;21
1124;20
1125;17
1126;26
1127;15
1128;35
1129;19
1130;31
1201;17
1202;21
1203;10
1204;14
1205;13
1206;20
1207;12
1208;17
1209;20
1210;16
1211;16
1212;12
1213;17
1214;18
1215;19
1216;18
1217;14
1218;23
1219;22
1220;16
1221;16
1222;16
1223;12
1224;11
1225;18
1226;16
1227;15
1228;13
1229;25
1230;12
1231;10
