0101;10
0102;8
0103;4
0104;6
0105;7
0106;6
0107;6
0108;1
0109;5
0110;11
0111;10
0112;9
0113;13
0114;5
0115;9
0116;6
0117;10
0118;8
0119;13
0120;8
0121;5
0122;9
0123;7
0124;6
0125;6
0126;6
0127;5
0128;11
0129;3
0130;3
0131;8
0201;6
0202;12
0203;5
0204;4
0205;6
0206;10
0207;2
0208;12
0209;5
0210;6
0211;10
0212;7
0213;5
0214;9
0215;10
0216;11
0217;8
0218;12
0219;6
0220;8
0221;8
0222;4
0223;5
0224;8
0225;5
0226;6
0227;9
0228;10
0301;5
0302;9
0303;5
0304;6
0305;4
0306;8
0307;6
0308;6
0309;10
0310;7
0311;10
0312;10
0313;8
0314;2
0315;7
0316;10
0317;11
0318;9
0319;5
0320;2
0321;9
0322;8
0323;5
0324;5
0325;12
0326;10
0327;6
0328;4
0329;12
0330;3
0331;20
0400;1
0401;6
0402;6
0403;7
0404;7
0405;5
0406;5
0407;10
0408;5
0409;6
0410;8
0411;8
0412;4
0413;5
0414;10
0415;3
0416;7
0417;8
0418;7
0419;3
0420;5
0421;9
0422;3
0423;7
0425;7
0426;3
0427;4
0428;3
0429;7
0430;6
0501;5
0502;6
0503;11
0504;9
0505;3
0506;2
0507;6
0508;11
0509;4
0510;4
0511;9
0512;6
0513;5
0514;4
0515;5
0516;6
0517;5
0518;8
0519;2
0520;10
0521;3
0522;9
0523;7
0524;4
0525;9
0526;3
0527;2
0528;7
0529;8
0530;7
0531;7
0601;6
0602;4
0603;5
0604;3
0605;4
0606;7
0607;5
0608;6
0609;9
0610;5
0611;2
0612;9
0613;8
0614;11
0615;3
0616;7
0617;7
0618;7
0619;6
0620;3
0621;5
0622;6
0623;7
0624;7
0625;7
0626;4
0627;6
0628;6
0629;7
0630;7
0701;6
0702;3
0703;6
0704;5
0705;9
0706;5
0707;11
0708;5
0709;5
0710;4
0711;6
0712;9
0713;1
0714;9
0715;6
0716;7
0717;7
0718;4
0719;4
0720;6
0721;4
0722;4
0723;7
0724;8
0725;4
0726;6
0727;6
0728;8
0729;3
0730;8
0731;7
0801;8
0802;8
0803;5
0804;5
0805;1
0806;5
0807;3
0808;4
0809;6
0810;3
0811;7
0812;2
0813;6
0814;7
0815;4
0816;5
0817;6
0818;5
0819;2
0820;4
0821;3
0822;6
0823;6
0824;8
0825;4
0826;1
0827;7
0828;4
0829;6
0830;6
0831;8
0901;3
0902;10
0903;2
0904;11
0905;5
0906;6
0907;5
0908;7
0909;9
0910;5
0911;4
0912;7
0913;4
0914;8
0915;8
0916;7
0917;5
0918;6
0919;4
0920;5
0921;7
0922;5
0923;3
0924;1
0925;7
0926;6
0927;2
0928;4
0929;5
0930;11
1001;6
1002;1
1003;5
1004;12
1005;4
1006;3
1007;9
1008;8
1009;5
1010;3
1011;5
1012;8
1013;6
1014;9
1015;6
1016;4
1017;8
1018;5
1019;11
1020;3
1021;5
1022;7
1023;3
1024;6
1025;5
1026;6
1027;4
1028;7
1029;5
1030;5
1031;7
1101;8
1102;10
1103;11
1104;8
1105;10
1106;2
1107;8
1108;5
1109;12
1110;4
1111;6
1112;4
1113;5
1114;7
1115;5
1116;1
1117;5
1118;8
1119;6
1120;14
1121;6
1122;6
1123;8
1124;5
1125;6
1126;3
1127;4
1128;9
1129;7
1130;6
1201;10
1202;4
1203;7
1204;2
1205;8
1206;5
1207;3
1208;6
1209;8
1210;10
1211;5
1212;6
1213;3
1214;9
1215;8
1216;7
1217;5
1218;4
1219;4
1220;6
1221;8
1222;4
1223;5
1224;7
1225;6
1226;7
1227;4
1228;5
1229;11
1230;10
1231;6
