0101;9
0102;14
0103;7
0104;8
0105;6
0106;15
0107;9
0108;15
0109;8
0110;9
0111;12
0112;14
0113;7
0114;11
0115;11
0116;7
0117;16
0118;18
0119;21
0120;10
0121;10
0122;14
0123;17
0124;13
0125;14
0126;9
0127;12
0128;11
0129;7
0130;6
0131;11
0201;7
0202;8
0203;11
0204;5
0205;15
0206;12
0207;10
0208;9
0209;10
0210;12
0211;16
0212;11
0213;7
0214;11
0215;14
0216;9
0217;5
0218;6
0219;9
0220;9
0221;14
0222;5
0223;10
0224;6
0225;12
0226;13
0227;7
0228;7
0301;7
0302;10
0303;10
0304;14
0305;14
0306;12
0307;6
0308;8
0309;8
0310;10
0311;10
0312;12
0313;12
0314;3
0315;12
0316;5
0317;13
0318;6
0319;6
0320;10
0321;7
0322;11
0323;13
0324;12
0325;9
0326;11
0327;7
0328;9
0329;11
0330;3
0331;9
0401;12
0402;10
0403;7
0404;9
0405;12
0406;13
0407;8
0408;6
0409;10
0410;12
0411;8
0412;12
0413;10
0414;7
0415;7
0416;10
0417;4
0418;10
0419;8
0420;8
0421;22
0422;10
0423;4
0424;7
0425;8
0426;7
0427;8
0428;13
0429;9
0430;4
0501;8
0502;9
0503;9
0504;6
0505;8
0506;7
0507;9
0508;10
0509;8
0510;6
0511;7
0512;6
0513;7
0514;12
0515;2
0516;12
0517;14
0518;7
0519;8
0520;8
0521;6
0522;6
0523;9
0524;8
0525;8
0526;11
0527;8
0528;9
0529;5
0530;9
0531;10
0601;5
0602;7
0603;5
0604;8
0605;14
0606;9
0607;8
0608;7
0609;2
0610;6
0611;9
0612;4
0613;11
0614;11
0615;4
0616;6
0617;6
0618;3
0619;9
0620;10
0621;9
0622;8
0623;4
0624;7
0625;8
0626;6
0627;10
0628;4
0629;4
0630;12
0701;10
0702;8
0703;9
0704;6
0705;6
0706;8
0707;4
0708;11
0709;11
0710;7
0711;6
0712;7
0713;7
0714;4
0715;8
0716;7
0717;8
0718;7
0719;6
0720;9
0721;4
0722;6
0723;9
0724;14
0725;12
0726;8
0727;15
0728;5
0729;9
0730;6
0731;6
0801;9
0802;10
0803;9
0804;15
0805;6
0806;8
0807;9
0808;7
0809;8
0810;10
0811;10
0812;15
0813;9
0814;6
0815;10
0816;7
0817;11
0818;10
0819;7
0820;6
0821;8
0822;6
0823;7
0824;9
0825;6
0826;9
0827;9
0828;11
0829;8
0830;7
0831;11
0901;7
0902;9
0903;12
0904;7
0905;7
0906;8
0907;5
0908;6
0909;5
0910;5
0911;4
0912;7
0913;5
0914;9
0915;9
0916;5
0917;3
0918;7
0919;6
0920;10
0921;6
0922;10
0923;5
0924;13
0925;8
0926;12
0927;8
0928;7
0929;8
0930;5
1001;5
1002;11
1003;11
1004;6
1005;10
1006;4
1007;7
1008;11
1009;6
1010;8
1011;10
1012;1
1013;7
1014;11
1015;9
1016;8
1017;4
1018;14
1019;9
1020;3
1021;9
1022;4
1023;11
1024;7
1025;6
1026;7
1027;9
1028;6
1029;10
1030;8
1031;13
1101;9
1102;8
1103;12
1104;9
1105;11
1106;12
1107;6
1108;9
1109;11
1110;13
1111;9
1112;9
1113;9
1114;5
1115;6
1116;8
1117;11
1118;15
1119;7
1120;6
1121;9
1122;9
1123;10
1124;7
1125;6
1126;15
1127;8
1128;7
1129;15
1130;7
1201;6
1202;6
1203;13
1204;6
1205;4
1206;3
1207;10
1208;13
1209;9
1210;9
1211;5
1212;10
1213;10
1214;7
1215;16
1216;9
1217;10
1218;8
1219;6
1220;10
1221;7
1222;10
1223;9
1224;8
1225;6
1226;7
1227;9
1228;11
1229;11
1230;8
1231;11
