0101;22
0102;41
0103;33
0104;18
0105;31
0106;38
0107;35
0108;38
0109;26
0110;35
0111;21
0112;40
0113;28
0114;31
0115;27
0116;27
0117;35
0118;26
0119;26
0120;30
0121;41
0122;29
0123;27
0124;43
0125;36
0126;24
0127;35
0128;35
0129;34
0130;28
0131;28
0201;30
0202;26
0203;21
0204;37
0205;25
0206;38
0207;35
0208;21
0209;32
0210;25
0211;18
0212;22
0213;18
0214;26
0215;18
0216;23
0217;34
0218;22
0219;25
0220;28
0221;23
0222;38
0223;25
0224;29
0225;28
0226;25
0227;22
0228;22
0301;26
0302;29
0303;24
0304;30
0305;34
0306;31
0307;26
0308;29
0309;19
0310;32
0311;17
0312;26
0313;21
0314;31
0315;28
0316;23
0317;31
0318;41
0319;30
0320;22
0321;16
0322;16
0323;23
0324;28
0325;24
0326;24
0327;29
0328;24
0329;24
0330;25
0331;26
0401;23
0402;28
0403;24
0404;22
0405;25
0406;26
0407;23
0408;17
0409;24
0410;23
0411;20
0412;25
0413;33
0414;27
0415;29
0416;21
0417;20
0418;25
0419;24
0420;29
0421;19
0422;25
0423;34
0424;24
0425;24
0426;20
0427;24
0428;29
0429;29
0430;24
0501;20
0502;29
0503;19
0504;27
0505;28
0506;18
0507;23
0508;22
0509;28
0510;23
0511;25
0512;21
0513;21
0514;20
0515;25
0516;19
0517;25
0518;24
0519;26
0520;17
0521;16
0522;33
0523;21
0524;21
0525;21
0526;31
0527;16
0528;17
0529;24
0530;24
0531;17
0601;26
0602;21
0603;32
0604;21
0605;27
0606;18
0607;20
0608;20
0609;25
0610;18
0611;24
0612;28
0613;30
0614;20
0615;21
0616;27
0617;22
0618;18
0619;26
0620;20
0621;22
0622;28
0623;22
0624;25
0625;22
0626;22
0627;21
0628;30
0629;29
0630;24
0701;19
0702;25
0703;37
0704;21
0705;24
0706;26
0707;14
0708;17
0709;18
0710;35
0711;18
0712;35
0713;29
0714;31
0715;24
0716;16
0717;25
0718;35
0719;27
0720;20
0721;19
0722;17
0723;17
0724;20
0725;28
0726;16
0727;27
0728;24
0729;34
0730;15
0731;31
0801;18
0802;26
0803;17
0804;18
0805;23
0806;16
0807;26
0808;23
0809;21
0810;20
0811;11
0812;16
0813;28
0814;22
0815;24
0816;19
0817;31
0818;15
0819;19
0820;29
0821;14
0822;31
0823;19
0824;23
0825;25
0826;18
0827;22
0828;27
0829;21
0830;27
0831;17
0901;14
0902;19
0903;21
0904;26
0905;27
0906;27
0907;17
0908;19
0909;16
0910;22
0911;29
0912;27
0913;20
0914;19
0915;22
0916;16
0917;24
0918;23
0919;22
0920;21
0921;21
0922;25
0923;30
0924;28
0925;21
0926;17
0927;25
0928;24
0929;25
0930;24
1001;14
1002;20
1003;18
1004;21
1005;25
1006;17
1007;18
1008;26
1009;21
1010;21
1011;22
1012;30
1013;12
1014;19
1015;22
1016;22
1017;20
1018;20
1019;21
1020;24
1021;35
1022;24
1023;23
1024;23
1025;24
1026;21
1027;20
1028;27
1029;28
1030;24
1031;27
1101;26
1102;23
1103;27
1104;29
1105;30
1106;28
1107;37
1108;37
1109;27
1110;18
1111;23
1112;30
1113;23
1114;24
1115;38
1116;32
1117;24
1118;28
1119;27
1120;23
1121;27
1122;25
1123;27
1124;23
1125;25
1126;20
1127;30
1128;30
1129;27
1130;31
1201;24
1202;31
1203;22
1204;21
1205;22
1206;35
1207;22
1208;31
1209;24
1210;18
1211;28
1212;27
1213;35
1214;24
1215;33
1216;21
1217;13
1218;25
1219;24
1220;29
1221;26
1222;25
1223;19
1224;21
1225;29
1226;31
1227;22
1228;21
1229;26
1230;39
1231;28
