0101;16
0102;7
0103;20
0104;20
0105;19
0106;27
0107;20
0108;26
0109;22
0110;28
0111;16
0112;27
0113;14
0114;16
0115;20
0116;17
0117;29
0118;22
0119;23
0120;14
0121;10
0122;22
0123;19
0124;13
0125;30
0126;18
0127;28
0128;25
0129;18
0130;13
0131;16
0201;15
0202;13
0203;16
0204;25
0205;23
0206;17
0207;19
0208;16
0209;13
0210;24
0211;21
0212;12
0213;19
0214;13
0215;28
0216;16
0217;16
0218;21
0219;16
0220;10
0221;25
0222;22
0223;22
0224;23
0225;14
0226;21
0227;12
0228;23
0301;16
0302;22
0303;12
0304;24
0305;22
0306;15
0307;15
0308;14
0309;14
0310;14
0311;23
0312;14
0313;21
0314;19
0315;21
0316;20
0317;20
0318;19
0319;34
0320;15
0321;25
0322;19
0323;18
0324;22
0325;24
0326;20
0327;20
0328;18
0329;14
0330;18
0331;18
0401;21
0402;13
0403;10
0404;14
0405;14
0406;8
0407;17
0408;16
0409;20
0410;17
0411;16
0412;24
0413;16
0414;18
0415;16
0416;19
0417;15
0418;12
0419;13
0420;21
0421;13
0422;14
0423;17
0424;12
0425;15
0426;17
0427;14
0428;9
0429;14
0430;23
0501;12
0502;13
0503;18
0504;20
0505;24
0506;18
0507;10
0508;20
0509;17
0510;19
0511;18
0512;15
0513;14
0514;17
0515;14
0516;10
0517;22
0518;22
0519;20
0520;12
0521;13
0522;15
0523;11
0524;21
0525;15
0526;17
0527;13
0528;18
0529;15
0530;19
0531;21
0601;13
0602;18
0603;13
0604;20
0605;14
0606;8
0607;13
0608;22
0609;17
0610;11
0611;16
0612;13
0613;12
0614;11
0615;13
0616;20
0617;17
0618;20
0619;13
0620;11
0621;9
0622;25
0623;13
0624;12
0625;13
0626;13
0627;21
0628;12
0629;14
0630;21
0701;19
0702;19
0703;19
0704;18
0705;18
0706;14
0707;8
0708;14
0709;13
0710;14
0711;10
0712;13
0713;13
0714;25
0715;20
0716;13
0717;20
0718;16
0719;13
0720;19
0721;16
0722;18
0723;23
0724;21
0725;22
0726;12
0727;16
0728;8
0729;9
0730;19
0731;8
0801;16
0802;11
0803;18
0804;11
0805;11
0806;8
0807;15
0808;18
0809;13
0810;14
0811;18
0812;15
0813;17
0814;16
0815;13
0816;12
0817;18
0818;16
0819;14
0820;10
0821;16
0822;19
0823;9
0824;12
0825;16
0826;10
0827;13
0828;13
0829;9
0830;10
0831;9
0901;14
0902;10
0903;21
0904;14
0905;11
0906;13
0907;12
0908;14
0909;10
0910;10
0911;11
0912;20
0913;12
0914;13
0915;16
0916;16
0917;15
0918;11
0919;12
0920;21
0921;16
0922;7
0923;11
0924;19
0925;16
0926;19
0927;14
0928;14
0929;10
0930;19
1001;7
1002;13
1003;9
1004;18
1005;13
1006;11
1007;15
1008;14
1009;17
1010;14
1011;19
1012;10
1013;14
1014;16
1015;11
1016;23
1017;17
1018;13
1019;14
1020;20
1021;25
1022;17
1023;16
1024;20
1025;20
1026;13
1027;11
1028;20
1029;16
1030;17
1031;28
1101;17
1102;17
1103;15
1104;18
1105;20
1106;15
1107;15
1108;21
1109;15
1110;17
1111;13
1112;16
1113;19
1114;17
1115;13
1116;10
1117;20
1118;20
1119;16
1120;17
1121;18
1122;9
1123;24
1124;18
1125;13
1126;13
1127;14
1128;26
1129;20
1130;21
1201;16
1202;11
1203;20
1204;17
1205;12
1206;13
1207;19
1208;16
1209;10
1210;15
1211;15
1212;11
1213;13
1214;16
1215;17
1216;19
1217;16
1218;20
1219;21
1220;22
1221;17
1222;14
1223;15
1224;16
1225;21
1226;12
1227;14
1228;20
1229;16
1230;22
1231;22
