0000;1
0101;80
0102;80
0103;54
0104;74
0105;82
0106;56
0107;75
0108;92
0109;64
0110;84
0111;110
0112;78
0113;84
0114;74
0115;85
0116;67
0117;91
0118;93
0119;93
0120;80
0121;74
0122;83
0123;73
0124;72
0125;73
0126;62
0127;78
0128;72
0129;93
0130;87
0131;65
0201;68
0202;64
0203;88
0204;53
0205;60
0206;61
0207;64
0208;64
0209;53
0210;54
0211;69
0212;74
0213;61
0214;67
0215;59
0216;73
0217;66
0218;74
0219;73
0220;71
0221;65
0222;73
0223;81
0224;63
0225;85
0226;74
0227;76
0228;73
0301;81
0302;74
0303;69
0304;65
0305;67
0306;77
0307;66
0308;63
0309;62
0310;78
0311;66
0312;76
0313;55
0314;60
0315;68
0316;73
0317;57
0318;76
0319;63
0320;74
0321;61
0322;70
0323;77
0324;64
0325;64
0326;71
0327;79
0328;79
0329;66
0330;72
0331;72
0401;84
0402;61
0403;64
0404;67
0405;51
0406;56
0407;56
0408;50
0409;48
0410;71
0411;56
0412;57
0413;52
0414;61
0415;70
0416;67
0417;58
0418;63
0419;63
0420;64
0421;50
0422;83
0423;71
0424;61
0425;52
0426;54
0427;58
0428;50
0429;70
0430;58
0501;69
0502;56
0503;62
0504;73
0505;50
0506;64
0507;58
0508;64
0509;57
0510;59
0511;57
0512;52
0513;66
0514;58
0515;48
0516;62
0517;61
0518;51
0519;43
0520;69
0521;58
0522;74
0523;57
0524;61
0525;61
0526;56
0527;61
0528;68
0529;51
0530;36
0531;74
0601;59
0602;59
0603;67
0604;71
0605;67
0606;56
0607;40
0608;61
0609;54
0610;67
0611;56
0612;52
0613;59
0614;78
0615;33
0616;58
0617;75
0618;48
0619;73
0620;59
0621;46
0622;67
0623;55
0624;63
0625;65
0626;49
0627;57
0628;56
0629;67
0630;68
0701;62
0702;64
0703;64
0704;52
0705;55
0706;67
0707;49
0708;59
0709;58
0710;44
0711;56
0712;63
0713;58
0714;81
0715;58
0716;57
0717;51
0718;54
0719;43
0720;43
0721;50
0722;57
0723;54
0724;55
0725;54
0726;57
0727;59
0728;54
0729;43
0730;43
0731;54
0801;41
0802;47
0803;48
0804;68
0805;55
0806;52
0807;55
0808;71
0809;61
0810;60
0811;57
0812;56
0813;66
0814;58
0815;49
0816;65
0817;51
0818;50
0819;57
0820;73
0821;62
0822;69
0823;49
0824;50
0825;52
0826;62
0827;60
0828;44
0829;62
0830;46
0831;59
0901;61
0902;54
0903;48
0904;40
0905;71
0906;55
0907;56
0908;54
0909;71
0910;63
0911;65
0912;57
0913;56
0914;50
0915;74
0916;59
0917;54
0918;49
0919;69
0920;59
0921;67
0922;54
0923;57
0924;60
0925;52
0926;62
0927;55
0928;56
0929;52
0930;55
1001;51
1002;60
1003;51
1004;54
1005;68
1006;60
1007;54
1008;58
1009;72
1010;66
1011;70
1012;68
1013;57
1014;63
1015;72
1016;66
1017;51
1018;57
1019;73
1020;70
1021;60
1022;57
1023;53
1024;61
1025;64
1026;54
1027;68
1028;72
1029;65
1030;72
1031;59
1101;56
1102;75
1103;74
1104;87
1105;70
1106;76
1107;65
1108;71
1109;59
1110;67
1111;64
1112;63
1113;68
1114;80
1115;59
1116;74
1117;64
1118;64
1119;71
1120;57
1121;75
1122;81
1123;70
1124;73
1125;53
1126;74
1127;71
1128;70
1129;72
1130;61
1201;72
1202;81
1203;88
1204;65
1205;82
1206;66
1207;60
1208;71
1209;62
1210;46
1211;64
1212;60
1213;56
1214;67
1215;73
1216;63
1217;59
1218;70
1219;53
1220;52
1221;64
1222;62
1223;55
1224;77
1225;64
1226;83
1227;82
1228;68
1229;66
1230;61
1231;66
