0101;13
0102;19
0103;19
0104;8
0105;18
0106;16
0107;12
0108;15
0109;36
0110;21
0111;21
0112;19
0113;21
0114;22
0115;15
0116;16
0117;20
0118;15
0119;26
0120;19
0121;18
0122;20
0123;24
0124;13
0125;16
0126;14
0127;15
0128;21
0129;16
0130;21
0131;17
0201;20
0202;21
0203;11
0204;12
0205;18
0206;19
0207;21
0208;18
0209;12
0210;9
0211;17
0212;19
0213;12
0214;13
0215;17
0216;24
0217;20
0218;5
0219;16
0220;14
0221;26
0222;13
0223;17
0224;18
0225;16
0226;18
0227;8
0228;10
0301;9
0302;9
0303;17
0304;16
0305;16
0306;15
0307;18
0308;16
0309;19
0310;20
0311;19
0312;18
0313;21
0314;14
0315;16
0316;9
0317;12
0318;12
0319;16
0320;14
0321;15
0322;10
0323;2
0324;11
0325;13
0326;13
0327;14
0328;10
0329;17
0330;16
0331;7
0401;12
0402;16
0403;11
0404;23
0405;10
0406;13
0407;16
0408;15
0409;9
0410;9
0411;12
0412;10
0413;12
0414;12
0415;12
0416;13
0417;10
0418;13
0419;16
0420;11
0421;12
0422;15
0423;13
0424;10
0425;9
0426;11
0427;11
0428;13
0429;8
0430;21
0501;7
0502;7
0503;10
0504;12
0505;8
0506;15
0507;16
0508;17
0509;16
0510;11
0511;13
0512;18
0513;8
0514;16
0515;13
0516;14
0517;14
0518;14
0519;16
0520;9
0521;16
0522;15
0523;13
0524;14
0525;9
0526;18
0527;13
0528;10
0529;8
0530;15
0531;10
0601;18
0602;14
0603;12
0604;13
0605;10
0606;20
0607;7
0608;12
0609;12
0610;11
0611;16
0612;12
0613;15
0614;6
0615;9
0616;8
0617;16
0618;16
0619;12
0620;9
0621;16
0622;9
0623;16
0624;5
0625;17
0626;16
0627;13
0628;11
0629;13
0630;7
0701;10
0702;9
0703;14
0704;8
0705;15
0706;15
0707;6
0708;17
0709;12
0710;4
0711;11
0712;10
0713;9
0714;11
0715;15
0716;9
0717;21
0718;15
0719;10
0720;6
0721;12
0722;11
0723;10
0724;11
0725;11
0726;11
0727;14
0728;11
0729;10
0730;10
0731;9
0801;10
0802;13
0803;6
0804;10
0805;10
0806;9
0807;17
0808;11
0809;13
0810;9
0811;11
0812;15
0813;18
0814;19
0815;12
0816;13
0817;10
0818;17
0819;17
0820;9
0821;9
0822;13
0823;17
0824;8
0825;12
0826;18
0827;11
0828;10
0829;11
0830;11
0831;14
0901;7
0902;14
0903;10
0904;14
0905;10
0906;13
0907;11
0908;6
0909;14
0910;16
0911;12
0912;8
0913;19
0914;14
0915;17
0916;11
0917;12
0918;12
0919;15
0920;10
0921;7
0922;11
0923;12
0924;10
0925;12
0926;13
0927;12
0928;14
0929;20
0930;9
1001;9
1002;14
1003;16
1004;13
1005;11
1006;12
1007;10
1008;8
1009;9
1010;11
1011;5
1012;19
1013;8
1014;13
1015;22
1016;18
1017;7
1018;19
1019;8
1020;21
1021;13
1022;9
1023;14
1024;9
1025;15
1026;15
1027;20
1028;16
1029;14
1030;13
1031;18
1101;12
1102;7
1103;10
1104;21
1105;10
1106;8
1107;7
1108;22
1109;13
1110;15
1111;14
1112;17
1113;23
1114;13
1115;17
1116;13
1117;18
1118;16
1119;10
1120;17
1121;12
1122;10
1123;13
1124;13
1125;9
1126;9
1127;12
1128;13
1129;21
1130;12
1201;13
1202;27
1203;16
1204;9
1205;12
1206;13
1207;13
1208;16
1209;10
1210;20
1211;9
1212;10
1213;9
1214;17
1215;16
1216;22
1217;11
1218;16
1219;10
1220;19
1221;23
1222;18
1223;24
1224;5
1225;18
1226;9
1227;19
1228;18
1229;14
1230;19
1231;11
