0101;10
0102;13
0103;5
0104;7
0105;13
0106;8
0107;14
0108;7
0109;9
0110;6
0111;7
0112;15
0113;9
0114;13
0115;9
0116;6
0117;14
0118;9
0119;12
0120;10
0121;6
0122;6
0123;8
0124;5
0125;12
0126;7
0127;6
0128;7
0129;5
0130;7
0131;13
0201;6
0202;7
0203;11
0204;12
0205;11
0206;10
0207;13
0208;7
0209;11
0210;6
0211;8
0212;11
0213;6
0214;5
0215;7
0216;5
0217;11
0218;7
0219;11
0220;2
0221;10
0222;8
0223;4
0224;9
0225;8
0226;7
0227;8
0228;11
0301;9
0302;9
0303;7
0304;13
0305;11
0306;9
0307;5
0308;8
0309;9
0310;8
0311;12
0312;9
0313;8
0314;4
0315;12
0316;8
0317;7
0318;6
0319;8
0320;10
0321;10
0322;11
0323;9
0324;17
0325;5
0326;9
0327;14
0328;5
0329;11
0330;9
0331;11
0401;5
0402;9
0403;11
0404;8
0405;9
0406;5
0407;10
0408;11
0409;15
0410;12
0411;10
0412;14
0413;12
0414;16
0415;9
0416;8
0417;10
0418;6
0419;8
0420;11
0421;11
0422;11
0423;6
0424;6
0425;6
0426;7
0427;4
0428;5
0429;10
0430;9
0501;8
0502;8
0503;5
0504;7
0505;7
0506;6
0507;7
0508;5
0509;9
0510;9
0511;9
0512;13
0513;10
0514;7
0515;11
0516;11
0517;12
0518;7
0519;7
0520;8
0521;4
0522;4
0523;6
0524;7
0525;9
0526;7
0527;11
0528;9
0529;6
0530;10
0531;7
0601;12
0602;13
0603;6
0604;2
0605;7
0606;9
0607;7
0608;9
0609;5
0610;8
0611;8
0612;13
0613;5
0614;8
0615;5
0616;5
0617;10
0618;4
0619;4
0620;6
0621;8
0622;6
0623;5
0624;11
0625;13
0626;7
0627;7
0628;5
0629;5
0630;3
0701;8
0702;9
0703;13
0704;8
0705;11
0706;9
0707;7
0708;11
0709;9
0710;9
0711;7
0712;10
0713;3
0714;7
0715;10
0716;10
0717;8
0718;13
0719;10
0720;7
0721;7
0722;11
0723;9
0724;2
0725;6
0726;7
0727;4
0728;8
0729;5
0730;7
0731;5
0801;10
0802;13
0803;4
0804;6
0805;6
0806;4
0807;9
0808;11
0809;12
0810;6
0811;6
0812;5
0813;8
0814;11
0815;5
0816;10
0817;6
0818;7
0819;8
0820;7
0821;12
0822;9
0823;10
0824;8
0825;7
0826;6
0827;9
0828;8
0829;7
0830;6
0831;7
0901;3
0902;8
0903;7
0904;9
0905;6
0906;3
0907;1
0908;6
0909;9
0910;6
0911;9
0912;6
0913;8
0914;7
0915;8
0916;10
0917;8
0918;7
0919;6
0920;6
0921;4
0922;7
0923;7
0924;7
0925;6
0926;4
0927;8
0928;8
0929;3
0930;8
1001;9
1002;7
1003;2
1004;12
1005;4
1006;8
1007;12
1008;9
1009;11
1010;9
1011;5
1012;8
1013;7
1014;7
1015;8
1016;6
1017;7
1018;10
1019;11
1020;4
1021;5
1022;8
1023;5
1024;9
1025;7
1026;5
1027;10
1028;13
1029;5
1030;12
1031;10
1101;6
1102;12
1103;8
1104;6
1105;11
1106;8
1107;8
1108;13
1109;14
1110;11
1111;7
1112;8
1113;7
1114;6
1115;14
1116;13
1117;7
1118;6
1119;7
1120;10
1121;3
1122;5
1123;9
1124;10
1125;10
1126;9
1127;9
1128;7
1129;9
1130;10
1201;9
1202;6
1203;4
1204;11
1205;13
1206;9
1207;12
1208;12
1209;12
1210;11
1211;15
1212;8
1213;8
1214;9
1215;9
1216;5
1217;8
1218;10
1219;10
1220;8
1221;4
1222;9
1223;4
1224;11
1225;12
1226;10
1227;11
1228;12
1229;4
1230;12
1231;9
