0101;26
0102;22
0103;25
0104;26
0105;26
0106;27
0107;33
0108;25
0109;26
0110;15
0111;29
0112;29
0113;29
0114;34
0115;38
0116;31
0117;28
0118;30
0119;20
0120;31
0121;21
0122;25
0123;25
0124;25
0125;29
0126;24
0127;24
0128;28
0129;34
0130;28
0131;25
0201;27
0202;25
0203;26
0204;20
0205;20
0206;16
0207;24
0208;23
0209;26
0210;19
0211;28
0212;23
0213;23
0214;24
0215;34
0216;27
0217;18
0218;23
0219;26
0220;24
0221;24
0222;35
0223;26
0224;28
0225;24
0226;27
0227;26
0228;26
0301;31
0302;24
0303;28
0304;20
0305;25
0306;22
0307;18
0308;25
0309;24
0310;27
0311;27
0312;19
0313;19
0314;31
0315;22
0316;23
0317;19
0318;35
0319;27
0320;22
0321;32
0322;25
0323;28
0324;21
0325;27
0326;27
0327;31
0328;18
0329;26
0330;26
0331;26
0401;23
0402;24
0403;22
0404;31
0405;21
0406;17
0407;21
0408;20
0409;24
0410;23
0411;18
0412;17
0413;26
0414;28
0415;22
0416;22
0417;21
0418;27
0419;19
0420;13
0421;23
0422;29
0423;23
0424;28
0425;21
0426;18
0427;26
0428;17
0429;23
0430;20
0501;27
0502;29
0503;29
0504;26
0505;13
0506;28
0507;23
0508;22
0509;17
0510;18
0511;27
0512;30
0513;25
0514;19
0515;18
0516;21
0517;31
0518;18
0519;22
0520;21
0521;16
0522;20
0523;32
0524;25
0525;16
0526;16
0527;19
0528;27
0529;19
0530;36
0531;20
0601;17
0602;20
0603;25
0604;24
0605;27
0606;27
0607;20
0608;16
0609;20
0610;20
0611;28
0612;14
0613;26
0614;24
0615;15
0616;21
0617;21
0618;15
0619;16
0620;25
0621;23
0622;25
0623;21
0624;32
0625;28
0626;24
0627;21
0628;18
0629;15
0630;26
0701;22
0702;30
0703;19
0704;18
0705;25
0706;20
0707;19
0708;17
0709;17
0710;26
0711;18
0712;21
0713;9
0714;18
0715;24
0716;20
0717;28
0718;23
0719;22
0720;14
0721;19
0722;17
0723;16
0724;25
0725;20
0726;26
0727;24
0728;17
0729;23
0730;20
0731;21
0801;17
0802;21
0803;21
0804;22
0805;16
0806;18
0807;19
0808;17
0809;26
0810;20
0811;11
0812;29
0813;18
0814;16
0815;27
0816;17
0817;18
0818;22
0819;22
0820;14
0821;24
0822;19
0823;9
0824;21
0825;14
0826;21
0827;14
0828;21
0829;24
0830;15
0831;15
0901;31
0902;21
0903;14
0904;14
0905;14
0906;28
0907;12
0908;16
0909;13
0910;23
0911;26
0912;21
0913;8
0914;24
0915;22
0916;19
0917;19
0918;23
0919;22
0920;21
0921;16
0922;25
0923;20
0924;20
0925;25
0926;21
0927;14
0928;10
0929;23
0930;21
1001;25
1002;21
1003;21
1004;22
1005;21
1006;23
1007;28
1008;15
1009;27
1010;20
1011;16
1012;17
1013;17
1014;28
1015;31
1016;31
1017;14
1018;23
1019;22
1020;21
1021;18
1022;23
1023;37
1024;27
1025;27
1026;25
1027;30
1028;26
1029;30
1030;22
1031;27
1101;25
1102;23
1103;23
1104;30
1105;21
1106;21
1107;14
1108;23
1109;24
1110;21
1111;20
1112;32
1113;17
1114;16
1115;21
1116;19
1117;29
1118;25
1119;27
1120;20
1121;24
1122;29
1123;26
1124;29
1125;16
1126;19
1127;24
1128;15
1129;23
1130;16
1201;17
1202;28
1203;27
1204;26
1205;18
1206;21
1207;37
1208;16
1209;17
1210;29
1211;16
1212;21
1213;22
1214;27
1215;23
1216;17
1217;23
1218;27
1219;25
1220;23
1221;35
1222;24
1223;22
1224;20
1225;23
1226;39
1227;27
1228;19
1229;27
1230;19
1231;19
