0101;10
0102;2
0103;2
0104;4
0105;4
0106;4
0107;5
0108;5
0109;9
0110;6
0111;4
0112;4
0113;6
0114;4
0115;3
0116;8
0117;6
0118;3
0119;2
0120;4
0121;4
0122;6
0123;7
0124;7
0125;4
0126;4
0127;7
0128;3
0129;6
0130;6
0131;7
0201;4
0202;6
0203;5
0204;3
0205;12
0206;6
0207;7
0208;7
0209;5
0210;5
0211;9
0212;8
0213;6
0214;3
0215;3
0216;7
0217;6
0218;5
0219;7
0220;3
0221;5
0222;2
0223;3
0224;6
0225;4
0226;7
0227;9
0228;6
0301;3
0302;3
0303;10
0304;4
0305;7
0306;4
0307;6
0308;3
0309;6
0310;5
0311;9
0312;5
0313;3
0314;4
0315;3
0316;4
0317;2
0318;1
0319;3
0320;3
0321;4
0322;3
0323;3
0324;3
0325;6
0326;2
0327;3
0328;3
0329;6
0330;2
0331;3
0401;5
0402;4
0403;5
0404;7
0405;9
0406;4
0407;3
0408;3
0409;3
0410;5
0411;5
0412;5
0413;2
0414;7
0415;4
0416;5
0417;2
0418;4
0419;2
0420;3
0421;4
0422;4
0423;5
0424;2
0425;3
0426;4
0427;3
0428;4
0429;6
0430;7
0501;2
0502;1
0503;4
0504;4
0505;10
0506;4
0507;3
0508;6
0509;3
0510;6
0511;4
0512;6
0513;6
0514;9
0515;5
0516;2
0517;4
0518;4
0519;6
0520;6
0521;3
0522;6
0523;4
0524;6
0525;3
0526;2
0527;8
0528;2
0529;6
0530;4
0531;6
0601;6
0602;7
0603;6
0604;3
0605;6
0606;5
0607;3
0608;6
0609;7
0610;4
0611;5
0612;7
0613;3
0614;1
0615;4
0616;5
0617;3
0618;4
0619;6
0620;2
0621;4
0622;4
0623;5
0624;1
0625;8
0626;5
0627;5
0628;6
0629;6
0630;2
0701;4
0702;2
0703;2
0704;6
0705;4
0706;6
0707;4
0708;3
0709;2
0710;4
0711;2
0712;3
0713;3
0714;3
0715;2
0716;3
0717;3
0718;4
0719;6
0720;3
0721;6
0722;4
0723;2
0724;3
0725;3
0726;4
0727;2
0728;5
0729;4
0730;5
0731;6
0801;5
0802;7
0803;4
0804;5
0805;6
0806;3
0807;6
0808;5
0809;4
0810;5
0811;6
0812;6
0813;2
0814;3
0815;6
0816;5
0817;4
0818;4
0819;4
0820;4
0821;3
0822;5
0823;1
0824;2
0825;1
0826;4
0827;1
0828;5
0829;3
0830;4
0831;4
0901;2
0902;1
0903;5
0904;5
0905;4
0906;4
0907;4
0908;6
0909;4
0910;6
0911;4
0912;4
0913;2
0914;4
0915;3
0916;8
0917;5
0918;6
0919;6
0920;8
0921;4
0922;3
0923;1
0924;6
0925;2
0926;6
0927;6
0928;2
0929;3
0930;7
1001;2
1002;3
1003;6
1004;4
1005;9
1006;3
1007;4
1008;7
1009;4
1010;2
1011;7
1012;2
1013;1
1014;3
1015;2
1016;6
1017;5
1018;5
1019;9
1020;4
1021;7
1022;2
1023;3
1024;2
1025;6
1026;7
1027;6
1028;3
1029;3
1030;5
1031;6
1101;4
1102;6
1103;6
1104;4
1105;7
1106;4
1107;5
1108;5
1109;3
1110;5
1111;5
1112;3
1113;7
1114;4
1115;4
1116;5
1117;6
1118;7
1119;5
1120;1
1121;6
1122;2
1123;6
1124;4
1125;3
1126;3
1127;3
1128;6
1129;7
1130;7
1201;3
1202;2
1203;3
1204;2
1205;2
1206;3
1207;6
1208;2
1209;4
1210;5
1211;2
1212;5
1213;10
1214;5
1215;7
1216;5
1217;4
1219;6
1220;6
1221;3
1222;4
1223;3
1224;4
1225;12
1226;4
1227;4
1228;4
1229;6
1230;8
1231;3
