0101;4
0102;7
0104;6
0105;7
0106;3
0107;3
0108;4
0109;4
0110;5
0111;5
0112;4
0113;8
0114;5
0115;3
0116;3
0117;2
0118;10
0119;5
0120;4
0121;3
0122;8
0123;5
0124;11
0125;5
0126;4
0127;4
0128;11
0129;7
0130;5
0131;5
0201;4
0202;5
0203;7
0204;2
0205;3
0206;6
0207;3
0208;8
0209;4
0210;6
0211;5
0212;6
0213;4
0214;3
0215;5
0216;4
0217;5
0218;5
0219;4
0220;2
0221;2
0222;5
0223;5
0224;5
0225;5
0226;3
0227;7
0228;3
0301;2
0302;6
0303;3
0304;6
0305;6
0306;3
0307;9
0308;4
0309;4
0310;4
0311;7
0313;2
0314;4
0315;3
0316;1
0317;3
0318;4
0319;4
0320;5
0322;5
0323;2
0324;2
0325;2
0326;2
0327;2
0328;4
0329;2
0330;4
0331;5
0401;6
0402;2
0403;3
0404;5
0405;3
0406;5
0407;5
0408;6
0409;4
0410;3
0411;2
0412;3
0413;6
0414;2
0415;5
0416;5
0417;2
0418;1
0419;7
0420;6
0421;3
0422;6
0423;4
0424;4
0425;4
0426;3
0427;2
0428;5
0429;3
0430;4
0501;2
0502;2
0503;8
0504;5
0505;3
0506;4
0507;6
0508;6
0509;2
0510;5
0511;4
0512;1
0513;4
0514;5
0515;4
0516;3
0517;1
0518;1
0519;5
0520;5
0521;4
0522;5
0523;2
0524;8
0525;2
0526;1
0528;3
0529;5
0530;6
0531;3
0601;3
0602;5
0603;4
0604;7
0605;1
0606;4
0607;5
0608;5
0609;4
0610;2
0611;5
0612;2
0613;3
0614;1
0615;2
0616;5
0617;4
0618;3
0619;2
0620;5
0621;5
0622;1
0623;4
0624;5
0625;3
0626;3
0627;2
0628;1
0629;3
0630;3
0701;6
0702;3
0703;5
0704;3
0705;6
0706;3
0707;6
0708;10
0709;3
0710;7
0711;4
0712;1
0713;2
0714;3
0717;4
0718;3
0719;5
0720;4
0721;1
0722;5
0723;5
0724;3
0725;4
0726;2
0727;3
0728;5
0729;2
0730;3
0731;4
0801;3
0802;3
0803;1
0804;4
0805;1
0806;3
0807;1
0808;3
0809;3
0810;3
0811;6
0812;2
0813;6
0814;4
0815;4
0816;3
0817;4
0818;7
0819;6
0820;7
0821;5
0822;1
0823;2
0824;7
0825;2
0826;1
0827;2
0828;6
0829;2
0831;4
0901;8
0902;7
0903;4
0904;2
0905;4
0906;5
0908;5
0909;1
0910;1
0911;3
0912;4
0913;6
0914;2
0915;5
0916;3
0917;2
0918;4
0919;3
0920;6
0921;3
0922;2
0923;3
0924;1
0925;2
0926;3
0927;4
0928;3
0929;5
0930;6
1001;6
1002;3
1003;4
1004;1
1005;2
1006;3
1007;5
1008;1
1009;3
1010;3
1011;3
1012;3
1013;5
1014;4
1015;4
1016;3
1017;3
1018;10
1019;1
1020;4
1021;6
1022;5
1023;5
1024;1
1025;6
1026;4
1027;4
1028;2
1029;3
1030;1
1031;3
1101;5
1102;2
1103;7
1104;2
1105;2
1106;3
1107;5
1108;3
1109;4
1110;1
1111;2
1112;3
1113;2
1114;3
1115;5
1116;7
1117;3
1118;8
1119;3
1120;1
1121;8
1122;5
1123;2
1124;4
1125;6
1126;2
1127;3
1128;4
1129;2
1130;8
1201;8
1202;1
1203;2
1204;2
1205;2
1206;1
1207;5
1209;6
1210;4
1211;2
1212;2
1213;4
1214;2
1215;4
1216;1
1217;4
1218;3
1219;1
1220;5
1221;2
1222;5
1223;7
1224;4
1225;5
1226;4
1227;3
1228;6
1229;4
1230;3
1231;5
