0101;11
0102;9
0103;11
0104;5
0105;12
0106;5
0107;9
0108;6
0109;8
0110;10
0111;9
0112;9
0113;13
0114;12
0115;7
0116;15
0117;17
0118;7
0119;5
0120;13
0121;6
0122;5
0123;12
0124;11
0125;9
0126;6
0127;17
0128;12
0129;10
0130;15
0131;10
0201;10
0202;14
0203;19
0204;11
0205;10
0206;14
0207;8
0208;9
0209;13
0210;13
0211;19
0212;12
0213;8
0214;19
0215;17
0216;14
0217;15
0218;13
0219;19
0220;14
0221;13
0222;9
0223;10
0224;12
0225;9
0226;17
0227;12
0228;11
0301;11
0302;13
0303;12
0304;9
0305;8
0306;18
0307;10
0308;11
0309;11
0310;26
0311;16
0312;8
0313;12
0314;16
0315;15
0316;20
0317;10
0318;12
0319;10
0320;12
0321;9
0322;8
0323;6
0324;16
0325;9
0326;8
0327;11
0328;17
0329;14
0330;6
0331;12
0400;1
0401;7
0402;7
0403;8
0404;12
0405;10
0406;12
0407;9
0408;16
0409;11
0410;5
0411;12
0412;7
0413;8
0414;3
0415;13
0416;9
0417;11
0418;11
0419;11
0420;7
0421;15
0422;5
0423;11
0424;10
0425;14
0426;13
0427;9
0428;5
0429;13
0430;9
0501;10
0502;7
0503;7
0504;9
0505;7
0506;12
0507;19
0508;13
0509;15
0510;8
0511;5
0512;10
0513;10
0514;9
0515;5
0516;12
0517;13
0518;8
0519;7
0520;12
0521;5
0522;10
0523;11
0524;6
0525;9
0526;10
0527;9
0528;7
0529;7
0530;9
0531;8
0601;10
0602;9
0603;10
0604;6
0605;16
0606;9
0607;7
0608;9
0609;10
0610;10
0611;9
0612;9
0613;10
0614;15
0615;9
0616;13
0617;10
0618;3
0619;10
0620;10
0621;16
0622;9
0623;9
0624;10
0625;9
0626;8
0627;5
0628;7
0629;13
0630;12
0701;11
0702;6
0703;10
0704;3
0705;10
0706;5
0707;11
0708;11
0709;19
0710;4
0711;11
0712;13
0713;9
0714;7
0715;10
0716;13
0717;11
0718;11
0719;14
0720;8
0721;7
0722;5
0723;6
0724;7
0725;9
0726;11
0727;7
0728;13
0729;12
0730;15
0731;5
0801;10
0802;16
0803;11
0804;14
0805;16
0806;6
0807;2
0808;17
0809;11
0810;9
0811;14
0812;9
0813;7
0814;5
0815;7
0816;9
0817;7
0818;14
0819;9
0820;8
0821;10
0822;8
0823;7
0824;7
0825;16
0826;8
0827;13
0828;17
0829;5
0830;8
0831;13
0901;7
0902;7
0903;11
0904;11
0905;7
0906;8
0907;7
0908;16
0909;8
0910;11
0911;6
0912;6
0913;4
0914;5
0915;7
0916;9
0917;13
0918;9
0919;16
0920;9
0921;5
0922;16
0923;17
0924;7
0925;9
0926;7
0927;12
0928;10
0929;8
0930;7
1001;6
1002;14
1003;7
1004;19
1005;8
1006;5
1007;8
1008;14
1009;5
1010;10
1011;7
1012;19
1013;8
1014;8
1015;14
1016;6
1017;12
1018;19
1019;10
1020;9
1021;9
1022;9
1023;11
1024;6
1025;13
1026;19
1027;11
1028;9
1029;8
1030;10
1031;16
1101;11
1102;15
1103;5
1104;8
1105;10
1106;7
1107;13
1108;13
1109;10
1110;16
1111;9
1112;13
1113;9
1114;7
1115;17
1116;4
1117;15
1118;15
1119;11
1120;17
1121;7
1122;16
1123;8
1124;16
1125;13
1126;10
1127;12
1128;8
1129;19
1130;15
1201;10
1202;9
1203;6
1204;15
1205;8
1206;13
1207;12
1208;9
1209;9
1210;13
1211;12
1212;10
1213;19
1214;11
1215;11
1216;9
1217;5
1218;14
1219;13
1220;21
1221;7
1222;16
1223;13
1224;15
1225;12
1226;16
1227;6
1228;18
1229;13
1230;16
1231;23
