0000;1
0101;15
0102;35
0103;13
0104;16
0105;23
0106;19
0107;20
0108;33
0109;24
0110;17
0111;27
0112;17
0113;23
0114;26
0115;18
0116;22
0117;23
0118;22
0119;20
0120;15
0121;24
0122;18
0123;23
0124;22
0125;19
0126;10
0127;12
0128;24
0129;23
0130;30
0131;24
0201;21
0202;17
0203;23
0204;22
0205;22
0206;23
0207;18
0208;22
0209;9
0210;21
0211;17
0212;19
0213;11
0214;17
0215;23
0216;11
0217;12
0218;17
0219;17
0220;16
0221;18
0222;12
0223;19
0224;18
0225;16
0226;20
0227;15
0228;15
0301;23
0302;14
0303;22
0304;17
0305;12
0306;18
0307;12
0308;27
0309;17
0310;15
0311;16
0312;19
0313;19
0314;20
0315;15
0316;20
0317;17
0318;12
0319;15
0320;24
0321;16
0322;17
0323;18
0324;16
0325;21
0326;10
0327;24
0328;24
0329;16
0330;16
0331;17
0401;10
0402;22
0403;26
0404;21
0405;22
0406;30
0407;12
0408;18
0409;20
0410;21
0411;23
0412;23
0413;13
0414;17
0415;23
0416;21
0417;14
0418;14
0419;20
0420;21
0421;16
0422;27
0423;23
0424;14
0425;17
0426;20
0427;13
0428;25
0429;14
0430;15
0501;20
0502;16
0503;18
0504;19
0505;18
0506;19
0507;20
0508;19
0509;14
0510;27
0511;16
0512;11
0513;15
0514;16
0515;16
0516;18
0517;18
0518;18
0519;18
0520;26
0521;14
0522;19
0523;20
0524;15
0525;22
0526;17
0527;14
0528;25
0529;16
0530;13
0531;26
0601;17
0602;24
0603;16
0604;15
0605;19
0606;14
0607;21
0608;15
0609;14
0610;18
0611;18
0612;22
0613;18
0614;26
0615;16
0616;16
0617;16
0618;15
0619;16
0620;10
0621;18
0622;16
0623;16
0624;20
0625;15
0626;21
0627;18
0628;23
0629;18
0630;19
0700;1
0701;13
0702;18
0703;21
0704;27
0705;12
0706;17
0707;23
0708;19
0709;15
0710;19
0711;10
0712;26
0713;20
0714;23
0715;14
0716;18
0717;14
0718;15
0719;13
0720;17
0721;20
0722;20
0723;23
0724;10
0725;17
0726;17
0727;21
0728;13
0729;18
0730;14
0731;16
0801;20
0802;13
0803;18
0804;19
0805;16
0806;23
0807;20
0808;15
0809;13
0810;13
0811;13
0812;14
0813;28
0814;17
0815;15
0816;13
0817;9
0818;21
0819;19
0820;20
0821;25
0822;27
0823;23
0824;14
0825;8
0826;29
0827;27
0828;24
0829;14
0830;17
0831;20
0901;20
0902;17
0903;21
0904;23
0905;22
0906;13
0907;12
0908;14
0909;25
0910;11
0911;20
0912;19
0913;22
0914;20
0915;17
0916;31
0917;16
0918;19
0919;22
0920;16
0921;18
0922;18
0923;14
0924;19
0925;14
0926;25
0927;24
0928;18
0929;22
0930;23
1001;18
1002;19
1003;15
1004;21
1005;17
1006;26
1007;27
1008;12
1009;19
1010;15
1011;12
1012;20
1013;17
1014;24
1015;25
1016;21
1017;20
1018;24
1019;18
1020;16
1021;20
1022;18
1023;14
1024;19
1025;22
1026;29
1027;18
1028;20
1029;27
1030;21
1031;25
1101;15
1102;15
1103;19
1104;13
1105;15
1106;21
1107;11
1108;25
1109;13
1110;18
1111;19
1112;26
1113;14
1114;19
1115;20
1116;9
1117;16
1118;16
1119;9
1120;18
1121;19
1122;17
1123;24
1124;14
1125;14
1126;18
1127;27
1128;18
1129;23
1130;12
1201;26
1202;16
1203;14
1204;11
1205;16
1206;21
1207;20
1208;20
1209;19
1210;28
1211;16
1212;17
1213;24
1214;24
1215;31
1216;24
1217;16
1218;13
1219;21
1220;16
1221;16
1222;20
1223;25
1224;20
1225;15
1226;13
1227;29
1228;15
1229;17
1230;24
1231;20
