0101;12
0102;16
0103;10
0104;14
0105;10
0106;6
0107;11
0108;9
0109;12
0110;10
0111;13
0112;8
0113;14
0114;15
0115;16
0116;4
0117;9
0118;11
0119;13
0120;13
0121;10
0122;14
0123;9
0124;8
0125;9
0126;15
0127;13
0128;9
0129;8
0130;5
0131;12
0201;11
0202;10
0203;11
0204;6
0205;11
0206;18
0207;2
0208;11
0209;15
0210;8
0211;13
0212;13
0213;8
0214;14
0215;7
0216;10
0217;9
0218;12
0219;12
0220;9
0221;8
0222;14
0223;15
0224;11
0225;14
0226;8
0227;13
0228;15
0301;16
0302;17
0303;8
0304;7
0305;19
0306;9
0307;10
0308;9
0309;14
0310;15
0311;21
0312;12
0313;7
0314;7
0315;11
0316;8
0317;12
0318;11
0319;19
0320;15
0321;12
0322;8
0323;14
0324;10
0325;14
0326;12
0327;14
0328;14
0329;10
0330;10
0331;11
0401;10
0402;10
0403;12
0404;7
0405;8
0406;14
0407;11
0408;7
0409;7
0410;7
0411;8
0412;9
0413;3
0414;7
0415;9
0416;8
0417;5
0418;10
0419;12
0420;18
0421;9
0422;14
0423;8
0424;11
0425;8
0426;11
0427;11
0428;11
0429;10
0430;11
0502;12
0503;16
0504;9
0505;9
0506;15
0507;9
0508;14
0509;15
0510;5
0511;8
0512;12
0513;5
0514;5
0515;3
0516;15
0517;12
0518;11
0519;10
0520;7
0521;11
0522;14
0523;14
0524;16
0525;12
0526;10
0527;8
0528;14
0529;7
0530;5
0531;6
0601;10
0602;10
0603;10
0604;12
0605;9
0606;7
0607;10
0608;12
0609;7
0610;10
0611;4
0612;9
0613;11
0614;8
0615;10
0616;11
0617;10
0618;9
0619;7
0620;12
0621;9
0622;10
0623;6
0624;10
0625;5
0626;12
0627;4
0628;5
0629;7
0630;4
0701;8
0702;5
0703;9
0704;5
0705;10
0706;13
0707;14
0708;6
0709;18
0710;5
0711;8
0712;8
0713;7
0714;10
0715;6
0716;9
0717;7
0718;17
0719;11
0720;14
0721;10
0722;11
0723;15
0724;9
0725;10
0726;9
0727;9
0728;13
0729;8
0730;9
0731;6
0801;8
0802;5
0803;12
0804;11
0805;7
0806;9
0807;8
0808;7
0809;9
0810;7
0811;10
0812;8
0813;9
0814;6
0815;6
0816;9
0817;8
0818;10
0819;2
0820;9
0821;11
0822;4
0823;8
0824;7
0825;11
0826;4
0827;14
0828;8
0829;10
0830;13
0831;10
0901;3
0902;8
0903;13
0904;11
0905;7
0906;10
0907;3
0908;4
0909;6
0910;11
0911;18
0912;5
0913;12
0914;5
0915;6
0916;10
0917;8
0918;13
0919;6
0920;14
0921;8
0922;6
0923;10
0924;10
0925;6
0926;8
0927;5
0928;5
0929;11
0930;9
1001;14
1002;10
1003;10
1004;12
1005;7
1006;12
1007;12
1008;15
1009;9
1010;9
1011;9
1012;12
1013;8
1014;4
1015;9
1016;12
1017;12
1018;11
1019;17
1020;15
1021;19
1022;6
1023;15
1024;6
1025;11
1026;10
1027;13
1028;4
1029;6
1030;13
1031;10
1101;9
1102;9
1103;13
1104;7
1105;10
1106;12
1107;10
1108;11
1109;6
1110;16
1111;11
1112;9
1113;8
1114;10
1115;10
1116;16
1117;14
1118;13
1119;7
1120;7
1121;20
1122;9
1123;12
1124;7
1125;12
1126;12
1127;16
1128;8
1129;6
1130;12
1201;7
1202;9
1203;13
1204;7
1205;9
1206;9
1207;12
1208;6
1209;8
1210;13
1211;10
1212;14
1213;9
1214;12
1215;16
1216;18
1217;16
1218;7
1219;13
1220;16
1221;9
1222;5
1223;14
1224;14
1225;14
1226;7
1227;8
1228;16
1229;15
1230;14
1231;14
