0101;24
0102;15
0103;18
0104;22
0105;16
0106;23
0107;14
0108;21
0109;24
0110;13
0111;16
0112;13
0113;16
0114;14
0115;19
0116;14
0117;26
0118;16
0119;19
0120;26
0121;23
0122;18
0123;14
0124;20
0125;27
0126;26
0127;18
0128;19
0129;20
0130;16
0131;17
0201;26
0202;20
0203;20
0204;24
0205;14
0206;29
0207;18
0208;19
0209;29
0210;29
0211;18
0212;20
0213;30
0214;21
0215;27
0216;28
0217;24
0218;17
0219;23
0220;20
0221;10
0222;20
0223;22
0224;23
0225;26
0226;19
0227;24
0228;19
0301;23
0302;22
0303;17
0304;25
0305;25
0306;13
0307;20
0308;25
0309;14
0310;21
0311;17
0312;19
0313;16
0314;23
0315;17
0316;24
0317;17
0318;19
0319;20
0320;11
0321;24
0322;23
0323;25
0324;12
0325;25
0326;14
0327;16
0328;20
0329;9
0330;20
0331;14
0401;13
0402;14
0403;19
0404;21
0405;24
0406;19
0407;24
0408;29
0409;19
0410;25
0411;19
0412;21
0413;18
0414;16
0415;10
0416;12
0417;24
0418;24
0419;16
0420;22
0421;16
0422;14
0423;20
0424;17
0425;23
0426;16
0427;18
0428;17
0429;19
0430;28
0501;20
0502;18
0503;24
0504;23
0505;15
0506;20
0507;19
0508;13
0509;15
0510;21
0511;20
0512;13
0513;11
0514;15
0515;15
0516;23
0517;15
0518;20
0519;22
0520;19
0521;24
0522;12
0523;19
0524;20
0525;21
0526;22
0527;16
0528;17
0529;19
0530;9
0531;16
0601;14
0602;22
0603;14
0604;17
0605;17
0606;23
0607;22
0608;17
0609;21
0610;11
0611;14
0612;25
0613;20
0614;17
0615;13
0616;15
0617;14
0618;17
0619;22
0620;20
0621;16
0622;16
0623;23
0624;16
0625;24
0626;17
0627;19
0628;13
0629;22
0630;18
0701;23
0702;17
0703;24
0704;17
0705;10
0706;23
0707;7
0708;25
0709;16
0710;6
0711;18
0712;22
0713;15
0714;18
0715;25
0716;20
0717;17
0718;18
0719;15
0720;16
0721;18
0722;25
0723;23
0724;22
0725;22
0726;14
0727;14
0728;17
0729;27
0730;14
0731;22
0801;14
0802;13
0803;19
0804;15
0805;16
0806;16
0807;16
0808;16
0809;13
0810;13
0811;14
0812;15
0813;11
0814;22
0815;27
0816;22
0817;22
0818;17
0819;13
0820;13
0821;21
0822;20
0823;15
0824;18
0825;15
0826;26
0827;22
0828;22
0829;26
0830;23
0831;19
0901;13
0902;19
0903;18
0904;17
0905;19
0906;15
0907;17
0908;22
0909;14
0910;17
0911;15
0912;21
0913;10
0914;13
0915;19
0916;15
0917;21
0918;21
0919;23
0920;26
0921;19
0922;18
0923;15
0924;18
0925;16
0926;15
0927;15
0928;11
0929;18
0930;18
1001;16
1002;22
1003;17
1004;16
1005;13
1006;22
1007;19
1008;27
1009;22
1010;15
1011;18
1012;18
1013;19
1014;17
1015;18
1016;25
1017;22
1018;17
1019;14
1020;18
1021;22
1022;10
1023;10
1024;20
1025;22
1026;14
1027;21
1028;18
1029;14
1030;19
1031;21
1101;17
1102;17
1103;16
1104;15
1105;25
1106;17
1107;23
1108;18
1109;21
1110;12
1111;17
1112;26
1113;17
1114;28
1115;22
1116;13
1117;18
1118;26
1119;26
1120;24
1121;12
1122;21
1123;23
1124;29
1125;22
1126;19
1127;15
1128;26
1129;16
1130;17
1201;23
1202;24
1203;14
1204;18
1205;14
1206;13
1207;19
1208;20
1209;15
1210;15
1211;17
1212;18
1213;19
1214;26
1215;20
1216;31
1217;24
1218;18
1219;27
1220;19
1221;20
1222;20
1223;16
1224;20
1225;17
1226;20
1227;20
1228;20
1229;12
1230;22
1231;30
