0101;4
0102;4
0103;6
0104;7
0105;5
0106;5
0107;3
0108;3
0109;3
0110;1
0111;3
0112;5
0113;3
0114;2
0115;7
0116;5
0117;10
0118;7
0119;3
0120;5
0121;3
0122;4
0123;4
0124;6
0125;3
0126;3
0127;8
0128;6
0129;7
0130;8
0131;5
0201;6
0202;5
0203;6
0204;4
0205;4
0206;5
0207;3
0208;6
0209;5
0210;6
0211;6
0212;5
0213;6
0214;15
0215;6
0216;4
0217;1
0218;2
0219;5
0220;4
0221;3
0222;3
0223;3
0224;4
0225;9
0226;5
0227;2
0228;5
0301;6
0302;4
0303;4
0304;6
0305;4
0306;2
0307;5
0308;3
0309;4
0310;2
0311;8
0312;8
0313;6
0314;3
0315;3
0316;8
0317;11
0318;1
0319;6
0320;4
0321;2
0322;7
0323;4
0324;4
0325;2
0326;5
0327;3
0328;5
0329;3
0330;4
0331;9
0401;7
0402;3
0403;6
0404;6
0405;8
0406;1
0407;7
0408;3
0409;3
0410;4
0411;2
0412;6
0413;6
0414;5
0415;2
0416;3
0417;3
0418;5
0419;2
0420;3
0421;3
0422;4
0423;4
0424;4
0425;4
0426;1
0427;3
0428;5
0429;4
0430;3
0501;4
0502;2
0503;2
0504;9
0505;3
0506;6
0507;5
0508;4
0509;7
0510;3
0511;8
0512;7
0513;3
0514;8
0515;4
0516;3
0517;5
0518;3
0519;4
0520;5
0521;7
0522;4
0523;1
0524;3
0525;5
0526;5
0527;1
0528;5
0530;7
0531;3
0601;3
0602;7
0603;5
0604;7
0605;6
0606;8
0607;5
0608;7
0609;2
0610;5
0611;7
0612;8
0613;2
0614;1
0615;2
0616;5
0617;5
0618;2
0619;4
0620;5
0621;1
0622;5
0623;6
0624;3
0625;5
0626;3
0627;5
0628;5
0630;4
0701;5
0702;8
0703;2
0704;5
0705;7
0706;6
0707;5
0708;6
0709;4
0710;3
0711;8
0712;3
0713;5
0714;2
0715;1
0716;4
0717;2
0718;6
0719;4
0720;3
0721;4
0722;4
0723;8
0724;6
0725;5
0726;6
0727;4
0728;6
0729;2
0730;2
0731;4
0801;3
0802;2
0803;8
0804;4
0805;1
0806;3
0807;3
0808;6
0809;3
0810;5
0811;3
0812;5
0813;5
0814;1
0815;3
0816;4
0817;5
0818;5
0819;4
0820;3
0821;3
0822;5
0823;2
0824;3
0825;6
0826;3
0827;3
0828;3
0829;1
0830;3
0831;5
0901;4
0902;4
0903;2
0904;5
0905;5
0906;3
0907;3
0908;3
0909;8
0910;3
0911;2
0912;4
0913;4
0914;2
0915;5
0916;4
0917;5
0918;3
0919;6
0920;6
0921;6
0922;4
0923;1
0924;8
0925;5
0926;3
0927;3
0928;2
0929;2
0930;7
1001;6
1002;3
1003;4
1004;8
1005;6
1006;5
1007;5
1008;6
1009;3
1010;2
1011;3
1012;3
1013;3
1014;2
1015;7
1016;3
1017;3
1018;9
1019;8
1020;2
1021;7
1022;6
1023;5
1024;4
1025;3
1026;5
1027;4
1028;3
1029;3
1030;4
1031;5
1101;2
1102;8
1103;7
1104;4
1105;3
1106;7
1107;9
1108;6
1109;6
1110;3
1111;2
1112;4
1113;3
1114;4
1115;14
1116;7
1117;6
1118;2
1119;5
1120;7
1121;1
1122;5
1123;5
1124;3
1125;6
1126;6
1127;5
1128;3
1129;7
1130;4
1201;8
1202;10
1203;4
1204;1
1205;5
1206;3
1207;5
1208;5
1209;10
1210;5
1211;3
1212;10
1213;8
1214;2
1215;5
1216;3
1217;4
1218;6
1219;6
1220;4
1221;7
1222;3
1223;3
1224;7
1225;5
1226;8
1227;10
1228;2
1229;8
1230;5
1231;10
