0101;9
0102;11
0103;9
0104;7
0105;4
0106;12
0107;6
0108;11
0109;10
0110;8
0111;9
0112;6
0113;13
0114;8
0115;14
0116;7
0117;10
0118;19
0119;12
0120;13
0121;19
0122;10
0123;12
0124;16
0125;14
0126;6
0127;13
0128;9
0129;12
0130;9
0131;10
0201;11
0202;10
0203;14
0204;11
0205;11
0206;13
0207;8
0208;15
0209;13
0210;4
0211;18
0212;10
0213;7
0214;10
0215;10
0216;9
0217;8
0218;8
0219;11
0220;9
0221;13
0222;9
0223;8
0224;8
0225;12
0226;8
0227;6
0228;12
0301;12
0302;10
0303;5
0304;6
0305;9
0306;12
0307;5
0308;13
0309;9
0310;13
0311;10
0312;6
0313;13
0314;22
0315;12
0316;9
0317;9
0318;9
0319;4
0320;15
0321;8
0322;6
0323;11
0324;9
0325;9
0326;4
0327;14
0328;12
0329;10
0330;11
0331;6
0401;11
0402;12
0403;12
0404;9
0405;12
0406;5
0407;8
0408;4
0409;9
0410;16
0411;6
0412;7
0413;6
0414;7
0415;12
0416;9
0417;5
0418;14
0419;7
0420;11
0421;10
0422;5
0423;4
0424;8
0425;10
0426;7
0427;6
0428;11
0429;6
0430;10
0501;10
0502;6
0503;4
0504;5
0505;12
0506;9
0507;8
0508;13
0509;10
0510;13
0511;5
0512;11
0513;11
0514;6
0515;10
0516;8
0517;6
0518;11
0519;6
0520;11
0521;5
0522;8
0523;8
0524;10
0525;9
0526;11
0527;8
0528;9
0529;10
0530;10
0531;11
0601;7
0602;11
0603;8
0604;6
0605;11
0606;11
0607;11
0608;8
0609;5
0610;9
0611;11
0612;7
0613;9
0614;9
0615;14
0616;6
0617;11
0618;8
0619;8
0620;6
0621;8
0622;8
0623;5
0624;8
0625;8
0626;7
0627;10
0628;6
0629;8
0630;3
0701;11
0702;10
0703;7
0704;16
0705;6
0706;6
0707;10
0708;10
0709;11
0710;6
0711;11
0712;10
0713;11
0714;8
0715;9
0716;9
0717;10
0718;15
0719;9
0720;13
0721;14
0722;11
0723;11
0724;10
0725;10
0726;9
0727;8
0728;9
0729;7
0730;7
0731;5
0801;10
0802;8
0803;7
0804;8
0805;3
0806;8
0807;10
0808;11
0809;9
0810;5
0811;10
0812;8
0813;10
0814;14
0815;8
0816;10
0817;11
0818;16
0819;13
0820;9
0821;5
0822;7
0823;7
0824;3
0825;16
0826;5
0827;8
0828;7
0829;16
0830;11
0831;7
0901;15
0902;9
0903;7
0904;9
0905;5
0906;14
0907;4
0908;2
0909;10
0910;3
0911;6
0912;11
0913;10
0914;8
0915;9
0916;16
0917;9
0918;6
0919;12
0920;12
0921;7
0922;10
0923;6
0924;10
0925;9
0926;11
0927;8
0928;3
0929;13
0930;18
1001;5
1002;9
1003;6
1004;9
1005;15
1006;5
1007;8
1008;6
1009;18
1010;11
1011;9
1012;11
1013;16
1014;6
1015;11
1016;14
1017;10
1018;13
1019;8
1020;6
1021;18
1022;12
1023;9
1024;11
1025;10
1026;8
1027;10
1028;15
1029;10
1030;11
1031;9
1101;11
1102;8
1103;17
1104;10
1105;9
1106;10
1107;15
1108;11
1109;10
1110;9
1111;13
1112;12
1113;15
1114;14
1115;2
1116;9
1117;11
1118;16
1119;6
1120;13
1121;8
1122;11
1123;10
1124;7
1125;9
1126;6
1127;12
1128;17
1129;11
1130;5
1201;5
1202;13
1203;9
1204;13
1205;12
1206;12
1207;13
1208;17
1209;20
1210;8
1211;15
1212;8
1213;10
1214;7
1215;11
1216;12
1217;8
1218;11
1219;11
1220;12
1221;6
1222;12
1223;12
1224;16
1225;12
1226;5
1227;14
1228;6
1229;9
1230;12
1231;11
