0101;24
0102;29
0103;26
0104;22
0105;22
0106;27
0107;27
0108;24
0109;32
0110;16
0111;26
0112;19
0113;29
0114;24
0115;23
0116;22
0117;15
0118;32
0119;20
0120;16
0121;22
0122;23
0123;25
0124;16
0125;31
0126;17
0127;24
0128;29
0129;21
0130;27
0131;21
0201;26
0202;34
0203;27
0204;30
0205;28
0206;21
0207;25
0208;25
0209;23
0210;30
0211;27
0212;30
0213;22
0214;15
0215;24
0216;21
0217;23
0218;28
0219;23
0220;30
0221;27
0222;19
0223;18
0224;32
0225;24
0226;26
0227;15
0228;23
0301;16
0302;28
0303;28
0304;16
0305;19
0306;28
0307;27
0308;17
0309;17
0310;17
0311;17
0312;23
0313;27
0314;25
0315;23
0316;21
0317;29
0318;27
0319;23
0320;19
0321;22
0322;23
0323;26
0324;18
0325;21
0326;28
0327;21
0328;20
0329;20
0330;17
0331;17
0401;26
0402;26
0403;26
0404;24
0405;24
0406;14
0407;20
0408;18
0409;20
0410;34
0411;24
0412;24
0413;18
0414;23
0415;23
0416;23
0417;24
0418;30
0419;18
0420;27
0421;23
0422;17
0423;23
0424;22
0425;23
0426;19
0427;23
0428;24
0429;26
0430;23
0501;28
0502;25
0503;27
0504;17
0505;21
0506;29
0507;27
0508;23
0509;27
0510;23
0511;22
0512;16
0513;27
0514;18
0515;31
0516;25
0517;28
0518;23
0519;23
0520;24
0521;25
0522;22
0523;31
0524;21
0525;18
0526;28
0527;25
0528;17
0529;27
0530;22
0531;18
0601;25
0602;25
0603;18
0604;30
0605;14
0606;18
0607;26
0608;13
0609;25
0610;31
0611;20
0612;18
0613;17
0614;29
0615;13
0616;16
0617;17
0618;22
0619;23
0620;25
0621;17
0622;22
0623;23
0624;28
0625;22
0626;22
0627;14
0628;24
0629;19
0630;23
0701;15
0702;21
0703;23
0704;22
0705;27
0706;19
0707;16
0708;24
0709;25
0710;25
0711;31
0712;22
0713;26
0714;23
0715;21
0716;11
0717;22
0718;28
0719;19
0720;25
0721;25
0722;13
0723;14
0724;28
0725;26
0726;29
0727;33
0728;20
0729;20
0730;25
0731;26
0801;21
0802;24
0803;13
0804;25
0805;13
0806;12
0807;26
0808;14
0809;26
0810;22
0811;26
0812;20
0813;11
0814;18
0815;19
0816;18
0817;13
0818;9
0819;22
0820;30
0821;21
0822;19
0823;23
0824;26
0825;25
0826;24
0827;27
0828;27
0829;17
0830;20
0831;19
0901;27
0902;11
0903;22
0904;23
0905;24
0906;28
0907;21
0908;23
0909;20
0910;25
0911;21
0912;18
0913;26
0914;28
0915;31
0916;24
0917;22
0918;19
0919;19
0920;23
0921;19
0922;16
0923;25
0924;20
0925;32
0926;23
0927;29
0928;23
0929;34
0930;25
1001;20
1002;24
1003;21
1004;30
1005;19
1006;16
1007;16
1008;25
1009;20
1010;22
1011;16
1012;21
1013;20
1014;15
1015;31
1016;20
1017;19
1018;23
1019;18
1020;32
1021;24
1022;18
1023;28
1024;16
1025;25
1026;26
1027;26
1028;20
1029;18
1030;24
1031;19
1101;17
1102;24
1103;20
1104;21
1105;28
1106;26
1107;31
1108;19
1109;23
1110;13
1111;19
1112;30
1113;25
1114;24
1115;20
1116;24
1117;21
1118;26
1119;14
1120;17
1121;27
1122;22
1123;25
1124;25
1125;22
1126;26
1127;26
1128;22
1129;37
1130;23
1201;18
1202;24
1203;24
1204;31
1205;22
1206;31
1207;25
1208;31
1209;22
1210;20
1211;23
1212;38
1213;26
1214;21
1215;23
1216;30
1217;29
1218;22
1219;32
1220;24
1221;21
1222;24
1223;23
1224;27
1225;33
1226;34
1227;31
1228;24
1229;21
1230;30
1231;27
