0101;9
0102;12
0103;14
0104;12
0105;13
0106;6
0107;6
0108;15
0109;10
0110;11
0111;13
0112;5
0113;10
0114;4
0115;10
0116;12
0117;10
0118;10
0119;10
0120;13
0121;7
0122;11
0123;12
0124;9
0125;11
0126;8
0127;11
0128;10
0129;7
0130;8
0131;5
0201;9
0202;8
0203;11
0204;12
0205;13
0206;10
0207;4
0208;10
0209;11
0210;13
0211;12
0212;11
0213;9
0214;9
0215;8
0216;6
0217;11
0218;16
0219;8
0220;16
0221;5
0222;8
0223;10
0224;9
0225;12
0226;8
0227;10
0228;13
0301;8
0302;8
0303;13
0304;10
0305;6
0306;9
0307;4
0308;11
0309;9
0310;10
0311;8
0312;5
0313;8
0314;5
0315;7
0316;7
0317;7
0318;14
0319;12
0320;12
0321;8
0322;8
0323;10
0324;8
0325;9
0326;3
0327;8
0328;8
0329;9
0330;8
0331;13
0401;7
0402;5
0403;18
0404;11
0405;10
0406;12
0407;7
0408;10
0409;6
0410;5
0411;5
0412;8
0413;6
0414;3
0415;14
0416;12
0417;2
0418;11
0419;5
0420;11
0421;10
0422;9
0423;12
0424;8
0425;11
0426;12
0427;5
0428;7
0429;5
0430;9
0501;11
0502;9
0503;2
0504;6
0505;10
0506;12
0507;8
0508;10
0509;11
0510;10
0511;10
0512;6
0513;9
0514;10
0515;9
0516;12
0517;10
0518;10
0519;13
0520;11
0521;8
0522;10
0523;5
0524;12
0525;5
0526;5
0527;8
0528;6
0529;7
0530;6
0531;10
0601;6
0602;13
0603;9
0604;14
0605;5
0606;8
0607;16
0608;6
0609;7
0610;11
0611;6
0612;15
0613;7
0614;5
0615;4
0616;9
0617;8
0618;7
0619;8
0620;9
0621;10
0622;7
0623;5
0624;6
0625;7
0626;3
0627;12
0628;13
0629;4
0630;11
0701;4
0702;13
0703;7
0704;7
0705;6
0706;6
0707;7
0708;5
0709;10
0710;7
0711;8
0712;14
0713;3
0714;8
0715;3
0716;10
0717;5
0718;14
0719;7
0720;9
0721;11
0722;9
0723;7
0724;8
0725;13
0726;12
0727;9
0728;8
0729;2
0730;7
0731;9
0801;5
0802;8
0803;12
0804;8
0805;7
0806;5
0807;13
0808;7
0809;17
0810;3
0811;6
0812;9
0813;13
0814;3
0815;8
0816;8
0817;6
0818;10
0819;5
0820;10
0821;5
0822;12
0823;8
0824;7
0825;5
0826;5
0827;3
0828;5
0829;8
0830;11
0831;12
0901;12
0902;8
0903;7
0904;6
0905;10
0906;14
0907;8
0908;6
0909;7
0910;10
0911;7
0912;4
0913;9
0914;11
0915;6
0916;9
0917;10
0918;14
0919;8
0920;11
0921;14
0922;11
0923;8
0924;6
0925;12
0926;10
0927;15
0928;3
0929;11
0930;8
1001;7
1002;9
1003;9
1004;12
1005;6
1006;12
1007;11
1008;9
1009;4
1010;13
1011;8
1012;5
1013;10
1014;7
1015;8
1016;8
1017;13
1018;9
1019;8
1020;6
1021;7
1022;5
1023;5
1024;11
1025;13
1026;7
1027;8
1028;10
1029;9
1030;7
1031;12
1101;9
1102;10
1103;7
1104;8
1105;11
1106;11
1107;7
1108;10
1109;6
1110;10
1111;8
1112;9
1113;8
1114;12
1115;8
1116;12
1117;11
1118;12
1119;8
1120;9
1121;12
1122;13
1123;7
1124;15
1125;8
1126;8
1127;12
1128;10
1129;10
1130;5
1201;14
1202;5
1203;12
1204;13
1205;11
1206;12
1207;14
1208;8
1209;9
1210;13
1211;9
1212;9
1213;13
1214;7
1215;3
1216;12
1217;15
1218;8
1219;10
1220;14
1221;5
1222;13
1223;6
1224;11
1225;13
1226;15
1227;12
1228;11
1229;8
1230;10
1231;1
