0101;13
0102;9
0103;10
0104;13
0105;17
0106;15
0107;9
0108;14
0109;11
0110;10
0111;14
0112;7
0113;16
0114;6
0115;13
0116;16
0117;4
0118;14
0119;11
0120;9
0121;10
0122;9
0123;14
0124;14
0125;8
0126;8
0127;14
0128;10
0129;10
0130;9
0131;8
0201;12
0202;7
0203;13
0204;6
0205;5
0206;12
0207;7
0208;8
0209;9
0210;12
0211;11
0212;10
0213;7
0214;14
0215;16
0216;11
0217;9
0218;9
0219;14
0220;12
0221;14
0222;12
0223;16
0224;7
0225;10
0226;11
0227;9
0228;17
0301;13
0302;7
0303;6
0304;10
0305;14
0306;8
0307;7
0308;10
0309;11
0310;7
0311;9
0312;9
0313;13
0314;13
0315;8
0316;9
0317;9
0318;9
0319;13
0320;8
0321;11
0322;10
0323;10
0324;10
0325;12
0326;11
0327;10
0328;9
0329;14
0330;12
0331;10
0401;5
0402;14
0403;7
0404;15
0405;8
0406;12
0407;11
0408;6
0409;16
0410;14
0411;9
0412;6
0413;11
0414;14
0415;11
0416;3
0417;7
0418;14
0419;13
0420;9
0421;19
0422;13
0423;13
0424;10
0425;8
0426;9
0427;11
0428;8
0429;11
0430;17
0501;11
0502;8
0503;8
0504;15
0505;12
0506;13
0507;7
0508;3
0509;3
0510;13
0511;9
0512;16
0513;10
0514;6
0515;9
0516;8
0517;14
0518;13
0519;6
0520;11
0521;11
0522;5
0523;5
0524;6
0525;9
0526;7
0527;8
0528;4
0529;5
0530;7
0531;13
0601;10
0602;9
0603;6
0604;6
0605;14
0606;11
0607;3
0608;10
0609;14
0610;6
0611;7
0612;7
0613;8
0614;10
0615;5
0616;14
0617;16
0618;14
0619;11
0620;12
0621;8
0622;5
0623;13
0624;8
0625;5
0626;9
0627;7
0628;6
0629;9
0630;13
0701;11
0702;16
0703;8
0704;9
0705;7
0706;11
0707;13
0708;10
0709;10
0710;12
0711;16
0712;4
0713;10
0714;8
0715;11
0716;11
0717;11
0718;16
0719;6
0720;11
0721;7
0722;12
0723;9
0724;15
0725;9
0726;16
0727;8
0728;12
0729;8
0730;11
0731;11
0801;4
0802;13
0803;9
0804;13
0805;9
0806;12
0807;9
0808;9
0809;12
0810;14
0811;8
0812;8
0813;9
0814;7
0815;1
0816;9
0817;14
0818;8
0819;12
0820;3
0821;10
0822;6
0823;5
0824;7
0825;13
0826;14
0827;10
0828;10
0829;7
0830;7
0831;8
0901;9
0902;9
0903;5
0904;7
0905;10
0906;10
0907;12
0908;11
0909;9
0910;6
0911;7
0912;11
0913;10
0914;14
0915;12
0916;10
0917;14
0918;11
0919;12
0920;15
0921;8
0922;11
0923;13
0924;9
0925;3
0926;7
0927;7
0928;16
0929;13
0930;9
1001;9
1002;12
1003;8
1004;4
1005;9
1006;13
1007;17
1008;13
1009;11
1010;5
1011;10
1012;14
1013;14
1014;8
1015;5
1016;7
1017;11
1018;6
1019;9
1020;6
1021;11
1022;10
1023;8
1024;12
1025;6
1026;9
1027;12
1028;17
1029;6
1030;9
1031;11
1101;13
1102;8
1103;8
1104;11
1105;10
1106;9
1107;10
1108;10
1109;8
1110;12
1111;7
1112;13
1113;9
1114;9
1115;9
1116;9
1117;12
1118;12
1119;10
1120;8
1121;12
1122;9
1123;6
1124;14
1125;11
1126;6
1127;12
1128;13
1129;9
1130;8
1201;10
1202;14
1203;9
1204;10
1205;8
1206;9
1207;11
1208;8
1209;10
1210;11
1211;11
1212;10
1213;9
1214;6
1215;8
1216;9
1217;12
1218;6
1219;9
1220;14
1221;9
1222;8
1223;6
1224;16
1225;7
1226;13
1227;4
1228;12
1229;18
1230;12
1231;3
