0101;13
0102;5
0103;7
0104;4
0105;9
0106;5
0107;10
0108;6
0109;9
0110;6
0111;8
0112;12
0113;5
0114;8
0115;9
0116;7
0117;13
0118;4
0119;6
0120;7
0121;8
0122;9
0124;11
0125;9
0126;8
0127;10
0128;14
0129;7
0130;7
0131;11
0201;8
0202;6
0203;10
0204;8
0205;6
0206;2
0207;5
0208;7
0209;7
0210;8
0211;8
0212;10
0213;7
0214;6
0215;10
0216;8
0217;5
0218;3
0219;7
0220;9
0221;7
0222;12
0223;4
0224;7
0225;6
0226;8
0227;7
0228;7
0301;8
0302;8
0303;8
0304;6
0305;3
0306;12
0307;8
0308;5
0309;10
0310;4
0311;7
0312;9
0313;7
0314;9
0315;8
0316;7
0317;8
0318;10
0319;7
0320;10
0321;7
0322;8
0323;8
0324;11
0325;5
0326;7
0327;4
0328;3
0329;9
0330;8
0331;5
0401;10
0402;9
0403;12
0404;6
0405;5
0406;6
0407;4
0408;5
0409;3
0410;9
0411;5
0412;4
0413;10
0414;8
0415;4
0416;8
0417;12
0418;10
0419;3
0420;8
0421;4
0422;12
0423;7
0424;6
0425;8
0426;6
0427;5
0428;5
0429;7
0430;6
0501;9
0502;10
0503;6
0504;10
0505;7
0506;3
0507;7
0508;10
0509;1
0510;3
0511;7
0512;9
0513;8
0514;4
0515;8
0516;9
0517;3
0518;6
0519;9
0520;13
0521;1
0522;9
0523;11
0524;3
0525;12
0526;5
0527;6
0528;9
0529;6
0530;5
0531;3
0601;13
0602;7
0603;7
0604;5
0605;1
0606;4
0607;8
0608;7
0609;9
0610;6
0611;9
0612;7
0613;4
0614;8
0615;8
0616;4
0617;7
0618;7
0619;5
0620;5
0621;3
0622;6
0623;2
0624;7
0625;7
0626;2
0627;5
0628;5
0629;6
0630;6
0701;9
0702;5
0703;7
0704;7
0705;13
0706;12
0707;5
0708;8
0709;6
0710;5
0711;9
0712;8
0713;6
0714;3
0715;6
0716;6
0717;8
0718;9
0719;6
0720;8
0721;7
0722;4
0723;5
0724;3
0725;10
0726;13
0727;8
0728;7
0729;8
0730;7
0731;5
0801;6
0802;6
0803;6
0804;5
0805;6
0806;5
0807;2
0808;3
0809;8
0810;5
0811;1
0812;5
0813;7
0814;6
0815;3
0816;6
0817;10
0818;5
0819;9
0820;5
0821;7
0822;3
0823;7
0824;2
0825;9
0826;5
0827;7
0828;8
0829;6
0830;8
0831;6
0901;9
0902;6
0903;7
0904;9
0905;7
0906;4
0907;8
0908;6
0909;6
0910;5
0911;6
0912;5
0913;10
0914;7
0915;4
0916;7
0917;6
0918;7
0919;5
0920;8
0921;4
0922;3
0923;3
0924;11
0925;3
0926;5
0927;12
0928;7
0929;8
0930;9
1001;3
1002;3
1003;4
1004;7
1005;4
1006;6
1007;9
1008;2
1009;8
1010;6
1011;4
1012;9
1013;8
1014;5
1015;9
1016;12
1017;6
1018;9
1019;6
1020;3
1021;4
1022;8
1023;5
1024;5
1025;9
1026;9
1027;8
1028;5
1029;9
1030;4
1031;4
1101;5
1102;7
1103;4
1104;5
1105;11
1106;7
1107;10
1108;8
1109;7
1110;7
1111;7
1112;3
1113;4
1114;9
1115;5
1116;4
1117;8
1118;6
1119;12
1120;10
1121;8
1122;9
1123;8
1124;9
1125;7
1126;8
1127;6
1128;8
1129;11
1130;11
1201;7
1202;10
1203;6
1204;7
1205;9
1206;13
1207;9
1208;8
1209;9
1210;10
1211;15
1212;3
1213;10
1214;13
1215;3
1216;8
1217;9
1218;11
1219;12
1220;9
1221;7
1222;8
1223;9
1224;5
1225;6
1226;12
1227;10
1228;8
1229;9
1230;8
1231;5
