0101;17
0102;16
0103;22
0104;25
0105;13
0106;27
0107;23
0108;16
0109;24
0110;21
0111;16
0112;17
0113;24
0114;13
0115;16
0116;19
0117;23
0118;11
0119;14
0120;18
0121;16
0122;23
0123;15
0124;25
0125;25
0126;15
0127;20
0128;22
0129;20
0130;21
0131;19
0201;24
0202;24
0203;28
0204;19
0205;15
0206;27
0207;24
0208;23
0209;18
0210;21
0211;28
0212;22
0213;17
0214;31
0215;25
0216;16
0217;15
0218;24
0219;20
0220;21
0221;24
0222;20
0223;11
0224;26
0225;24
0226;28
0227;12
0228;18
0301;16
0302;21
0303;15
0304;18
0305;16
0306;18
0307;20
0308;12
0309;24
0310;15
0311;17
0312;20
0313;20
0314;15
0315;19
0316;16
0317;14
0318;18
0319;10
0320;23
0321;20
0322;21
0323;22
0324;14
0325;17
0326;21
0327;17
0328;23
0329;19
0330;18
0331;18
0401;24
0402;21
0403;17
0404;12
0405;13
0406;16
0407;19
0408;11
0409;15
0410;17
0411;14
0412;15
0413;18
0414;20
0415;17
0416;15
0417;19
0418;14
0419;20
0420;21
0421;16
0422;19
0423;13
0424;20
0425;15
0426;20
0427;21
0428;14
0429;18
0430;26
0501;19
0502;15
0503;8
0504;15
0505;11
0506;21
0507;23
0508;23
0509;22
0510;13
0511;20
0512;21
0513;17
0514;25
0515;14
0516;21
0517;26
0518;12
0519;20
0520;20
0521;20
0522;24
0523;17
0524;14
0525;14
0526;15
0527;15
0528;25
0529;15
0530;17
0531;16
0601;18
0602;18
0603;14
0604;27
0605;19
0606;10
0607;16
0608;26
0609;16
0610;13
0611;22
0612;21
0613;18
0614;11
0615;23
0616;13
0617;14
0618;15
0619;15
0620;24
0621;15
0622;13
0623;14
0624;21
0625;19
0626;20
0627;13
0628;15
0629;14
0630;14
0701;21
0702;21
0703;17
0704;25
0705;17
0706;20
0707;14
0708;28
0709;12
0710;20
0711;21
0712;18
0713;15
0714;11
0715;17
0716;15
0717;16
0718;18
0719;16
0720;17
0721;21
0722;18
0723;12
0724;17
0725;13
0726;17
0727;15
0728;17
0729;11
0730;19
0731;18
0801;15
0802;22
0803;29
0804;18
0805;18
0806;14
0807;15
0808;12
0809;13
0810;11
0811;18
0812;19
0813;19
0814;8
0815;15
0816;11
0817;17
0818;20
0819;14
0820;17
0821;17
0822;20
0823;20
0824;25
0825;19
0826;17
0827;17
0828;14
0829;13
0830;11
0831;21
0901;19
0902;16
0903;21
0904;22
0905;14
0906;17
0907;14
0908;16
0909;12
0910;16
0911;18
0912;11
0913;19
0914;25
0915;19
0916;18
0917;16
0918;22
0919;12
0920;12
0921;16
0922;23
0923;14
0924;13
0925;22
0926;19
0927;15
0928;30
0929;25
0930;17
1001;17
1002;22
1003;24
1004;14
1005;15
1006;12
1007;15
1008;16
1009;14
1010;13
1011;21
1012;16
1013;17
1014;12
1015;14
1016;11
1017;21
1018;17
1019;19
1020;15
1021;13
1022;17
1023;16
1024;21
1025;14
1026;20
1027;17
1028;15
1029;15
1030;16
1031;14
1101;20
1102;24
1103;23
1104;17
1105;16
1106;27
1107;19
1108;22
1109;18
1110;17
1111;12
1112;20
1113;17
1114;20
1115;16
1116;16
1117;20
1118;17
1119;19
1120;10
1121;14
1122;24
1123;19
1124;14
1125;18
1126;20
1127;13
1128;17
1129;24
1130;22
1201;18
1202;21
1203;20
1204;19
1205;23
1206;26
1207;21
1208;22
1209;23
1210;18
1211;28
1212;21
1213;25
1214;25
1215;18
1216;17
1217;18
1218;25
1219;25
1220;20
1221;26
1222;16
1223;20
1224;22
1225;22
1226;16
1227;22
1228;16
1229;20
1230;34
1231;18
