0101;20
0102;28
0103;28
0104;23
0105;17
0106;26
0107;28
0108;9
0109;19
0110;21
0111;22
0112;19
0113;22
0114;15
0115;28
0116;21
0117;27
0118;22
0119;26
0120;26
0121;28
0122;37
0123;15
0124;22
0125;19
0126;24
0127;27
0128;18
0129;23
0130;31
0131;9
0201;22
0202;19
0203;18
0204;20
0205;20
0206;29
0207;27
0208;20
0209;24
0210;25
0211;19
0212;18
0213;22
0214;23
0215;19
0216;22
0217;29
0218;20
0219;22
0220;29
0221;22
0222;21
0223;27
0224;21
0225;20
0226;17
0227;14
0228;24
0301;26
0302;15
0303;23
0304;21
0305;17
0306;26
0307;21
0308;22
0309;15
0310;15
0311;25
0312;22
0313;23
0314;27
0315;8
0316;23
0317;19
0318;19
0319;25
0320;21
0321;24
0322;19
0323;16
0324;14
0325;19
0326;11
0327;14
0328;14
0329;19
0330;18
0331;18
0401;25
0402;23
0403;18
0404;14
0405;18
0406;21
0407;23
0408;21
0409;18
0410;13
0411;13
0412;15
0413;15
0414;19
0415;15
0416;22
0417;20
0418;19
0419;20
0420;17
0421;15
0422;22
0423;11
0424;21
0425;19
0426;15
0427;18
0428;15
0429;24
0430;25
0501;15
0502;23
0503;17
0504;15
0505;17
0506;20
0507;13
0508;22
0509;16
0510;15
0511;18
0512;12
0513;14
0514;23
0515;25
0516;18
0517;16
0518;19
0519;20
0520;27
0521;18
0522;18
0523;16
0524;21
0525;21
0526;19
0527;22
0528;19
0529;12
0530;13
0531;21
0600;1
0601;13
0602;24
0603;16
0604;16
0605;17
0606;18
0607;22
0608;22
0609;12
0610;17
0611;19
0612;16
0613;16
0614;29
0615;22
0616;15
0617;19
0618;20
0619;20
0620;22
0621;22
0622;19
0623;19
0624;17
0625;15
0626;15
0627;19
0628;11
0629;16
0630;14
0701;17
0702;18
0703;21
0704;18
0705;15
0706;18
0707;12
0708;19
0709;17
0710;24
0711;12
0712;14
0713;19
0714;21
0715;21
0716;17
0717;20
0718;11
0719;21
0720;19
0721;13
0722;24
0723;20
0724;22
0725;23
0726;16
0727;18
0728;17
0729;20
0730;22
0731;14
0801;24
0802;20
0803;20
0804;24
0805;17
0806;17
0807;16
0808;22
0809;20
0810;24
0811;13
0812;16
0813;16
0814;13
0815;24
0816;15
0817;11
0818;11
0819;19
0820;24
0821;14
0822;23
0823;17
0824;18
0825;19
0826;22
0827;18
0828;28
0829;17
0830;22
0831;21
0901;20
0902;17
0903;16
0904;10
0905;22
0906;12
0907;24
0908;20
0909;23
0910;14
0911;18
0912;18
0913;32
0914;15
0915;17
0916;18
0917;14
0918;18
0919;20
0920;19
0921;13
0922;18
0923;22
0924;19
0925;17
0926;10
0927;18
0928;16
0929;21
0930;21
1001;19
1002;15
1003;22
1004;12
1005;28
1006;22
1007;28
1008;23
1009;25
1010;22
1011;22
1012;11
1013;18
1014;18
1015;19
1016;19
1017;19
1018;14
1019;17
1020;23
1021;21
1022;15
1023;11
1024;18
1025;21
1026;19
1027;15
1028;13
1029;18
1030;16
1031;10
1101;15
1102;22
1103;14
1104;19
1105;16
1106;22
1107;28
1108;18
1109;20
1110;11
1111;16
1112;22
1113;28
1114;22
1115;14
1116;16
1117;19
1118;13
1119;24
1120;19
1121;23
1122;21
1123;29
1124;21
1125;18
1126;25
1127;19
1128;19
1129;11
1130;19
1201;15
1202;22
1203;18
1204;19
1205;19
1206;21
1207;13
1208;27
1209;19
1210;18
1211;21
1212;26
1213;18
1214;17
1215;25
1216;26
1217;23
1218;16
1219;20
1220;22
1221;25
1222;23
1223;24
1224;16
1225;16
1226;27
1227;19
1228;24
1229;26
1230;25
1231;26
