0101;8
0102;9
0103;9
0104;10
0105;4
0106;9
0107;11
0108;7
0109;4
0110;5
0111;10
0112;5
0113;5
0114;10
0115;10
0116;12
0117;4
0118;10
0119;8
0120;14
0121;8
0122;8
0123;5
0124;9
0125;7
0126;4
0127;5
0128;5
0129;9
0130;10
0131;6
0201;9
0202;7
0203;7
0204;12
0205;6
0206;11
0207;7
0208;7
0209;11
0210;8
0211;10
0212;9
0213;10
0214;6
0215;8
0216;6
0217;8
0218;4
0219;9
0220;7
0221;4
0222;11
0223;9
0224;10
0225;3
0226;12
0227;7
0228;7
0301;6
0302;9
0303;8
0304;9
0305;4
0306;3
0307;6
0308;13
0309;8
0310;8
0311;2
0312;5
0313;8
0314;11
0315;11
0316;11
0317;15
0318;9
0319;6
0320;10
0321;11
0322;5
0323;4
0324;10
0325;11
0326;4
0327;5
0328;9
0329;11
0330;6
0331;3
0401;4
0402;7
0403;6
0404;10
0405;1
0406;2
0407;7
0408;4
0409;4
0410;8
0411;8
0412;5
0413;8
0414;8
0416;8
0417;7
0418;4
0419;12
0420;7
0421;6
0422;6
0423;11
0424;3
0425;6
0426;5
0427;6
0428;9
0429;7
0430;13
0501;5
0502;7
0503;7
0504;7
0505;11
0506;10
0507;7
0508;4
0509;16
0510;10
0511;5
0512;7
0513;1
0514;6
0515;6
0516;8
0517;7
0518;7
0519;3
0520;5
0521;8
0522;13
0523;7
0524;4
0525;4
0526;6
0527;5
0528;6
0529;8
0530;8
0531;5
0601;4
0602;8
0603;6
0604;7
0605;9
0606;8
0607;7
0608;4
0609;4
0610;8
0611;13
0612;8
0613;4
0614;7
0615;7
0616;8
0617;10
0618;6
0619;10
0620;3
0621;14
0622;4
0623;7
0624;11
0625;3
0626;7
0627;7
0628;4
0629;6
0630;12
0701;5
0702;5
0703;6
0704;7
0705;8
0706;8
0707;4
0708;6
0709;6
0710;5
0711;5
0712;5
0713;10
0714;2
0715;7
0716;8
0717;9
0718;4
0719;11
0720;10
0721;6
0722;10
0723;5
0724;9
0725;11
0726;9
0727;6
0728;8
0729;4
0730;7
0731;2
0801;8
0802;5
0803;7
0804;6
0805;9
0806;7
0807;4
0808;4
0809;13
0810;8
0811;5
0812;11
0813;6
0814;7
0815;11
0816;7
0817;6
0818;8
0819;10
0820;11
0821;8
0822;7
0823;9
0824;8
0825;9
0826;7
0827;10
0828;3
0829;5
0830;11
0831;6
0901;7
0902;6
0903;3
0904;8
0905;8
0906;5
0907;14
0908;9
0909;9
0910;6
0911;8
0912;8
0913;7
0914;9
0915;7
0916;10
0917;5
0918;5
0919;13
0920;9
0921;6
0922;9
0923;2
0924;3
0925;2
0926;10
0927;7
0928;8
0929;14
0930;8
1001;11
1002;11
1003;7
1004;10
1005;4
1006;11
1007;7
1008;5
1009;5
1010;5
1011;8
1012;3
1013;10
1014;4
1015;9
1016;5
1017;4
1018;7
1019;10
1020;8
1021;8
1022;2
1023;4
1024;6
1025;12
1026;7
1027;7
1028;4
1029;8
1030;9
1031;10
1101;9
1102;7
1103;2
1104;8
1105;9
1106;4
1107;7
1108;6
1109;7
1110;6
1111;7
1112;3
1113;2
1114;14
1115;9
1116;6
1117;11
1118;9
1119;8
1120;13
1121;8
1122;7
1123;9
1124;17
1125;8
1126;7
1127;9
1128;11
1129;4
1130;14
1201;10
1202;6
1203;12
1204;7
1205;11
1206;7
1207;4
1208;9
1209;8
1210;12
1211;9
1212;9
1213;11
1214;8
1215;5
1216;6
1217;6
1218;12
1219;11
1220;6
1221;7
1222;8
1223;3
1224;15
1225;4
1226;14
1227;13
1228;4
1229;6
1230;8
1231;11
