0101;19
0102;15
0103;22
0104;15
0105;20
0106;10
0107;19
0108;19
0109;13
0110;21
0111;21
0112;19
0113;20
0114;23
0115;15
0116;11
0117;22
0118;20
0119;15
0120;22
0121;17
0122;16
0123;15
0124;15
0125;13
0126;16
0127;11
0128;8
0129;15
0130;13
0131;18
0201;19
0202;15
0203;19
0204;18
0205;13
0206;9
0207;12
0208;21
0209;14
0210;17
0211;18
0212;21
0213;18
0214;14
0215;23
0216;19
0217;18
0218;20
0219;14
0220;20
0221;14
0222;18
0223;16
0224;18
0225;16
0226;15
0227;19
0228;23
0301;24
0302;15
0303;19
0304;22
0305;22
0306;15
0307;22
0308;22
0309;29
0310;22
0311;20
0312;21
0313;15
0314;8
0315;18
0316;20
0317;22
0318;21
0319;17
0320;17
0321;6
0322;18
0323;27
0324;16
0325;12
0326;17
0327;14
0328;15
0329;11
0330;17
0331;10
0401;14
0402;24
0403;19
0404;14
0405;22
0406;16
0407;15
0408;19
0409;19
0410;17
0411;16
0412;16
0413;16
0414;30
0415;13
0416;12
0417;14
0418;13
0419;14
0420;15
0421;15
0422;18
0423;18
0424;12
0425;15
0426;19
0427;21
0428;17
0429;17
0430;18
0501;19
0502;14
0503;13
0504;9
0505;14
0506;20
0507;20
0508;7
0509;15
0510;3
0511;11
0512;17
0513;23
0514;17
0515;18
0516;14
0517;17
0518;14
0519;12
0520;13
0521;12
0522;21
0523;10
0524;15
0525;19
0526;21
0527;16
0528;13
0529;14
0530;11
0531;15
0601;15
0602;16
0603;13
0604;19
0605;11
0606;17
0607;13
0608;21
0609;17
0610;19
0611;20
0612;10
0613;21
0614;18
0615;13
0616;16
0617;13
0618;15
0619;11
0620;14
0621;15
0622;16
0623;18
0624;6
0625;10
0626;13
0627;15
0628;16
0629;15
0630;18
0701;14
0702;17
0703;13
0704;12
0705;17
0706;17
0707;9
0708;11
0709;15
0710;19
0711;15
0712;10
0713;12
0714;12
0715;12
0716;16
0717;21
0718;18
0719;17
0720;19
0721;11
0722;19
0723;18
0724;12
0725;17
0726;16
0727;13
0728;21
0729;12
0730;12
0731;13
0801;12
0802;15
0803;16
0804;12
0805;18
0806;19
0807;21
0808;14
0809;7
0810;6
0811;11
0812;16
0813;19
0814;14
0815;9
0816;18
0817;11
0818;9
0819;15
0820;7
0821;16
0822;16
0823;17
0824;21
0825;13
0826;19
0827;25
0828;17
0829;13
0830;13
0831;24
0901;10
0902;11
0903;12
0904;17
0905;10
0906;20
0907;21
0908;17
0909;16
0910;11
0911;16
0912;18
0913;19
0914;21
0915;19
0916;13
0917;23
0918;18
0919;15
0920;11
0921;14
0922;12
0923;15
0924;23
0925;19
0926;10
0927;20
0928;26
0929;14
0930;16
1001;15
1002;9
1003;11
1004;16
1005;21
1006;18
1007;16
1008;22
1009;15
1010;20
1011;13
1012;12
1013;12
1014;11
1015;11
1016;27
1017;12
1018;13
1019;15
1020;15
1021;10
1022;12
1023;16
1024;13
1025;14
1026;10
1027;10
1028;14
1029;17
1030;12
1031;15
1101;12
1102;21
1103;21
1104;15
1105;20
1106;16
1107;14
1108;13
1109;12
1110;9
1111;22
1112;20
1113;16
1114;19
1115;9
1116;16
1117;16
1118;11
1119;18
1120;22
1121;23
1122;11
1123;12
1124;10
1125;25
1126;15
1127;16
1128;23
1129;15
1130;11
1201;11
1202;12
1203;7
1204;26
1205;17
1206;26
1207;14
1208;21
1209;17
1210;17
1211;17
1212;20
1213;13
1214;17
1215;11
1216;18
1217;7
1218;17
1219;20
1220;19
1221;18
1222;15
1223;23
1224;16
1225;19
1226;16
1227;8
1228;16
1229;21
1230;19
1231;22
