0101;10
0102;7
0103;13
0104;10
0105;10
0106;13
0107;10
0108;9
0109;14
0110;11
0111;13
0112;8
0113;9
0114;6
0115;12
0116;12
0117;11
0118;13
0119;10
0120;12
0121;5
0122;6
0123;9
0124;8
0125;7
0126;8
0127;11
0128;12
0129;8
0130;10
0131;11
0201;9
0202;7
0203;12
0204;10
0205;6
0206;15
0207;8
0208;14
0209;9
0210;7
0211;7
0212;10
0213;15
0214;8
0215;11
0216;11
0217;12
0218;6
0219;10
0220;7
0221;6
0222;8
0223;5
0224;9
0225;12
0226;14
0227;9
0228;8
0301;16
0302;11
0303;8
0304;10
0305;12
0306;7
0307;10
0308;16
0309;15
0310;10
0311;14
0312;12
0313;6
0314;6
0315;7
0316;8
0317;13
0318;12
0319;13
0320;10
0321;5
0322;14
0323;10
0324;12
0325;5
0326;10
0327;10
0328;10
0329;12
0330;8
0331;12
0401;8
0402;5
0403;11
0404;11
0405;14
0406;9
0407;9
0408;9
0409;13
0410;8
0411;17
0412;9
0413;3
0414;11
0415;8
0416;9
0417;9
0418;8
0419;9
0420;7
0421;10
0422;10
0423;9
0424;8
0425;8
0426;13
0427;5
0428;8
0429;8
0430;11
0501;7
0502;7
0503;12
0504;12
0505;5
0506;8
0507;8
0508;5
0509;13
0510;10
0511;13
0512;8
0513;14
0514;11
0515;4
0516;8
0517;13
0518;10
0519;12
0520;10
0521;4
0522;8
0523;16
0524;7
0525;7
0526;12
0527;14
0528;8
0529;10
0530;4
0531;8
0601;7
0602;5
0603;9
0604;11
0605;12
0606;10
0607;8
0608;11
0609;10
0610;9
0611;18
0612;8
0613;6
0614;9
0615;9
0616;9
0617;11
0618;6
0619;5
0620;7
0621;11
0622;8
0623;8
0624;9
0625;6
0626;12
0627;8
0628;6
0629;6
0630;5
0701;9
0702;6
0703;14
0704;1
0705;10
0706;16
0707;5
0708;12
0709;7
0710;9
0711;7
0712;10
0713;6
0714;9
0715;8
0716;7
0717;7
0718;6
0719;13
0720;8
0721;4
0722;8
0723;10
0724;10
0725;10
0726;5
0727;7
0728;5
0729;9
0730;5
0731;6
0801;12
0802;6
0803;9
0804;13
0805;18
0806;9
0807;8
0808;8
0809;5
0810;10
0811;6
0812;11
0813;8
0814;9
0815;9
0816;5
0817;8
0818;8
0819;15
0820;10
0821;6
0822;4
0823;5
0824;6
0825;7
0826;8
0827;11
0828;8
0829;8
0830;8
0831;12
0901;4
0902;10
0903;13
0904;9
0905;11
0906;10
0907;16
0908;12
0909;7
0910;5
0911;5
0912;11
0913;9
0914;9
0915;7
0916;10
0917;5
0918;6
0919;13
0920;6
0921;8
0922;8
0923;5
0924;7
0925;11
0926;7
0927;13
0928;2
0929;11
0930;8
1001;6
1002;10
1003;6
1004;5
1005;10
1006;15
1007;7
1008;10
1009;4
1010;12
1011;13
1012;7
1013;9
1014;7
1015;5
1016;7
1017;8
1018;3
1019;8
1020;8
1021;14
1022;10
1023;9
1024;5
1025;7
1026;14
1027;9
1028;9
1029;11
1030;8
1031;12
1101;10
1102;3
1103;18
1104;10
1105;3
1106;8
1107;4
1108;2
1109;4
1110;13
1111;8
1112;13
1113;7
1114;8
1115;8
1116;12
1117;9
1118;5
1119;13
1120;8
1121;10
1122;9
1123;11
1124;6
1125;13
1126;7
1127;8
1128;13
1129;7
1130;3
1201;9
1202;11
1203;9
1204;9
1205;10
1206;7
1207;10
1208;9
1209;10
1210;10
1211;6
1212;15
1213;8
1214;6
1215;6
1216;15
1217;13
1218;15
1219;9
1220;9
1221;8
1222;10
1223;15
1224;20
1225;10
1226;10
1227;15
1228;12
1229;11
1230;8
1231;10
