0101;17
0102;17
0103;17
0104;28
0105;24
0106;11
0107;18
0108;21
0109;20
0110;16
0111;23
0112;16
0113;16
0114;17
0115;11
0116;19
0117;11
0118;16
0119;13
0120;19
0121;16
0122;17
0123;16
0124;12
0125;19
0126;20
0127;15
0128;14
0129;13
0130;23
0131;12
0201;22
0202;12
0203;6
0204;13
0205;11
0206;16
0207;12
0208;10
0209;15
0210;17
0211;10
0212;17
0213;17
0214;14
0215;12
0216;13
0217;16
0218;13
0219;19
0220;18
0221;24
0222;10
0223;11
0224;17
0225;18
0226;14
0227;19
0228;12
0301;20
0302;13
0303;11
0304;14
0305;15
0306;17
0307;16
0308;16
0309;15
0310;13
0311;22
0312;21
0313;23
0314;20
0315;18
0316;15
0317;20
0318;21
0319;20
0320;13
0321;18
0322;16
0323;19
0324;15
0325;18
0326;16
0327;19
0328;8
0329;11
0330;10
0331;16
0401;20
0402;10
0403;17
0404;13
0405;15
0406;17
0407;16
0408;17
0409;11
0410;20
0411;11
0412;17
0413;11
0414;16
0415;15
0416;16
0417;15
0418;15
0419;19
0420;16
0421;21
0422;16
0423;9
0424;17
0425;13
0426;18
0427;17
0428;16
0429;16
0430;14
0501;15
0502;9
0503;7
0504;14
0505;21
0506;18
0507;21
0508;24
0509;22
0510;19
0511;10
0512;15
0513;10
0514;13
0515;14
0516;9
0517;17
0518;11
0519;14
0520;24
0521;23
0522;16
0523;9
0524;12
0525;16
0526;17
0527;13
0528;14
0529;13
0530;11
0531;19
0601;17
0602;11
0603;19
0604;15
0605;13
0606;20
0607;21
0608;19
0609;14
0610;16
0611;15
0612;15
0613;15
0614;18
0615;15
0616;14
0617;13
0618;11
0619;9
0620;15
0621;17
0622;10
0623;15
0624;12
0625;14
0626;19
0627;15
0628;15
0629;16
0630;12
0701;12
0702;6
0703;16
0704;23
0705;17
0706;13
0707;14
0708;15
0709;5
0710;13
0711;18
0712;10
0713;18
0714;14
0715;22
0716;13
0717;9
0718;15
0719;17
0720;15
0721;15
0722;12
0723;15
0724;6
0725;15
0726;8
0727;11
0728;11
0729;11
0730;9
0731;13
0801;18
0802;12
0803;12
0804;13
0805;15
0806;13
0807;15
0808;22
0809;10
0810;23
0811;28
0812;8
0813;20
0814;12
0815;11
0816;18
0817;22
0818;17
0819;11
0820;13
0821;16
0822;13
0823;23
0824;18
0825;11
0826;18
0827;11
0828;6
0829;17
0830;15
0831;12
0901;10
0902;11
0903;16
0904;12
0905;7
0906;19
0907;15
0908;6
0909;13
0910;10
0911;11
0912;18
0913;15
0914;10
0915;10
0916;14
0917;16
0918;15
0919;12
0920;12
0921;22
0922;13
0923;16
0924;11
0925;11
0926;15
0927;10
0928;19
0929;12
0930;16
1001;15
1002;22
1003;12
1004;15
1005;7
1006;15
1007;12
1008;15
1009;12
1010;11
1011;7
1012;14
1013;13
1014;14
1015;16
1016;9
1017;28
1018;20
1019;21
1020;18
1021;14
1022;14
1023;7
1024;19
1025;12
1026;17
1027;13
1028;15
1029;20
1030;16
1031;22
1101;8
1102;13
1103;17
1104;18
1105;16
1106;22
1107;15
1108;11
1109;10
1110;12
1111;12
1112;16
1113;16
1114;15
1115;17
1116;18
1117;11
1118;13
1119;12
1120;16
1121;14
1122;18
1123;19
1124;14
1125;23
1126;13
1127;14
1128;9
1129;14
1130;9
1201;20
1202;15
1203;13
1204;16
1205;22
1206;14
1207;12
1208;14
1209;18
1210;15
1211;17
1212;15
1213;26
1214;16
1215;15
1216;20
1217;7
1218;17
1219;19
1220;8
1221;16
1222;16
1223;15
1224;24
1225;17
1226;19
1227;22
1228;14
1229;15
1230;22
1231;21
