0101;37
0102;41
0103;31
0104;42
0105;35
0106;38
0107;41
0108;32
0109;24
0110;45
0111;33
0112;40
0113;35
0114;41
0115;37
0116;37
0117;30
0118;32
0119;27
0120;41
0121;37
0122;33
0123;29
0124;30
0125;36
0126;43
0127;33
0128;44
0129;36
0130;44
0131;28
0201;38
0202;27
0203;25
0204;27
0205;38
0206;37
0207;42
0208;47
0209;33
0210;35
0211;34
0212;33
0213;46
0214;36
0215;35
0216;23
0217;44
0218;40
0219;33
0220;28
0221;33
0222;36
0223;29
0224;20
0225;33
0226;45
0227;42
0228;40
0301;27
0302;30
0303;25
0304;30
0305;34
0306;32
0307;44
0308;34
0309;33
0310;39
0311;37
0312;39
0313;43
0314;30
0315;31
0316;20
0317;41
0318;36
0319;38
0320;33
0321;39
0322;37
0323;29
0324;39
0325;35
0326;37
0327;35
0328;45
0329;28
0330;29
0331;38
0401;51
0402;29
0403;23
0404;33
0405;26
0406;32
0407;26
0408;28
0409;31
0410;32
0411;30
0412;28
0413;38
0414;32
0415;30
0416;32
0417;42
0418;26
0419;32
0420;32
0421;33
0422;36
0423;30
0424;36
0425;39
0426;29
0427;32
0428;32
0429;44
0430;37
0501;27
0502;31
0503;23
0504;44
0505;34
0506;27
0507;35
0508;30
0509;34
0510;32
0511;32
0512;28
0513;36
0514;31
0515;31
0516;23
0517;31
0518;46
0519;28
0520;36
0521;24
0522;41
0523;35
0524;32
0525;20
0526;25
0527;41
0528;35
0529;26
0530;30
0531;25
0601;32
0602;35
0603;37
0604;37
0605;31
0606;41
0607;30
0608;32
0609;32
0610;35
0611;28
0612;31
0613;27
0614;29
0615;21
0616;33
0617;37
0618;30
0619;30
0620;39
0621;31
0622;34
0623;36
0624;21
0625;32
0626;27
0627;36
0628;30
0629;34
0630;31
0701;37
0702;29
0703;26
0704;27
0705;32
0706;30
0707;21
0708;32
0709;31
0710;35
0711;22
0712;27
0713;31
0714;35
0715;26
0716;31
0717;39
0718;31
0719;23
0720;20
0721;26
0722;21
0723;21
0724;36
0725;34
0726;25
0727;22
0728;27
0729;24
0730;29
0731;22
0801;18
0802;26
0803;32
0804;27
0805;40
0806;29
0807;33
0808;27
0809;30
0810;22
0811;19
0812;26
0813;25
0814;24
0815;31
0816;30
0817;38
0818;27
0819;29
0820;24
0821;21
0822;22
0823;30
0824;29
0825;29
0826;33
0827;34
0828;30
0829;31
0830;20
0831;26
0901;21
0902;22
0903;34
0904;39
0905;32
0906;31
0907;36
0908;35
0909;30
0910;46
0911;27
0912;25
0913;25
0914;30
0915;27
0916;35
0917;30
0918;38
0919;26
0920;27
0921;28
0922;32
0923;27
0924;35
0925;30
0926;30
0927;25
0928;24
0929;29
0930;30
1001;28
1002;31
1003;29
1004;35
1005;26
1006;33
1007;38
1008;36
1009;30
1010;30
1011;36
1012;36
1013;37
1014;24
1015;30
1016;36
1017;21
1018;39
1019;30
1020;23
1021;36
1022;28
1023;41
1024;29
1025;33
1026;34
1027;34
1028;30
1029;31
1030;28
1031;25
1101;31
1102;30
1103;49
1104;28
1105;28
1106;33
1107;29
1108;29
1109;25
1110;42
1111;22
1112;35
1113;33
1114;31
1115;32
1116;35
1117;34
1118;33
1119;27
1120;33
1121;27
1122;29
1123;34
1124;31
1125;24
1126;22
1127;25
1128;41
1129;26
1130;37
1201;32
1202;25
1203;43
1204;36
1205;33
1206;29
1207;37
1208;50
1209;43
1210;47
1211;33
1212;43
1213;35
1214;37
1215;32
1216;38
1217;29
1218;46
1219;43
1220;40
1221;32
1222;45
1223;31
1224;30
1225;35
1226;44
1227;33
1228;31
1229;32
1230;43
1231;48
