0101;24
0102;29
0103;19
0104;26
0105;17
0106;25
0107;20
0108;23
0109;25
0110;18
0111;22
0112;25
0113;27
0114;16
0115;25
0116;19
0117;16
0118;18
0119;13
0120;27
0121;19
0122;18
0123;32
0124;21
0125;20
0126;21
0127;24
0128;19
0129;12
0130;20
0131;23
0201;20
0202;19
0203;23
0204;28
0205;22
0206;20
0207;29
0208;23
0209;16
0210;28
0211;14
0212;19
0213;24
0214;21
0215;22
0216;23
0217;21
0218;19
0219;26
0220;24
0221;21
0222;24
0223;25
0224;22
0225;30
0226;14
0227;17
0228;17
0301;24
0302;23
0303;21
0304;23
0305;27
0306;22
0307;19
0308;31
0309;18
0310;15
0311;18
0312;15
0313;24
0314;24
0315;26
0316;22
0317;18
0318;17
0319;24
0320;14
0321;24
0322;18
0323;19
0324;15
0325;23
0326;15
0327;18
0328;24
0329;18
0330;17
0331;29
0401;19
0402;19
0403;22
0404;17
0405;20
0406;23
0407;13
0408;13
0409;21
0410;12
0411;24
0412;12
0413;24
0414;21
0415;12
0416;19
0417;20
0418;21
0419;19
0420;20
0421;28
0422;23
0423;21
0424;13
0425;24
0426;17
0427;13
0428;17
0429;20
0430;22
0501;18
0502;15
0503;22
0504;18
0505;19
0506;17
0507;30
0508;24
0509;25
0510;14
0511;21
0512;22
0513;17
0514;20
0515;21
0516;22
0517;21
0518;18
0519;20
0520;20
0521;32
0522;22
0523;21
0524;13
0525;13
0526;12
0527;18
0528;20
0529;16
0530;15
0531;19
0601;29
0602;16
0603;16
0604;19
0605;23
0606;22
0607;26
0608;24
0609;26
0610;20
0611;21
0612;18
0613;9
0614;13
0615;18
0616;12
0617;15
0618;19
0619;19
0620;25
0621;16
0622;17
0623;21
0624;13
0625;17
0626;23
0627;27
0628;18
0629;20
0630;22
0701;16
0702;17
0703;18
0704;17
0705;23
0706;21
0707;17
0708;13
0709;20
0710;15
0711;19
0712;17
0713;18
0714;16
0715;19
0716;25
0717;19
0718;28
0719;15
0720;21
0721;18
0722;21
0723;15
0724;21
0725;19
0726;14
0727;11
0728;11
0729;14
0730;16
0731;21
0801;25
0802;18
0803;16
0804;25
0805;16
0806;22
0807;21
0808;18
0809;10
0810;18
0811;21
0812;17
0813;17
0814;15
0815;19
0816;19
0817;14
0818;19
0819;14
0820;24
0821;18
0822;19
0823;26
0824;18
0825;25
0826;20
0827;25
0828;20
0829;24
0830;25
0831;11
0901;20
0902;28
0903;17
0904;22
0905;15
0906;18
0907;14
0908;29
0909;19
0910;21
0911;20
0912;22
0913;17
0914;17
0915;14
0916;17
0917;22
0918;17
0919;22
0920;16
0921;13
0922;28
0923;19
0924;12
0925;24
0926;20
0927;23
0928;15
0929;23
0930;28
1001;22
1002;23
1003;21
1004;18
1005;13
1006;14
1007;21
1008;29
1009;22
1010;16
1011;19
1012;22
1013;19
1014;23
1015;10
1016;23
1017;23
1018;16
1019;20
1020;13
1021;14
1022;13
1023;21
1024;20
1025;17
1026;19
1027;27
1028;22
1029;25
1030;15
1031;21
1101;28
1102;20
1103;21
1104;12
1105;20
1106;24
1107;16
1108;19
1109;27
1110;22
1111;21
1112;23
1113;21
1114;15
1115;27
1116;23
1117;18
1118;18
1119;18
1120;11
1121;11
1122;25
1123;28
1124;20
1125;27
1126;21
1127;25
1128;23
1129;18
1130;22
1201;19
1202;23
1203;19
1204;20
1205;27
1206;17
1207;21
1208;23
1209;16
1210;30
1211;25
1212;22
1213;18
1214;31
1215;18
1216;21
1217;19
1218;30
1219;26
1220;15
1221;25
1222;23
1223;23
1224;22
1225;38
1226;21
1227;23
1228;29
1229;35
1230;34
1231;19
