0101;12
0102;14
0103;13
0104;4
0105;10
0106;5
0107;8
0108;10
0109;12
0110;12
0111;6
0112;9
0113;11
0114;8
0115;12
0116;11
0117;10
0118;13
0119;16
0120;6
0121;8
0122;8
0123;4
0124;9
0125;12
0126;2
0127;14
0128;12
0129;8
0130;6
0131;6
0201;7
0202;9
0203;5
0204;10
0205;14
0206;4
0207;7
0208;9
0209;8
0210;11
0211;4
0212;12
0213;14
0214;9
0215;10
0216;7
0217;12
0218;13
0219;5
0220;15
0221;12
0222;11
0223;9
0224;14
0225;13
0226;6
0227;15
0228;16
0301;10
0302;5
0303;7
0304;6
0305;9
0306;11
0307;11
0308;6
0309;8
0310;6
0311;9
0312;8
0313;12
0314;12
0315;10
0316;5
0317;6
0318;6
0319;11
0320;11
0321;15
0322;10
0323;9
0324;8
0325;10
0326;11
0327;8
0328;10
0329;8
0330;14
0331;15
0401;10
0402;11
0403;8
0404;7
0405;8
0406;13
0407;9
0408;13
0409;9
0410;4
0411;13
0412;12
0413;14
0414;12
0415;9
0416;13
0417;7
0418;6
0419;14
0420;5
0421;9
0422;13
0423;17
0424;9
0425;5
0426;7
0427;10
0428;9
0429;10
0430;5
0501;14
0502;7
0503;8
0504;11
0505;13
0506;16
0507;13
0508;9
0509;5
0510;6
0511;6
0512;9
0513;12
0514;13
0515;11
0516;7
0517;13
0518;5
0519;8
0520;10
0521;8
0522;5
0523;11
0524;12
0525;3
0526;6
0527;4
0528;5
0529;9
0530;9
0531;10
0600;1
0601;7
0602;6
0603;5
0604;10
0605;7
0606;15
0607;12
0608;6
0609;8
0610;9
0611;5
0612;12
0613;9
0614;7
0615;5
0616;11
0617;6
0618;14
0619;8
0620;10
0621;10
0622;6
0623;8
0624;6
0625;5
0626;11
0627;7
0628;10
0629;11
0630;5
0701;7
0702;7
0703;8
0704;12
0705;7
0706;8
0707;7
0708;9
0709;6
0710;10
0711;8
0712;11
0713;7
0714;12
0715;10
0716;6
0717;10
0718;11
0719;4
0720;9
0721;3
0722;10
0723;14
0724;13
0725;4
0726;4
0727;12
0728;10
0729;10
0730;16
0731;1
0801;10
0802;6
0803;8
0804;9
0805;8
0806;10
0807;15
0808;8
0809;16
0810;6
0811;8
0812;12
0813;9
0814;8
0815;8
0816;9
0817;8
0818;13
0819;9
0820;6
0821;10
0822;13
0823;10
0824;10
0825;12
0826;7
0827;10
0828;12
0829;11
0830;12
0831;6
0901;4
0902;8
0903;11
0904;10
0905;9
0906;7
0907;10
0908;9
0909;12
0910;12
0911;3
0912;2
0913;6
0914;7
0915;9
0916;8
0917;6
0918;12
0919;13
0920;13
0921;2
0922;4
0923;8
0924;6
0925;13
0926;8
0927;9
0928;11
0929;7
0930;9
1001;10
1002;14
1003;8
1004;8
1005;9
1006;15
1007;5
1008;10
1009;6
1010;9
1011;11
1012;5
1013;12
1014;8
1015;7
1016;9
1017;11
1018;5
1019;14
1020;7
1021;9
1022;13
1023;5
1024;11
1025;13
1026;10
1027;13
1028;8
1029;9
1030;12
1031;8
1101;13
1102;7
1103;14
1104;6
1105;7
1106;7
1107;16
1108;9
1109;5
1110;13
1111;14
1112;12
1113;8
1114;6
1115;10
1116;9
1117;6
1118;12
1119;15
1120;6
1121;10
1122;12
1123;10
1124;4
1125;8
1126;6
1127;12
1128;8
1129;9
1130;10
1201;8
1202;4
1203;3
1204;8
1205;9
1206;8
1207;14
1208;8
1209;11
1210;8
1211;6
1212;5
1213;5
1214;17
1215;18
1216;13
1217;12
1218;10
1219;13
1220;9
1221;10
1222;9
1223;8
1224;10
1225;7
1226;10
1227;12
1228;12
1229;8
1230;12
1231;17
