0101;6
0102;13
0103;4
0104;8
0105;4
0106;7
0107;5
0108;8
0109;10
0110;4
0111;9
0112;8
0113;9
0114;10
0115;7
0116;6
0117;7
0118;7
0119;8
0120;9
0121;5
0122;1
0123;10
0124;9
0125;1
0126;6
0127;8
0128;4
0129;3
0130;5
0131;10
0201;8
0202;4
0203;3
0204;5
0205;6
0206;7
0207;4
0208;8
0209;5
0210;12
0211;7
0212;5
0213;10
0214;5
0215;7
0216;9
0217;4
0218;8
0219;7
0220;9
0221;7
0222;8
0223;8
0224;4
0225;6
0226;5
0227;4
0228;7
0301;10
0302;7
0303;14
0304;6
0305;9
0306;5
0307;9
0308;6
0309;6
0310;6
0311;2
0312;3
0313;16
0314;5
0315;9
0316;6
0317;9
0318;8
0319;6
0320;8
0321;5
0322;7
0323;10
0324;2
0325;4
0326;6
0327;7
0328;3
0329;6
0330;5
0331;9
0401;8
0402;8
0403;5
0404;5
0405;6
0406;1
0407;6
0408;6
0409;9
0410;5
0411;6
0412;7
0413;8
0414;3
0415;5
0416;7
0417;4
0418;3
0419;5
0420;6
0421;4
0422;10
0423;3
0424;5
0425;6
0426;6
0427;3
0428;3
0429;9
0430;5
0501;5
0502;7
0503;6
0504;4
0505;7
0506;8
0507;7
0508;6
0509;7
0510;6
0511;5
0512;7
0513;6
0514;5
0515;8
0516;9
0517;5
0518;9
0519;10
0520;2
0521;7
0522;7
0523;4
0524;11
0525;7
0526;5
0527;6
0528;8
0529;6
0530;6
0531;7
0601;10
0602;4
0603;8
0604;11
0605;5
0606;5
0607;6
0608;7
0609;6
0610;5
0611;6
0612;6
0613;7
0614;9
0615;6
0616;6
0617;9
0618;4
0619;11
0620;10
0621;6
0622;5
0623;7
0624;6
0625;4
0626;7
0627;6
0628;8
0629;3
0630;3
0701;2
0702;10
0703;8
0704;9
0705;5
0706;3
0707;3
0708;2
0709;4
0710;8
0711;4
0712;9
0713;7
0714;5
0715;9
0716;7
0717;4
0718;7
0719;9
0720;11
0721;4
0722;7
0723;3
0724;4
0725;3
0726;3
0727;10
0728;9
0729;5
0730;5
0731;3
0801;5
0802;3
0803;4
0804;10
0805;16
0806;5
0807;7
0808;5
0809;4
0810;8
0811;2
0812;4
0813;8
0814;6
0815;7
0816;6
0817;3
0818;9
0819;5
0820;15
0821;3
0822;6
0823;4
0824;9
0825;2
0826;15
0827;8
0828;6
0829;2
0830;6
0831;7
0901;6
0902;4
0903;5
0904;4
0905;5
0906;5
0907;4
0908;2
0909;5
0910;3
0911;6
0912;4
0913;5
0914;7
0916;9
0917;7
0918;10
0919;7
0921;7
0922;8
0923;3
0924;4
0925;5
0926;8
0927;6
0928;5
0929;6
0930;5
1001;5
1002;4
1003;10
1004;3
1005;8
1006;5
1007;9
1008;6
1009;3
1010;6
1011;7
1012;5
1013;8
1014;7
1015;3
1016;8
1017;5
1018;4
1019;7
1020;3
1021;5
1022;9
1023;6
1024;12
1025;7
1026;5
1027;4
1028;2
1029;6
1030;6
1031;3
1101;6
1102;11
1103;4
1104;12
1105;6
1106;6
1107;9
1108;9
1109;3
1110;4
1111;11
1112;3
1113;6
1114;4
1115;5
1116;6
1117;5
1118;9
1119;4
1120;11
1121;3
1122;8
1123;7
1124;9
1125;5
1126;10
1127;3
1128;10
1129;10
1130;6
1201;6
1202;4
1203;4
1204;5
1205;6
1206;6
1207;7
1208;6
1209;4
1210;8
1211;10
1212;13
1213;11
1214;10
1215;9
1216;7
1217;9
1218;7
1219;6
1220;12
1221;5
1222;5
1223;6
1224;7
1225;9
1226;8
1227;13
1228;5
1229;7
1230;6
1231;8
