0101;9
0102;14
0103;11
0104;6
0105;10
0106;14
0107;16
0108;8
0109;17
0110;19
0111;9
0112;16
0113;15
0114;8
0115;13
0116;12
0117;16
0118;15
0119;7
0120;11
0121;11
0122;11
0123;13
0124;14
0125;14
0126;11
0127;9
0128;13
0129;9
0130;20
0131;13
0201;10
0202;9
0203;12
0204;11
0205;7
0206;13
0207;14
0208;8
0209;12
0210;13
0211;14
0212;8
0213;18
0214;13
0215;12
0216;12
0217;20
0218;10
0219;14
0220;11
0221;10
0222;10
0223;8
0224;12
0225;14
0226;17
0227;18
0228;11
0301;8
0302;9
0303;12
0304;13
0305;12
0306;14
0307;17
0308;11
0309;19
0310;15
0311;9
0312;14
0313;15
0314;10
0315;10
0316;11
0317;10
0318;13
0319;17
0320;10
0321;15
0322;17
0323;15
0324;16
0325;13
0326;22
0327;15
0328;12
0329;10
0330;8
0331;18
0401;11
0402;7
0403;13
0404;13
0405;15
0406;14
0407;11
0408;12
0409;9
0410;17
0411;15
0412;12
0413;8
0414;9
0415;10
0416;12
0417;11
0418;9
0419;9
0420;12
0421;10
0422;15
0423;13
0424;10
0425;14
0426;10
0427;12
0428;9
0429;4
0430;10
0501;11
0502;19
0503;12
0504;13
0505;14
0506;11
0507;16
0508;12
0509;10
0510;7
0511;7
0512;11
0513;11
0514;7
0515;9
0516;9
0517;11
0518;17
0519;11
0520;7
0521;7
0522;7
0523;15
0524;12
0525;12
0526;10
0527;17
0528;13
0529;12
0530;15
0531;12
0601;12
0602;15
0603;13
0604;8
0605;15
0606;14
0607;9
0608;9
0609;11
0610;20
0611;11
0612;13
0613;11
0614;14
0615;9
0616;14
0617;12
0618;11
0619;10
0620;9
0621;12
0622;7
0623;10
0624;6
0625;15
0626;12
0627;9
0628;10
0629;13
0630;9
0701;14
0702;12
0703;11
0704;10
0705;13
0706;10
0707;13
0708;11
0709;9
0710;14
0711;14
0712;14
0713;16
0714;8
0715;13
0716;8
0717;14
0718;16
0719;15
0720;15
0721;10
0722;14
0723;7
0724;13
0725;13
0726;24
0727;7
0728;10
0729;13
0730;13
0731;14
0801;11
0802;13
0803;10
0804;11
0805;8
0806;14
0807;14
0808;19
0809;4
0810;6
0811;5
0812;10
0813;13
0814;9
0815;12
0816;8
0817;14
0818;10
0819;6
0820;9
0821;13
0822;10
0823;17
0824;12
0825;10
0826;9
0827;12
0828;15
0829;14
0830;16
0831;10
0901;12
0902;9
0903;8
0904;16
0905;17
0906;15
0907;8
0908;12
0909;9
0910;10
0911;7
0912;8
0913;10
0914;4
0915;17
0916;10
0917;11
0918;13
0919;14
0920;19
0921;10
0922;10
0923;11
0924;16
0925;12
0926;11
0927;13
0928;9
0929;10
0930;13
1001;15
1002;18
1003;4
1004;9
1005;10
1006;11
1007;16
1008;13
1009;9
1010;7
1011;8
1012;16
1013;11
1014;15
1015;12
1016;10
1017;12
1018;4
1019;14
1020;16
1021;19
1022;7
1023;8
1024;16
1025;12
1026;10
1027;13
1028;15
1029;13
1030;12
1031;16
1101;13
1102;10
1103;11
1104;12
1105;12
1106;11
1107;12
1108;7
1109;15
1110;13
1111;12
1112;11
1113;11
1114;9
1115;8
1116;15
1117;10
1118;11
1119;9
1120;16
1121;7
1122;15
1123;9
1124;14
1125;10
1126;14
1127;16
1128;13
1129;15
1130;11
1201;13
1202;9
1203;14
1204;8
1205;11
1206;8
1207;11
1208;16
1209;21
1210;15
1211;11
1212;7
1213;12
1214;13
1215;16
1216;15
1217;6
1218;9
1219;10
1220;9
1221;13
1222;14
1223;11
1224;13
1225;17
1226;13
1227;20
1228;17
1229;6
1230;16
1231;18
