0101;28
0102;29
0103;23
0104;24
0105;29
0106;25
0107;19
0108;18
0109;15
0110;24
0111;28
0112;26
0113;18
0114;19
0115;19
0116;36
0117;23
0118;12
0119;33
0120;18
0121;24
0122;18
0123;18
0124;17
0125;24
0126;21
0127;16
0128;31
0129;26
0130;24
0131;18
0201;22
0202;27
0203;20
0204;24
0205;15
0206;20
0207;19
0208;19
0209;24
0210;24
0211;20
0212;23
0213;22
0214;35
0215;22
0216;26
0217;18
0218;16
0219;26
0220;13
0221;15
0222;20
0223;16
0224;21
0225;18
0226;17
0227;19
0228;19
0301;17
0302;23
0303;26
0304;20
0305;20
0306;25
0307;18
0308;20
0309;17
0310;25
0311;14
0312;22
0313;17
0314;25
0315;15
0316;22
0317;20
0318;21
0319;18
0320;24
0321;27
0322;10
0323;20
0324;19
0325;19
0326;14
0327;25
0328;22
0329;19
0330;12
0331;20
0401;17
0402;21
0403;24
0404;12
0405;21
0406;17
0407;22
0408;24
0409;26
0410;16
0411;16
0412;14
0413;23
0414;24
0415;24
0416;22
0417;25
0418;20
0419;20
0420;14
0421;14
0422;12
0423;19
0424;17
0425;23
0426;26
0427;18
0428;18
0429;25
0430;21
0501;15
0502;25
0503;20
0504;17
0505;19
0506;24
0507;16
0508;21
0509;21
0510;12
0511;21
0512;23
0513;26
0514;24
0515;19
0516;14
0517;13
0518;23
0519;15
0520;15
0521;26
0522;15
0523;16
0524;16
0525;24
0526;24
0527;16
0528;19
0529;20
0530;15
0531;12
0601;19
0602;29
0603;16
0604;16
0605;22
0606;25
0607;24
0608;17
0609;21
0610;19
0611;16
0612;17
0613;26
0614;21
0615;16
0616;21
0617;17
0618;19
0619;19
0620;21
0621;14
0622;23
0623;17
0624;10
0625;23
0626;15
0627;15
0628;17
0629;18
0630;8
0701;15
0702;20
0703;28
0704;25
0705;27
0706;16
0707;14
0708;15
0709;15
0710;21
0711;20
0712;13
0713;11
0714;27
0715;23
0716;17
0717;15
0718;20
0719;27
0720;22
0721;23
0722;18
0723;10
0724;19
0725;22
0726;17
0727;16
0728;20
0729;17
0730;12
0731;20
0801;29
0802;17
0803;31
0804;17
0805;25
0806;19
0807;20
0808;21
0809;18
0810;11
0811;14
0812;20
0813;9
0814;20
0815;18
0816;16
0817;16
0818;26
0819;29
0820;16
0821;15
0822;18
0823;18
0824;22
0825;15
0826;15
0827;10
0828;16
0829;17
0830;24
0831;22
0901;19
0902;20
0903;26
0904;20
0905;23
0906;18
0907;20
0908;17
0909;18
0910;10
0911;21
0912;23
0913;18
0914;26
0915;16
0916;16
0917;17
0918;22
0919;25
0920;18
0921;15
0922;16
0923;15
0924;23
0925;14
0926;16
0927;14
0928;10
0929;27
0930;26
1001;13
1002;24
1003;27
1004;15
1005;16
1006;18
1007;16
1008;18
1009;17
1010;18
1011;19
1012;24
1013;25
1014;22
1015;20
1016;25
1017;23
1018;19
1019;18
1020;23
1021;18
1022;19
1023;24
1024;25
1025;18
1026;17
1027;21
1028;22
1029;16
1030;21
1031;21
1101;21
1102;21
1103;26
1104;18
1105;17
1106;16
1107;18
1108;18
1109;23
1110;21
1111;24
1112;22
1113;22
1114;18
1115;20
1116;26
1117;23
1118;20
1119;20
1120;19
1121;22
1122;26
1123;24
1124;17
1125;22
1126;22
1127;17
1128;21
1129;17
1130;20
1201;17
1202;18
1203;19
1204;19
1205;19
1206;27
1207;21
1208;22
1209;23
1210;18
1211;23
1212;20
1213;17
1214;23
1215;23
1216;19
1217;31
1218;18
1219;24
1220;25
1221;22
1222;19
1223;24
1224;20
1225;18
1226;20
1227;33
1228;31
1229;18
1230;19
1231;21
