0101;28
0102;25
0103;23
0104;17
0105;21
0106;33
0107;21
0108;26
0109;27
0110;24
0111;18
0112;18
0113;43
0114;26
0115;23
0116;31
0117;23
0118;29
0119;14
0120;29
0121;18
0122;24
0123;30
0124;26
0125;23
0126;27
0127;16
0128;27
0129;28
0130;20
0131;21
0201;26
0202;30
0203;21
0204;31
0205;23
0206;34
0207;23
0208;25
0209;27
0210;25
0211;24
0212;25
0213;34
0214;34
0215;27
0216;16
0217;30
0218;33
0219;35
0220;20
0221;30
0222;20
0223;24
0224;28
0225;24
0226;33
0227;21
0228;33
0301;22
0302;29
0303;29
0304;23
0305;27
0306;21
0307;22
0308;23
0309;14
0310;22
0311;30
0312;27
0313;26
0314;19
0315;21
0316;24
0317;30
0318;29
0319;25
0320;16
0321;19
0322;23
0323;24
0324;17
0325;27
0326;25
0327;21
0328;26
0329;20
0330;19
0331;35
0401;25
0402;28
0403;25
0404;21
0405;23
0406;23
0407;24
0408;25
0409;21
0410;16
0411;22
0412;18
0413;23
0414;26
0415;19
0416;22
0417;18
0418;31
0419;25
0420;27
0421;22
0422;22
0423;26
0424;19
0425;21
0426;24
0427;27
0428;18
0429;32
0430;20
0501;21
0502;26
0503;18
0504;29
0505;20
0506;31
0507;15
0508;19
0509;19
0510;22
0511;15
0512;18
0513;28
0514;20
0515;28
0516;25
0517;20
0518;17
0519;23
0520;18
0521;26
0522;18
0523;20
0524;23
0525;23
0526;18
0527;27
0528;28
0529;21
0530;22
0531;18
0601;16
0602;23
0603;22
0604;29
0605;26
0606;20
0607;31
0608;33
0609;24
0610;17
0611;18
0612;16
0613;17
0614;23
0615;18
0616;20
0617;14
0618;16
0619;22
0620;29
0621;30
0622;34
0623;27
0624;23
0625;26
0626;31
0627;26
0628;18
0629;20
0630;20
0701;21
0702;16
0703;27
0704;21
0705;24
0706;25
0707;18
0708;18
0709;23
0710;26
0711;22
0712;22
0713;17
0714;21
0715;18
0716;26
0717;28
0718;34
0719;39
0720;25
0721;19
0722;33
0723;22
0724;17
0725;24
0726;15
0727;17
0728;24
0729;16
0730;17
0731;20
0801;25
0802;20
0803;15
0804;19
0805;21
0806;26
0807;22
0808;22
0809;19
0810;26
0811;21
0812;13
0813;28
0814;18
0815;17
0816;13
0817;19
0818;12
0819;17
0820;21
0821;19
0822;29
0823;16
0824;18
0825;30
0826;20
0827;15
0828;13
0829;23
0830;16
0831;15
0901;18
0902;25
0903;13
0904;29
0905;20
0906;20
0907;27
0908;28
0909;13
0910;18
0911;21
0912;15
0913;16
0914;21
0915;17
0916;27
0917;16
0918;17
0919;17
0920;23
0921;21
0922;16
0923;32
0924;24
0925;22
0926;20
0927;22
0928;22
0929;23
0930;29
1001;19
1002;26
1003;25
1004;13
1005;22
1006;18
1007;18
1008;17
1009;24
1010;19
1011;14
1012;27
1013;22
1014;25
1015;23
1016;28
1017;23
1018;32
1019;14
1020;30
1021;14
1022;24
1023;28
1024;23
1025;26
1026;39
1027;13
1028;27
1029;18
1030;28
1031;30
1101;31
1102;23
1103;35
1104;25
1105;24
1106;19
1107;34
1108;26
1109;19
1110;24
1111;32
1112;24
1113;29
1114;22
1115;20
1116;27
1117;22
1118;30
1119;22
1120;25
1121;20
1122;22
1123;27
1124;29
1125;33
1126;28
1127;43
1128;29
1129;29
1130;26
1201;26
1202;22
1203;29
1204;35
1205;29
1206;23
1207;30
1208;31
1209;20
1210;32
1211;24
1212;27
1213;29
1214;21
1215;18
1216;34
1217;27
1218;38
1219;28
1220;32
1221;19
1222;29
1223;25
1224;21
1225;29
1226;27
1227;28
1228;19
1229;27
1230;27
1231;27
