0101;15
0102;20
0103;22
0104;26
0105;18
0106;24
0107;21
0108;32
0109;24
0110;22
0111;23
0112;10
0113;22
0114;22
0115;26
0116;21
0117;23
0118;14
0119;17
0120;13
0121;20
0122;21
0123;16
0124;20
0125;19
0126;26
0127;19
0128;13
0129;26
0130;21
0131;30
0201;33
0202;18
0203;25
0204;14
0205;25
0206;29
0207;23
0208;23
0209;20
0210;19
0211;14
0212;22
0213;19
0214;18
0215;24
0216;25
0217;29
0218;28
0219;29
0220;26
0221;21
0222;12
0223;21
0224;19
0225;27
0226;13
0227;21
0228;27
0301;20
0302;30
0303;21
0304;18
0305;21
0306;33
0307;25
0308;20
0309;19
0310;23
0311;13
0312;25
0313;14
0314;17
0315;18
0316;22
0317;20
0318;24
0319;26
0320;14
0321;26
0322;10
0323;19
0324;22
0325;18
0326;13
0327;29
0328;18
0329;17
0330;20
0331;16
0401;21
0402;19
0403;18
0404;26
0405;15
0406;24
0407;18
0408;17
0409;15
0410;17
0411;30
0412;13
0413;18
0414;22
0415;19
0416;17
0417;12
0418;21
0419;23
0420;24
0421;25
0422;15
0423;22
0424;18
0425;14
0426;15
0427;25
0428;15
0429;21
0430;23
0501;20
0502;19
0503;21
0504;10
0505;18
0506;17
0507;25
0508;11
0509;12
0510;22
0511;20
0512;17
0513;23
0514;14
0515;17
0516;17
0517;17
0518;19
0519;21
0520;20
0521;24
0522;15
0523;15
0524;18
0525;18
0526;18
0527;16
0528;13
0529;18
0530;10
0531;19
0601;13
0602;18
0603;16
0604;25
0605;23
0606;10
0607;14
0608;20
0609;11
0610;20
0611;15
0612;18
0613;16
0614;23
0615;23
0616;13
0617;14
0618;17
0619;14
0620;19
0621;22
0622;16
0623;23
0624;19
0625;24
0626;23
0627;29
0628;8
0629;15
0630;18
0701;18
0702;17
0703;18
0704;19
0705;25
0706;11
0707;13
0708;15
0709;16
0710;14
0711;20
0712;17
0713;16
0714;19
0715;17
0716;18
0717;30
0718;14
0719;33
0720;17
0721;19
0722;13
0723;20
0724;12
0725;12
0726;16
0727;25
0728;17
0729;15
0730;21
0731;16
0801;18
0802;21
0803;17
0804;16
0805;14
0806;13
0807;11
0808;12
0809;25
0810;8
0811;18
0812;14
0813;20
0814;17
0815;14
0816;18
0817;11
0818;19
0819;19
0820;19
0821;20
0822;10
0823;24
0824;19
0825;19
0826;19
0827;15
0828;12
0829;26
0830;22
0831;12
0901;26
0902;18
0903;10
0904;20
0905;14
0906;19
0907;19
0908;15
0909;12
0910;17
0911;14
0912;22
0913;22
0914;25
0915;14
0916;16
0917;20
0918;20
0919;19
0920;22
0921;13
0922;21
0923;19
0924;12
0925;12
0926;22
0927;20
0928;16
0929;23
0930;24
1001;19
1002;20
1003;18
1004;15
1005;24
1006;23
1007;22
1008;24
1009;20
1010;14
1011;26
1012;10
1013;21
1014;25
1015;25
1016;17
1017;17
1018;23
1019;29
1020;23
1021;17
1022;21
1023;27
1024;17
1025;12
1026;23
1027;23
1028;15
1029;14
1030;20
1031;16
1101;27
1102;20
1103;26
1104;15
1105;19
1106;19
1107;17
1108;18
1109;17
1110;24
1111;16
1112;15
1113;17
1114;18
1115;21
1116;19
1117;21
1118;19
1119;18
1120;15
1121;16
1122;13
1123;35
1124;17
1125;22
1126;19
1127;18
1128;19
1129;17
1130;15
1201;17
1202;21
1203;28
1204;23
1205;18
1206;25
1207;13
1208;21
1209;26
1210;36
1211;26
1212;23
1213;24
1214;17
1215;26
1216;13
1217;19
1218;27
1219;24
1220;17
1221;22
1222;16
1223;19
1224;21
1225;16
1226;16
1227;30
1228;32
1229;24
1230;27
1231;20
