0101;6
0102;3
0103;4
0104;4
0105;6
0106;7
0107;1
0108;5
0109;3
0110;5
0111;4
0112;5
0113;3
0114;4
0115;5
0116;2
0117;5
0118;5
0119;2
0120;3
0121;5
0122;8
0123;5
0124;4
0125;1
0126;5
0128;2
0129;7
0130;3
0131;5
0201;2
0202;1
0203;2
0204;3
0205;2
0206;6
0207;5
0208;1
0209;2
0210;2
0211;1
0212;2
0213;2
0214;3
0215;5
0216;1
0217;4
0218;1
0219;4
0220;7
0221;4
0222;2
0223;6
0224;2
0225;3
0227;2
0228;5
0301;3
0302;4
0303;2
0304;1
0305;4
0306;1
0307;4
0308;4
0309;3
0310;4
0311;3
0312;3
0313;1
0314;1
0315;2
0316;1
0317;3
0319;1
0320;4
0321;4
0322;2
0323;5
0324;3
0325;3
0326;3
0327;3
0328;2
0329;4
0330;1
0331;8
0401;2
0402;4
0403;1
0404;1
0405;2
0406;2
0407;6
0408;5
0409;4
0410;4
0411;1
0412;4
0413;2
0414;4
0415;2
0417;6
0418;3
0419;1
0420;4
0421;7
0422;2
0423;1
0424;2
0425;3
0426;4
0427;3
0428;3
0429;3
0430;3
0501;3
0502;3
0503;5
0504;1
0505;2
0506;2
0507;2
0508;3
0509;6
0510;3
0511;4
0512;3
0513;3
0514;1
0515;2
0516;2
0518;9
0519;2
0520;5
0521;5
0522;6
0523;3
0524;4
0525;1
0526;2
0527;4
0528;4
0529;2
0530;5
0531;2
0601;1
0602;4
0603;3
0604;3
0605;2
0606;5
0607;4
0608;1
0609;2
0610;4
0611;1
0612;3
0613;1
0614;2
0615;7
0616;6
0617;3
0618;1
0619;1
0620;3
0621;1
0622;2
0623;3
0624;4
0625;6
0626;1
0627;3
0628;2
0629;5
0630;3
0701;2
0702;5
0703;3
0704;5
0705;2
0706;2
0707;3
0708;5
0710;2
0712;4
0713;4
0714;1
0715;2
0716;4
0717;1
0718;3
0719;3
0720;1
0721;2
0722;3
0723;3
0724;3
0726;3
0727;5
0728;2
0729;4
0730;2
0731;2
0801;1
0802;7
0803;3
0804;3
0805;4
0806;4
0807;3
0808;6
0809;2
0810;4
0811;2
0812;5
0813;3
0815;3
0816;2
0817;3
0819;3
0822;4
0823;6
0824;3
0825;1
0826;3
0827;3
0828;2
0829;3
0830;2
0831;3
0901;2
0902;2
0903;2
0904;1
0905;2
0906;4
0907;3
0908;2
0909;3
0910;1
0911;3
0912;7
0913;4
0914;3
0915;1
0916;1
0918;2
0919;2
0920;5
0922;3
0923;3
0924;2
0925;3
0926;3
0927;5
0928;2
0929;2
1001;3
1002;4
1003;2
1004;1
1005;5
1006;2
1007;2
1008;5
1009;2
1010;5
1011;1
1012;1
1013;3
1014;2
1015;3
1016;3
1017;2
1018;2
1019;2
1020;2
1021;1
1022;3
1023;3
1024;3
1025;2
1026;4
1027;4
1028;1
1030;1
1031;3
1101;4
1102;4
1103;1
1105;2
1106;1
1107;1
1108;3
1109;3
1110;1
1111;1
1112;2
1113;2
1114;2
1115;3
1116;2
1118;2
1119;1
1120;8
1121;1
1122;4
1123;1
1124;4
1125;1
1127;4
1128;2
1129;3
1130;5
1201;2
1202;3
1203;3
1204;3
1205;1
1206;3
1207;1
1208;3
1209;5
1210;1
1211;4
1212;1
1213;6
1214;1
1215;1
1216;3
1217;2
1218;5
1219;6
1220;5
1221;3
1222;2
1223;5
1224;2
1225;3
1226;1
1227;5
1228;1
1229;1
1230;3
1231;2
