0101;18
0102;23
0103;22
0104;20
0105;16
0106;16
0107;27
0108;20
0109;23
0110;22
0111;22
0112;25
0113;24
0114;24
0115;26
0116;21
0117;24
0118;27
0119;17
0120;38
0121;27
0122;29
0123;22
0124;16
0125;22
0126;20
0127;36
0128;24
0129;30
0130;17
0131;16
0201;31
0202;35
0203;25
0204;35
0205;20
0206;29
0207;24
0208;22
0209;31
0210;25
0211;31
0212;22
0213;27
0214;29
0215;17
0216;30
0217;18
0218;29
0219;33
0220;24
0221;15
0222;24
0223;18
0224;24
0225;38
0226;21
0227;26
0228;13
0301;19
0302;23
0303;22
0304;24
0305;14
0306;25
0307;28
0308;17
0309;24
0310;30
0311;23
0312;19
0313;25
0314;27
0315;20
0316;22
0317;19
0318;17
0319;13
0320;18
0321;29
0322;15
0323;22
0324;24
0325;16
0326;11
0327;28
0328;17
0329;16
0330;16
0331;7
0401;18
0402;28
0403;20
0404;25
0405;19
0406;16
0407;17
0408;18
0409;18
0410;21
0411;24
0412;13
0413;17
0414;16
0415;21
0416;22
0417;15
0418;23
0419;11
0420;15
0421;20
0422;25
0423;16
0424;19
0425;6
0426;23
0427;15
0428;21
0429;19
0430;14
0501;20
0502;15
0503;24
0504;17
0505;17
0506;14
0507;20
0508;22
0509;25
0510;16
0511;17
0512;17
0513;17
0514;16
0515;20
0516;13
0517;13
0518;11
0519;31
0520;15
0521;26
0522;22
0523;23
0524;17
0525;15
0526;21
0527;19
0528;11
0529;21
0530;14
0531;19
0601;22
0602;17
0603;17
0604;19
0605;21
0606;11
0607;17
0608;9
0609;22
0610;15
0611;15
0612;14
0613;19
0614;25
0615;23
0616;23
0617;21
0618;19
0619;18
0620;20
0621;18
0622;16
0623;19
0624;11
0625;22
0626;17
0627;19
0628;13
0629;16
0630;18
0701;9
0702;21
0703;17
0704;15
0705;20
0706;25
0707;18
0708;20
0709;17
0710;14
0711;18
0712;15
0713;26
0714;16
0715;19
0716;15
0717;17
0718;17
0719;15
0720;15
0721;17
0722;17
0723;11
0724;20
0725;12
0726;11
0727;14
0728;18
0729;22
0730;21
0731;17
0801;13
0802;18
0803;18
0804;31
0805;22
0806;33
0807;26
0808;13
0809;27
0810;30
0811;18
0812;18
0813;25
0814;18
0815;15
0816;21
0817;24
0818;28
0819;20
0820;20
0821;23
0822;20
0823;14
0824;12
0825;17
0826;18
0827;18
0828;19
0829;14
0830;21
0831;14
0901;16
0902;19
0903;7
0904;24
0905;17
0906;18
0907;18
0908;17
0909;18
0910;16
0911;29
0912;18
0913;13
0914;13
0915;21
0916;16
0917;21
0918;10
0919;15
0920;20
0921;17
0922;14
0923;16
0924;24
0925;12
0926;19
0927;23
0928;10
0929;18
0930;21
1001;19
1002;14
1003;20
1004;18
1005;17
1006;21
1007;19
1008;14
1009;21
1010;14
1011;20
1012;21
1013;16
1014;21
1015;22
1016;21
1017;22
1018;21
1019;26
1020;18
1021;20
1022;18
1023;22
1024;26
1025;24
1026;17
1027;20
1028;17
1029;21
1030;16
1031;27
1101;19
1102;12
1103;19
1104;21
1105;16
1106;19
1107;11
1108;14
1109;21
1110;16
1111;18
1112;19
1113;22
1114;15
1115;16
1116;19
1117;28
1118;22
1119;14
1120;18
1121;18
1122;20
1123;17
1124;16
1125;29
1126;18
1127;12
1128;19
1129;18
1130;27
1201;21
1202;24
1203;21
1204;26
1205;17
1206;25
1207;16
1208;27
1209;32
1210;17
1211;29
1212;20
1213;22
1214;16
1215;19
1216;26
1217;21
1218;20
1219;25
1220;23
1221;26
1222;22
1223;16
1224;15
1225;23
1226;26
1227;21
1228;16
1229;27
1230;27
1231;24
