0101;6
0102;8
0103;10
0104;8
0105;8
0106;7
0107;10
0108;9
0109;10
0110;4
0111;7
0112;13
0113;6
0114;8
0115;8
0116;5
0117;6
0118;6
0119;7
0120;7
0121;7
0122;6
0123;12
0124;10
0125;13
0126;3
0127;8
0128;6
0129;5
0130;7
0131;12
0201;10
0202;16
0203;10
0204;7
0205;7
0206;9
0207;6
0208;11
0209;7
0210;8
0211;7
0212;4
0213;7
0214;6
0215;5
0216;10
0217;10
0218;2
0219;8
0220;6
0221;11
0222;7
0223;6
0224;9
0225;5
0226;4
0227;13
0228;11
0301;12
0302;13
0303;10
0304;5
0305;8
0306;7
0307;8
0308;8
0309;8
0310;6
0311;8
0312;10
0313;4
0314;9
0315;9
0316;5
0317;6
0318;4
0319;4
0320;9
0321;9
0322;10
0323;8
0324;5
0325;7
0326;6
0327;8
0328;6
0329;4
0330;10
0331;5
0401;6
0402;9
0403;10
0404;7
0405;12
0406;12
0407;8
0408;3
0409;3
0410;7
0411;6
0412;6
0413;4
0414;2
0415;4
0416;9
0417;7
0418;4
0419;5
0420;4
0421;7
0422;9
0423;5
0424;8
0425;7
0426;7
0427;8
0428;10
0429;6
0430;4
0501;7
0502;5
0503;6
0504;3
0505;9
0506;6
0507;5
0508;4
0509;7
0510;6
0511;5
0512;6
0513;10
0514;7
0515;7
0516;5
0517;8
0518;6
0519;10
0520;13
0521;6
0522;8
0523;6
0524;5
0525;12
0526;4
0527;10
0528;4
0529;7
0530;9
0531;2
0601;9
0602;4
0603;6
0604;9
0605;4
0606;10
0607;5
0608;4
0609;9
0610;8
0611;9
0612;8
0613;8
0614;8
0615;11
0616;7
0617;3
0618;4
0619;12
0620;7
0621;3
0622;9
0623;5
0624;5
0625;4
0626;8
0627;3
0628;9
0629;9
0630;1
0701;7
0702;3
0703;4
0704;6
0705;5
0706;11
0707;11
0708;8
0709;7
0710;4
0711;5
0712;10
0713;5
0714;7
0715;6
0716;8
0717;11
0718;7
0719;5
0720;4
0721;5
0722;2
0723;3
0724;9
0725;5
0726;10
0727;4
0728;5
0729;5
0730;6
0731;3
0801;7
0802;5
0803;6
0804;8
0805;5
0806;5
0807;7
0808;12
0809;6
0810;4
0811;5
0812;6
0813;6
0814;6
0815;7
0816;6
0817;5
0818;11
0819;4
0820;4
0821;3
0822;4
0823;6
0824;7
0825;6
0826;5
0827;9
0828;7
0829;5
0830;7
0831;6
0901;8
0902;7
0903;10
0904;9
0905;8
0906;5
0907;5
0908;9
0909;5
0910;5
0911;10
0912;2
0913;10
0914;5
0915;4
0916;6
0917;9
0918;11
0919;5
0920;5
0921;5
0922;5
0923;6
0924;7
0925;8
0926;4
0927;13
0928;4
0929;8
0930;3
1001;7
1002;8
1003;9
1004;9
1005;6
1006;7
1007;9
1008;5
1009;6
1010;12
1011;4
1012;2
1013;6
1014;3
1015;6
1016;8
1017;7
1018;7
1019;8
1020;7
1021;5
1022;2
1023;5
1024;8
1025;2
1026;5
1027;4
1028;9
1029;11
1030;6
1031;6
1101;8
1102;8
1103;4
1104;4
1105;14
1106;7
1107;6
1108;7
1109;7
1110;7
1111;7
1112;8
1113;7
1114;9
1115;6
1116;4
1117;4
1118;7
1119;7
1120;7
1121;10
1122;3
1123;13
1124;8
1125;6
1126;4
1127;4
1128;7
1129;3
1130;8
1201;7
1202;8
1203;7
1204;7
1205;2
1206;9
1207;4
1208;5
1209;8
1210;3
1211;5
1212;9
1213;9
1214;8
1215;5
1216;6
1217;6
1218;5
1219;5
1220;4
1221;9
1222;2
1223;6
1224;4
1225;10
1226;2
1227;5
1228;12
1229;11
1230;1
1231;12
