0101;10
0102;6
0103;9
0104;10
0105;12
0106;8
0107;7
0108;11
0109;9
0110;11
0111;9
0112;15
0113;12
0114;7
0115;13
0116;13
0117;8
0118;11
0119;14
0120;7
0121;11
0122;9
0123;17
0124;5
0125;13
0126;8
0127;8
0128;9
0129;7
0130;6
0131;8
0201;10
0202;11
0203;9
0204;10
0205;5
0206;10
0207;5
0208;12
0209;2
0210;7
0211;11
0212;11
0213;6
0214;4
0215;6
0216;5
0217;9
0218;13
0219;7
0220;7
0221;7
0222;9
0223;11
0224;10
0225;10
0226;11
0227;15
0228;13
0301;7
0302;4
0303;6
0304;12
0305;14
0306;3
0307;10
0308;8
0309;11
0310;6
0311;6
0312;6
0313;6
0314;7
0315;11
0316;9
0317;2
0318;10
0319;4
0320;10
0321;6
0322;8
0323;11
0324;3
0325;7
0326;2
0327;8
0328;10
0329;6
0330;8
0331;7
0401;9
0402;2
0403;8
0404;8
0405;4
0406;6
0407;4
0408;2
0409;4
0410;7
0411;13
0412;6
0413;7
0414;5
0415;5
0416;13
0417;6
0418;6
0419;9
0420;4
0421;6
0422;8
0423;10
0424;9
0425;6
0426;5
0427;9
0428;5
0429;3
0430;5
0501;10
0502;10
0503;7
0504;11
0505;6
0506;10
0507;9
0508;2
0509;6
0510;9
0511;5
0512;8
0513;7
0514;6
0515;7
0516;7
0517;5
0518;9
0519;7
0520;6
0521;6
0522;5
0523;6
0524;6
0525;4
0526;9
0527;6
0528;8
0529;3
0530;14
0531;4
0601;7
0602;11
0603;4
0604;7
0605;6
0606;3
0607;12
0608;7
0609;6
0610;10
0611;5
0612;9
0613;6
0614;8
0615;15
0616;6
0617;5
0618;3
0619;5
0620;9
0621;8
0622;10
0623;6
0624;9
0625;11
0626;5
0627;3
0628;7
0629;12
0630;4
0700;1
0701;6
0702;4
0703;4
0704;7
0705;5
0706;11
0707;3
0708;7
0709;4
0710;5
0711;9
0712;3
0713;5
0714;5
0715;6
0716;3
0717;3
0718;5
0719;9
0720;7
0721;6
0722;9
0723;8
0724;5
0725;6
0726;2
0727;2
0728;9
0729;6
0730;5
0731;7
0801;8
0802;7
0803;8
0804;5
0805;7
0806;6
0807;13
0808;7
0809;3
0810;6
0811;6
0812;9
0813;7
0814;4
0815;6
0816;8
0817;4
0818;6
0819;8
0820;10
0821;9
0822;4
0823;10
0824;7
0825;2
0826;5
0827;6
0828;5
0829;6
0830;6
0831;7
0901;6
0902;5
0903;7
0904;4
0905;6
0906;10
0907;6
0908;6
0909;3
0910;7
0911;5
0912;4
0913;6
0914;5
0915;8
0916;8
0917;6
0918;14
0919;6
0920;7
0921;4
0922;10
0923;3
0924;5
0925;10
0926;5
0927;5
0928;8
0929;8
0930;4
1001;9
1002;9
1003;9
1004;7
1005;4
1006;9
1007;6
1008;4
1009;12
1010;12
1011;7
1012;6
1013;9
1014;2
1015;12
1016;4
1017;1
1018;10
1019;5
1020;2
1021;9
1022;3
1023;4
1024;11
1025;9
1026;11
1027;8
1028;7
1029;7
1030;6
1031;5
1101;3
1102;7
1103;12
1104;6
1105;2
1106;6
1107;6
1108;9
1109;4
1110;10
1111;8
1112;2
1113;2
1114;11
1115;14
1116;8
1117;7
1118;10
1119;8
1120;5
1121;4
1122;11
1123;5
1124;8
1125;8
1126;5
1127;7
1128;12
1129;9
1130;14
1201;4
1202;10
1203;8
1204;4
1205;5
1206;7
1207;14
1208;9
1209;10
1210;2
1211;4
1212;10
1213;7
1214;4
1215;9
1216;4
1217;6
1218;9
1219;9
1220;7
1221;9
1222;4
1223;4
1224;9
1225;8
1226;9
1227;10
1228;10
1229;8
1230;9
1231;8
