0000;1
0101;15
0102;15
0103;17
0104;22
0105;13
0106;19
0107;11
0108;17
0109;16
0110;14
0111;10
0112;21
0113;19
0114;21
0115;10
0116;13
0117;17
0118;23
0119;15
0120;13
0121;10
0122;19
0123;17
0124;12
0125;26
0126;19
0127;21
0128;14
0129;18
0130;26
0131;13
0201;23
0202;11
0203;21
0204;14
0205;21
0206;13
0207;22
0208;20
0209;26
0210;15
0211;13
0212;17
0213;14
0214;16
0215;14
0216;17
0217;13
0218;11
0219;22
0220;10
0221;9
0222;21
0223;15
0224;17
0225;12
0226;16
0227;19
0228;18
0301;9
0302;20
0303;8
0304;19
0305;9
0306;17
0307;16
0308;19
0309;19
0310;16
0311;19
0312;17
0313;19
0314;20
0315;10
0316;11
0317;13
0318;19
0319;9
0320;9
0321;12
0322;15
0323;13
0324;15
0325;17
0326;13
0327;14
0328;12
0329;18
0330;16
0331;17
0401;17
0402;10
0403;18
0404;20
0405;15
0406;12
0407;17
0408;13
0409;12
0410;8
0411;8
0412;7
0413;11
0414;22
0415;3
0416;12
0417;14
0418;12
0419;11
0420;10
0421;16
0422;10
0423;14
0424;11
0425;20
0426;11
0427;13
0428;17
0429;14
0430;11
0501;11
0502;21
0503;16
0504;9
0505;15
0506;19
0507;9
0508;7
0509;12
0510;16
0511;20
0512;11
0513;15
0514;14
0515;17
0516;10
0517;8
0518;15
0519;14
0520;15
0521;12
0522;14
0523;14
0524;11
0525;15
0526;13
0527;12
0528;16
0529;14
0530;19
0531;14
0601;7
0602;16
0603;18
0604;18
0605;19
0606;15
0607;16
0608;14
0609;5
0610;12
0611;14
0612;13
0613;13
0614;19
0615;19
0616;9
0617;20
0618;15
0619;6
0620;10
0621;13
0622;13
0623;16
0624;20
0625;14
0626;10
0627;12
0628;14
0629;15
0630;23
0701;16
0702;10
0703;17
0704;23
0705;15
0706;18
0707;15
0708;19
0709;9
0710;15
0711;12
0712;15
0713;13
0714;11
0715;20
0716;18
0717;16
0718;11
0719;15
0720;12
0721;12
0722;20
0723;14
0724;17
0725;16
0726;18
0727;18
0728;18
0729;13
0730;14
0731;18
0801;15
0802;15
0803;15
0804;14
0805;18
0806;13
0807;14
0808;13
0809;10
0810;15
0811;7
0812;11
0813;16
0814;10
0815;17
0816;11
0817;8
0818;17
0819;13
0820;13
0821;15
0822;21
0823;16
0824;16
0825;19
0826;4
0827;15
0828;12
0829;11
0830;19
0831;9
0901;16
0902;19
0903;19
0904;12
0905;11
0906;20
0907;13
0908;18
0909;20
0910;17
0911;12
0912;14
0913;15
0914;8
0915;10
0916;9
0917;10
0918;10
0919;14
0920;16
0921;10
0922;12
0923;10
0924;9
0925;9
0926;13
0927;15
0928;12
0929;19
0930;15
1001;13
1002;18
1003;16
1004;15
1005;12
1006;14
1007;21
1008;11
1009;20
1010;18
1011;15
1012;13
1013;16
1014;12
1015;16
1016;15
1017;25
1018;17
1019;16
1020;12
1021;21
1022;18
1023;14
1024;12
1025;24
1026;13
1027;14
1028;15
1029;16
1030;9
1031;7
1101;19
1102;17
1103;15
1104;12
1105;19
1106;12
1107;12
1108;16
1109;14
1110;11
1111;18
1112;13
1113;13
1114;13
1115;15
1116;10
1117;10
1118;15
1119;9
1120;16
1121;10
1122;19
1123;19
1124;15
1125;13
1126;11
1127;9
1128;11
1129;13
1130;11
1201;14
1202;19
1203;12
1204;16
1205;18
1206;13
1207;16
1208;20
1209;18
1210;14
1211;15
1212;8
1213;22
1214;14
1215;12
1216;11
1217;17
1218;12
1219;17
1220;8
1221;16
1222;14
1223;14
1224;10
1225;18
1226;12
1227;16
1228;14
1229;22
1230;9
1231;19
