0101;7
0102;5
0103;6
0104;3
0105;8
0106;7
0107;6
0108;3
0109;9
0110;5
0111;6
0112;11
0113;6
0114;5
0115;6
0116;8
0117;7
0118;2
0119;7
0120;8
0121;4
0122;8
0123;11
0124;6
0125;5
0126;8
0127;5
0128;3
0129;6
0130;11
0131;2
0201;10
0202;9
0203;6
0204;6
0205;6
0206;11
0207;8
0208;6
0209;5
0210;4
0211;5
0212;11
0213;8
0214;6
0215;5
0216;11
0217;7
0218;9
0219;4
0220;3
0221;5
0222;4
0223;4
0224;4
0225;8
0226;7
0227;3
0228;6
0301;4
0302;7
0303;8
0304;6
0305;9
0306;4
0307;7
0308;5
0309;2
0310;3
0311;8
0312;5
0313;7
0314;5
0315;5
0316;6
0317;3
0318;3
0319;5
0320;5
0321;3
0322;4
0323;9
0324;4
0325;3
0326;7
0327;4
0328;7
0329;7
0330;4
0331;8
0401;5
0402;4
0403;6
0404;7
0405;6
0406;4
0407;7
0408;2
0409;2
0410;2
0411;6
0412;3
0413;6
0414;5
0415;6
0416;5
0417;5
0418;4
0419;1
0420;3
0421;2
0422;4
0423;5
0424;8
0425;2
0426;7
0427;5
0428;4
0429;4
0430;5
0501;5
0502;5
0503;5
0504;6
0505;5
0506;5
0507;3
0508;7
0509;7
0510;6
0511;4
0512;7
0513;8
0514;8
0515;3
0516;1
0517;6
0518;7
0519;3
0520;3
0521;8
0522;6
0523;5
0524;5
0525;4
0526;6
0527;5
0528;4
0529;5
0530;4
0531;3
0601;5
0602;7
0603;4
0604;5
0605;6
0606;5
0607;9
0608;11
0609;1
0610;2
0611;7
0612;3
0613;7
0614;1
0615;6
0616;8
0617;4
0618;7
0619;3
0620;5
0621;6
0622;4
0623;2
0624;2
0625;3
0626;8
0627;5
0628;3
0629;6
0630;4
0701;5
0702;5
0703;5
0704;7
0705;2
0706;1
0707;5
0708;2
0709;9
0710;4
0711;4
0712;5
0713;4
0714;5
0715;5
0716;2
0717;7
0718;1
0719;6
0720;6
0721;8
0722;3
0723;5
0724;5
0725;3
0726;9
0727;6
0728;5
0729;4
0730;4
0731;8
0801;6
0802;7
0803;3
0804;4
0805;2
0806;9
0807;2
0808;7
0809;10
0810;4
0811;10
0812;4
0813;5
0814;4
0815;1
0816;6
0817;5
0818;7
0819;3
0820;7
0821;5
0822;4
0823;2
0824;4
0825;4
0826;10
0827;1
0828;6
0829;3
0830;5
0831;6
0901;4
0902;4
0903;4
0905;4
0906;4
0907;2
0908;3
0909;7
0910;7
0911;4
0912;5
0913;4
0914;5
0915;4
0916;3
0917;4
0918;5
0919;4
0920;2
0921;4
0922;1
0923;6
0924;5
0925;6
0926;6
0927;8
0928;5
0929;6
0930;2
1001;3
1002;9
1003;6
1004;2
1005;4
1006;8
1007;8
1008;1
1009;3
1010;7
1011;5
1012;2
1013;3
1014;1
1015;2
1016;5
1017;9
1018;3
1019;1
1020;7
1021;2
1022;4
1023;3
1024;5
1025;3
1026;3
1027;3
1028;3
1029;8
1030;2
1031;5
1101;6
1102;6
1103;9
1104;5
1105;3
1106;6
1107;3
1108;4
1109;6
1110;1
1111;3
1112;7
1113;7
1114;3
1115;4
1116;4
1117;7
1118;4
1119;5
1120;1
1121;5
1122;5
1123;6
1124;6
1125;4
1126;5
1127;6
1128;6
1129;4
1130;5
1201;5
1202;8
1203;9
1204;8
1205;5
1206;7
1207;6
1208;2
1209;3
1210;6
1211;6
1212;7
1213;6
1214;6
1215;5
1216;6
1217;3
1218;8
1219;5
1220;4
1221;6
1222;5
1223;7
1224;4
1225;5
1226;3
1227;7
1228;5
1229;8
1230;13
1231;6
