0101;4
0102;18
0103;5
0104;12
0105;7
0106;16
0107;14
0108;3
0109;16
0110;11
0111;12
0112;11
0113;16
0114;10
0115;13
0116;11
0117;17
0118;13
0119;12
0120;5
0121;10
0122;13
0123;15
0124;9
0125;11
0126;14
0127;11
0128;9
0129;11
0130;21
0131;13
0201;16
0202;8
0203;13
0204;14
0205;13
0206;13
0207;9
0208;13
0209;8
0210;13
0211;20
0212;14
0213;8
0214;14
0215;14
0216;13
0217;22
0218;10
0219;18
0220;11
0221;12
0222;9
0223;12
0224;16
0225;11
0226;13
0227;11
0228;7
0301;12
0302;15
0303;11
0304;9
0305;7
0306;12
0307;14
0308;7
0309;10
0310;16
0311;9
0312;12
0313;14
0314;15
0315;10
0316;8
0317;12
0318;12
0319;7
0320;11
0321;10
0322;8
0323;11
0324;10
0325;9
0326;11
0327;7
0328;8
0329;11
0330;7
0331;13
0401;11
0402;11
0403;7
0404;13
0405;10
0406;10
0407;9
0408;12
0409;8
0410;8
0411;11
0412;3
0413;9
0414;9
0415;14
0416;9
0417;10
0418;14
0419;13
0420;11
0421;11
0422;15
0423;10
0424;18
0425;16
0426;6
0427;11
0428;12
0429;10
0430;11
0501;10
0502;7
0503;10
0504;13
0505;9
0506;11
0507;7
0508;12
0509;9
0510;8
0511;8
0512;13
0513;7
0514;8
0515;12
0516;13
0517;8
0518;12
0519;12
0520;12
0521;7
0522;9
0523;11
0524;14
0525;12
0526;7
0527;7
0528;7
0529;9
0530;5
0531;7
0601;6
0602;11
0603;7
0604;6
0605;6
0606;4
0607;10
0608;9
0609;18
0610;11
0611;8
0612;8
0613;11
0614;13
0615;8
0616;15
0617;6
0618;7
0619;9
0620;14
0621;9
0622;10
0623;8
0624;7
0625;5
0626;11
0627;11
0628;6
0629;6
0630;9
0701;8
0702;11
0703;13
0704;11
0705;12
0706;12
0707;13
0708;10
0709;20
0710;5
0711;5
0712;8
0713;10
0714;11
0715;11
0716;7
0717;7
0718;6
0719;10
0720;11
0721;8
0722;6
0723;5
0724;9
0725;10
0726;6
0727;5
0728;13
0729;8
0730;13
0731;10
0801;12
0802;7
0803;8
0804;8
0805;8
0806;11
0807;3
0808;13
0809;10
0810;11
0811;10
0812;11
0813;11
0814;12
0815;9
0816;13
0817;10
0818;9
0819;8
0820;7
0821;14
0822;13
0823;7
0824;6
0825;10
0826;9
0827;12
0828;15
0829;13
0830;10
0831;10
0901;8
0902;8
0903;6
0904;10
0905;12
0906;9
0907;8
0908;9
0909;11
0910;6
0911;16
0912;3
0913;10
0914;6
0915;5
0916;4
0917;9
0918;17
0919;14
0920;9
0921;9
0922;6
0923;8
0924;10
0925;9
0926;11
0927;12
0928;14
0929;8
0930;14
1001;6
1002;10
1003;9
1004;10
1005;10
1006;15
1007;12
1008;7
1009;15
1010;6
1011;8
1012;6
1013;7
1014;14
1015;16
1016;12
1017;12
1018;10
1019;11
1020;11
1021;7
1022;13
1023;12
1024;11
1025;12
1026;8
1027;17
1028;8
1029;7
1030;11
1031;9
1101;16
1102;10
1103;10
1104;12
1105;18
1106;12
1107;14
1108;9
1109;14
1110;5
1111;12
1112;11
1113;9
1114;9
1115;10
1116;8
1117;10
1118;10
1119;17
1120;7
1121;11
1122;16
1123;11
1124;5
1125;10
1126;11
1127;9
1128;11
1129;11
1130;8
1201;6
1202;11
1203;9
1204;12
1205;8
1206;13
1207;6
1208;12
1209;7
1210;10
1211;7
1212;14
1213;18
1214;16
1215;7
1216;13
1217;11
1218;14
1219;10
1220;13
1221;14
1222;6
1223;13
1224;21
1225;11
1226;18
1227;13
1228;13
1229;7
1230;14
1231;9
