0101;6
0102;11
0103;7
0104;5
0105;4
0106;3
0107;8
0108;5
0109;9
0110;6
0111;5
0112;7
0113;8
0114;4
0115;3
0116;4
0117;9
0118;4
0119;7
0120;3
0121;7
0122;3
0123;10
0124;5
0125;7
0126;9
0127;4
0128;10
0129;9
0130;4
0131;6
0201;11
0202;5
0203;8
0204;12
0205;8
0206;11
0207;8
0208;8
0209;7
0210;8
0211;8
0212;9
0213;6
0214;3
0215;7
0216;5
0217;2
0218;5
0219;9
0220;10
0221;7
0222;11
0223;8
0224;5
0225;5
0226;7
0227;6
0228;8
0301;10
0302;4
0303;7
0304;5
0305;2
0306;6
0307;10
0308;4
0309;4
0310;8
0311;4
0312;8
0313;4
0314;3
0315;1
0316;9
0317;8
0318;4
0319;4
0320;5
0321;9
0322;6
0323;5
0324;8
0325;4
0326;8
0327;3
0328;6
0329;5
0330;4
0331;6
0401;6
0402;2
0403;7
0404;8
0405;6
0406;6
0407;4
0408;11
0409;9
0410;6
0411;7
0412;7
0413;4
0414;6
0415;4
0416;3
0417;6
0418;5
0419;9
0420;2
0421;2
0422;2
0423;5
0424;6
0425;10
0426;7
0427;9
0428;7
0429;6
0430;2
0501;3
0502;6
0503;4
0504;5
0505;6
0506;4
0507;5
0508;7
0509;4
0510;4
0511;9
0512;9
0513;9
0514;3
0515;6
0516;2
0517;9
0518;7
0519;2
0520;4
0521;7
0522;3
0523;3
0524;6
0525;4
0526;8
0527;11
0528;7
0529;7
0530;2
0531;10
0601;9
0602;11
0603;4
0604;5
0605;7
0606;1
0607;7
0608;6
0609;3
0610;11
0611;7
0612;5
0613;4
0614;8
0615;6
0616;7
0617;5
0618;4
0619;9
0620;4
0621;1
0622;5
0623;3
0624;4
0625;7
0626;6
0627;4
0628;3
0629;8
0701;3
0702;1
0703;3
0704;2
0705;4
0706;4
0707;4
0708;4
0709;8
0710;2
0711;9
0712;3
0713;2
0714;4
0715;3
0716;6
0717;7
0718;6
0719;3
0720;1
0721;3
0722;12
0723;5
0724;6
0725;5
0726;9
0727;6
0728;5
0729;4
0730;6
0731;7
0801;7
0802;3
0803;7
0804;4
0805;10
0806;5
0807;6
0808;7
0809;2
0810;1
0811;2
0812;8
0813;4
0814;3
0815;3
0816;5
0817;4
0818;3
0819;2
0820;2
0821;7
0822;5
0823;5
0824;7
0825;6
0826;4
0827;3
0828;3
0829;7
0830;8
0831;5
0901;1
0902;3
0903;4
0904;6
0905;4
0906;3
0907;8
0908;9
0909;4
0910;3
0911;5
0912;7
0913;7
0914;2
0915;5
0916;5
0917;4
0918;6
0919;3
0920;3
0921;4
0922;1
0923;6
0924;4
0925;3
0926;5
0927;6
0928;9
0929;5
0930;1
1001;3
1002;7
1003;6
1004;8
1005;4
1006;4
1007;8
1008;5
1009;6
1010;6
1011;9
1012;6
1013;6
1014;1
1015;7
1016;4
1017;2
1018;4
1019;5
1020;4
1021;5
1022;5
1023;12
1024;7
1025;2
1026;6
1027;3
1028;5
1029;3
1030;1
1031;7
1101;5
1102;4
1103;5
1104;8
1105;4
1106;6
1107;5
1108;7
1109;5
1110;5
1111;4
1112;4
1113;3
1114;6
1115;3
1116;11
1117;12
1118;3
1119;2
1120;6
1121;7
1122;9
1123;12
1124;2
1125;3
1126;7
1127;3
1128;4
1129;3
1130;5
1201;9
1202;8
1203;2
1204;2
1205;3
1206;7
1207;5
1208;5
1209;8
1210;6
1211;1
1212;2
1213;6
1214;4
1215;6
1216;3
1217;6
1218;6
1219;8
1220;5
1221;7
1222;6
1223;2
1224;7
1225;10
1226;2
1227;4
1228;5
1229;3
1230;7
1231;3
