0101;9
0102;5
0103;16
0104;14
0105;8
0106;8
0107;13
0108;12
0109;10
0110;11
0111;14
0112;17
0113;16
0114;18
0115;7
0116;17
0117;12
0118;17
0119;22
0120;9
0121;11
0122;13
0123;14
0124;9
0125;9
0126;14
0127;14
0128;11
0129;12
0130;13
0131;12
0201;16
0202;6
0203;10
0204;21
0205;13
0206;13
0207;12
0208;17
0209;7
0210;19
0211;11
0212;9
0213;9
0214;13
0215;17
0216;18
0217;13
0218;14
0219;16
0220;12
0221;9
0222;12
0223;10
0224;11
0225;13
0226;8
0227;14
0228;20
0301;16
0302;14
0303;14
0304;13
0305;15
0306;12
0307;15
0308;12
0309;12
0310;24
0311;20
0312;19
0313;10
0314;15
0315;10
0316;15
0317;9
0318;8
0319;10
0320;18
0321;14
0322;4
0323;12
0324;9
0325;14
0326;12
0327;13
0328;5
0329;5
0330;12
0331;8
0401;17
0402;7
0403;12
0404;8
0405;10
0406;11
0407;13
0408;14
0409;12
0410;6
0411;9
0412;12
0413;18
0414;10
0415;10
0416;4
0417;13
0418;10
0419;7
0420;16
0421;11
0422;14
0423;7
0424;9
0425;3
0426;8
0427;7
0428;13
0429;9
0430;11
0501;13
0502;6
0503;13
0504;10
0505;8
0506;7
0507;7
0508;13
0509;5
0510;15
0511;7
0512;6
0513;10
0514;6
0515;12
0516;13
0517;9
0518;10
0519;8
0520;10
0521;6
0522;11
0523;9
0524;6
0525;13
0526;14
0527;13
0528;11
0529;22
0530;11
0531;7
0601;11
0602;8
0603;9
0604;12
0605;13
0606;8
0607;11
0608;13
0609;14
0610;13
0611;15
0612;14
0613;14
0614;8
0615;19
0616;7
0617;11
0618;9
0619;5
0620;7
0621;15
0622;14
0623;14
0624;9
0625;6
0626;5
0627;12
0628;9
0629;12
0630;5
0701;10
0702;8
0703;9
0704;8
0705;9
0706;10
0707;4
0708;8
0709;8
0710;13
0711;8
0712;13
0713;9
0714;7
0715;10
0716;9
0717;5
0718;7
0719;6
0720;7
0721;10
0722;12
0723;14
0724;6
0725;10
0726;12
0727;14
0728;11
0729;15
0730;13
0731;10
0801;9
0802;9
0803;13
0804;5
0805;15
0806;9
0807;14
0808;7
0809;6
0810;6
0811;6
0812;15
0813;15
0814;5
0815;18
0816;6
0817;10
0818;5
0819;9
0820;11
0822;8
0823;12
0824;8
0825;14
0826;3
0827;12
0828;9
0829;12
0830;6
0831;6
0901;10
0902;3
0903;11
0904;13
0905;6
0906;6
0907;4
0908;9
0909;14
0910;5
0911;9
0912;6
0913;10
0914;9
0915;14
0916;9
0917;8
0918;7
0919;13
0920;6
0921;8
0922;14
0923;9
0924;11
0925;11
0926;14
0927;14
0928;9
0929;10
0930;10
1001;16
1002;14
1003;10
1004;10
1005;7
1006;10
1007;2
1008;17
1009;13
1010;4
1011;13
1012;14
1013;12
1014;11
1015;14
1016;9
1017;8
1018;13
1019;15
1020;14
1021;8
1022;11
1023;9
1024;4
1025;14
1026;9
1027;4
1028;7
1029;10
1030;11
1031;8
1101;4
1102;12
1103;9
1104;8
1105;6
1106;11
1107;12
1108;10
1109;10
1110;16
1111;9
1112;11
1113;15
1114;14
1115;9
1116;14
1117;9
1118;17
1119;9
1120;20
1121;12
1122;5
1123;8
1124;12
1125;9
1126;14
1127;7
1128;8
1129;13
1130;8
1201;8
1202;5
1203;12
1204;10
1205;12
1206;13
1207;9
1208;10
1209;6
1210;14
1211;9
1212;4
1213;10
1214;16
1215;17
1216;18
1217;12
1218;12
1219;13
1220;5
1221;14
1222;11
1223;12
1224;16
1225;12
1226;6
1227;8
1228;15
1229;12
1230;7
1231;8
