0101;7
0102;8
0103;6
0104;9
0105;9
0106;18
0107;10
0108;6
0109;10
0110;11
0111;14
0112;11
0113;9
0114;13
0115;6
0116;9
0117;14
0118;12
0119;13
0120;12
0121;10
0122;13
0123;10
0124;2
0125;11
0126;10
0127;8
0128;7
0129;13
0130;12
0131;13
0201;12
0202;12
0203;13
0204;13
0205;14
0206;13
0207;8
0208;10
0209;13
0210;11
0211;11
0212;11
0213;13
0214;16
0215;10
0216;13
0217;6
0218;10
0219;11
0220;8
0221;9
0222;9
0223;8
0224;11
0225;14
0226;12
0227;13
0228;10
0301;17
0302;14
0303;15
0304;7
0305;14
0306;7
0307;10
0308;12
0309;12
0310;11
0311;11
0312;9
0313;10
0314;12
0315;9
0316;11
0317;10
0318;8
0319;5
0320;8
0321;13
0322;9
0323;2
0324;9
0325;14
0326;9
0327;13
0328;13
0329;6
0330;11
0331;7
0401;7
0402;6
0403;6
0404;8
0405;7
0406;12
0407;16
0408;8
0409;13
0410;8
0411;11
0412;12
0413;6
0414;12
0415;5
0416;8
0417;8
0418;6
0419;10
0420;13
0421;6
0422;9
0423;8
0424;13
0425;9
0426;9
0427;7
0428;8
0429;10
0430;7
0501;7
0502;10
0503;6
0504;6
0505;11
0506;7
0507;6
0508;13
0509;12
0510;11
0511;6
0512;12
0513;11
0514;4
0515;14
0516;8
0517;10
0518;7
0519;13
0520;10
0521;11
0522;10
0523;9
0524;9
0525;11
0526;7
0527;10
0528;10
0529;17
0530;6
0531;7
0601;12
0602;10
0603;5
0604;10
0605;9
0606;9
0607;8
0608;7
0609;8
0610;8
0611;8
0612;15
0613;10
0614;10
0615;7
0616;9
0617;9
0618;7
0619;15
0620;8
0621;13
0622;8
0623;10
0624;8
0625;15
0626;9
0627;7
0628;10
0629;12
0630;17
0701;9
0702;8
0703;5
0704;9
0705;12
0706;8
0707;19
0708;11
0709;14
0710;13
0711;11
0712;11
0713;7
0714;7
0715;5
0716;16
0717;6
0718;5
0719;12
0720;8
0721;4
0722;18
0723;10
0724;16
0725;5
0726;8
0727;9
0728;11
0729;14
0730;7
0731;9
0801;12
0802;11
0803;13
0804;9
0805;7
0806;7
0807;8
0808;7
0809;13
0810;8
0811;4
0812;5
0813;9
0814;6
0815;10
0816;11
0817;10
0818;12
0819;12
0820;6
0821;7
0822;6
0823;9
0824;8
0825;11
0826;11
0827;10
0828;7
0829;9
0830;11
0831;8
0901;12
0902;9
0903;7
0904;4
0905;10
0906;16
0907;5
0908;12
0909;11
0910;5
0911;13
0912;7
0913;15
0914;5
0915;13
0916;9
0917;11
0918;5
0919;8
0920;17
0921;6
0922;5
0923;8
0924;15
0925;7
0926;7
0927;7
0928;8
0929;4
0930;13
1001;9
1002;14
1003;8
1004;7
1005;9
1006;8
1007;8
1008;11
1009;13
1010;8
1011;19
1012;11
1013;9
1014;12
1015;10
1016;9
1017;18
1018;8
1019;16
1020;4
1021;18
1022;13
1023;7
1024;8
1025;11
1026;7
1027;4
1028;13
1029;15
1030;10
1031;14
1101;11
1102;14
1103;9
1104;10
1105;9
1106;9
1107;9
1108;11
1109;4
1110;8
1111;15
1112;7
1113;16
1114;8
1115;9
1116;9
1117;9
1118;16
1119;6
1120;13
1121;9
1122;9
1123;6
1124;7
1125;8
1126;8
1127;11
1128;10
1129;11
1130;10
1201;11
1202;16
1203;5
1204;11
1205;9
1206;13
1207;12
1208;12
1209;12
1210;13
1211;12
1212;8
1213;9
1214;5
1215;11
1216;11
1217;10
1218;10
1219;17
1220;9
1221;9
1222;10
1223;12
1224;12
1225;15
1226;7
1227;10
1228;11
1229;2
1230;10
1231;12
