0101;19
0102;6
0103;12
0104;15
0105;8
0106;10
0107;13
0108;11
0109;9
0110;7
0111;11
0112;10
0113;6
0114;11
0115;9
0116;10
0117;3
0118;6
0119;10
0120;9
0121;6
0122;14
0123;11
0124;14
0125;14
0126;6
0127;8
0128;6
0129;6
0130;10
0131;12
0201;12
0202;20
0203;11
0204;10
0205;7
0206;6
0207;14
0208;11
0209;9
0210;7
0211;9
0212;7
0213;17
0214;11
0215;9
0216;7
0217;12
0218;7
0219;13
0220;10
0221;10
0222;2
0223;10
0224;12
0225;6
0226;6
0227;15
0228;9
0301;6
0302;7
0303;8
0304;10
0305;12
0306;8
0307;7
0308;7
0309;8
0310;6
0311;7
0312;6
0313;13
0314;6
0315;6
0316;7
0317;9
0318;7
0319;5
0320;10
0321;8
0322;9
0323;5
0324;10
0325;5
0326;3
0327;11
0328;3
0329;9
0330;6
0331;5
0401;8
0402;4
0403;7
0404;4
0405;8
0406;9
0407;5
0408;12
0409;5
0410;5
0411;8
0412;5
0413;7
0414;9
0415;6
0416;11
0417;11
0418;12
0419;11
0420;4
0421;6
0422;8
0423;8
0424;8
0425;5
0426;9
0427;9
0428;15
0429;11
0430;5
0501;10
0502;11
0503;7
0504;6
0505;7
0506;12
0507;7
0508;15
0509;7
0510;8
0511;13
0512;5
0513;7
0514;12
0515;9
0516;8
0517;7
0518;7
0519;9
0520;2
0521;9
0522;8
0523;8
0524;10
0525;7
0526;4
0527;9
0528;7
0529;10
0530;3
0531;11
0601;13
0602;7
0603;5
0604;9
0605;5
0606;15
0607;6
0608;6
0609;8
0610;10
0611;4
0612;6
0613;9
0614;2
0615;16
0616;13
0617;5
0618;11
0619;9
0620;11
0621;5
0622;8
0623;4
0624;4
0625;5
0626;8
0627;11
0628;10
0629;5
0630;10
0701;6
0702;5
0703;7
0704;12
0705;8
0706;8
0707;9
0708;9
0709;11
0710;7
0711;12
0712;3
0713;9
0714;4
0715;12
0716;12
0717;9
0718;6
0719;6
0720;8
0721;9
0722;11
0723;14
0724;6
0725;7
0726;9
0727;9
0728;8
0729;7
0730;11
0731;7
0801;10
0802;5
0803;7
0804;12
0805;10
0806;13
0807;12
0808;10
0809;10
0810;6
0811;11
0812;7
0813;2
0814;5
0815;5
0816;3
0817;8
0818;7
0819;7
0820;6
0821;7
0822;9
0823;5
0824;9
0825;8
0826;7
0827;8
0828;3
0829;6
0830;10
0831;10
0901;7
0902;5
0903;8
0904;10
0905;9
0906;8
0907;10
0908;3
0909;10
0910;14
0911;2
0912;5
0913;5
0914;7
0915;13
0916;9
0917;10
0918;5
0919;7
0920;10
0921;4
0922;8
0923;7
0924;6
0925;5
0926;8
0927;6
0928;6
0929;10
0930;9
1001;11
1002;7
1003;9
1004;7
1005;11
1006;11
1007;9
1008;10
1009;9
1010;4
1011;5
1012;7
1013;9
1014;6
1015;5
1016;11
1017;11
1018;5
1019;8
1020;11
1021;12
1022;11
1023;16
1024;8
1025;5
1026;7
1027;7
1028;11
1029;11
1030;15
1031;10
1101;10
1102;7
1103;10
1104;6
1105;4
1106;8
1107;7
1108;6
1109;9
1110;6
1111;8
1112;8
1113;8
1114;9
1115;8
1116;9
1117;7
1118;10
1119;15
1120;10
1121;13
1122;9
1123;10
1124;14
1125;1
1126;13
1127;10
1128;7
1129;12
1130;2
1201;8
1202;11
1203;10
1204;9
1205;9
1206;9
1207;6
1208;6
1209;4
1210;7
1211;10
1212;11
1213;9
1214;7
1215;5
1216;7
1217;8
1218;7
1219;10
1220;9
1221;13
1222;11
1223;7
1224;8
1225;11
1226;7
1227;8
1228;7
1229;6
1230;10
1231;10
