0101;28
0102;32
0103;15
0104;20
0105;25
0106;12
0107;31
0108;24
0109;22
0110;18
0111;19
0112;13
0113;27
0114;22
0115;31
0116;25
0117;14
0118;14
0119;23
0120;29
0121;29
0122;26
0123;30
0124;31
0125;11
0126;24
0127;22
0128;21
0129;32
0130;21
0131;17
0201;15
0202;21
0203;13
0204;23
0205;21
0206;22
0207;20
0208;24
0209;22
0210;20
0211;17
0212;19
0213;18
0214;29
0215;19
0216;17
0217;29
0218;17
0219;27
0220;21
0221;29
0222;18
0223;28
0224;26
0225;27
0226;23
0227;19
0228;21
0301;28
0302;19
0303;16
0304;24
0305;25
0306;29
0307;25
0308;19
0309;17
0310;29
0311;17
0312;32
0313;23
0314;24
0315;14
0316;19
0317;14
0318;15
0319;18
0320;20
0321;20
0322;22
0323;13
0324;22
0325;17
0326;18
0327;16
0328;30
0329;16
0330;21
0331;21
0401;17
0402;15
0403;12
0404;16
0405;22
0406;20
0407;17
0408;25
0409;22
0410;12
0411;17
0412;25
0413;24
0414;26
0415;17
0416;18
0417;10
0418;23
0419;18
0420;25
0421;15
0422;17
0423;27
0424;17
0425;17
0426;16
0427;14
0428;23
0429;20
0430;21
0501;19
0502;17
0503;14
0504;25
0505;18
0506;21
0507;13
0508;30
0509;20
0510;16
0511;26
0512;17
0513;19
0514;22
0515;24
0516;21
0517;10
0518;22
0519;19
0520;29
0521;12
0522;27
0523;31
0524;19
0525;22
0526;17
0527;16
0528;15
0529;26
0530;15
0531;23
0601;14
0602;16
0603;20
0604;18
0605;23
0606;17
0607;18
0608;24
0609;19
0610;11
0611;15
0612;19
0613;24
0614;27
0615;23
0616;17
0617;13
0618;17
0619;16
0620;16
0621;18
0622;16
0623;16
0624;12
0625;17
0626;18
0627;11
0628;14
0629;19
0630;14
0701;27
0702;19
0703;22
0704;23
0705;23
0706;17
0707;22
0708;17
0709;22
0710;17
0711;18
0712;26
0713;14
0714;24
0715;10
0716;22
0717;20
0718;12
0719;21
0720;24
0721;23
0722;18
0723;26
0724;21
0725;23
0726;19
0727;18
0728;22
0729;23
0730;26
0731;18
0801;12
0802;22
0803;20
0804;22
0805;15
0806;24
0807;20
0808;18
0809;12
0810;16
0811;17
0812;16
0813;23
0814;25
0815;18
0816;14
0817;14
0818;22
0819;17
0820;21
0821;13
0822;17
0823;11
0824;21
0825;27
0826;18
0827;14
0828;23
0829;16
0830;21
0831;18
0901;18
0902;19
0903;14
0904;25
0905;20
0906;15
0907;26
0908;14
0909;19
0910;16
0911;17
0912;20
0913;12
0914;18
0915;14
0916;12
0917;20
0918;19
0919;15
0920;16
0921;20
0922;19
0923;18
0924;17
0925;20
0926;22
0927;23
0928;12
0929;6
0930;17
1001;22
1002;12
1003;23
1004;27
1005;22
1006;23
1007;15
1008;35
1009;28
1010;24
1011;21
1012;27
1013;16
1014;25
1015;24
1016;21
1017;19
1018;19
1019;16
1020;18
1021;10
1022;27
1023;19
1024;26
1025;17
1026;18
1027;21
1028;27
1029;19
1030;14
1031;15
1101;19
1102;21
1103;26
1104;16
1105;18
1106;17
1107;14
1108;16
1109;15
1110;26
1111;26
1112;25
1113;15
1114;13
1115;22
1116;10
1117;15
1118;21
1119;23
1120;14
1121;16
1122;22
1123;21
1124;18
1125;25
1126;20
1127;24
1128;13
1129;24
1130;18
1201;14
1202;14
1203;21
1204;29
1205;18
1206;17
1207;20
1208;17
1209;22
1210;20
1211;21
1212;21
1213;18
1214;24
1215;24
1216;19
1217;20
1218;12
1219;15
1220;18
1221;15
1222;22
1223;20
1224;25
1225;30
1226;19
1227;25
1228;21
1229;23
1230;23
1231;16
