0101;13
0102;5
0103;5
0104;9
0105;11
0106;3
0107;7
0108;7
0109;6
0110;9
0111;9
0112;6
0113;6
0114;6
0115;2
0116;7
0117;4
0118;3
0119;10
0120;6
0121;5
0122;7
0123;4
0124;5
0125;7
0126;5
0127;8
0128;2
0129;7
0130;6
0131;3
0201;6
0202;10
0203;6
0204;4
0205;5
0206;11
0207;9
0208;5
0209;7
0210;5
0211;8
0212;9
0213;7
0214;10
0215;12
0216;4
0217;7
0218;8
0219;11
0220;2
0221;6
0222;9
0223;11
0224;7
0225;7
0226;8
0227;8
0228;6
0301;8
0302;15
0303;4
0304;7
0305;9
0306;4
0307;1
0308;7
0309;4
0310;9
0311;3
0312;6
0313;8
0314;5
0315;11
0316;4
0317;5
0318;9
0319;6
0320;8
0321;9
0322;3
0323;10
0324;5
0325;5
0326;3
0327;4
0328;7
0329;11
0330;6
0331;7
0401;4
0402;8
0403;7
0404;7
0405;7
0406;3
0407;5
0408;9
0409;6
0410;5
0411;5
0412;10
0413;6
0414;7
0415;5
0416;11
0417;4
0418;5
0419;10
0420;10
0421;4
0422;7
0423;10
0424;8
0425;4
0426;4
0427;13
0428;4
0429;7
0430;12
0501;3
0502;4
0503;10
0504;6
0505;5
0506;5
0507;6
0508;4
0509;3
0510;6
0511;4
0512;9
0513;8
0514;5
0515;7
0516;10
0517;1
0518;2
0519;6
0520;3
0521;5
0522;5
0523;10
0524;9
0525;3
0526;5
0527;3
0528;3
0529;6
0530;6
0531;8
0601;4
0602;5
0603;8
0604;2
0605;5
0606;5
0607;3
0608;11
0609;6
0610;3
0611;4
0612;7
0613;6
0614;4
0615;5
0616;6
0617;3
0618;4
0619;5
0620;6
0621;4
0622;5
0623;1
0624;4
0625;7
0626;6
0627;4
0628;6
0629;9
0630;6
0701;5
0702;5
0703;7
0704;4
0705;5
0706;10
0707;1
0708;7
0709;6
0710;8
0711;4
0712;8
0713;5
0714;8
0715;5
0716;7
0717;6
0718;2
0719;7
0720;6
0721;2
0722;6
0723;1
0724;4
0725;6
0726;5
0727;1
0728;7
0729;1
0730;5
0731;6
0801;9
0802;3
0803;6
0804;9
0805;6
0806;6
0807;5
0808;4
0809;3
0810;8
0811;5
0812;7
0813;5
0814;5
0815;3
0816;6
0817;3
0818;5
0819;2
0820;11
0821;2
0822;5
0823;7
0824;6
0825;8
0826;11
0827;2
0828;8
0829;5
0830;6
0831;10
0901;13
0902;6
0903;6
0904;10
0905;8
0906;7
0907;8
0908;6
0909;7
0910;5
0911;5
0912;2
0913;1
0914;4
0915;4
0916;5
0917;3
0918;6
0919;5
0920;5
0921;3
0922;5
0923;7
0924;7
0925;2
0926;1
0927;3
0928;3
0929;3
0930;4
1001;10
1002;8
1003;8
1004;6
1005;10
1006;5
1007;6
1008;6
1009;4
1010;5
1011;6
1012;6
1013;3
1014;6
1015;4
1016;7
1017;7
1018;2
1019;6
1020;4
1021;7
1022;4
1023;9
1024;7
1025;4
1026;5
1027;7
1028;4
1029;12
1030;7
1031;4
1101;10
1102;4
1103;3
1104;4
1105;9
1106;5
1107;4
1108;8
1109;6
1110;8
1111;8
1112;4
1113;9
1114;10
1115;6
1116;4
1117;4
1118;3
1119;6
1120;9
1121;5
1122;4
1123;4
1124;6
1125;7
1126;8
1127;4
1128;7
1129;4
1130;6
1201;12
1202;9
1203;5
1204;6
1205;7
1206;7
1207;12
1208;4
1209;6
1210;6
1211;3
1212;6
1213;5
1214;11
1215;4
1216;5
1217;5
1218;3
1219;4
1220;3
1221;8
1222;13
1223;5
1224;6
1225;6
1226;9
1227;8
1228;7
1229;8
1230;2
1231;7
