0101;8
0102;14
0103;8
0104;14
0105;7
0106;7
0107;8
0108;5
0109;11
0110;6
0111;8
0112;12
0113;8
0114;9
0115;7
0116;8
0117;11
0118;6
0119;6
0120;8
0121;13
0122;10
0123;8
0124;9
0125;5
0126;10
0127;9
0128;8
0129;7
0130;10
0131;11
0201;8
0202;7
0203;9
0204;4
0205;8
0206;7
0207;11
0208;9
0209;8
0210;13
0211;4
0212;2
0213;9
0214;2
0215;5
0216;8
0217;6
0218;4
0219;6
0220;6
0221;7
0222;11
0223;8
0224;5
0225;8
0226;8
0227;4
0228;5
0301;5
0302;5
0303;5
0304;7
0305;4
0306;6
0307;4
0308;5
0309;8
0310;9
0311;7
0312;7
0313;8
0314;7
0315;7
0316;2
0317;7
0318;6
0319;3
0320;4
0321;11
0322;7
0323;6
0324;5
0325;11
0326;12
0327;5
0328;10
0329;1
0330;9
0331;5
0401;7
0402;4
0403;9
0404;7
0405;5
0406;2
0407;4
0408;8
0409;5
0410;7
0411;5
0412;4
0413;2
0414;3
0415;6
0416;11
0417;8
0418;4
0419;8
0420;4
0421;7
0422;4
0423;10
0424;7
0425;6
0426;3
0428;9
0429;4
0430;8
0501;7
0502;10
0503;8
0504;6
0505;3
0506;6
0507;7
0508;6
0509;6
0510;7
0511;8
0512;5
0513;3
0514;5
0515;2
0516;5
0517;4
0518;4
0519;4
0520;2
0521;9
0522;12
0523;7
0524;1
0525;8
0526;5
0527;9
0528;3
0529;4
0530;3
0531;4
0601;5
0602;3
0603;12
0604;5
0605;2
0606;1
0607;6
0608;5
0609;7
0610;5
0611;7
0612;11
0613;10
0614;3
0615;8
0616;6
0617;8
0618;3
0619;7
0620;4
0621;4
0622;1
0623;3
0624;7
0625;7
0626;5
0627;1
0628;1
0629;4
0630;3
0701;7
0702;5
0703;3
0704;3
0705;4
0706;6
0707;9
0708;6
0709;5
0710;4
0711;6
0712;4
0713;5
0714;6
0715;4
0716;6
0717;4
0718;4
0719;3
0720;8
0721;5
0722;7
0723;6
0724;4
0725;2
0726;3
0727;3
0728;8
0729;8
0730;11
0731;7
0801;8
0802;5
0803;3
0804;5
0805;7
0806;10
0807;5
0808;13
0809;13
0810;6
0811;2
0812;8
0813;4
0814;1
0815;3
0816;5
0817;5
0818;6
0819;3
0820;6
0821;5
0822;2
0823;1
0824;10
0825;6
0826;7
0827;7
0828;4
0829;8
0830;3
0831;3
0901;5
0902;7
0903;11
0904;4
0905;1
0906;6
0907;1
0908;1
0909;9
0910;4
0911;1
0912;5
0913;3
0914;6
0915;4
0916;6
0917;2
0918;3
0919;5
0920;9
0921;7
0922;7
0923;4
0924;12
0925;2
0926;7
0927;3
0928;7
0929;5
0930;5
1001;9
1002;5
1003;6
1004;7
1005;4
1006;6
1007;7
1008;6
1009;6
1010;6
1011;6
1012;5
1013;5
1014;2
1015;5
1016;7
1017;6
1018;6
1019;6
1020;5
1021;8
1022;4
1023;6
1024;6
1025;3
1026;8
1027;2
1028;2
1029;3
1030;5
1031;8
1101;8
1102;5
1103;5
1104;5
1105;4
1106;4
1107;5
1108;6
1109;6
1110;6
1111;2
1112;14
1113;13
1114;5
1115;5
1116;6
1117;5
1118;8
1119;6
1120;4
1121;1
1122;8
1123;7
1124;7
1125;4
1126;8
1127;3
1128;7
1129;5
1130;6
1201;6
1202;4
1203;8
1204;4
1205;7
1206;2
1207;4
1208;6
1209;6
1210;5
1211;2
1212;8
1213;6
1214;5
1215;3
1216;5
1217;4
1218;5
1219;10
1220;9
1221;7
1222;5
1223;4
1224;9
1225;9
1226;6
1227;1
1228;4
1229;7
1230;7
1231;5
