0101;9
0102;8
0103;8
0104;8
0105;16
0106;10
0107;4
0108;11
0109;11
0110;8
0111;14
0112;8
0113;9
0114;9
0115;11
0116;8
0117;11
0118;8
0119;13
0120;9
0121;7
0122;14
0123;14
0124;9
0125;8
0126;8
0127;8
0128;8
0129;9
0130;7
0131;7
0201;9
0202;13
0203;4
0204;9
0205;9
0206;9
0207;2
0208;7
0209;8
0210;5
0211;10
0212;11
0213;5
0214;12
0215;8
0216;9
0217;10
0218;7
0219;5
0220;8
0221;11
0222;10
0223;14
0224;14
0225;9
0226;11
0227;4
0228;9
0301;16
0302;8
0303;4
0304;9
0305;11
0306;11
0307;10
0308;6
0309;6
0310;8
0311;8
0312;7
0313;7
0314;10
0315;7
0316;10
0317;5
0318;6
0319;8
0320;8
0321;8
0322;12
0323;8
0324;9
0325;11
0326;7
0327;5
0328;11
0329;7
0330;8
0331;3
0401;8
0402;13
0403;2
0404;5
0405;11
0406;8
0407;8
0408;7
0409;6
0410;10
0411;7
0412;7
0413;9
0414;6
0415;7
0416;7
0417;7
0418;8
0419;10
0420;8
0421;6
0422;12
0423;8
0424;8
0425;4
0426;9
0427;6
0428;4
0429;7
0430;9
0501;6
0502;13
0503;3
0504;8
0505;7
0506;4
0507;11
0508;2
0509;8
0510;9
0511;9
0512;2
0513;6
0514;9
0515;4
0516;9
0517;6
0518;10
0519;5
0520;7
0521;4
0522;5
0523;13
0524;4
0525;9
0526;7
0527;9
0528;12
0529;3
0530;7
0531;8
0601;10
0602;7
0603;11
0604;2
0605;2
0606;8
0607;5
0608;4
0609;8
0610;2
0611;11
0612;5
0613;6
0614;5
0615;4
0616;2
0617;4
0618;10
0619;5
0620;6
0621;5
0622;2
0623;9
0624;1
0625;4
0626;3
0627;5
0628;10
0629;8
0630;7
0701;7
0702;8
0703;8
0704;7
0705;10
0706;10
0707;10
0708;7
0709;8
0710;9
0711;6
0712;2
0713;6
0714;7
0715;12
0716;11
0717;8
0718;9
0719;6
0720;6
0721;5
0722;6
0723;5
0724;5
0725;9
0726;1
0727;7
0728;7
0729;5
0730;7
0731;6
0801;6
0802;7
0803;4
0804;7
0805;3
0806;7
0807;9
0808;1
0809;8
0810;4
0811;4
0812;7
0813;8
0814;7
0815;8
0816;9
0817;6
0818;6
0819;5
0820;6
0821;7
0822;8
0823;6
0824;5
0825;6
0826;5
0827;8
0828;2
0829;6
0830;8
0831;9
0901;4
0902;6
0903;8
0904;2
0905;8
0906;4
0907;11
0908;4
0909;11
0910;6
0911;7
0912;5
0913;5
0914;2
0915;7
0916;9
0917;5
0918;7
0919;5
0920;4
0921;8
0922;4
0923;4
0924;7
0925;3
0926;6
0927;7
0928;10
0929;4
0930;4
1001;6
1002;1
1003;6
1004;6
1005;8
1006;9
1007;13
1008;9
1009;7
1010;12
1011;10
1012;9
1013;3
1014;4
1015;10
1016;6
1017;8
1018;3
1019;5
1020;12
1021;6
1022;3
1023;9
1024;9
1025;7
1026;6
1027;2
1028;8
1029;4
1030;7
1031;9
1101;10
1102;7
1103;8
1104;9
1105;4
1106;2
1107;11
1108;10
1109;9
1110;9
1111;13
1112;9
1113;5
1114;9
1115;6
1116;10
1117;9
1118;11
1119;12
1120;6
1121;7
1122;8
1123;3
1124;5
1125;3
1126;5
1127;8
1128;5
1129;7
1130;5
1201;12
1202;5
1203;6
1204;7
1205;10
1206;4
1207;4
1208;5
1209;7
1210;6
1211;7
1212;7
1213;11
1214;4
1215;6
1216;6
1217;8
1218;10
1219;3
1220;3
1221;9
1222;4
1223;7
1224;5
1225;5
1226;9
1227;7
1228;8
1229;5
1230;9
1231;5
