0101;3
0102;1
0103;1
0104;5
0105;1
0106;1
0107;2
0108;1
0109;4
0110;4
0111;3
0112;7
0114;4
0115;1
0116;3
0117;1
0118;1
0119;2
0120;2
0121;6
0122;4
0123;2
0124;1
0125;2
0127;2
0128;3
0129;1
0130;2
0131;1
0201;3
0202;4
0203;2
0204;2
0205;4
0206;1
0207;4
0208;2
0209;1
0210;4
0211;3
0212;5
0213;1
0214;2
0215;3
0216;1
0217;2
0218;3
0219;1
0220;2
0221;1
0222;5
0223;3
0226;2
0227;4
0228;2
0301;1
0302;1
0303;1
0304;2
0305;3
0306;2
0307;4
0308;2
0309;3
0311;2
0312;3
0313;2
0314;4
0315;4
0316;2
0317;1
0318;3
0319;1
0321;3
0322;1
0323;1
0324;1
0325;1
0326;6
0327;2
0329;1
0330;2
0401;4
0402;3
0403;2
0404;3
0406;2
0407;2
0408;1
0409;2
0410;4
0412;2
0413;3
0414;3
0415;2
0416;2
0417;3
0418;2
0421;1
0422;2
0424;4
0427;4
0429;1
0430;1
0501;2
0502;3
0503;1
0504;1
0505;1
0506;3
0507;5
0509;2
0510;4
0511;2
0512;3
0513;1
0515;5
0516;1
0517;2
0518;1
0519;2
0521;3
0522;2
0523;5
0524;4
0525;2
0526;1
0527;2
0528;3
0529;1
0531;1
0601;4
0602;1
0603;3
0604;6
0605;2
0606;2
0607;1
0608;1
0609;2
0610;2
0611;2
0612;4
0613;5
0614;4
0615;1
0616;3
0617;5
0618;1
0619;2
0620;2
0621;4
0622;3
0623;1
0624;1
0625;1
0626;2
0627;4
0628;1
0629;2
0630;2
0701;1
0702;1
0703;1
0704;4
0705;3
0706;3
0707;1
0708;5
0709;4
0711;1
0712;3
0713;1
0714;3
0715;2
0716;4
0717;1
0718;3
0719;2
0720;2
0722;1
0723;4
0724;2
0727;1
0728;3
0729;4
0730;2
0731;5
0801;2
0802;4
0803;1
0804;3
0807;1
0808;1
0809;3
0810;1
0811;2
0812;1
0813;1
0814;1
0815;1
0816;3
0817;3
0818;1
0819;2
0820;3
0821;1
0822;2
0824;2
0825;2
0826;3
0827;4
0828;5
0829;1
0830;2
0831;3
0901;3
0902;3
0903;5
0904;1
0905;2
0907;1
0908;3
0909;1
0910;3
0911;1
0912;2
0915;1
0916;1
0917;1
0918;1
0919;1
0920;4
0921;1
0922;1
0923;1
0924;3
0925;5
0926;2
0927;6
0928;2
1001;3
1002;2
1003;1
1004;7
1005;1
1006;2
1008;3
1009;2
1010;2
1011;2
1012;1
1013;2
1014;3
1015;3
1016;1
1017;2
1018;3
1019;1
1020;2
1021;1
1022;3
1023;2
1024;5
1025;3
1026;2
1027;1
1028;1
1029;2
1030;5
1031;3
1101;2
1103;1
1104;6
1105;2
1106;2
1107;3
1108;1
1109;1
1110;3
1111;2
1112;1
1113;4
1114;1
1115;6
1116;2
1117;4
1118;2
1119;2
1120;1
1121;1
1122;2
1123;1
1124;2
1125;2
1126;2
1127;1
1128;4
1129;1
1130;1
1201;4
1202;2
1203;4
1204;1
1205;3
1206;1
1207;4
1208;4
1209;3
1210;4
1212;3
1213;2
1214;1
1215;2
1216;1
1217;1
1218;1
1219;3
1220;2
1221;4
1222;4
1223;3
1224;5
1226;5
1227;3
1228;1
1229;3
1230;6
1231;4
