0101;14
0102;10
0103;10
0104;13
0105;20
0106;24
0107;22
0108;16
0109;21
0110;16
0111;11
0112;18
0113;17
0114;25
0115;28
0116;18
0117;17
0118;25
0119;15
0120;24
0121;15
0122;23
0123;26
0124;12
0125;12
0126;23
0127;14
0128;17
0129;20
0130;23
0131;21
0201;20
0202;13
0203;22
0204;16
0205;17
0206;18
0207;13
0208;17
0209;21
0210;20
0211;14
0212;23
0213;17
0214;10
0215;13
0216;15
0217;18
0218;13
0219;28
0220;13
0221;22
0222;17
0223;14
0224;20
0225;18
0226;9
0227;14
0228;13
0301;20
0302;19
0303;19
0304;25
0305;21
0306;17
0307;16
0308;18
0309;24
0310;18
0311;9
0312;8
0313;11
0314;32
0315;17
0316;18
0317;22
0318;15
0319;19
0320;24
0321;11
0322;21
0323;18
0324;12
0325;15
0326;19
0327;20
0328;12
0329;12
0330;15
0331;13
0401;14
0402;16
0403;14
0404;13
0405;16
0406;22
0407;16
0408;11
0409;19
0410;19
0411;19
0412;16
0413;16
0414;17
0415;9
0416;19
0417;15
0418;13
0419;18
0420;12
0421;21
0422;16
0423;19
0424;24
0425;13
0426;13
0427;16
0428;20
0429;16
0430;17
0501;9
0502;25
0503;15
0504;14
0505;14
0506;13
0507;19
0508;14
0509;19
0510;14
0511;11
0512;8
0513;22
0514;8
0515;18
0516;17
0517;7
0518;15
0519;9
0520;16
0521;21
0522;21
0523;19
0524;20
0525;18
0526;15
0527;11
0528;15
0529;25
0530;24
0531;12
0601;16
0602;18
0603;10
0604;8
0605;17
0606;9
0607;16
0608;16
0609;9
0610;14
0611;13
0612;20
0613;3
0614;18
0615;19
0616;14
0617;18
0618;13
0619;12
0620;21
0621;11
0622;6
0623;12
0624;9
0625;11
0626;15
0627;11
0628;13
0629;14
0630;10
0701;12
0702;22
0703;16
0704;11
0705;16
0706;9
0707;14
0708;16
0709;19
0710;24
0711;10
0712;18
0713;20
0714;19
0715;17
0716;6
0717;8
0718;17
0719;19
0720;14
0721;19
0722;16
0723;10
0724;11
0725;13
0726;9
0727;12
0728;12
0729;23
0730;10
0731;22
0801;18
0802;17
0803;11
0804;19
0805;18
0806;18
0807;14
0808;15
0809;14
0810;8
0811;15
0812;14
0813;10
0814;14
0815;12
0816;18
0817;16
0818;10
0819;12
0820;9
0821;17
0822;18
0823;11
0824;10
0825;15
0826;9
0827;16
0828;8
0829;15
0830;9
0831;7
0901;13
0902;18
0903;15
0904;7
0905;17
0906;11
0907;14
0908;16
0909;15
0910;24
0911;14
0912;15
0913;15
0914;9
0915;10
0916;17
0917;21
0918;13
0919;14
0920;17
0921;18
0922;9
0923;15
0924;5
0925;11
0926;11
0927;16
0928;12
0929;10
0930;8
1001;10
1002;10
1003;15
1004;12
1005;13
1006;13
1007;8
1008;13
1009;11
1010;18
1011;18
1012;11
1013;20
1014;12
1015;11
1016;16
1017;10
1018;11
1019;15
1020;11
1021;16
1022;11
1023;14
1024;16
1025;16
1026;13
1027;14
1028;16
1029;21
1030;7
1031;16
1101;16
1102;15
1103;17
1104;14
1105;15
1106;13
1107;14
1108;10
1109;17
1110;14
1111;19
1112;16
1113;20
1114;15
1115;13
1116;18
1117;16
1118;16
1119;15
1120;13
1121;13
1122;17
1123;13
1124;15
1125;27
1126;16
1127;19
1128;11
1129;22
1130;21
1201;14
1202;14
1203;14
1204;16
1205;15
1206;17
1207;14
1208;12
1209;18
1210;20
1211;14
1212;12
1213;17
1214;24
1215;16
1216;15
1217;18
1218;14
1219;14
1220;19
1221;21
1222;11
1223;20
1224;28
1225;23
1226;18
1227;21
1228;15
1229;19
1230;15
1231;21
