0101;2
0102;2
0103;5
0104;4
0105;2
0106;4
0107;8
0108;5
0109;4
0110;3
0111;3
0112;10
0113;7
0114;7
0115;6
0116;11
0117;4
0118;7
0119;5
0120;6
0121;9
0122;1
0123;4
0124;2
0125;7
0126;6
0127;2
0128;3
0129;4
0130;6
0131;11
0201;6
0202;17
0203;6
0204;6
0205;8
0206;8
0207;9
0208;8
0209;8
0210;4
0211;6
0212;5
0213;7
0214;7
0215;6
0216;6
0217;7
0218;8
0219;8
0220;6
0221;5
0222;2
0223;5
0224;8
0225;5
0226;4
0227;4
0228;11
0301;6
0302;11
0303;10
0304;5
0305;2
0306;11
0307;5
0308;5
0309;4
0310;6
0311;12
0312;6
0313;1
0314;11
0315;4
0316;3
0317;6
0318;5
0319;3
0320;8
0321;2
0322;4
0323;5
0324;3
0325;5
0326;9
0327;4
0328;3
0329;6
0330;6
0331;5
0401;1
0402;9
0403;1
0404;4
0405;4
0406;3
0407;3
0408;4
0409;6
0410;4
0411;6
0412;7
0413;4
0414;6
0415;3
0416;2
0417;7
0418;7
0419;5
0420;4
0421;1
0422;6
0423;5
0424;7
0426;6
0427;4
0428;5
0429;7
0430;1
0501;9
0502;4
0503;6
0504;3
0505;7
0506;5
0507;2
0508;3
0509;5
0510;3
0511;6
0512;5
0513;5
0514;3
0515;6
0516;6
0517;2
0518;3
0519;4
0520;4
0521;5
0522;5
0523;3
0524;3
0525;5
0526;7
0527;8
0528;4
0529;5
0530;4
0531;6
0601;3
0602;4
0603;1
0604;1
0605;4
0606;2
0607;5
0608;9
0609;8
0610;3
0611;5
0612;4
0613;6
0614;6
0615;6
0616;1
0617;4
0619;3
0620;4
0621;2
0622;3
0623;4
0624;8
0625;4
0626;3
0627;8
0628;5
0629;4
0630;8
0701;5
0702;10
0703;5
0704;6
0705;9
0706;3
0707;5
0708;8
0709;4
0710;7
0711;3
0712;2
0713;6
0714;7
0715;7
0716;5
0717;7
0718;3
0719;6
0720;5
0721;3
0722;1
0723;7
0724;3
0725;4
0726;3
0727;3
0728;4
0729;1
0730;2
0731;2
0801;4
0802;2
0803;4
0804;7
0805;4
0806;2
0807;3
0808;6
0809;10
0810;2
0811;2
0812;5
0813;9
0814;3
0815;3
0816;4
0817;3
0818;5
0819;1
0820;5
0821;2
0822;5
0823;5
0824;6
0825;2
0826;2
0827;8
0828;3
0829;6
0830;6
0831;2
0901;9
0902;4
0903;3
0904;1
0905;5
0906;3
0907;6
0908;2
0909;1
0910;5
0911;4
0912;5
0913;4
0914;3
0915;3
0916;3
0917;7
0918;5
0919;3
0920;3
0921;5
0922;1
0923;7
0924;2
0925;2
0926;3
0927;3
0928;8
0929;3
0930;3
1001;3
1002;8
1003;6
1004;2
1005;7
1006;7
1007;4
1008;3
1009;6
1010;5
1011;3
1012;4
1013;5
1014;8
1015;7
1016;3
1017;3
1018;10
1019;2
1020;2
1021;7
1022;3
1023;3
1024;5
1025;4
1026;4
1027;6
1028;3
1029;10
1030;5
1031;5
1101;6
1102;5
1103;9
1104;8
1105;3
1106;2
1107;5
1108;2
1109;5
1110;9
1111;4
1112;11
1113;8
1114;1
1115;7
1116;6
1117;7
1118;5
1119;13
1120;3
1121;7
1122;3
1123;7
1124;6
1125;5
1126;3
1127;3
1128;10
1129;8
1130;4
1201;9
1202;7
1203;2
1204;3
1205;7
1206;2
1207;6
1208;7
1209;7
1210;3
1211;3
1212;5
1213;8
1214;5
1215;2
1216;6
1217;9
1218;5
1219;3
1220;5
1221;4
1222;2
1223;6
1224;5
1225;5
1226;7
1227;4
1228;7
1229;8
1230;3
1231;1
