0101;9
0102;5
0103;5
0104;10
0105;11
0106;15
0107;10
0108;12
0109;12
0110;9
0111;7
0112;9
0113;10
0114;7
0115;5
0116;12
0117;16
0118;22
0119;8
0120;12
0121;16
0122;10
0123;8
0124;11
0125;7
0126;6
0127;6
0128;12
0129;12
0130;9
0131;9
0201;9
0202;9
0203;5
0204;14
0205;12
0206;9
0207;13
0208;9
0209;6
0210;16
0211;8
0212;6
0213;12
0214;8
0215;14
0216;11
0217;7
0218;8
0219;4
0220;9
0221;16
0222;10
0223;5
0224;12
0225;8
0226;8
0227;11
0228;8
0301;12
0302;8
0303;10
0304;8
0305;9
0306;4
0307;10
0308;10
0309;4
0310;11
0311;5
0312;6
0313;5
0314;9
0315;6
0316;7
0317;8
0318;7
0319;6
0320;15
0321;6
0322;10
0323;7
0324;7
0325;9
0326;8
0327;7
0328;8
0329;6
0330;13
0331;6
0401;9
0402;6
0403;7
0404;11
0405;8
0406;7
0407;16
0408;11
0409;9
0410;5
0411;8
0412;6
0413;8
0414;3
0415;7
0416;9
0417;6
0418;13
0419;9
0420;5
0421;3
0422;4
0423;8
0424;8
0425;9
0426;12
0427;10
0428;8
0429;12
0430;11
0501;7
0502;7
0503;8
0504;7
0505;15
0506;8
0507;14
0508;6
0509;8
0510;7
0511;16
0512;4
0513;3
0514;9
0515;5
0516;7
0517;9
0518;8
0519;9
0520;15
0521;6
0522;9
0523;8
0524;11
0525;10
0526;10
0527;10
0528;4
0529;11
0530;5
0531;11
0601;7
0602;3
0603;6
0604;8
0605;7
0606;7
0607;10
0608;7
0609;7
0610;8
0611;7
0612;8
0613;8
0614;6
0615;9
0616;10
0617;13
0618;8
0619;10
0620;9
0621;4
0622;14
0623;5
0624;13
0625;6
0626;5
0627;5
0628;6
0629;11
0630;8
0701;7
0702;3
0703;6
0704;8
0705;12
0706;8
0707;9
0708;5
0709;10
0710;7
0711;7
0712;10
0713;7
0714;5
0715;6
0716;6
0717;7
0718;10
0719;14
0720;6
0721;12
0722;12
0723;1
0724;6
0725;9
0726;10
0727;11
0728;9
0729;13
0730;6
0731;17
0801;9
0802;9
0803;12
0804;5
0805;6
0806;9
0807;8
0808;5
0809;8
0810;5
0811;8
0812;7
0813;11
0814;6
0815;6
0816;6
0817;9
0818;7
0819;8
0820;10
0821;2
0822;10
0823;10
0824;3
0825;6
0826;5
0827;7
0828;10
0829;5
0830;8
0831;10
0901;7
0902;12
0903;6
0904;8
0905;9
0906;8
0907;9
0908;7
0909;6
0910;14
0911;9
0912;10
0913;7
0914;7
0915;2
0916;7
0917;4
0918;4
0919;6
0920;11
0921;4
0922;12
0923;6
0924;6
0925;8
0926;8
0927;8
0928;2
0929;10
0930;8
1001;9
1002;4
1003;6
1004;11
1005;15
1006;10
1007;12
1008;8
1009;5
1010;12
1011;11
1012;10
1013;6
1014;7
1015;6
1016;7
1017;5
1018;9
1019;17
1020;8
1021;11
1022;6
1023;4
1024;7
1025;5
1026;14
1027;12
1028;5
1029;11
1030;9
1031;12
1101;10
1102;11
1103;9
1104;8
1105;3
1106;11
1107;11
1108;8
1109;15
1110;11
1111;14
1112;6
1113;12
1114;8
1115;10
1116;11
1117;8
1118;10
1119;6
1120;8
1121;10
1122;8
1123;9
1124;7
1125;10
1126;4
1127;12
1128;6
1129;9
1130;9
1201;8
1202;8
1203;12
1204;2
1205;10
1206;14
1207;11
1208;10
1209;8
1210;6
1211;11
1212;9
1213;8
1214;5
1215;13
1216;9
1217;11
1218;10
1219;11
1220;9
1221;9
1222;4
1223;2
1224;10
1225;8
1226;17
1227;12
1228;11
1229;9
1230;12
1231;7
