0101;10
0102;9
0103;21
0104;13
0105;17
0106;20
0107;15
0108;16
0109;10
0110;14
0111;15
0112;13
0113;19
0114;17
0115;11
0116;20
0117;15
0118;14
0119;11
0120;13
0121;5
0122;18
0123;12
0124;14
0125;14
0126;19
0127;12
0128;19
0129;10
0130;13
0131;13
0201;11
0202;17
0203;10
0204;13
0205;14
0206;8
0207;18
0208;14
0209;17
0210;14
0211;16
0212;15
0213;13
0214;10
0215;14
0216;14
0217;13
0218;13
0219;18
0220;9
0221;7
0222;8
0223;20
0224;17
0225;13
0226;17
0227;12
0228;20
0301;23
0302;19
0303;17
0304;19
0305;11
0306;9
0307;10
0308;12
0309;14
0310;15
0311;17
0312;9
0313;6
0314;10
0315;12
0316;18
0317;13
0318;13
0319;9
0320;11
0321;14
0322;12
0323;18
0324;15
0325;13
0326;12
0327;16
0328;11
0329;12
0330;20
0331;9
0401;11
0402;12
0403;14
0404;7
0405;9
0406;12
0407;11
0408;16
0409;11
0410;20
0411;14
0412;14
0413;12
0414;9
0415;9
0416;17
0417;18
0418;6
0419;11
0420;13
0421;11
0422;14
0423;14
0424;8
0425;11
0426;15
0427;14
0428;15
0429;16
0430;9
0501;11
0502;12
0503;15
0504;13
0505;7
0506;19
0507;15
0508;15
0509;17
0510;17
0511;11
0512;18
0513;17
0514;12
0515;9
0516;9
0517;13
0518;12
0519;9
0520;14
0521;11
0522;15
0523;13
0524;9
0525;13
0526;12
0527;18
0528;16
0529;19
0530;18
0531;10
0601;17
0602;15
0603;11
0604;11
0605;12
0606;13
0607;7
0608;18
0609;9
0610;8
0611;9
0612;16
0613;8
0614;8
0615;13
0616;14
0617;10
0618;9
0619;13
0620;10
0621;13
0622;14
0623;9
0624;13
0625;12
0626;14
0627;19
0628;10
0629;10
0630;11
0701;16
0702;16
0703;12
0704;14
0705;11
0706;11
0707;11
0708;17
0709;15
0710;12
0711;12
0712;11
0713;17
0714;16
0715;8
0716;16
0717;11
0718;12
0719;13
0720;20
0721;9
0722;7
0723;12
0724;9
0725;9
0726;9
0727;9
0728;14
0729;14
0730;10
0731;15
0801;13
0802;11
0803;16
0804;7
0805;19
0806;14
0807;15
0808;9
0809;6
0810;13
0811;13
0812;14
0813;8
0814;8
0815;9
0816;9
0817;11
0818;8
0819;9
0820;11
0821;17
0822;10
0823;11
0824;6
0825;11
0826;11
0827;8
0828;9
0829;14
0830;10
0831;17
0901;8
0902;9
0903;7
0904;15
0905;14
0906;8
0907;12
0908;11
0909;13
0910;10
0911;12
0912;8
0913;9
0914;14
0915;9
0916;5
0917;14
0918;16
0919;12
0920;9
0921;14
0922;7
0923;10
0924;9
0925;19
0926;22
0927;11
0928;14
0929;10
0930;10
1001;18
1002;7
1003;17
1004;12
1005;15
1006;12
1007;20
1008;18
1009;12
1010;13
1011;6
1012;17
1013;16
1014;9
1015;18
1016;11
1017;22
1018;18
1019;11
1020;12
1021;15
1022;8
1023;8
1024;10
1025;17
1026;12
1027;15
1028;9
1029;13
1030;9
1031;10
1101;15
1102;19
1103;14
1104;15
1105;14
1106;8
1107;15
1108;16
1109;7
1110;16
1111;7
1112;10
1113;15
1114;11
1115;4
1116;9
1117;15
1118;12
1119;15
1120;9
1121;12
1122;14
1123;14
1124;13
1125;25
1126;15
1127;9
1128;15
1129;17
1130;11
1201;18
1202;9
1203;13
1204;8
1205;13
1206;13
1207;15
1208;14
1209;5
1210;8
1211;21
1212;14
1213;20
1214;5
1215;15
1216;10
1217;15
1218;16
1219;8
1220;13
1221;11
1222;19
1223;13
1224;14
1225;19
1226;12
1227;14
1228;12
1229;19
1230;17
1231;13
