0101;20
0102;28
0103;23
0104;19
0105;30
0106;35
0107;25
0108;17
0109;26
0110;27
0111;19
0112;25
0113;20
0114;24
0115;31
0116;33
0117;31
0118;20
0119;20
0120;22
0121;22
0122;16
0123;23
0124;28
0125;22
0126;28
0127;24
0128;30
0129;24
0130;25
0131;26
0201;26
0202;28
0203;32
0204;34
0205;35
0206;32
0207;32
0208;35
0209;26
0210;20
0211;28
0212;22
0213;30
0214;25
0215;29
0216;28
0217;30
0218;22
0219;28
0220;22
0221;33
0222;22
0223;32
0224;30
0225;25
0226;27
0227;27
0228;23
0301;23
0302;36
0303;29
0304;35
0305;25
0306;38
0307;35
0308;18
0309;20
0310;26
0311;23
0312;27
0313;26
0314;30
0315;22
0316;37
0317;25
0318;20
0319;27
0320;20
0321;29
0322;28
0323;30
0324;23
0325;26
0326;27
0327;15
0328;34
0329;20
0330;20
0331;17
0401;29
0402;21
0403;19
0404;21
0405;22
0406;24
0407;24
0408;32
0409;15
0410;22
0411;22
0412;15
0413;25
0414;19
0415;28
0416;17
0417;17
0418;23
0419;26
0420;11
0421;27
0422;31
0423;18
0424;27
0425;16
0426;20
0427;26
0428;21
0429;28
0430;20
0501;21
0502;24
0503;20
0504;30
0505;33
0506;17
0507;18
0508;24
0509;29
0510;31
0511;20
0512;25
0513;23
0514;19
0515;22
0516;12
0517;31
0518;18
0519;23
0520;19
0521;22
0522;20
0523;19
0524;23
0525;16
0526;20
0527;20
0528;26
0529;27
0530;21
0531;17
0601;22
0602;9
0603;16
0604;23
0605;21
0606;14
0607;21
0608;18
0609;25
0610;21
0611;14
0612;21
0613;23
0614;23
0615;22
0616;18
0617;23
0618;13
0619;20
0620;24
0621;27
0622;24
0623;26
0624;13
0625;31
0626;21
0627;23
0628;16
0629;26
0630;18
0701;19
0702;20
0703;27
0704;22
0705;21
0706;20
0707;20
0708;33
0709;26
0710;23
0711;21
0712;11
0713;21
0714;18
0715;16
0716;15
0717;15
0718;23
0719;15
0720;18
0721;18
0722;22
0723;23
0724;19
0725;13
0726;17
0727;24
0728;17
0729;24
0730;31
0731;22
0801;19
0802;15
0803;14
0804;25
0805;24
0806;26
0807;19
0808;28
0809;16
0810;24
0811;26
0812;15
0813;26
0814;30
0815;17
0816;16
0817;18
0818;22
0819;13
0820;20
0821;22
0822;19
0823;16
0824;12
0825;16
0826;24
0827;23
0828;24
0829;18
0830;21
0831;17
0901;22
0902;17
0903;20
0904;19
0905;29
0906;21
0907;25
0908;28
0909;16
0910;29
0911;25
0912;32
0913;14
0914;24
0915;14
0916;25
0917;21
0918;24
0919;21
0920;27
0921;23
0922;15
0923;22
0924;18
0925;23
0926;13
0927;20
0928;21
0929;21
0930;20
1001;25
1002;21
1003;20
1004;31
1005;24
1006;24
1007;13
1008;19
1009;20
1010;18
1011;19
1012;31
1013;18
1014;19
1015;28
1016;23
1017;22
1018;28
1019;22
1020;17
1021;21
1022;26
1023;19
1024;18
1025;26
1026;20
1027;29
1028;29
1029;21
1030;29
1031;27
1101;16
1102;30
1103;22
1104;22
1105;18
1106;28
1107;19
1108;22
1109;23
1110;16
1111;22
1112;20
1113;25
1114;23
1115;23
1116;23
1117;29
1118;35
1119;24
1120;28
1121;24
1122;17
1123;28
1124;25
1125;27
1126;24
1127;19
1128;25
1129;33
1130;25
1201;19
1202;25
1203;26
1204;26
1205;22
1206;28
1207;31
1208;31
1209;32
1210;31
1211;24
1212;30
1213;23
1214;31
1215;26
1216;24
1217;23
1218;21
1219;24
1220;27
1221;31
1222;32
1223;20
1224;28
1225;30
1226;27
1227;29
1228;25
1229;31
1230;26
1231;19
