0101;12
0102;3
0103;3
0104;8
0105;4
0106;6
0107;7
0108;8
0109;8
0110;8
0111;7
0112;7
0113;6
0114;1
0115;3
0116;3
0117;2
0118;3
0119;9
0120;8
0121;7
0122;2
0123;5
0124;7
0125;12
0126;4
0127;7
0128;2
0129;5
0130;6
0131;9
0201;4
0202;5
0203;5
0204;10
0205;3
0206;3
0207;5
0208;12
0209;7
0210;8
0211;4
0212;5
0213;5
0214;3
0215;6
0216;6
0217;6
0218;3
0219;5
0220;7
0221;5
0222;7
0223;8
0224;3
0225;7
0226;6
0227;3
0228;3
0301;11
0302;6
0303;8
0304;7
0305;6
0306;6
0307;5
0308;4
0309;6
0310;3
0311;3
0312;5
0313;1
0314;2
0315;5
0316;8
0317;4
0318;3
0319;3
0320;3
0321;3
0322;6
0323;5
0324;4
0325;10
0326;5
0327;2
0328;9
0329;7
0330;5
0331;5
0401;2
0402;5
0403;8
0404;7
0405;7
0406;8
0407;3
0408;4
0409;2
0410;3
0411;9
0412;3
0413;7
0414;3
0415;5
0416;4
0417;4
0418;5
0419;8
0420;9
0422;5
0423;6
0424;6
0425;5
0426;6
0427;7
0428;6
0429;2
0430;4
0501;2
0502;8
0503;5
0504;2
0505;8
0506;2
0507;3
0508;7
0509;10
0510;5
0511;5
0512;5
0513;5
0514;8
0515;8
0516;7
0517;8
0518;3
0519;4
0520;9
0521;2
0522;5
0523;6
0524;2
0525;4
0526;4
0527;5
0528;3
0529;6
0530;5
0531;3
0601;5
0602;4
0603;7
0604;3
0605;4
0606;5
0607;4
0608;6
0609;1
0610;2
0611;3
0612;1
0613;3
0614;5
0615;4
0616;6
0617;8
0618;5
0619;3
0620;4
0621;3
0622;9
0623;5
0624;4
0625;6
0626;7
0627;6
0628;2
0629;1
0630;5
0701;6
0702;6
0703;8
0704;3
0705;6
0706;6
0707;3
0708;2
0709;2
0710;4
0711;5
0712;5
0713;6
0714;9
0715;7
0716;4
0717;2
0718;2
0719;1
0720;2
0721;4
0722;7
0723;4
0724;5
0725;5
0727;6
0728;4
0729;7
0730;6
0731;3
0801;5
0802;8
0803;3
0804;2
0805;4
0806;3
0807;5
0808;7
0809;4
0810;4
0811;3
0812;5
0813;7
0814;6
0815;5
0816;3
0817;5
0818;3
0819;9
0820;3
0821;3
0822;9
0823;7
0824;6
0825;3
0826;5
0827;2
0828;4
0829;1
0830;7
0831;1
0901;6
0902;4
0903;3
0904;6
0905;3
0907;6
0908;7
0909;5
0910;8
0911;4
0912;1
0913;2
0914;7
0915;4
0916;7
0917;4
0918;3
0919;7
0920;2
0921;9
0922;1
0923;4
0924;4
0925;1
0926;2
0927;5
0928;4
0929;4
0930;7
1001;7
1002;5
1003;9
1004;4
1005;2
1006;3
1007;10
1008;5
1009;4
1010;4
1011;5
1012;8
1013;5
1014;1
1015;4
1016;5
1017;1
1018;5
1019;6
1020;8
1021;2
1022;6
1023;4
1024;7
1025;3
1026;6
1027;2
1028;10
1029;3
1030;4
1031;1
1101;2
1102;10
1103;4
1104;5
1105;5
1106;4
1107;5
1108;3
1109;8
1110;9
1111;6
1112;6
1113;8
1114;5
1115;3
1116;3
1117;5
1118;5
1119;5
1120;8
1121;7
1122;4
1123;10
1124;7
1125;5
1126;3
1127;6
1128;6
1129;9
1130;8
1201;4
1202;5
1203;1
1204;2
1205;6
1206;4
1207;10
1208;9
1209;4
1210;4
1211;8
1212;6
1214;6
1215;8
1216;10
1217;9
1218;5
1219;5
1220;5
1221;6
1222;10
1223;1
1224;6
1225;9
1226;2
1227;3
1228;1
1229;4
1231;6
