0101;13
0102;13
0103;15
0104;15
0105;9
0106;10
0107;11
0108;10
0109;14
0110;11
0111;12
0112;17
0113;12
0114;21
0115;16
0116;13
0117;18
0118;11
0119;16
0120;13
0121;19
0122;9
0123;13
0124;16
0125;12
0126;15
0127;9
0128;19
0129;14
0130;13
0131;10
0201;20
0202;17
0203;13
0204;10
0205;17
0206;16
0207;15
0208;13
0209;10
0210;12
0211;9
0212;13
0213;7
0214;15
0215;21
0216;12
0217;14
0218;14
0219;12
0220;19
0221;13
0222;17
0223;19
0224;13
0225;21
0226;10
0227;12
0228;10
0301;12
0302;10
0303;12
0304;20
0305;14
0306;12
0307;19
0308;19
0309;12
0310;14
0311;9
0312;15
0313;13
0314;16
0315;18
0316;12
0317;7
0318;7
0319;11
0320;8
0321;14
0322;11
0323;13
0324;14
0325;8
0326;10
0327;5
0328;14
0329;9
0330;14
0331;14
0401;10
0402;15
0403;8
0404;11
0405;13
0406;9
0407;6
0408;9
0409;14
0410;14
0411;11
0412;10
0413;12
0414;14
0415;10
0416;12
0417;4
0418;16
0419;17
0420;8
0421;7
0422;19
0423;11
0424;15
0425;10
0426;15
0427;9
0428;12
0429;9
0430;8
0501;8
0502;9
0503;18
0504;14
0505;10
0506;13
0507;15
0508;12
0509;12
0510;16
0511;12
0512;10
0513;7
0514;14
0515;11
0516;16
0517;13
0518;17
0519;15
0520;10
0521;9
0522;10
0523;11
0524;9
0525;12
0526;9
0527;8
0528;15
0529;10
0530;12
0531;17
0601;19
0602;13
0603;14
0604;10
0605;16
0606;10
0607;10
0608;11
0609;8
0610;8
0611;10
0612;10
0613;14
0614;10
0615;19
0616;14
0617;6
0618;14
0619;12
0620;9
0621;8
0622;8
0623;11
0624;12
0625;6
0626;9
0627;10
0628;11
0629;8
0630;8
0701;14
0702;8
0703;10
0704;12
0705;13
0706;6
0707;15
0708;10
0709;10
0710;9
0711;10
0712;13
0713;11
0714;11
0715;15
0716;13
0717;17
0718;14
0719;11
0720;17
0721;10
0722;12
0723;9
0724;6
0725;7
0726;8
0727;12
0728;14
0729;11
0730;11
0731;15
0801;6
0802;13
0803;14
0804;14
0805;11
0806;11
0807;19
0808;13
0809;11
0810;12
0811;7
0812;9
0813;10
0814;12
0815;14
0816;6
0817;13
0818;16
0819;8
0820;9
0821;9
0822;6
0823;12
0824;7
0825;10
0826;12
0827;8
0828;15
0829;13
0830;7
0831;9
0901;9
0902;17
0903;8
0904;6
0905;10
0906;10
0907;14
0908;8
0909;16
0910;15
0911;10
0912;7
0913;11
0914;9
0915;7
0916;9
0917;17
0918;18
0919;9
0920;5
0921;10
0922;11
0923;8
0924;11
0925;10
0926;11
0927;15
0928;11
0929;4
0930;13
1001;6
1002;11
1003;17
1004;21
1005;10
1006;10
1007;11
1008;9
1009;5
1010;10
1011;8
1012;9
1013;12
1014;8
1015;7
1016;9
1017;14
1018;10
1019;7
1020;13
1021;8
1022;14
1023;7
1024;9
1025;14
1026;14
1027;3
1028;11
1029;16
1030;5
1031;14
1101;18
1102;19
1103;7
1104;12
1105;14
1106;8
1107;13
1108;16
1109;10
1110;8
1111;9
1112;13
1113;18
1114;8
1115;17
1116;13
1117;9
1118;12
1119;15
1120;13
1121;13
1122;11
1123;15
1124;10
1125;9
1126;5
1127;15
1128;13
1129;14
1130;17
1201;13
1202;10
1203;9
1204;13
1205;11
1206;13
1207;9
1208;9
1209;14
1210;15
1211;8
1212;9
1213;13
1214;10
1215;12
1216;12
1217;9
1218;6
1219;11
1220;6
1221;11
1222;14
1223;10
1224;15
1225;15
1226;13
1227;20
1228;10
1229;9
1230;12
1231;22
