0101;16
0102;10
0103;15
0104;12
0105;14
0106;14
0107;13
0108;19
0109;14
0110;12
0111;10
0112;20
0113;11
0114;12
0115;14
0116;12
0117;13
0118;12
0119;9
0120;10
0121;12
0122;11
0123;13
0124;11
0125;5
0126;11
0127;8
0128;10
0129;15
0130;12
0131;14
0201;10
0202;10
0203;11
0204;22
0205;9
0206;13
0207;9
0208;10
0209;9
0210;14
0211;12
0212;12
0213;13
0214;19
0215;14
0216;18
0217;15
0218;16
0219;9
0220;12
0221;9
0222;11
0223;15
0224;5
0225;13
0226;10
0227;13
0228;16
0301;12
0302;4
0303;9
0304;14
0305;6
0306;13
0307;13
0308;8
0309;10
0310;13
0311;19
0312;14
0313;5
0314;13
0315;9
0316;10
0317;14
0318;11
0319;6
0320;6
0321;14
0322;8
0323;11
0324;7
0325;16
0326;11
0327;12
0328;7
0329;6
0330;14
0331;11
0401;7
0402;5
0403;6
0404;12
0405;9
0406;18
0407;13
0408;9
0409;11
0410;12
0411;11
0412;9
0413;14
0414;5
0415;7
0416;6
0417;15
0418;14
0419;11
0420;8
0421;11
0422;18
0423;14
0424;10
0425;14
0426;12
0427;12
0428;10
0429;15
0430;9
0501;16
0502;10
0503;14
0504;13
0505;11
0506;11
0507;11
0508;15
0509;10
0510;13
0511;13
0512;16
0513;16
0514;19
0515;11
0516;13
0517;11
0518;16
0519;11
0520;10
0521;8
0522;12
0523;10
0524;11
0525;7
0526;7
0527;11
0528;17
0529;16
0530;6
0531;12
0601;11
0602;15
0603;11
0604;6
0605;18
0606;11
0607;10
0608;10
0609;10
0610;11
0611;15
0612;9
0613;12
0614;7
0615;12
0616;16
0617;10
0618;8
0619;13
0620;6
0621;8
0622;9
0623;8
0624;11
0625;11
0626;9
0627;8
0628;8
0629;16
0630;7
0701;14
0702;7
0703;11
0704;13
0705;12
0706;12
0707;10
0708;11
0709;13
0710;10
0711;12
0712;8
0713;8
0714;15
0715;11
0716;14
0717;9
0718;11
0719;9
0720;10
0721;13
0722;10
0723;8
0724;7
0725;14
0726;8
0727;5
0728;6
0729;8
0730;13
0731;14
0801;18
0802;15
0803;8
0804;8
0805;18
0806;11
0807;14
0808;17
0809;7
0810;9
0811;15
0812;5
0813;15
0814;12
0815;14
0816;13
0817;10
0818;13
0819;11
0820;9
0821;13
0822;8
0823;13
0824;8
0825;9
0826;11
0827;10
0828;18
0829;12
0830;9
0831;11
0901;7
0902;13
0903;9
0904;8
0905;11
0906;4
0907;7
0908;9
0909;13
0910;15
0911;10
0912;10
0913;13
0914;8
0915;7
0916;8
0917;15
0918;3
0919;9
0920;8
0921;5
0922;5
0923;9
0924;12
0925;14
0926;6
0927;10
0928;16
0929;8
0930;10
1001;7
1002;12
1003;8
1004;8
1005;12
1006;12
1007;10
1008;11
1009;5
1010;6
1011;12
1012;9
1013;5
1014;10
1015;18
1016;15
1017;9
1018;5
1019;13
1020;8
1021;8
1022;9
1023;8
1024;13
1025;11
1026;20
1027;14
1028;12
1029;18
1030;14
1031;14
1101;18
1102;15
1103;11
1104;14
1105;9
1106;10
1107;7
1108;14
1109;11
1110;9
1111;13
1112;11
1113;10
1114;9
1115;13
1116;8
1117;10
1118;6
1119;7
1120;9
1121;6
1122;15
1123;10
1124;14
1125;10
1126;10
1127;16
1128;8
1129;12
1130;11
1201;10
1202;11
1203;4
1204;5
1205;7
1206;7
1207;12
1208;13
1209;12
1210;10
1211;9
1212;20
1213;10
1214;5
1215;9
1216;10
1217;13
1218;13
1219;5
1220;10
1221;14
1222;7
1223;6
1224;8
1225;7
1226;8
1227;16
1228;14
1229;18
1230;18
1231;15
