0101;17
0102;17
0103;22
0104;23
0105;24
0106;11
0107;11
0108;13
0109;11
0110;16
0111;16
0112;15
0113;12
0114;18
0115;26
0116;15
0117;15
0118;15
0119;18
0120;16
0121;18
0122;19
0123;16
0124;18
0125;20
0126;18
0127;22
0128;16
0129;15
0130;12
0131;24
0201;21
0202;19
0203;22
0204;12
0205;15
0206;16
0207;20
0208;17
0209;22
0210;15
0211;25
0212;24
0213;18
0214;18
0215;12
0216;16
0217;19
0218;22
0219;16
0220;21
0221;19
0222;21
0223;12
0224;18
0225;15
0226;13
0227;15
0228;14
0301;18
0302;13
0303;24
0304;17
0305;21
0306;14
0307;21
0308;26
0309;21
0310;14
0311;14
0312;24
0313;11
0314;21
0315;10
0316;16
0317;20
0318;22
0319;9
0320;13
0321;12
0322;19
0323;14
0324;14
0325;14
0326;19
0327;11
0328;16
0329;17
0330;16
0331;15
0401;17
0402;15
0403;16
0404;5
0405;17
0406;15
0407;24
0408;23
0409;16
0410;10
0411;19
0412;21
0413;15
0414;17
0415;12
0416;16
0417;15
0418;8
0419;12
0420;12
0421;10
0422;20
0423;13
0424;13
0425;12
0426;19
0427;14
0428;16
0429;17
0430;12
0501;12
0502;17
0503;18
0504;21
0505;17
0506;10
0507;13
0508;19
0509;17
0510;10
0511;12
0512;14
0513;12
0514;13
0515;15
0516;9
0517;17
0518;8
0519;14
0520;17
0521;14
0522;20
0523;13
0524;15
0525;14
0526;11
0527;15
0528;11
0529;19
0530;13
0531;17
0601;17
0602;13
0603;17
0604;11
0605;13
0606;13
0607;13
0608;16
0609;16
0610;11
0611;15
0612;14
0613;15
0614;14
0615;15
0616;13
0617;16
0618;5
0619;16
0620;16
0621;13
0622;19
0623;11
0624;9
0625;17
0626;12
0627;20
0628;20
0629;19
0630;17
0701;14
0702;11
0703;13
0704;20
0705;13
0706;9
0707;19
0708;21
0709;19
0710;14
0711;8
0712;11
0713;16
0714;14
0715;5
0716;15
0717;8
0718;14
0719;15
0720;13
0721;13
0722;17
0723;11
0724;15
0725;6
0726;8
0727;12
0728;11
0729;8
0730;15
0731;19
0801;12
0802;11
0803;11
0804;16
0805;20
0806;16
0807;10
0808;6
0809;14
0810;17
0811;10
0812;13
0813;11
0814;12
0815;14
0816;12
0817;14
0818;7
0819;12
0820;10
0821;19
0822;23
0823;14
0824;13
0825;16
0826;8
0827;14
0828;8
0829;12
0830;14
0831;10
0901;8
0902;15
0903;9
0904;11
0905;13
0906;9
0907;18
0908;17
0909;10
0910;11
0911;9
0912;13
0913;12
0914;14
0915;13
0916;12
0917;17
0918;15
0919;15
0920;19
0921;22
0922;10
0923;15
0924;13
0925;16
0926;14
0927;15
0928;10
0929;15
0930;12
1001;16
1002;19
1003;14
1004;9
1005;21
1006;21
1007;15
1008;9
1009;16
1010;17
1011;15
1012;24
1013;19
1014;16
1015;8
1016;17
1017;17
1018;12
1019;20
1020;15
1021;13
1022;11
1023;18
1024;17
1025;15
1026;11
1027;10
1028;20
1029;11
1030;16
1031;27
1101;15
1102;14
1103;12
1104;22
1105;17
1106;15
1107;13
1108;22
1109;20
1110;11
1111;13
1112;10
1113;13
1114;14
1115;14
1116;11
1117;10
1118;15
1119;27
1120;17
1121;11
1122;13
1123;11
1124;6
1125;16
1126;10
1127;16
1128;14
1129;13
1130;20
1201;19
1202;18
1203;15
1204;15
1205;13
1206;10
1207;18
1208;14
1209;12
1210;22
1211;17
1212;10
1213;19
1214;15
1215;22
1216;17
1217;14
1218;20
1219;17
1220;13
1221;16
1222;13
1223;19
1224;20
1225;16
1226;14
1227;25
1228;15
1229;14
1230;17
1231;19
