0101;19
0102;27
0103;16
0104;19
0105;33
0106;23
0107;15
0108;19
0109;10
0110;29
0111;19
0112;24
0113;32
0114;19
0115;14
0116;20
0117;21
0118;26
0119;18
0120;23
0121;18
0122;17
0123;19
0124;20
0125;16
0126;22
0127;18
0128;22
0129;17
0130;29
0131;13
0201;19
0202;14
0203;23
0204;26
0205;18
0206;23
0207;19
0208;18
0209;20
0210;15
0211;13
0212;20
0213;26
0214;18
0215;25
0216;22
0217;24
0218;21
0219;18
0220;23
0221;21
0222;21
0223;23
0224;26
0225;17
0226;23
0227;16
0228;26
0300;1
0301;14
0302;23
0303;19
0304;29
0305;22
0306;25
0307;27
0308;23
0309;19
0310;19
0311;21
0312;25
0313;21
0314;23
0315;25
0316;20
0317;16
0318;17
0319;20
0320;22
0321;11
0322;23
0323;24
0324;21
0325;21
0326;19
0327;19
0328;16
0329;16
0330;17
0331;17
0401;17
0402;12
0403;24
0404;20
0405;16
0406;18
0407;19
0408;23
0409;21
0410;27
0411;16
0412;22
0413;23
0414;16
0415;10
0416;22
0417;22
0418;16
0419;18
0420;19
0421;22
0422;23
0423;20
0424;19
0425;18
0426;25
0427;16
0428;19
0429;19
0430;18
0501;17
0502;12
0503;17
0504;13
0505;16
0506;17
0507;18
0508;25
0509;10
0510;8
0511;13
0512;21
0513;21
0514;21
0515;14
0516;21
0517;11
0518;18
0519;21
0520;16
0521;15
0522;22
0523;26
0524;16
0525;22
0526;12
0527;17
0528;23
0529;23
0530;21
0531;22
0601;20
0602;15
0603;18
0604;18
0605;15
0606;19
0607;20
0608;10
0609;11
0610;19
0611;22
0612;21
0613;14
0614;24
0615;20
0616;14
0617;14
0618;11
0619;22
0620;23
0621;22
0622;14
0623;10
0624;13
0625;19
0626;16
0627;18
0628;18
0629;10
0630;22
0701;10
0702;20
0703;14
0704;14
0705;17
0706;19
0707;12
0708;20
0709;31
0710;21
0711;16
0712;20
0713;9
0714;11
0715;13
0716;16
0717;13
0718;11
0719;14
0720;11
0721;14
0722;10
0723;12
0724;13
0725;12
0726;13
0727;18
0728;21
0729;19
0730;20
0731;26
0801;17
0802;15
0803;16
0804;19
0805;25
0806;16
0807;14
0808;16
0809;14
0810;14
0811;10
0812;10
0813;11
0814;16
0815;7
0816;15
0817;13
0818;13
0819;12
0820;11
0821;13
0822;16
0823;18
0824;16
0825;12
0826;12
0827;6
0828;23
0829;14
0830;18
0831;15
0901;19
0902;17
0903;18
0904;21
0905;22
0906;17
0907;18
0908;22
0909;17
0910;16
0911;17
0912;8
0913;13
0914;16
0915;16
0916;8
0917;18
0918;15
0919;18
0920;15
0921;19
0922;12
0923;16
0924;14
0925;13
0926;11
0927;14
0928;14
0929;17
0930;16
1001;20
1002;21
1003;21
1004;21
1005;16
1006;12
1007;16
1008;8
1009;15
1010;18
1011;19
1012;23
1013;20
1014;17
1015;15
1016;20
1017;13
1018;19
1019;18
1020;18
1021;21
1022;18
1023;22
1024;21
1025;12
1026;21
1027;20
1028;18
1029;20
1030;17
1031;14
1101;18
1102;18
1103;18
1104;20
1105;16
1106;20
1107;19
1108;25
1109;25
1110;22
1111;16
1112;23
1113;14
1114;27
1115;25
1116;15
1117;12
1118;36
1119;15
1120;13
1121;14
1122;21
1123;20
1124;21
1125;20
1126;12
1127;17
1128;16
1129;19
1130;22
1201;10
1202;11
1203;20
1204;15
1205;26
1206;26
1207;15
1208;26
1209;18
1210;22
1211;16
1212;18
1213;15
1214;17
1215;15
1216;24
1217;25
1218;17
1219;19
1220;22
1221;19
1222;17
1223;26
1224;28
1225;22
1226;18
1227;20
1228;17
1229;21
1230;29
1231;22
