0101;12
0102;18
0103;15
0104;11
0105;23
0106;18
0107;13
0108;15
0109;17
0110;15
0111;12
0112;19
0113;15
0114;17
0115;14
0116;19
0117;19
0118;15
0119;11
0120;17
0121;10
0122;18
0123;9
0124;17
0125;10
0126;18
0127;12
0128;15
0129;13
0130;17
0131;16
0201;16
0202;18
0203;17
0204;17
0205;13
0206;11
0207;17
0208;23
0209;17
0210;8
0211;18
0212;21
0213;16
0214;19
0215;14
0216;18
0217;21
0218;21
0219;18
0220;13
0221;12
0222;10
0223;22
0224;12
0225;20
0226;19
0227;21
0228;12
0301;14
0302;21
0303;13
0304;18
0305;14
0306;17
0307;11
0308;15
0309;14
0310;18
0311;20
0312;22
0313;22
0314;14
0315;12
0316;16
0317;17
0318;14
0319;19
0320;18
0321;18
0322;10
0323;16
0324;15
0325;14
0326;10
0327;14
0328;14
0329;14
0330;14
0331;12
0401;14
0402;12
0403;10
0404;14
0405;15
0406;13
0407;21
0408;5
0409;19
0410;14
0411;19
0412;14
0413;8
0414;12
0415;17
0416;17
0417;17
0418;17
0419;10
0420;14
0421;14
0422;12
0423;9
0424;14
0425;11
0426;11
0427;15
0428;17
0429;9
0430;12
0501;9
0502;11
0503;11
0504;14
0505;21
0506;12
0507;11
0508;8
0509;6
0510;18
0511;12
0512;10
0513;10
0514;11
0515;14
0516;12
0517;20
0518;10
0519;18
0520;16
0521;11
0522;15
0523;11
0524;8
0525;7
0526;16
0527;11
0528;11
0529;11
0530;10
0531;13
0601;18
0602;12
0603;9
0604;19
0605;14
0606;16
0607;12
0608;12
0609;18
0610;12
0611;12
0612;9
0613;18
0614;19
0615;17
0616;15
0617;15
0618;22
0619;11
0620;14
0621;13
0622;15
0623;14
0624;9
0625;17
0626;12
0627;13
0628;13
0629;11
0630;11
0701;11
0702;10
0703;21
0704;17
0705;15
0706;13
0707;18
0708;15
0709;18
0710;12
0711;16
0712;6
0713;8
0714;7
0715;17
0716;12
0717;17
0718;8
0719;14
0720;10
0721;12
0722;9
0723;15
0724;6
0725;9
0726;7
0727;14
0728;11
0729;15
0730;10
0731;22
0801;10
0802;14
0803;9
0804;14
0805;13
0806;15
0807;9
0808;13
0809;9
0810;12
0811;12
0812;14
0813;8
0814;14
0815;15
0816;13
0817;18
0818;18
0819;11
0820;16
0821;9
0822;16
0823;8
0824;8
0825;12
0826;11
0827;9
0828;13
0829;14
0830;17
0831;10
0901;15
0902;13
0903;16
0904;18
0905;16
0906;13
0907;13
0908;7
0909;15
0910;17
0911;15
0912;11
0913;12
0914;22
0915;11
0916;12
0917;8
0918;15
0919;11
0920;8
0921;14
0922;14
0923;17
0924;13
0925;10
0926;13
0927;12
0928;12
0929;12
0930;9
1001;15
1002;15
1003;19
1004;12
1005;9
1006;15
1007;13
1008;17
1009;23
1010;9
1011;16
1012;10
1013;5
1014;8
1015;12
1016;18
1017;12
1018;8
1019;15
1020;18
1021;22
1022;13
1023;14
1024;5
1025;9
1026;10
1027;12
1028;12
1029;13
1030;16
1031;19
1101;22
1102;13
1103;18
1104;15
1105;19
1106;18
1107;15
1108;14
1109;20
1110;12
1111;18
1112;13
1113;20
1114;12
1115;16
1116;17
1117;14
1118;17
1119;18
1120;15
1121;12
1122;20
1123;17
1124;15
1125;12
1126;13
1127;17
1128;13
1129;17
1130;16
1201;22
1202;15
1203;12
1204;11
1205;13
1206;12
1207;19
1208;14
1209;13
1210;11
1211;20
1212;12
1213;13
1214;8
1215;27
1216;20
1217;10
1218;20
1219;18
1220;13
1221;11
1222;15
1223;16
1224;20
1225;15
1226;17
1227;9
1228;18
1229;20
1230;19
1231;15
