0102;4
0103;3
0104;3
0105;5
0106;4
0107;5
0108;3
0109;2
0110;1
0111;1
0112;4
0113;3
0114;2
0115;4
0116;5
0117;1
0118;5
0120;4
0121;2
0122;3
0123;4
0124;4
0125;2
0126;2
0127;1
0129;6
0130;1
0131;2
0202;6
0203;4
0204;2
0205;3
0206;3
0207;2
0208;4
0209;1
0210;2
0211;3
0212;1
0213;3
0214;3
0215;3
0216;1
0217;6
0218;3
0219;1
0220;1
0221;2
0222;3
0223;2
0224;6
0225;2
0226;4
0227;5
0228;7
0301;9
0302;2
0303;2
0304;2
0306;4
0307;2
0308;3
0310;4
0311;2
0312;3
0313;1
0314;1
0315;1
0316;4
0317;2
0319;3
0320;1
0321;1
0322;2
0323;6
0324;2
0325;3
0326;4
0327;3
0328;2
0329;3
0330;1
0331;3
0402;2
0404;1
0405;2
0406;2
0407;4
0408;9
0409;2
0410;1
0411;2
0413;4
0415;7
0416;3
0417;2
0419;5
0420;2
0421;1
0422;2
0423;1
0424;1
0425;3
0426;1
0428;2
0429;4
0430;2
0501;2
0502;1
0503;3
0504;7
0505;3
0506;3
0507;1
0508;1
0509;3
0510;1
0511;7
0512;3
0513;3
0514;3
0515;1
0516;2
0517;3
0518;4
0519;3
0520;5
0521;2
0522;1
0523;2
0524;3
0525;3
0526;3
0527;1
0528;1
0529;1
0530;2
0531;5
0602;3
0603;2
0604;1
0605;3
0606;3
0607;2
0609;2
0610;6
0611;2
0612;4
0613;3
0614;3
0615;2
0616;4
0617;1
0620;1
0621;4
0622;2
0623;8
0624;2
0625;5
0626;5
0627;2
0628;2
0629;3
0630;5
0701;3
0702;2
0703;5
0704;4
0705;1
0706;4
0707;4
0708;2
0709;2
0710;5
0711;2
0712;7
0713;3
0714;4
0716;3
0717;2
0718;3
0719;2
0721;1
0722;2
0723;3
0724;1
0725;6
0727;3
0728;4
0729;3
0730;3
0731;3
0801;2
0802;2
0803;1
0804;3
0805;3
0806;2
0807;2
0808;4
0809;1
0810;2
0811;2
0812;5
0813;3
0814;5
0815;2
0816;5
0817;1
0818;1
0819;3
0820;3
0821;6
0822;4
0823;4
0824;4
0825;3
0827;3
0828;3
0829;1
0830;4
0831;1
0901;1
0902;3
0903;2
0904;5
0905;2
0906;4
0907;2
0908;4
0909;4
0910;3
0912;1
0913;1
0914;3
0915;3
0916;1
0917;4
0918;6
0919;5
0920;3
0921;2
0922;4
0923;1
0925;1
0926;4
0927;2
0928;3
0929;2
0930;1
1001;4
1002;2
1003;5
1004;2
1005;1
1006;4
1007;2
1008;2
1010;2
1011;4
1012;1
1013;6
1014;2
1016;1
1017;3
1018;3
1019;3
1020;1
1021;1
1022;2
1024;1
1025;3
1026;2
1027;4
1028;5
1029;3
1030;4
1031;3
1101;2
1102;1
1103;3
1104;3
1105;4
1106;5
1107;2
1108;4
1109;1
1110;3
1111;5
1112;2
1113;1
1114;3
1115;2
1116;2
1117;1
1118;2
1119;5
1120;1
1121;3
1123;1
1124;3
1125;2
1126;3
1127;3
1128;2
1129;1
1130;2
1201;4
1202;3
1203;2
1204;4
1205;2
1206;2
1207;2
1208;5
1209;3
1210;5
1211;3
1212;1
1213;5
1214;1
1215;3
1216;4
1217;1
1218;6
1219;4
1220;2
1221;2
1222;2
1223;2
1224;1
1226;5
1228;1
1230;3
