0101;11
0102;15
0103;16
0104;28
0105;24
0106;21
0107;15
0108;21
0109;19
0110;16
0111;17
0112;21
0113;21
0114;14
0115;16
0116;12
0117;23
0118;17
0119;8
0120;23
0121;27
0122;20
0123;21
0124;22
0125;25
0126;19
0127;20
0128;27
0129;22
0130;17
0131;22
0201;36
0202;17
0203;23
0204;19
0205;26
0206;17
0207;25
0208;17
0209;17
0210;26
0211;20
0212;26
0213;19
0214;24
0215;27
0216;23
0217;19
0218;29
0219;16
0220;26
0221;11
0222;21
0223;21
0224;22
0225;24
0226;11
0227;14
0228;21
0301;27
0302;26
0303;21
0304;30
0305;23
0306;19
0307;15
0308;22
0309;24
0310;19
0311;20
0312;17
0313;24
0314;32
0315;19
0316;27
0317;29
0318;15
0319;22
0320;21
0321;18
0322;28
0323;19
0324;21
0325;15
0326;21
0327;23
0328;22
0329;17
0330;27
0331;26
0401;24
0402;21
0403;18
0404;23
0405;26
0406;22
0407;26
0408;24
0409;27
0410;21
0411;21
0412;18
0413;27
0414;21
0415;24
0416;19
0417;23
0418;17
0419;24
0420;17
0421;22
0422;17
0423;16
0424;23
0425;15
0426;29
0427;14
0428;25
0429;17
0430;17
0501;20
0502;16
0503;24
0504;31
0505;27
0506;24
0507;18
0508;24
0509;23
0510;18
0511;13
0512;32
0513;24
0514;27
0515;20
0516;17
0517;30
0518;18
0519;19
0520;12
0521;26
0522;30
0523;16
0524;15
0525;23
0526;19
0527;17
0528;17
0529;17
0530;19
0531;18
0601;19
0602;22
0603;20
0604;22
0605;28
0606;16
0607;22
0608;21
0609;17
0610;16
0611;16
0612;21
0613;10
0614;17
0615;23
0616;10
0617;15
0618;15
0619;19
0620;15
0621;18
0622;27
0623;17
0624;12
0625;16
0626;15
0627;20
0628;24
0629;19
0630;15
0701;14
0702;19
0703;29
0704;12
0705;6
0706;27
0707;19
0708;16
0709;26
0710;21
0711;16
0712;22
0713;17
0714;24
0715;14
0716;23
0717;20
0718;19
0719;15
0720;17
0721;11
0722;29
0723;15
0724;11
0725;20
0726;21
0727;15
0728;20
0729;25
0730;31
0731;26
0801;18
0802;12
0803;16
0804;14
0805;12
0806;22
0807;13
0808;18
0809;19
0810;19
0811;11
0812;21
0813;27
0814;17
0815;21
0816;30
0817;16
0818;9
0819;16
0820;18
0821;11
0822;20
0823;13
0824;19
0825;22
0826;26
0827;24
0828;13
0829;15
0830;17
0831;23
0901;17
0902;19
0903;16
0904;7
0905;23
0906;21
0907;15
0908;16
0909;15
0910;22
0911;24
0912;20
0913;25
0914;25
0915;21
0916;23
0917;20
0918;16
0919;22
0920;13
0921;16
0922;20
0923;13
0924;11
0925;22
0926;15
0927;19
0928;18
0929;15
0930;17
1001;17
1002;18
1003;24
1004;14
1005;18
1006;25
1007;13
1008;25
1009;18
1010;14
1011;16
1012;17
1013;22
1014;21
1015;22
1016;21
1017;16
1018;17
1019;16
1020;19
1021;21
1022;13
1023;17
1024;20
1025;19
1026;23
1027;19
1028;19
1029;16
1030;22
1031;23
1101;24
1102;17
1103;13
1104;14
1105;22
1106;18
1107;23
1108;28
1109;20
1110;20
1111;25
1112;28
1113;16
1114;16
1115;24
1116;18
1117;19
1118;23
1119;23
1120;13
1121;27
1122;21
1123;30
1124;25
1125;20
1126;21
1127;14
1128;24
1129;20
1130;28
1201;16
1202;22
1203;23
1204;18
1205;21
1206;17
1207;20
1208;26
1209;27
1210;22
1211;16
1212;15
1213;18
1214;25
1215;15
1216;24
1217;29
1218;25
1219;23
1220;21
1221;16
1222;22
1223;16
1224;20
1225;26
1226;23
1227;25
1228;31
1229;24
1230;17
1231;16
