0101;10
0102;6
0103;5
0104;5
0105;9
0106;9
0107;11
0108;5
0109;10
0110;9
0111;7
0112;8
0113;8
0114;6
0115;7
0116;9
0117;9
0118;4
0119;7
0120;4
0121;9
0122;12
0123;6
0124;8
0125;6
0126;5
0127;6
0128;3
0129;8
0130;5
0131;10
0201;10
0202;13
0203;4
0204;7
0205;4
0206;2
0207;9
0208;7
0209;5
0210;7
0211;6
0212;4
0213;5
0214;9
0215;4
0216;6
0217;10
0218;6
0219;6
0220;5
0221;8
0222;4
0223;8
0224;7
0225;8
0226;9
0227;6
0228;14
0301;10
0302;2
0303;6
0304;8
0305;7
0306;12
0307;8
0308;6
0309;9
0310;9
0311;8
0312;10
0313;5
0314;5
0315;7
0316;7
0317;7
0318;9
0319;5
0320;7
0321;4
0322;10
0323;8
0324;7
0325;8
0326;5
0327;10
0328;8
0329;3
0330;3
0331;8
0401;7
0402;9
0403;7
0404;3
0405;11
0406;5
0407;10
0408;5
0409;9
0410;3
0411;10
0412;8
0413;3
0414;9
0415;11
0416;3
0417;5
0418;10
0419;9
0420;3
0421;5
0422;6
0423;2
0424;8
0425;6
0426;3
0427;9
0428;11
0429;13
0430;7
0501;5
0502;10
0503;4
0504;4
0505;9
0506;6
0507;2
0508;1
0509;5
0510;8
0511;2
0512;6
0513;10
0514;10
0515;10
0516;5
0517;3
0518;5
0519;7
0520;8
0521;5
0522;6
0523;5
0524;6
0525;7
0526;6
0527;5
0528;3
0529;4
0530;7
0531;3
0601;5
0602;8
0603;7
0604;7
0605;7
0606;5
0607;8
0608;2
0609;5
0610;5
0611;4
0612;4
0613;8
0614;8
0615;7
0616;9
0617;7
0618;6
0619;8
0620;10
0621;10
0622;4
0623;8
0624;5
0625;3
0626;8
0627;6
0628;8
0629;7
0630;5
0701;3
0702;7
0703;4
0704;4
0705;4
0706;6
0707;1
0708;3
0709;3
0710;5
0711;3
0712;6
0713;7
0714;7
0715;7
0716;8
0717;5
0718;4
0719;10
0720;9
0721;5
0722;7
0723;4
0724;4
0725;5
0726;3
0727;5
0728;7
0729;1
0730;8
0731;5
0801;9
0802;5
0803;4
0804;6
0805;8
0806;7
0807;8
0808;4
0809;5
0810;7
0811;5
0812;12
0813;4
0814;6
0815;5
0816;7
0817;3
0818;10
0819;6
0820;5
0821;1
0822;2
0823;4
0824;5
0825;8
0826;3
0827;7
0828;7
0829;6
0830;4
0831;8
0901;5
0902;6
0903;8
0904;4
0905;4
0906;7
0907;5
0908;5
0909;4
0910;4
0911;10
0912;7
0913;9
0914;6
0915;5
0916;6
0917;7
0918;1
0919;8
0920;5
0921;8
0922;2
0923;4
0924;3
0925;4
0926;4
0927;4
0928;5
0929;5
0930;2
1001;5
1002;6
1003;3
1004;1
1005;9
1006;10
1007;6
1008;2
1009;6
1010;6
1011;5
1012;5
1013;6
1014;6
1015;6
1016;8
1017;10
1018;1
1019;5
1020;6
1021;3
1022;6
1023;7
1024;5
1025;2
1026;6
1027;5
1028;6
1029;6
1030;8
1031;5
1101;3
1102;6
1103;5
1104;5
1105;8
1106;5
1107;3
1108;7
1109;8
1110;6
1111;5
1112;5
1113;4
1114;7
1115;7
1116;8
1117;4
1118;6
1119;5
1120;8
1121;7
1122;3
1123;3
1124;6
1125;2
1126;7
1127;5
1128;4
1129;8
1130;7
1201;4
1202;6
1203;8
1204;9
1205;6
1206;7
1207;5
1208;7
1209;7
1210;10
1211;3
1212;5
1213;10
1214;7
1215;8
1216;6
1217;10
1218;7
1219;8
1220;12
1221;9
1222;8
1223;7
1224;8
1225;4
1226;6
1227;9
1228;4
1229;5
1230;8
1231;7
