0101;8
0102;3
0103;2
0104;7
0105;4
0106;5
0107;4
0108;6
0109;3
0110;6
0111;6
0112;3
0113;6
0114;2
0115;3
0116;5
0117;5
0118;6
0119;3
0120;5
0121;6
0122;5
0123;4
0124;3
0125;3
0126;3
0127;4
0128;4
0129;2
0130;4
0131;1
0201;3
0202;7
0203;5
0204;3
0205;4
0206;2
0207;2
0208;9
0209;3
0210;6
0211;3
0212;3
0213;2
0214;6
0215;4
0216;1
0217;4
0218;4
0219;3
0220;6
0221;3
0222;6
0223;6
0224;8
0225;4
0226;5
0227;4
0228;5
0301;9
0302;8
0303;3
0304;4
0305;5
0306;6
0307;3
0308;4
0309;6
0310;5
0311;4
0312;2
0313;5
0314;2
0315;3
0316;3
0317;5
0318;2
0319;5
0320;5
0321;9
0322;5
0323;6
0324;6
0325;6
0326;7
0327;7
0328;2
0329;4
0330;6
0331;5
0401;2
0402;2
0403;2
0404;2
0405;4
0406;6
0407;4
0408;8
0409;4
0410;5
0411;2
0412;3
0413;11
0414;6
0415;2
0416;4
0417;6
0418;4
0419;4
0420;6
0421;7
0422;6
0423;5
0424;2
0425;2
0426;5
0427;2
0428;5
0429;4
0430;4
0501;3
0502;2
0503;3
0504;1
0505;4
0506;3
0507;4
0508;4
0509;5
0510;2
0511;2
0512;5
0513;3
0514;8
0515;6
0516;2
0517;4
0518;6
0519;4
0520;3
0521;6
0522;7
0523;6
0524;5
0525;4
0526;6
0527;4
0528;3
0529;4
0530;2
0531;4
0601;3
0602;7
0603;4
0604;3
0605;2
0606;6
0607;4
0608;5
0609;9
0610;3
0611;6
0612;6
0613;4
0614;4
0615;5
0616;7
0617;2
0618;3
0619;4
0620;2
0621;4
0622;5
0623;1
0624;2
0625;3
0626;4
0627;3
0628;7
0629;1
0630;8
0701;7
0702;6
0703;4
0704;4
0705;7
0706;7
0707;5
0708;5
0709;4
0710;3
0711;2
0712;1
0713;7
0714;4
0715;4
0716;2
0717;5
0718;5
0719;3
0720;5
0721;1
0722;3
0723;1
0724;3
0725;4
0726;4
0727;1
0728;4
0729;4
0730;5
0731;2
0801;1
0802;6
0803;3
0804;3
0805;2
0806;2
0807;6
0808;4
0809;1
0810;4
0811;5
0812;3
0813;3
0814;2
0815;4
0816;3
0817;3
0818;3
0819;4
0820;6
0821;2
0822;5
0823;1
0824;4
0825;4
0826;2
0827;7
0828;1
0829;3
0830;8
0901;5
0902;2
0903;4
0904;3
0905;6
0906;3
0907;1
0908;4
0909;3
0910;4
0911;8
0912;2
0913;7
0914;6
0915;7
0916;4
0917;2
0918;2
0919;3
0920;4
0921;3
0922;1
0923;6
0924;4
0925;3
0926;4
0927;3
0928;2
0929;3
0930;3
1000;1
1001;3
1002;1
1003;1
1004;4
1005;1
1006;4
1007;4
1008;8
1009;7
1010;5
1011;6
1012;3
1013;2
1014;2
1015;5
1016;3
1017;7
1018;4
1019;1
1020;3
1021;2
1022;4
1023;3
1024;5
1025;2
1026;4
1027;3
1028;4
1029;5
1030;2
1031;5
1101;4
1102;2
1103;5
1104;4
1105;3
1106;2
1107;2
1108;4
1109;4
1110;9
1111;3
1112;2
1113;5
1114;1
1115;4
1116;2
1117;3
1118;5
1119;4
1120;7
1121;2
1123;4
1124;3
1125;7
1126;4
1127;4
1129;6
1130;1
1201;3
1202;4
1203;3
1204;2
1205;6
1206;5
1207;5
1208;5
1209;2
1210;5
1211;2
1212;5
1213;3
1214;3
1215;3
1216;4
1217;5
1218;4
1219;5
1220;4
1221;4
1222;1
1223;4
1224;2
1225;4
1226;1
1227;4
1228;4
1229;3
1230;7
1231;1
