0101;7
0102;9
0103;3
0104;8
0105;6
0106;11
0107;7
0108;7
0109;9
0110;8
0111;14
0112;3
0113;7
0114;2
0115;7
0116;6
0117;6
0118;8
0119;7
0120;5
0121;5
0122;9
0123;7
0124;8
0125;3
0126;5
0127;5
0128;6
0129;8
0130;7
0131;7
0201;11
0202;13
0203;5
0204;7
0205;6
0206;13
0207;6
0208;4
0209;7
0210;10
0211;4
0212;11
0213;5
0214;10
0215;13
0216;7
0217;6
0218;7
0219;2
0220;6
0221;3
0222;3
0223;12
0224;9
0225;11
0226;8
0227;8
0228;7
0301;13
0302;9
0303;4
0304;1
0305;9
0306;4
0307;8
0308;7
0309;5
0310;11
0311;7
0312;8
0313;9
0314;13
0315;7
0316;9
0317;6
0318;8
0319;8
0320;7
0321;10
0322;12
0323;9
0324;8
0325;3
0326;8
0327;8
0328;6
0329;9
0330;4
0331;9
0401;10
0402;5
0403;11
0404;9
0405;4
0406;9
0407;8
0408;7
0409;8
0410;11
0411;5
0412;5
0413;9
0414;6
0415;5
0416;6
0417;11
0418;8
0419;8
0420;4
0421;9
0422;7
0423;8
0424;9
0425;10
0426;5
0427;7
0428;9
0429;11
0430;6
0501;5
0502;6
0503;2
0504;3
0505;9
0506;6
0507;9
0508;6
0509;12
0510;11
0511;5
0512;6
0513;7
0514;7
0515;7
0516;9
0517;5
0518;11
0519;9
0520;8
0521;5
0522;7
0523;7
0524;8
0525;6
0526;6
0527;6
0528;6
0529;7
0530;10
0531;6
0601;7
0602;6
0603;7
0604;4
0605;4
0606;7
0607;6
0608;7
0609;12
0610;4
0611;10
0612;7
0613;14
0614;4
0615;3
0616;2
0617;9
0618;4
0619;7
0620;6
0621;7
0622;5
0623;6
0624;8
0625;10
0626;4
0627;7
0628;9
0629;6
0630;2
0701;9
0702;10
0703;2
0704;6
0705;3
0706;7
0707;11
0708;7
0709;12
0710;6
0711;9
0712;8
0713;11
0714;9
0715;7
0716;5
0717;8
0718;14
0719;5
0720;10
0721;7
0722;13
0723;6
0724;6
0725;8
0726;7
0727;9
0728;9
0729;9
0730;4
0731;5
0801;7
0802;7
0803;7
0804;6
0805;6
0806;7
0807;5
0808;8
0809;10
0810;3
0811;7
0812;6
0813;12
0814;7
0815;5
0816;10
0817;6
0818;4
0819;12
0820;6
0821;6
0822;5
0823;8
0824;6
0825;4
0826;4
0827;9
0828;7
0829;10
0830;6
0831;9
0901;6
0902;9
0903;7
0904;6
0905;9
0906;13
0907;7
0908;9
0909;6
0910;6
0911;9
0912;6
0913;9
0914;8
0915;6
0916;5
0917;6
0918;4
0920;10
0921;4
0922;6
0923;7
0924;5
0925;13
0926;6
0927;5
0928;3
0929;6
0930;8
1001;7
1002;9
1003;4
1004;7
1005;4
1006;4
1007;10
1008;2
1009;3
1010;5
1011;7
1012;7
1013;9
1014;7
1015;5
1016;10
1017;6
1018;7
1019;7
1020;7
1021;8
1022;6
1023;10
1024;9
1025;5
1026;8
1027;11
1028;10
1029;6
1030;12
1031;8
1101;8
1102;5
1103;10
1104;8
1105;5
1106;8
1107;6
1108;10
1109;11
1110;5
1111;11
1112;7
1113;8
1114;5
1115;5
1116;8
1117;3
1118;5
1119;10
1120;7
1121;7
1122;3
1123;7
1124;6
1125;4
1126;8
1127;5
1128;4
1129;7
1130;4
1201;5
1202;5
1203;11
1204;3
1205;10
1206;7
1207;9
1208;5
1209;8
1210;6
1211;5
1212;8
1213;9
1214;8
1215;8
1216;8
1217;4
1218;6
1219;6
1220;7
1221;13
1222;14
1223;5
1224;12
1225;9
1226;9
1227;7
1228;12
1229;12
1230;2
1231;7
