0101;7
0102;6
0103;7
0104;8
0105;5
0106;7
0107;10
0108;7
0109;11
0110;9
0111;11
0112;8
0113;8
0114;11
0115;9
0116;7
0117;16
0118;7
0119;7
0120;7
0121;9
0122;5
0123;3
0124;8
0125;8
0126;9
0127;9
0128;12
0129;10
0130;10
0131;6
0201;6
0202;8
0203;7
0204;7
0205;10
0206;13
0207;12
0208;10
0209;5
0210;10
0211;10
0212;7
0213;5
0214;6
0215;12
0216;12
0217;4
0218;6
0219;12
0220;14
0221;9
0222;14
0223;10
0224;13
0225;11
0226;8
0227;8
0228;8
0301;10
0302;10
0303;7
0304;11
0305;8
0306;12
0307;10
0308;11
0309;13
0310;4
0311;9
0312;12
0313;4
0314;13
0315;6
0316;13
0317;6
0318;11
0319;6
0320;16
0321;14
0322;6
0323;8
0324;4
0325;6
0326;10
0327;10
0328;9
0329;8
0330;7
0331;13
0401;6
0402;8
0403;8
0404;16
0405;12
0406;10
0407;11
0408;7
0409;4
0410;12
0411;3
0412;11
0413;13
0414;10
0415;8
0416;11
0417;8
0418;17
0419;8
0420;12
0421;10
0422;7
0423;7
0424;17
0425;4
0426;6
0427;12
0428;5
0429;7
0430;5
0501;14
0502;8
0503;16
0504;10
0505;12
0506;8
0507;9
0508;8
0509;6
0510;11
0511;9
0512;7
0513;15
0514;14
0515;9
0516;8
0517;8
0518;6
0519;7
0520;4
0521;6
0522;12
0523;6
0524;9
0525;10
0526;11
0527;7
0528;14
0529;13
0530;9
0531;6
0601;8
0602;10
0603;8
0604;12
0605;14
0606;16
0607;8
0608;6
0609;8
0610;13
0611;11
0612;4
0613;12
0614;7
0615;5
0616;4
0617;5
0618;7
0619;13
0620;6
0621;7
0622;6
0623;9
0624;6
0625;6
0626;7
0627;7
0628;18
0629;7
0630;11
0701;7
0702;14
0703;8
0704;10
0705;10
0706;12
0707;13
0708;10
0709;12
0710;8
0711;13
0712;4
0713;8
0714;8
0715;9
0716;9
0717;7
0718;10
0719;7
0720;6
0721;12
0722;10
0723;9
0724;8
0725;4
0726;11
0727;6
0728;8
0729;6
0730;11
0731;7
0801;7
0802;8
0803;8
0804;4
0805;9
0806;8
0807;13
0808;5
0809;17
0810;10
0811;8
0812;2
0813;10
0814;3
0815;9
0816;9
0817;6
0818;8
0819;11
0820;11
0821;3
0822;7
0823;13
0824;9
0825;7
0826;7
0827;8
0828;4
0829;7
0830;11
0831;9
0901;7
0902;8
0903;10
0904;8
0905;11
0906;4
0907;5
0908;10
0909;10
0910;11
0911;4
0912;12
0913;7
0914;8
0915;7
0916;14
0917;14
0918;9
0919;13
0920;10
0921;11
0922;9
0923;8
0924;9
0925;8
0926;5
0927;8
0928;11
0929;8
0930;11
1001;5
1002;8
1003;7
1004;9
1005;9
1006;8
1007;9
1008;5
1009;6
1010;10
1011;9
1012;14
1013;10
1014;6
1015;9
1016;12
1017;10
1018;7
1019;8
1020;10
1021;10
1022;8
1023;11
1024;6
1025;8
1026;7
1027;9
1028;10
1029;8
1030;10
1031;6
1101;11
1102;6
1103;9
1104;3
1105;16
1106;8
1107;8
1108;7
1109;6
1110;10
1111;9
1112;4
1113;7
1114;12
1115;7
1116;9
1117;8
1118;16
1119;9
1120;9
1121;11
1122;7
1123;4
1124;4
1125;13
1126;10
1127;13
1128;9
1129;14
1130;10
1201;13
1202;7
1203;7
1204;5
1205;6
1206;16
1207;5
1208;4
1209;6
1210;9
1211;8
1212;9
1213;7
1214;13
1215;5
1216;6
1217;7
1218;11
1219;9
1220;13
1221;8
1222;3
1223;10
1224;15
1225;15
1226;4
1227;9
1228;10
1229;9
1230;14
1231;13
