0101;2
0102;3
0103;4
0104;3
0105;8
0106;6
0107;6
0108;9
0109;6
0110;4
0111;3
0112;4
0113;5
0114;5
0115;9
0116;8
0117;8
0118;5
0119;5
0120;9
0121;6
0122;9
0123;6
0124;4
0125;1
0126;8
0127;3
0128;4
0129;4
0130;8
0131;6
0201;6
0202;7
0203;5
0204;7
0205;3
0206;9
0207;4
0208;2
0209;7
0210;6
0211;5
0212;8
0213;9
0214;6
0215;8
0216;5
0217;4
0218;7
0219;5
0220;9
0221;7
0222;7
0223;10
0224;10
0225;6
0226;6
0227;13
0228;4
0301;5
0302;4
0303;7
0304;10
0305;5
0306;8
0307;5
0308;5
0309;9
0310;8
0311;8
0312;8
0313;8
0314;2
0315;5
0316;3
0317;5
0318;7
0319;5
0320;4
0321;3
0322;4
0323;9
0324;5
0325;6
0326;6
0327;5
0328;7
0329;3
0330;5
0331;9
0401;7
0402;8
0403;6
0404;5
0405;3
0406;4
0407;6
0408;5
0409;2
0410;5
0411;5
0412;5
0413;5
0414;3
0415;6
0416;4
0417;7
0418;4
0419;3
0420;2
0421;3
0422;7
0423;6
0424;7
0425;4
0426;11
0427;3
0428;5
0429;5
0430;3
0501;7
0502;7
0503;3
0504;3
0505;3
0506;10
0507;3
0508;7
0509;6
0510;5
0511;8
0512;7
0513;7
0514;5
0515;6
0516;1
0517;4
0518;4
0519;3
0520;5
0521;11
0522;3
0523;11
0524;10
0525;5
0526;9
0527;6
0528;6
0529;4
0530;6
0531;9
0601;6
0602;6
0603;2
0604;6
0605;7
0606;3
0607;4
0608;4
0609;10
0610;3
0611;7
0612;5
0613;6
0614;6
0615;5
0616;5
0617;4
0618;8
0619;4
0620;2
0621;3
0622;10
0623;10
0624;10
0625;4
0626;3
0627;5
0628;7
0629;3
0630;6
0701;4
0702;4
0703;6
0704;6
0705;4
0706;4
0707;9
0708;9
0709;9
0710;5
0711;8
0712;7
0713;5
0714;6
0715;5
0716;11
0717;4
0718;12
0719;5
0720;13
0721;3
0722;10
0723;6
0724;9
0725;5
0726;4
0727;9
0728;5
0729;4
0730;4
0731;7
0801;12
0802;4
0803;12
0804;2
0805;8
0806;7
0807;5
0808;5
0809;10
0810;5
0811;5
0812;5
0813;9
0814;5
0815;3
0816;7
0817;8
0818;8
0819;9
0820;5
0821;7
0822;3
0823;9
0824;4
0825;7
0826;7
0827;9
0828;6
0829;4
0830;6
0831;4
0901;6
0902;7
0903;3
0904;7
0905;3
0906;4
0907;8
0908;4
0909;9
0910;2
0911;4
0912;10
0913;8
0914;6
0915;5
0916;5
0917;8
0918;6
0919;8
0920;6
0921;3
0922;7
0923;4
0924;6
0925;6
0926;8
0927;2
0928;4
0929;4
0930;4
1001;2
1002;7
1003;7
1004;3
1005;1
1006;8
1007;2
1008;6
1009;9
1010;7
1011;7
1012;4
1013;3
1014;3
1015;3
1016;2
1017;4
1018;4
1019;5
1020;5
1021;5
1022;2
1023;7
1024;7
1025;10
1026;2
1027;9
1028;5
1029;5
1030;2
1031;2
1101;13
1102;3
1103;7
1104;9
1105;2
1106;4
1107;8
1108;4
1109;5
1110;4
1111;3
1112;6
1113;3
1114;4
1115;8
1116;6
1117;10
1118;7
1119;5
1120;4
1121;3
1122;5
1123;2
1124;5
1125;5
1126;7
1127;7
1128;6
1129;6
1130;6
1201;3
1202;4
1203;9
1204;3
1205;6
1206;4
1207;12
1208;7
1209;5
1210;6
1211;5
1212;3
1213;8
1214;6
1215;8
1216;4
1217;5
1218;5
1219;6
1220;5
1221;8
1222;11
1223;12
1224;3
1225;8
1226;9
1227;13
1228;5
1229;4
1230;6
1231;2
