0101;8
0102;9
0103;16
0104;11
0105;11
0106;13
0107;19
0108;8
0109;18
0110;9
0111;14
0112;12
0113;10
0114;17
0115;13
0116;11
0117;7
0118;8
0119;7
0120;13
0121;11
0122;8
0123;12
0124;4
0125;18
0126;7
0127;8
0128;7
0129;14
0130;7
0131;15
0201;9
0202;8
0203;13
0204;13
0205;3
0206;12
0207;7
0208;10
0209;12
0210;10
0211;10
0212;13
0213;11
0214;14
0215;9
0216;16
0217;6
0218;15
0219;17
0220;9
0221;15
0222;7
0223;5
0224;8
0225;9
0226;10
0227;13
0228;10
0301;12
0302;7
0303;14
0304;10
0305;14
0306;11
0307;7
0308;10
0309;16
0310;8
0311;9
0312;6
0313;11
0314;11
0315;18
0316;4
0317;11
0318;10
0319;20
0320;14
0321;7
0322;10
0323;12
0324;10
0325;17
0326;14
0327;4
0328;4
0329;18
0330;13
0331;4
0401;11
0402;10
0403;17
0404;15
0405;16
0406;12
0407;7
0408;17
0409;8
0410;8
0411;6
0412;17
0413;18
0414;10
0415;12
0416;13
0417;11
0418;18
0419;11
0420;10
0421;9
0422;13
0423;10
0424;19
0425;10
0426;13
0427;10
0428;10
0429;8
0430;10
0501;8
0502;11
0503;9
0504;14
0505;11
0506;14
0507;6
0508;7
0509;8
0510;14
0511;12
0512;9
0513;11
0514;10
0515;7
0516;9
0517;8
0518;7
0519;13
0520;6
0521;15
0522;13
0523;13
0524;11
0525;7
0526;10
0527;12
0528;7
0529;14
0530;13
0531;14
0601;11
0602;6
0603;6
0604;7
0605;8
0606;17
0607;12
0608;5
0609;12
0610;15
0611;9
0612;8
0613;4
0614;8
0615;9
0616;7
0617;5
0618;7
0619;9
0620;11
0621;6
0622;13
0623;12
0624;10
0625;7
0626;9
0627;5
0628;4
0629;8
0630;6
0701;12
0702;10
0703;11
0704;9
0705;11
0706;11
0707;9
0708;10
0709;12
0710;4
0711;13
0712;8
0713;15
0714;13
0715;10
0716;7
0717;7
0718;12
0719;12
0720;10
0721;10
0722;9
0723;7
0724;12
0725;14
0726;14
0727;9
0728;3
0729;12
0730;7
0731;11
0801;8
0802;14
0803;12
0804;12
0805;7
0806;6
0807;10
0808;12
0809;12
0810;15
0811;18
0812;12
0813;7
0814;6
0815;9
0816;10
0817;10
0818;13
0819;12
0820;17
0821;8
0822;13
0823;7
0824;11
0825;8
0826;10
0827;12
0828;8
0829;7
0830;8
0831;6
0901;6
0902;8
0903;14
0904;13
0905;9
0906;15
0907;7
0908;10
0909;12
0910;10
0911;14
0912;16
0913;9
0914;15
0915;14
0916;10
0917;9
0918;11
0919;18
0920;10
0921;7
0922;10
0923;15
0924;8
0925;13
0926;7
0927;6
0928;11
0929;5
0930;11
1001;7
1002;18
1003;10
1004;9
1005;9
1006;5
1007;7
1008;9
1009;9
1010;18
1011;8
1012;8
1013;6
1014;14
1015;9
1016;10
1017;7
1018;10
1019;18
1020;10
1021;15
1022;14
1023;15
1024;12
1025;11
1026;12
1027;23
1028;6
1029;17
1030;8
1031;4
1101;16
1102;13
1103;8
1104;12
1105;13
1106;8
1107;19
1108;11
1109;9
1110;7
1111;10
1112;7
1113;9
1114;13
1115;10
1116;9
1117;9
1118;8
1119;6
1120;7
1121;11
1122;10
1123;15
1124;4
1125;12
1126;9
1127;4
1128;13
1129;7
1130;7
1201;9
1202;10
1203;15
1204;19
1205;8
1206;10
1207;13
1208;9
1209;12
1210;12
1211;12
1212;16
1213;10
1214;11
1215;5
1216;3
1217;20
1218;12
1219;11
1220;13
1221;11
1222;11
1223;13
1224;8
1225;13
1226;8
1227;15
1228;9
1229;18
1230;20
1231;14
