0101;29
0102;25
0103;29
0104;30
0105;17
0106;33
0107;32
0108;38
0109;28
0110;26
0111;36
0112;41
0113;30
0114;27
0115;43
0116;38
0117;27
0118;32
0119;30
0120;26
0121;30
0122;38
0123;34
0124;25
0125;23
0126;36
0127;24
0128;32
0129;31
0130;30
0131;20
0201;34
0202;29
0203;26
0204;30
0205;28
0206;34
0207;27
0208;28
0209;29
0210;27
0211;32
0212;33
0213;26
0214;37
0215;30
0216;26
0217;27
0218;29
0219;32
0220;26
0221;25
0222;28
0223;24
0224;32
0225;35
0226;29
0227;35
0228;32
0301;33
0302;22
0303;26
0304;30
0305;31
0306;31
0307;38
0308;36
0309;28
0310;28
0311;33
0312;30
0313;24
0314;34
0315;33
0316;32
0317;33
0318;36
0319;29
0320;24
0321;29
0322;25
0323;29
0324;29
0325;33
0326;19
0327;29
0328;27
0329;25
0330;32
0331;29
0401;34
0402;43
0403;24
0404;28
0405;35
0406;25
0407;29
0408;37
0409;35
0410;35
0411;28
0412;25
0413;32
0414;26
0415;37
0416;35
0417;29
0418;26
0419;31
0420;32
0421;40
0422;27
0423;29
0424;25
0425;27
0426;32
0427;29
0428;26
0429;22
0430;23
0501;18
0502;25
0503;32
0504;27
0505;31
0506;25
0507;35
0508;35
0509;33
0510;28
0511;32
0512;43
0513;26
0514;30
0515;32
0516;39
0517;31
0518;28
0519;14
0520;31
0521;31
0522;42
0523;25
0524;32
0525;37
0526;21
0527;16
0528;20
0529;29
0530;28
0531;29
0601;32
0602;25
0603;37
0604;33
0605;28
0606;26
0607;29
0608;31
0609;33
0610;22
0611;32
0612;32
0613;29
0614;26
0615;27
0616;23
0617;41
0618;30
0619;32
0620;33
0621;30
0622;26
0623;22
0624;35
0625;22
0626;37
0627;22
0628;28
0629;27
0630;24
0701;38
0702;36
0703;27
0704;32
0705;25
0706;43
0707;33
0708;46
0709;37
0710;24
0711;27
0712;30
0713;31
0714;32
0715;21
0716;30
0717;24
0718;33
0719;42
0720;27
0721;30
0722;23
0723;30
0724;29
0725;29
0726;26
0727;35
0728;41
0729;29
0730;29
0731;30
0801;25
0802;33
0803;29
0804;28
0805;29
0806;23
0807;31
0808;17
0809;26
0810;27
0811;27
0812;17
0813;26
0814;22
0815;36
0816;31
0817;29
0818;31
0819;21
0820;29
0821;24
0822;30
0823;32
0824;20
0825;24
0826;35
0827;29
0828;21
0829;31
0830;19
0831;25
0901;24
0902;18
0903;43
0904;34
0905;34
0906;31
0907;30
0908;19
0909;37
0910;24
0911;34
0912;32
0913;29
0914;34
0915;24
0916;29
0917;33
0918;25
0919;26
0920;31
0921;32
0922;31
0923;25
0924;19
0925;22
0926;31
0927;28
0928;25
0929;25
0930;24
1001;22
1002;30
1003;21
1004;31
1005;27
1006;27
1007;29
1008;25
1009;36
1010;27
1011;21
1012;22
1013;29
1014;37
1015;35
1016;30
1017;29
1018;20
1019;32
1020;38
1021;35
1022;30
1023;24
1024;18
1025;33
1026;33
1027;27
1028;25
1029;30
1030;28
1031;27
1101;31
1102;22
1103;28
1104;24
1105;30
1106;28
1107;30
1108;27
1109;38
1110;29
1111;37
1112;31
1113;26
1114;42
1115;32
1116;21
1117;27
1118;33
1119;31
1120;26
1121;28
1122;32
1123;28
1124;29
1125;30
1126;24
1127;39
1128;31
1129;24
1130;33
1201;36
1202;25
1203;28
1204;45
1205;30
1206;35
1207;31
1208;36
1209;29
1210;32
1211;27
1212;37
1213;39
1214;24
1215;36
1216;40
1217;34
1218;28
1219;23
1220;20
1221;28
1222;31
1223;27
1224;25
1225;35
1226;31
1227;24
1228;34
1229;36
1230;28
1231;33
