0101;22
0102;17
0103;19
0104;17
0105;22
0106;12
0107;25
0108;26
0109;27
0110;16
0111;19
0112;17
0113;25
0114;25
0115;12
0116;25
0117;22
0118;26
0119;19
0120;28
0121;17
0122;30
0123;27
0124;13
0125;24
0126;26
0127;17
0128;18
0129;24
0130;18
0131;18
0201;27
0202;24
0203;21
0204;20
0205;17
0206;24
0207;16
0208;20
0209;17
0210;24
0211;19
0212;22
0213;20
0214;16
0215;18
0216;15
0217;21
0218;19
0219;24
0220;20
0221;19
0222;24
0223;15
0224;23
0225;22
0226;20
0227;18
0228;31
0301;24
0302;17
0303;21
0304;19
0305;14
0306;19
0307;22
0308;15
0309;15
0310;30
0311;19
0312;13
0313;19
0314;26
0315;24
0316;21
0317;17
0318;22
0319;18
0320;23
0321;19
0322;16
0323;23
0324;34
0325;22
0326;19
0327;19
0328;15
0329;30
0330;20
0331;25
0401;21
0402;26
0403;18
0404;22
0405;19
0406;33
0407;25
0408;19
0409;29
0410;15
0411;23
0412;26
0413;21
0414;30
0415;22
0416;17
0417;21
0418;27
0419;21
0420;23
0421;16
0422;19
0423;22
0424;16
0425;20
0426;15
0427;12
0428;23
0429;21
0430;21
0501;9
0502;23
0503;19
0504;14
0505;17
0506;24
0507;21
0508;21
0509;25
0510;17
0511;25
0512;22
0513;24
0514;21
0515;18
0516;27
0517;24
0518;23
0519;20
0520;27
0521;15
0522;14
0523;21
0524;20
0525;18
0526;23
0527;13
0528;15
0529;20
0530;16
0531;15
0601;21
0602;17
0603;27
0604;20
0605;19
0606;27
0607;9
0608;25
0609;14
0610;18
0611;30
0612;19
0613;23
0614;15
0615;11
0616;22
0617;17
0618;23
0619;20
0620;21
0621;19
0622;18
0623;14
0624;17
0625;14
0626;12
0627;15
0628;23
0629;20
0630;16
0701;18
0702;14
0703;14
0704;12
0705;24
0706;17
0707;13
0708;16
0709;23
0710;30
0711;16
0712;18
0713;15
0714;18
0715;18
0716;15
0717;21
0718;14
0719;21
0720;19
0721;22
0722;16
0723;16
0724;13
0725;14
0726;18
0727;20
0728;13
0729;17
0730;23
0731;17
0801;16
0802;16
0803;25
0804;29
0805;14
0806;15
0807;17
0808;14
0809;17
0810;14
0811;13
0812;19
0813;19
0814;16
0815;25
0816;20
0817;18
0818;13
0819;12
0820;17
0821;13
0822;28
0823;18
0824;14
0825;20
0826;18
0827;19
0828;18
0829;20
0830;19
0831;19
0901;15
0902;20
0903;15
0904;24
0905;20
0906;24
0907;11
0908;19
0909;25
0910;24
0911;22
0912;19
0913;18
0914;20
0915;12
0916;16
0917;16
0918;13
0919;25
0920;18
0921;19
0922;17
0923;23
0924;22
0925;19
0926;18
0927;19
0928;12
0929;17
0930;21
1001;19
1002;21
1003;18
1004;15
1005;25
1006;22
1007;11
1008;10
1009;21
1010;21
1011;20
1012;18
1013;23
1014;23
1015;17
1016;17
1017;20
1018;27
1019;25
1020;19
1021;28
1022;16
1023;13
1024;19
1025;14
1026;19
1027;20
1028;13
1029;18
1030;14
1031;23
1101;17
1102;17
1103;22
1104;17
1105;20
1106;19
1107;26
1108;13
1109;24
1110;17
1111;10
1112;24
1113;26
1114;24
1115;13
1116;17
1117;18
1118;16
1119;16
1120;23
1121;14
1122;24
1123;19
1124;21
1125;23
1126;22
1127;22
1128;18
1129;13
1130;26
1201;24
1202;17
1203;34
1204;17
1205;18
1206;28
1207;25
1208;24
1209;29
1210;13
1211;13
1212;18
1213;25
1214;20
1215;29
1216;22
1217;19
1218;27
1219;22
1220;25
1221;21
1222;19
1223;23
1224;22
1225;17
1226;21
1227;19
1228;17
1229;17
1230;26
1231;22
