0101;8
0102;4
0103;6
0104;5
0105;11
0106;6
0107;3
0108;8
0109;7
0110;7
0111;6
0112;7
0113;5
0114;7
0115;4
0116;7
0117;10
0118;5
0119;7
0120;4
0121;3
0122;5
0123;7
0124;7
0125;3
0126;7
0127;4
0128;5
0129;7
0130;3
0131;7
0201;7
0202;3
0203;4
0204;8
0205;9
0206;10
0207;7
0208;3
0209;1
0210;6
0211;7
0212;10
0213;5
0214;7
0215;8
0216;8
0217;7
0218;6
0219;9
0220;8
0221;5
0222;6
0223;6
0224;6
0225;11
0226;8
0227;6
0228;5
0301;8
0302;5
0303;4
0304;5
0305;4
0306;7
0307;6
0308;5
0309;7
0310;5
0311;6
0312;7
0313;6
0314;10
0315;4
0316;5
0317;7
0318;7
0319;9
0320;8
0321;5
0322;4
0323;2
0324;11
0325;7
0326;6
0327;9
0328;14
0329;3
0330;8
0331;1
0401;9
0402;4
0403;7
0404;8
0405;7
0406;10
0407;7
0408;6
0409;10
0410;9
0411;3
0412;3
0413;6
0414;7
0415;7
0416;6
0417;9
0418;8
0419;7
0420;4
0421;5
0422;7
0423;6
0424;6
0425;4
0426;8
0427;5
0428;6
0429;3
0430;10
0501;6
0502;5
0503;5
0504;3
0505;2
0506;7
0507;8
0508;3
0509;10
0510;7
0511;4
0512;4
0513;5
0514;6
0515;7
0516;5
0517;7
0518;7
0519;4
0520;4
0521;5
0522;3
0523;6
0524;8
0525;4
0526;4
0527;5
0528;4
0529;1
0530;5
0531;5
0601;4
0602;6
0603;11
0605;3
0606;7
0607;4
0608;6
0609;5
0610;3
0611;4
0612;3
0613;7
0614;8
0615;1
0616;3
0617;4
0618;3
0619;3
0621;5
0622;3
0623;2
0624;7
0625;4
0626;9
0627;4
0628;1
0629;6
0630;8
0701;9
0702;7
0703;6
0704;6
0705;8
0706;3
0707;2
0708;4
0709;7
0710;9
0711;8
0712;8
0713;5
0714;5
0715;7
0716;6
0717;7
0718;11
0719;5
0720;3
0721;7
0722;3
0723;4
0724;10
0725;7
0726;2
0727;7
0728;2
0729;5
0730;6
0731;6
0801;5
0802;9
0803;7
0804;9
0805;5
0806;9
0807;6
0808;4
0809;6
0810;7
0811;4
0812;8
0813;6
0814;3
0815;5
0816;8
0817;1
0818;4
0819;5
0820;5
0821;8
0822;5
0823;4
0824;5
0825;2
0826;4
0827;4
0828;5
0829;6
0830;4
0831;7
0901;3
0902;8
0903;5
0904;4
0905;4
0906;3
0907;2
0908;9
0909;2
0910;4
0911;12
0912;8
0913;7
0914;6
0915;3
0916;8
0917;7
0918;5
0919;6
0920;8
0921;8
0922;2
0923;4
0924;5
0925;5
0926;7
0927;8
0928;3
0929;3
0930;2
1001;6
1002;5
1003;10
1004;6
1005;7
1006;3
1007;7
1008;5
1009;5
1010;2
1011;4
1012;3
1013;1
1014;5
1015;2
1016;5
1017;6
1018;8
1019;6
1020;7
1021;7
1022;8
1023;7
1024;6
1025;10
1026;7
1027;4
1028;9
1029;6
1030;3
1031;7
1101;4
1102;5
1103;6
1104;4
1105;10
1106;3
1107;6
1108;6
1109;6
1110;4
1111;3
1112;6
1113;5
1114;5
1115;3
1116;4
1117;6
1118;6
1120;11
1121;5
1122;3
1123;7
1124;8
1125;5
1126;3
1127;11
1128;6
1129;2
1130;3
1201;2
1202;6
1203;10
1204;2
1205;3
1206;8
1207;6
1208;8
1209;4
1210;4
1211;4
1212;11
1213;8
1214;2
1215;11
1216;11
1217;6
1218;8
1219;7
1220;10
1221;6
1222;5
1223;6
1224;7
1225;5
1226;8
1227;11
1228;6
1229;7
1230;3
1231;3
