0101;11
0102;7
0103;12
0104;8
0105;11
0106;10
0107;12
0108;8
0109;6
0110;6
0111;7
0112;7
0113;8
0114;10
0115;10
0116;10
0117;7
0118;15
0119;9
0120;5
0121;5
0122;5
0123;4
0124;7
0125;4
0126;7
0127;14
0128;8
0129;5
0130;5
0131;13
0201;3
0202;11
0203;7
0204;7
0205;6
0206;4
0207;8
0208;8
0209;6
0210;6
0211;6
0212;3
0213;11
0214;8
0215;4
0216;10
0217;5
0218;10
0219;7
0220;6
0221;6
0222;10
0223;9
0224;15
0225;8
0226;11
0227;17
0228;8
0301;11
0302;6
0303;6
0304;15
0305;3
0306;7
0307;6
0308;11
0309;12
0310;10
0311;3
0312;11
0313;8
0314;11
0315;12
0316;11
0317;7
0318;9
0319;8
0320;11
0321;12
0322;7
0323;7
0324;7
0325;8
0326;2
0327;6
0328;7
0329;10
0330;6
0331;8
0401;10
0402;10
0403;7
0404;17
0405;10
0406;7
0407;5
0408;11
0409;4
0410;6
0411;7
0412;9
0413;10
0414;3
0415;9
0416;7
0417;3
0418;16
0419;6
0420;5
0421;9
0422;7
0423;10
0424;8
0425;9
0426;10
0427;11
0428;12
0429;14
0430;9
0501;6
0502;11
0503;13
0504;6
0505;3
0506;11
0507;10
0508;4
0509;5
0510;3
0511;9
0512;5
0513;6
0514;5
0515;10
0516;5
0517;12
0518;8
0519;10
0520;7
0521;3
0522;4
0523;12
0524;10
0525;27
0526;7
0527;3
0528;9
0529;6
0530;9
0531;9
0601;7
0602;4
0603;5
0604;9
0605;5
0606;5
0607;4
0608;11
0609;5
0610;7
0611;4
0612;7
0613;5
0614;6
0615;10
0616;9
0617;2
0618;5
0619;5
0620;10
0621;11
0622;5
0623;6
0624;5
0625;1
0626;12
0627;12
0628;11
0629;6
0630;3
0701;8
0702;4
0703;13
0704;4
0705;5
0706;13
0707;8
0708;10
0709;16
0710;7
0711;12
0712;7
0713;12
0714;7
0715;12
0716;5
0717;12
0718;9
0719;5
0720;6
0721;10
0722;7
0723;5
0724;3
0725;10
0726;5
0727;5
0728;3
0729;11
0730;6
0731;5
0801;5
0802;9
0803;6
0804;10
0805;5
0806;4
0807;5
0808;14
0809;7
0810;8
0811;12
0812;8
0813;8
0814;8
0815;4
0816;10
0817;11
0818;4
0819;11
0820;15
0821;5
0822;10
0823;16
0824;4
0825;8
0826;12
0827;6
0828;5
0829;4
0830;7
0831;13
0901;10
0902;10
0903;8
0904;9
0905;9
0906;7
0907;11
0908;6
0909;7
0910;12
0911;4
0912;5
0913;10
0914;6
0915;7
0916;7
0917;6
0918;9
0919;7
0920;7
0921;11
0922;8
0923;2
0924;7
0925;6
0926;5
0927;9
0928;7
0929;2
0930;6
1001;8
1002;6
1003;9
1004;6
1005;9
1006;11
1007;13
1008;10
1009;10
1010;6
1011;6
1012;6
1013;9
1014;8
1015;7
1016;12
1017;7
1018;10
1019;9
1020;8
1021;6
1022;8
1023;8
1024;9
1025;9
1026;8
1027;11
1028;4
1029;7
1030;12
1031;7
1101;12
1102;6
1103;8
1104;6
1105;6
1106;8
1107;2
1108;13
1109;6
1110;9
1111;5
1112;4
1113;8
1114;5
1115;5
1116;6
1117;9
1118;9
1119;7
1120;10
1121;8
1122;4
1123;7
1124;11
1125;13
1126;10
1127;6
1128;12
1129;3
1130;10
1201;4
1202;8
1203;5
1204;11
1205;7
1206;7
1207;6
1208;3
1209;12
1210;5
1211;7
1212;10
1213;7
1214;11
1215;11
1216;8
1217;9
1218;7
1219;7
1220;8
1221;8
1222;13
1223;12
1224;9
1225;9
1226;11
1227;9
1228;5
1229;8
1230;6
1231;12
