0101;19
0102;18
0103;14
0104;19
0105;16
0106;20
0107;26
0108;19
0109;21
0110;26
0111;21
0112;21
0113;23
0114;14
0115;21
0116;22
0117;15
0118;12
0119;11
0120;20
0121;23
0122;19
0123;15
0124;24
0125;28
0126;21
0127;16
0128;18
0129;24
0130;15
0131;24
0201;28
0202;16
0203;21
0204;20
0205;22
0206;19
0207;21
0208;19
0209;19
0210;14
0211;22
0212;16
0213;21
0214;26
0215;15
0216;18
0217;15
0218;24
0219;20
0220;17
0221;17
0222;17
0223;26
0224;17
0225;19
0226;20
0227;27
0228;19
0301;27
0302;18
0303;17
0304;22
0305;18
0306;24
0307;15
0308;32
0309;22
0310;22
0311;21
0312;21
0313;24
0314;23
0315;27
0316;13
0317;23
0318;14
0319;18
0320;25
0321;17
0322;19
0323;13
0324;21
0325;17
0326;29
0327;10
0328;13
0329;23
0330;14
0331;12
0401;21
0402;24
0403;13
0404;19
0405;31
0406;26
0407;20
0408;17
0409;16
0410;17
0411;20
0412;17
0413;18
0414;27
0415;21
0416;23
0417;20
0418;24
0419;17
0420;16
0421;24
0422;23
0423;14
0424;17
0425;17
0426;16
0427;12
0428;20
0429;17
0430;22
0501;25
0502;21
0503;16
0504;17
0505;14
0506;15
0507;11
0508;27
0509;19
0510;21
0511;23
0512;30
0513;13
0514;21
0515;17
0516;26
0517;16
0518;21
0519;17
0520;25
0521;19
0522;17
0523;15
0524;24
0525;15
0526;22
0527;17
0528;15
0529;20
0530;16
0531;22
0601;12
0602;18
0603;20
0604;21
0605;16
0606;20
0607;19
0608;19
0609;20
0610;24
0611;19
0612;12
0613;10
0614;15
0615;23
0616;22
0617;10
0618;18
0619;15
0620;19
0621;9
0622;16
0623;15
0624;11
0625;17
0626;18
0627;22
0628;17
0629;13
0630;16
0701;18
0702;12
0703;26
0704;23
0705;23
0706;19
0707;20
0708;23
0709;25
0710;25
0711;20
0712;26
0713;25
0714;18
0715;21
0716;14
0717;19
0718;17
0719;15
0720;10
0721;17
0722;24
0723;11
0724;15
0725;19
0726;9
0727;14
0728;24
0729;16
0730;12
0731;18
0801;14
0802;16
0803;18
0804;26
0805;23
0806;18
0807;20
0808;14
0809;21
0810;14
0811;20
0812;14
0813;12
0814;14
0815;16
0816;15
0817;20
0818;21
0819;17
0820;21
0821;16
0822;15
0823;17
0824;13
0825;17
0826;16
0827;14
0828;13
0829;17
0830;14
0831;12
0901;21
0902;18
0903;12
0904;15
0905;16
0906;15
0907;19
0908;19
0909;15
0910;22
0911;17
0912;12
0913;18
0914;15
0915;22
0916;14
0917;15
0918;18
0919;18
0920;19
0921;17
0922;22
0923;20
0924;9
0925;21
0926;17
0927;15
0928;17
0929;9
0930;24
1001;17
1002;15
1003;14
1004;23
1005;24
1006;18
1007;14
1008;18
1009;14
1010;18
1011;26
1012;17
1013;13
1014;22
1015;10
1016;17
1017;21
1018;16
1019;20
1020;19
1021;23
1022;20
1023;15
1024;17
1025;16
1026;19
1027;16
1028;24
1029;19
1030;25
1031;18
1101;9
1102;28
1103;17
1104;17
1105;21
1106;16
1107;22
1108;18
1109;21
1110;11
1111;16
1112;18
1113;17
1114;17
1115;24
1116;16
1117;21
1118;23
1119;19
1120;15
1121;15
1122;19
1123;8
1124;15
1125;16
1126;22
1127;20
1128;16
1129;16
1130;20
1201;17
1202;22
1203;18
1204;18
1205;18
1206;24
1207;27
1208;29
1209;21
1210;19
1211;16
1212;14
1213;14
1214;18
1215;21
1216;28
1217;17
1218;14
1219;11
1220;26
1221;13
1222;22
1223;17
1224;13
1225;18
1226;22
1227;15
1228;23
1229;18
1230;14
1231;24
