0101;7
0102;6
0103;12
0104;2
0105;6
0106;6
0107;8
0108;6
0109;3
0110;7
0111;5
0112;6
0113;5
0114;4
0115;1
0116;5
0117;9
0118;5
0119;7
0120;6
0121;4
0122;5
0123;6
0124;5
0125;3
0126;7
0127;3
0128;7
0129;5
0130;8
0131;5
0201;4
0202;4
0203;5
0204;6
0205;3
0206;3
0207;7
0208;4
0209;5
0210;12
0211;10
0212;4
0213;8
0214;5
0215;8
0216;7
0217;8
0218;3
0219;5
0220;6
0221;2
0222;7
0223;7
0224;7
0225;4
0226;4
0227;12
0228;7
0301;6
0302;8
0303;5
0304;12
0305;7
0306;8
0307;7
0308;6
0309;6
0310;8
0311;5
0312;10
0313;6
0314;13
0315;7
0316;8
0317;5
0318;8
0319;7
0320;7
0321;5
0322;5
0323;10
0324;3
0325;7
0326;6
0327;6
0328;6
0329;6
0330;6
0331;4
0401;6
0402;7
0403;3
0404;8
0405;7
0406;1
0407;2
0408;6
0409;5
0410;8
0411;5
0412;5
0413;6
0414;4
0415;5
0416;5
0417;4
0418;13
0419;7
0420;2
0421;10
0422;8
0423;2
0424;2
0425;6
0426;3
0427;5
0428;12
0429;2
0430;5
0501;3
0502;8
0503;4
0504;8
0505;4
0506;5
0507;6
0508;1
0509;10
0510;6
0511;9
0512;5
0513;4
0514;12
0515;3
0516;5
0517;7
0518;7
0519;6
0520;7
0521;5
0522;9
0523;11
0524;6
0525;7
0526;3
0527;8
0528;6
0529;10
0530;3
0531;7
0601;3
0602;5
0603;4
0604;5
0605;4
0606;8
0607;6
0608;8
0609;5
0610;6
0611;6
0612;5
0613;5
0614;2
0615;7
0616;5
0617;12
0618;12
0619;8
0620;11
0621;5
0622;4
0623;7
0624;4
0625;5
0626;3
0627;7
0628;2
0629;7
0630;8
0701;6
0702;5
0703;5
0704;7
0705;8
0706;3
0707;6
0708;5
0709;14
0710;6
0711;11
0712;7
0713;8
0714;1
0715;3
0716;4
0717;9
0718;7
0719;2
0720;5
0721;7
0722;5
0723;4
0724;3
0725;6
0726;6
0727;3
0728;5
0729;5
0730;9
0731;6
0801;8
0802;8
0803;1
0804;5
0805;5
0806;5
0807;5
0808;9
0809;7
0810;8
0811;5
0812;4
0813;3
0814;8
0815;5
0816;3
0817;7
0818;5
0819;7
0821;4
0822;3
0823;2
0824;4
0825;3
0826;6
0827;2
0828;6
0829;7
0830;2
0831;4
0901;3
0902;8
0903;3
0904;5
0905;3
0906;10
0907;8
0908;5
0909;3
0910;5
0911;3
0912;5
0913;7
0914;4
0915;6
0916;4
0917;1
0918;9
0919;7
0920;8
0921;10
0922;4
0923;5
0924;6
0925;8
0926;4
0927;2
0928;4
0929;5
0930;1
1001;2
1002;6
1003;5
1004;2
1005;5
1006;9
1007;3
1008;6
1009;5
1010;6
1011;4
1012;7
1013;6
1014;8
1015;3
1016;3
1017;7
1018;10
1019;5
1020;9
1021;2
1022;6
1023;5
1024;4
1025;4
1026;6
1027;6
1028;5
1029;4
1030;5
1031;7
1101;6
1102;4
1103;5
1104;4
1105;10
1106;7
1107;6
1108;7
1109;7
1110;11
1111;1
1112;7
1113;5
1114;8
1115;2
1116;3
1117;6
1118;2
1119;5
1120;6
1121;6
1122;6
1123;7
1124;6
1125;4
1126;4
1127;8
1128;10
1129;3
1130;9
1201;5
1202;7
1203;6
1204;2
1205;6
1206;5
1207;6
1208;6
1209;4
1210;7
1211;4
1212;12
1213;9
1214;5
1215;5
1216;7
1217;10
1218;4
1219;10
1220;4
1221;8
1222;6
1223;3
1224;5
1225;7
1226;3
1227;8
1228;6
1229;11
1230;4
1231;7
