0101;6
0102;3
0103;5
0104;7
0105;2
0106;7
0107;6
0108;6
0109;3
0110;4
0111;7
0112;3
0113;4
0114;4
0115;3
0116;9
0117;5
0118;3
0119;8
0120;5
0121;6
0122;2
0123;6
0124;3
0125;5
0126;2
0127;5
0128;3
0129;6
0130;10
0131;2
0201;4
0202;2
0203;8
0204;3
0205;6
0206;4
0207;4
0208;6
0209;4
0210;4
0211;4
0212;4
0213;4
0214;1
0215;6
0216;6
0217;3
0219;8
0220;2
0221;3
0222;3
0223;5
0224;3
0225;3
0226;7
0227;4
0228;2
0301;6
0302;7
0303;3
0304;7
0305;2
0306;4
0307;5
0308;4
0309;3
0310;9
0311;1
0312;5
0313;3
0314;6
0315;5
0316;2
0317;4
0318;4
0319;4
0320;3
0321;8
0322;4
0323;5
0324;5
0325;6
0326;7
0327;3
0328;5
0329;6
0330;3
0331;7
0401;6
0402;4
0403;8
0404;4
0405;4
0406;7
0407;7
0408;6
0409;5
0410;2
0411;1
0412;2
0413;7
0414;2
0415;4
0416;3
0417;5
0418;9
0419;1
0420;6
0421;7
0422;5
0423;6
0424;4
0425;5
0426;4
0427;5
0428;5
0429;1
0430;8
0501;2
0502;4
0504;3
0505;3
0506;5
0507;3
0508;8
0509;4
0510;6
0511;5
0513;3
0514;4
0515;3
0516;3
0517;2
0518;2
0519;3
0520;5
0521;6
0522;2
0523;4
0524;5
0525;3
0526;4
0527;4
0528;5
0529;7
0530;7
0601;4
0602;6
0603;4
0604;3
0605;4
0606;3
0607;6
0608;6
0609;12
0610;3
0611;4
0612;3
0613;3
0614;6
0615;4
0616;3
0617;3
0618;6
0619;5
0620;2
0621;6
0622;4
0623;4
0624;2
0625;4
0626;4
0627;4
0628;2
0629;4
0630;2
0701;5
0702;4
0703;13
0704;4
0705;3
0706;5
0707;7
0708;3
0709;8
0710;7
0711;7
0712;10
0713;4
0714;8
0715;7
0716;6
0717;5
0718;5
0719;4
0720;3
0721;5
0722;6
0723;6
0724;7
0725;3
0726;6
0727;4
0728;5
0729;4
0730;3
0731;1
0801;7
0802;2
0803;3
0804;1
0805;4
0806;4
0807;4
0808;7
0809;3
0810;11
0811;5
0812;7
0813;3
0814;3
0815;2
0816;1
0817;3
0818;7
0819;3
0820;6
0821;5
0822;6
0823;2
0824;5
0825;4
0826;8
0827;2
0828;5
0829;6
0830;6
0831;1
0901;7
0902;7
0903;4
0904;5
0905;6
0906;5
0907;3
0908;5
0909;6
0910;1
0911;1
0912;5
0913;5
0914;9
0915;4
0916;5
0917;3
0918;2
0919;6
0920;5
0921;7
0922;2
0923;1
0924;2
0925;5
0926;7
0927;6
0928;3
0929;4
0930;3
1001;7
1002;3
1003;4
1004;6
1005;1
1006;4
1007;4
1008;3
1009;6
1010;6
1011;5
1012;9
1013;6
1014;5
1015;4
1016;5
1017;3
1018;5
1019;6
1020;8
1021;8
1022;2
1023;7
1024;2
1025;1
1026;6
1027;5
1028;3
1029;5
1030;2
1031;2
1101;3
1102;4
1103;3
1104;5
1105;6
1106;3
1107;6
1108;7
1109;3
1110;3
1111;7
1112;2
1113;2
1114;4
1115;5
1116;1
1117;4
1118;5
1119;9
1120;4
1121;3
1123;6
1124;4
1125;2
1126;2
1127;4
1128;7
1129;5
1130;3
1201;4
1202;5
1203;6
1204;5
1205;3
1206;8
1207;4
1208;5
1209;3
1210;1
1211;7
1212;3
1213;5
1215;5
1216;6
1217;6
1218;7
1219;2
1220;4
1221;6
1222;7
1223;6
1224;1
1225;4
1226;3
1227;2
1228;10
1229;5
1230;6
1231;5
