0101;4
0102;5
0103;5
0104;6
0105;4
0106;4
0107;3
0108;3
0109;5
0110;7
0111;6
0112;6
0113;4
0114;10
0115;5
0116;6
0117;10
0118;8
0119;8
0120;8
0121;8
0122;5
0123;10
0124;9
0125;3
0126;5
0127;5
0128;3
0129;5
0130;7
0131;3
0201;7
0202;8
0203;8
0204;3
0205;7
0206;5
0207;6
0208;7
0209;5
0210;5
0211;6
0212;6
0213;7
0214;4
0215;9
0216;5
0217;6
0218;4
0219;5
0220;3
0221;5
0222;2
0223;5
0224;1
0225;5
0226;6
0227;3
0228;5
0301;5
0302;6
0303;8
0304;4
0305;5
0306;4
0307;2
0308;6
0309;7
0310;5
0311;9
0312;3
0313;4
0314;3
0315;4
0316;2
0317;6
0318;7
0319;3
0320;6
0321;5
0322;2
0323;2
0324;4
0325;7
0326;4
0327;4
0328;8
0329;2
0330;5
0331;3
0401;3
0402;4
0403;8
0404;9
0405;4
0406;3
0407;3
0408;5
0409;2
0410;4
0411;1
0412;4
0413;4
0414;4
0415;8
0416;7
0417;8
0418;5
0419;10
0420;3
0421;2
0422;2
0423;9
0424;1
0425;3
0426;3
0427;4
0429;6
0430;4
0501;4
0502;3
0503;4
0504;5
0505;4
0506;2
0507;3
0508;3
0509;5
0510;7
0511;7
0512;10
0513;4
0514;4
0515;6
0516;5
0517;1
0518;3
0519;7
0520;4
0521;1
0522;3
0523;4
0524;5
0525;2
0526;2
0527;5
0528;3
0529;4
0530;4
0531;4
0601;7
0602;6
0603;9
0604;3
0605;4
0606;7
0607;3
0608;7
0609;5
0610;2
0611;3
0612;6
0613;6
0614;5
0615;5
0616;5
0617;1
0618;7
0619;2
0620;4
0622;5
0623;3
0624;6
0625;4
0626;2
0627;2
0628;5
0629;2
0630;8
0701;5
0702;3
0703;6
0704;3
0705;3
0706;6
0707;2
0708;4
0709;8
0710;4
0711;5
0712;4
0713;5
0714;7
0715;4
0716;4
0717;5
0718;4
0719;6
0720;6
0721;6
0722;1
0723;6
0724;1
0725;4
0726;1
0727;6
0728;3
0729;8
0730;1
0731;5
0801;4
0802;3
0803;1
0804;4
0805;7
0806;3
0807;3
0808;3
0809;1
0810;2
0811;3
0812;9
0813;7
0814;3
0815;9
0816;5
0817;1
0818;7
0819;7
0820;8
0821;3
0822;5
0823;6
0824;1
0825;3
0826;4
0827;3
0828;4
0829;2
0830;1
0831;1
0901;2
0902;2
0903;4
0904;3
0905;10
0906;7
0907;7
0908;4
0909;2
0910;10
0911;1
0912;10
0913;2
0914;4
0915;5
0916;7
0917;3
0918;5
0919;4
0920;6
0921;4
0922;7
0923;4
0924;4
0925;5
0926;3
0927;4
0928;7
0929;8
0930;4
1001;2
1002;6
1003;2
1004;4
1005;5
1006;3
1007;4
1008;7
1009;3
1010;5
1011;6
1012;6
1013;2
1014;7
1015;7
1016;8
1017;7
1018;8
1019;3
1020;7
1021;5
1022;6
1023;2
1024;3
1025;2
1026;4
1027;4
1028;3
1030;5
1031;8
1101;7
1102;4
1103;9
1104;5
1105;9
1106;6
1107;3
1108;7
1109;4
1110;1
1111;6
1112;4
1113;3
1114;4
1115;7
1116;3
1117;5
1118;4
1119;7
1120;2
1121;5
1122;8
1123;5
1124;5
1125;8
1126;4
1127;4
1128;3
1129;9
1130;4
1201;4
1202;4
1203;5
1204;6
1205;8
1206;4
1207;10
1208;6
1209;3
1210;3
1211;5
1212;11
1213;6
1214;5
1215;6
1216;3
1217;4
1218;3
1219;7
1220;6
1221;7
1222;3
1223;7
1224;3
1225;3
1226;1
1227;9
1228;6
1229;6
1230;7
1231;2
