0101;92
0102;93
0103;80
0104;72
0105;79
0106;78
0107;70
0108;75
0109;64
0110;75
0111;81
0112;77
0113;78
0114;69
0115;71
0116;65
0117;65
0118;72
0119;64
0120;72
0121;70
0122;74
0123;67
0124;72
0125;89
0126;70
0127;64
0128;69
0129;85
0130;70
0131;62
0201;65
0202;77
0203;54
0204;58
0205;76
0206;56
0207;68
0208;69
0209;64
0210;64
0211;63
0212;49
0213;53
0214;63
0215;77
0216;60
0217;56
0218;62
0219;62
0220;70
0221;66
0222;75
0223;72
0224;72
0225;51
0226;65
0227;73
0228;62
0301;92
0302;69
0303;58
0304;65
0305;56
0306;73
0307;63
0308;75
0309;71
0310;61
0311;63
0312;63
0313;70
0314;59
0315;54
0316;63
0317;57
0318;78
0319;55
0320;77
0321;60
0322;56
0323;68
0324;65
0325;63
0326;71
0327;57
0328;70
0329;70
0330;66
0331;58
0401;72
0402;86
0403;56
0404;58
0405;69
0406;74
0407;67
0408;59
0409;70
0410;69
0411;72
0412;71
0413;61
0414;55
0415;76
0416;72
0417;72
0418;66
0419;76
0420;59
0421;67
0422;60
0423;73
0424;74
0425;62
0426;68
0427;69
0428;60
0429;68
0430;69
0501;68
0502;60
0503;56
0504;71
0505;67
0506;65
0507;65
0508;70
0509;53
0510;66
0511;66
0512;74
0513;59
0514;62
0515;61
0516;70
0517;63
0518;55
0519;62
0520;67
0521;54
0522;75
0523;58
0524;69
0525;75
0526;66
0527;68
0528;68
0529;38
0530;66
0531;69
0601;61
0602;68
0603;65
0604;66
0605;80
0606;68
0607;61
0608;64
0609;58
0610;57
0611;53
0612;63
0613;58
0614;57
0615;51
0616;53
0617;55
0618;59
0619;47
0620;71
0621;71
0622;53
0623;55
0624;51
0625;58
0626;47
0627;62
0628;58
0629;67
0630;70
0701;67
0702;56
0703;58
0704;59
0705;59
0706;54
0707;77
0708;64
0709;59
0710;56
0711;61
0712;81
0713;57
0714;69
0715;62
0716;54
0717;49
0718;66
0719;71
0720;64
0721;60
0722;55
0723;49
0724;46
0725;55
0726;60
0727;57
0728;54
0729;49
0730;59
0731;48
0801;49
0802;53
0803;70
0804;46
0805;43
0806;61
0807;52
0808;58
0809;64
0810;47
0811;62
0812;68
0813;58
0814;55
0815;50
0816;61
0817;53
0818;48
0819;50
0820;65
0821;52
0822;44
0823;61
0824;60
0825;66
0826;49
0827;55
0828;47
0829;69
0830;63
0831;52
0901;61
0902;57
0903;69
0904;57
0905;62
0906;75
0907;54
0908;57
0909;54
0910;65
0911;68
0912;53
0913;49
0914;72
0915;64
0916;67
0917;63
0918;55
0919;41
0920;64
0921;58
0922;64
0923;53
0924;47
0925;80
0926;55
0927;45
0928;64
0929;49
0930;64
1001;69
1002;51
1003;56
1004;84
1005;56
1006;63
1007;65
1008;68
1009;46
1010;63
1011;61
1012;59
1013;66
1014;58
1015;58
1016;74
1017;77
1018;53
1019;61
1020;52
1021;66
1022;62
1023;58
1024;53
1025;70
1026;64
1027;58
1028;63
1029;50
1030;71
1031;61
1101;79
1102;50
1103;64
1104;55
1105;46
1106;61
1107;69
1108;56
1109;72
1110;60
1111;66
1112;80
1113;64
1114;75
1115;64
1116;59
1117;68
1118;66
1119;73
1120;59
1121;51
1122;48
1123;63
1124;56
1125;52
1126;60
1127;56
1128;55
1129;64
1130;65
1201;58
1202;73
1203;69
1204;56
1205;61
1206;65
1207;76
1208;76
1209;73
1210;66
1211;60
1212;68
1213;70
1214;66
1215;90
1216;66
1217;69
1218;68
1219;78
1220;58
1221;74
1222;67
1223;59
1224;67
1225;91
1226;84
1227;72
1228;74
1229;62
1230;66
1231;63
