0101;15
0102;12
0103;19
0104;10
0105;10
0106;18
0107;24
0108;14
0109;17
0110;12
0111;25
0112;14
0113;20
0114;13
0115;13
0116;9
0117;17
0118;7
0119;13
0120;10
0121;16
0122;13
0123;14
0124;11
0125;15
0126;16
0127;19
0128;13
0129;11
0130;21
0131;21
0201;10
0202;24
0203;18
0204;20
0205;12
0206;17
0207;13
0208;6
0209;17
0210;22
0211;13
0212;10
0213;9
0214;12
0215;15
0216;22
0217;14
0218;10
0219;19
0220;17
0221;13
0222;18
0223;8
0224;14
0225;12
0226;17
0227;16
0228;11
0301;15
0302;17
0303;15
0304;12
0305;13
0306;19
0307;16
0308;22
0309;13
0310;10
0311;15
0312;16
0313;23
0314;19
0315;16
0316;13
0317;11
0318;17
0319;15
0320;20
0321;11
0322;14
0323;14
0324;13
0325;16
0326;8
0327;18
0328;7
0329;15
0330;16
0331;17
0401;14
0402;13
0403;13
0404;14
0405;14
0406;14
0407;24
0408;14
0409;20
0410;10
0411;11
0412;10
0413;16
0414;21
0415;18
0416;8
0417;30
0418;9
0419;17
0420;10
0421;12
0422;9
0423;15
0424;10
0425;21
0426;13
0427;14
0428;19
0429;18
0430;15
0501;14
0502;14
0503;15
0504;14
0505;16
0506;20
0507;13
0508;16
0509;8
0510;15
0511;13
0512;19
0513;19
0514;14
0515;16
0516;8
0517;19
0518;11
0519;15
0520;10
0521;25
0522;13
0523;12
0524;7
0525;14
0526;22
0527;5
0528;14
0529;16
0530;12
0531;8
0601;12
0602;4
0603;9
0604;15
0605;16
0606;17
0607;10
0608;13
0609;12
0610;17
0611;9
0612;15
0613;20
0614;17
0615;11
0616;10
0617;22
0618;16
0619;20
0620;14
0621;18
0622;21
0623;17
0624;15
0625;11
0626;18
0627;10
0628;13
0629;21
0630;12
0701;20
0702;17
0703;14
0704;19
0705;18
0706;12
0707;13
0708;21
0709;26
0710;20
0711;16
0712;18
0713;12
0714;10
0715;19
0716;10
0717;18
0718;13
0719;19
0720;13
0721;14
0722;13
0723;7
0724;16
0725;10
0726;13
0727;12
0728;9
0729;8
0730;11
0731;15
0801;14
0802;14
0803;19
0804;14
0805;16
0806;15
0807;18
0808;16
0809;13
0810;16
0811;12
0812;17
0813;23
0814;15
0815;9
0816;12
0817;9
0818;11
0819;13
0820;12
0821;9
0822;20
0823;8
0824;12
0825;17
0826;13
0827;19
0828;10
0829;9
0830;15
0831;12
0901;10
0902;14
0903;10
0904;10
0905;15
0906;19
0907;11
0908;9
0909;8
0910;21
0911;11
0912;14
0913;16
0914;15
0915;9
0916;18
0917;12
0918;16
0919;12
0920;10
0921;20
0922;13
0923;12
0924;12
0925;15
0926;21
0927;16
0928;14
0929;9
0930;14
1001;13
1002;18
1003;16
1004;12
1005;19
1006;19
1007;19
1008;19
1009;19
1010;20
1011;18
1012;14
1013;13
1014;15
1015;13
1016;16
1017;18
1018;10
1019;9
1020;19
1021;21
1022;12
1023;9
1024;16
1025;15
1026;13
1027;13
1028;14
1029;12
1030;18
1031;16
1101;18
1102;15
1103;19
1104;9
1105;15
1106;12
1107;12
1108;9
1109;18
1110;10
1111;17
1112;7
1113;11
1114;10
1115;20
1116;9
1117;22
1118;19
1119;16
1120;13
1121;9
1122;22
1123;26
1124;18
1125;12
1126;11
1127;11
1128;16
1129;19
1130;15
1201;20
1202;16
1203;16
1204;19
1205;16
1206;19
1207;15
1208;20
1209;14
1210;18
1211;10
1212;15
1213;14
1214;10
1215;16
1216;25
1217;12
1218;20
1219;14
1220;16
1221;22
1222;11
1223;15
1224;17
1225;13
1226;9
1227;19
1228;17
1229;14
1230;17
1231;17
