0101;6
0102;9
0103;6
0104;11
0105;3
0106;4
0107;9
0108;6
0109;7
0110;2
0111;6
0112;9
0113;8
0114;6
0115;6
0116;11
0117;5
0118;10
0119;7
0120;7
0121;9
0122;8
0123;10
0124;7
0125;5
0126;6
0127;5
0128;6
0129;6
0130;8
0131;4
0201;7
0202;6
0203;13
0204;9
0205;11
0206;3
0207;6
0208;7
0209;4
0210;6
0211;3
0212;4
0213;8
0214;11
0215;3
0216;5
0217;6
0218;2
0219;7
0220;5
0221;7
0222;8
0223;4
0224;5
0225;8
0226;6
0227;7
0228;9
0301;10
0302;8
0303;4
0304;8
0305;6
0306;6
0307;4
0308;9
0309;8
0310;11
0311;5
0312;4
0313;3
0314;10
0315;9
0316;5
0317;9
0318;1
0319;8
0320;6
0321;8
0322;5
0323;6
0324;6
0325;5
0326;3
0327;8
0328;6
0329;9
0330;5
0331;7
0401;11
0402;6
0403;4
0404;7
0405;2
0406;12
0407;5
0408;8
0409;5
0410;5
0411;3
0412;5
0413;7
0414;6
0415;5
0416;3
0417;6
0418;4
0419;7
0420;6
0421;6
0422;3
0423;8
0424;5
0425;5
0426;3
0427;1
0428;10
0429;7
0430;11
0501;6
0502;3
0503;3
0504;9
0505;4
0506;3
0507;9
0508;7
0509;8
0510;8
0511;2
0512;5
0513;7
0514;3
0515;4
0516;6
0517;8
0518;7
0519;3
0520;9
0521;3
0522;9
0523;6
0524;5
0525;4
0526;5
0527;2
0528;3
0529;5
0530;8
0531;4
0601;4
0602;3
0603;5
0604;7
0605;5
0606;8
0607;4
0608;7
0609;5
0610;7
0611;5
0612;10
0613;3
0614;8
0615;7
0616;8
0617;3
0618;6
0619;3
0620;6
0621;5
0622;5
0623;2
0624;7
0625;5
0626;6
0627;5
0628;7
0629;6
0630;5
0701;4
0702;7
0703;6
0704;6
0705;7
0706;4
0707;15
0708;10
0709;8
0710;5
0711;4
0712;6
0713;4
0714;8
0715;4
0716;4
0717;7
0718;5
0719;11
0720;8
0721;8
0722;4
0723;11
0724;6
0725;5
0726;4
0727;9
0728;5
0729;4
0730;2
0731;6
0801;5
0802;9
0803;5
0804;4
0805;4
0806;7
0807;6
0808;7
0809;8
0810;8
0811;11
0812;6
0813;7
0814;5
0815;5
0816;3
0817;3
0818;4
0819;9
0820;2
0821;4
0822;4
0823;4
0824;8
0825;1
0826;8
0827;7
0828;4
0829;4
0830;5
0831;8
0901;6
0902;5
0903;10
0904;10
0905;8
0906;3
0907;7
0908;4
0909;4
0910;6
0911;7
0912;8
0913;14
0914;11
0915;2
0916;5
0917;3
0918;8
0919;7
0920;7
0921;5
0922;3
0923;4
0924;3
0925;1
0926;8
0927;4
0929;5
0930;4
1001;8
1002;4
1003;4
1004;7
1005;5
1006;2
1007;3
1008;4
1009;5
1010;5
1011;6
1012;1
1013;7
1014;9
1015;5
1016;4
1017;4
1018;5
1019;5
1020;11
1021;11
1022;5
1023;2
1024;2
1025;3
1026;5
1027;8
1028;6
1029;6
1030;5
1031;3
1101;4
1102;9
1103;8
1104;8
1105;6
1106;5
1107;7
1108;9
1109;7
1110;3
1111;4
1112;4
1113;7
1114;6
1115;9
1116;8
1117;7
1118;7
1119;3
1120;5
1121;5
1122;6
1123;5
1124;6
1125;3
1126;9
1127;3
1128;5
1129;3
1130;7
1201;6
1202;10
1203;3
1204;6
1205;8
1206;5
1207;5
1208;7
1209;2
1210;9
1211;7
1212;5
1213;5
1214;8
1215;6
1216;10
1217;2
1218;4
1219;6
1220;6
1221;5
1222;6
1223;10
1224;3
1225;6
1226;6
1227;6
1228;8
1229;7
1230;4
1231;5
