0101;29
0102;36
0103;22
0104;38
0105;37
0106;24
0107;30
0108;28
0109;40
0110;27
0111;30
0112;31
0113;32
0114;40
0115;25
0116;28
0117;30
0118;23
0119;42
0120;32
0121;24
0122;32
0123;41
0124;37
0125;46
0126;34
0127;38
0128;32
0129;31
0130;23
0131;32
0201;39
0202;31
0203;31
0204;30
0205;25
0206;35
0207;35
0208;40
0209;37
0210;31
0211;24
0212;26
0213;26
0214;33
0215;34
0216;30
0217;36
0218;35
0219;27
0220;35
0221;28
0222;28
0223;30
0224;26
0225;29
0226;26
0227;23
0228;33
0301;42
0302;31
0303;32
0304;27
0305;30
0306;23
0307;31
0308;31
0309;39
0310;31
0311;34
0312;40
0313;35
0314;32
0315;32
0316;28
0317;33
0318;32
0319;33
0320;26
0321;21
0322;34
0323;35
0324;17
0325;30
0326;36
0327;12
0328;30
0329;29
0330;31
0331;34
0401;35
0402;42
0403;30
0404;26
0405;25
0406;28
0407;33
0408;38
0409;35
0410;28
0411;21
0412;28
0413;22
0414;26
0415;34
0416;38
0417;36
0418;19
0419;23
0420;40
0421;29
0422;30
0423;27
0424;36
0425;27
0426;25
0427;38
0428;33
0429;26
0430;37
0501;32
0502;24
0503;22
0504;23
0505;26
0506;27
0507;30
0508;35
0509;26
0510;37
0511;26
0512;36
0513;26
0514;27
0515;35
0516;28
0517;38
0518;28
0519;26
0520;33
0521;32
0522;25
0523;28
0524;28
0525;26
0526;36
0527;32
0528;24
0529;24
0530;32
0531;25
0601;34
0602;33
0603;35
0604;23
0605;39
0606;21
0607;35
0608;30
0609;32
0610;28
0611;29
0612;26
0613;28
0614;30
0615;30
0616;34
0617;28
0618;20
0619;27
0620;27
0621;26
0622;17
0623;24
0624;28
0625;29
0626;27
0627;17
0628;22
0629;19
0630;24
0701;32
0702;32
0703;22
0704;25
0705;23
0706;29
0707;21
0708;34
0709;36
0710;33
0711;40
0712;38
0713;37
0714;33
0715;40
0716;29
0717;36
0718;40
0719;20
0720;31
0721;35
0722;24
0723;25
0724;23
0725;28
0726;19
0727;29
0728;24
0729;33
0730;33
0731;23
0801;28
0802;26
0803;20
0804;28
0805;29
0806;20
0807;30
0808;23
0809;25
0810;20
0811;24
0812;23
0813;24
0814;25
0815;21
0816;24
0817;22
0818;32
0819;29
0820;30
0821;21
0822;24
0823;22
0824;31
0825;25
0826;16
0827;30
0828;24
0829;34
0830;24
0831;17
0901;34
0902;20
0903;27
0904;25
0905;36
0906;29
0907;24
0908;29
0909;18
0910;31
0911;30
0912;20
0913;29
0914;31
0915;28
0916;22
0917;23
0918;25
0919;28
0920;27
0921;27
0922;25
0923;26
0924;20
0925;32
0926;21
0927;26
0928;22
0929;27
0930;17
1001;29
1002;21
1003;27
1004;38
1005;36
1006;31
1007;37
1008;24
1009;22
1010;24
1011;28
1012;24
1013;35
1014;22
1015;34
1016;28
1017;37
1018;25
1019;39
1020;34
1021;33
1022;28
1023;24
1024;37
1025;20
1026;33
1027;28
1028;35
1029;25
1030;30
1031;22
1101;32
1102;24
1103;35
1104;22
1105;30
1106;29
1107;28
1108;24
1109;37
1110;29
1111;30
1112;27
1113;29
1114;19
1115;25
1116;32
1117;21
1118;17
1119;27
1120;27
1121;28
1122;32
1123;37
1124;26
1125;32
1126;22
1127;21
1128;30
1129;33
1130;34
1201;35
1202;34
1203;35
1204;29
1205;33
1206;18
1207;37
1208;30
1209;28
1210;26
1211;22
1212;22
1213;24
1214;25
1215;34
1216;43
1217;36
1218;26
1219;26
1220;32
1221;30
1222;29
1223;26
1224;30
1225;22
1226;38
1227;23
1228;28
1229;37
1230;29
1231;24
