0101;14
0102;15
0103;17
0104;18
0105;20
0106;18
0107;17
0108;17
0109;14
0110;13
0111;17
0112;5
0113;20
0114;22
0115;13
0116;17
0117;11
0118;14
0119;10
0120;14
0121;12
0122;15
0123;8
0124;14
0125;18
0126;18
0127;23
0128;16
0129;15
0130;18
0131;16
0201;24
0202;16
0203;24
0204;18
0205;15
0206;17
0207;16
0208;18
0209;22
0210;14
0211;14
0212;18
0213;16
0214;25
0215;19
0216;26
0217;17
0218;15
0219;13
0220;16
0221;13
0222;16
0223;16
0224;15
0225;20
0226;14
0227;14
0228;16
0301;20
0302;20
0303;11
0304;15
0305;10
0306;18
0307;19
0308;13
0309;11
0310;25
0311;13
0312;23
0313;14
0314;14
0315;17
0316;17
0317;20
0318;23
0319;16
0320;19
0321;20
0322;7
0323;19
0324;16
0325;21
0326;10
0327;8
0328;13
0329;19
0330;8
0331;10
0401;19
0402;14
0403;17
0404;18
0405;12
0406;14
0407;14
0408;21
0409;15
0410;10
0411;15
0412;10
0413;9
0414;10
0415;15
0416;15
0417;14
0418;32
0419;13
0420;16
0421;27
0422;10
0423;12
0424;14
0425;23
0426;22
0427;18
0428;16
0429;12
0430;11
0501;16
0502;12
0503;16
0504;16
0505;20
0506;8
0507;19
0508;14
0509;10
0510;13
0511;11
0512;15
0513;17
0514;16
0515;18
0516;11
0517;16
0518;15
0519;18
0520;11
0521;14
0522;11
0523;14
0524;11
0525;12
0526;10
0527;13
0528;14
0529;15
0530;16
0531;14
0601;18
0602;23
0603;7
0604;19
0605;11
0606;13
0607;16
0608;24
0609;19
0610;21
0611;13
0612;16
0613;7
0614;10
0615;9
0616;10
0617;17
0618;20
0619;13
0620;18
0621;14
0622;16
0623;11
0624;5
0625;12
0626;14
0627;16
0628;16
0629;11
0630;19
0701;9
0702;16
0703;17
0704;17
0705;12
0706;16
0707;12
0708;19
0709;12
0710;16
0711;17
0712;29
0713;21
0714;18
0715;18
0716;14
0717;26
0718;11
0719;17
0720;16
0721;13
0722;16
0723;12
0724;10
0725;17
0726;11
0727;15
0728;12
0729;21
0730;12
0731;27
0801;18
0802;9
0803;14
0804;9
0805;17
0806;14
0807;14
0808;12
0809;18
0810;16
0811;12
0812;18
0813;16
0814;13
0815;11
0816;12
0817;15
0818;13
0819;14
0820;16
0821;12
0822;4
0823;15
0824;11
0825;13
0826;13
0827;18
0828;10
0829;13
0830;16
0831;12
0901;14
0902;20
0903;17
0904;16
0905;15
0906;23
0907;12
0908;8
0909;12
0910;19
0911;13
0912;18
0913;13
0914;22
0915;15
0916;13
0917;13
0918;13
0919;11
0920;16
0921;15
0922;12
0923;15
0924;12
0925;10
0926;17
0927;18
0928;14
0929;18
0930;21
1001;10
1002;12
1003;13
1004;14
1005;12
1006;9
1007;15
1008;12
1009;7
1010;18
1011;23
1012;15
1013;24
1014;12
1015;20
1016;15
1017;21
1018;18
1019;15
1020;12
1021;12
1022;7
1023;20
1024;7
1025;14
1026;15
1027;15
1028;16
1029;10
1030;15
1031;13
1101;19
1102;20
1103;13
1104;17
1105;14
1106;19
1107;12
1108;17
1109;13
1110;22
1111;11
1112;12
1113;17
1114;19
1115;13
1116;16
1117;16
1118;11
1119;16
1120;10
1121;12
1122;12
1123;7
1124;22
1125;13
1126;15
1127;10
1128;16
1129;15
1130;13
1201;19
1202;21
1203;18
1204;15
1205;16
1206;16
1207;18
1208;13
1209;14
1210;11
1211;15
1212;13
1213;13
1214;7
1215;14
1216;19
1217;12
1218;20
1219;15
1220;17
1221;10
1222;20
1223;18
1224;12
1225;13
1226;15
1227;14
1228;13
1229;18
1230;15
1231;11
