0101;3
0102;6
0103;6
0104;8
0105;5
0106;7
0107;11
0108;4
0109;3
0110;6
0111;3
0112;9
0113;6
0114;4
0115;8
0116;8
0117;5
0118;8
0119;7
0120;3
0121;6
0122;4
0123;8
0124;7
0125;4
0126;4
0127;5
0128;4
0129;7
0130;11
0131;4
0201;4
0202;6
0203;8
0204;6
0205;6
0206;4
0207;7
0208;10
0209;7
0210;7
0211;8
0212;12
0213;5
0214;6
0215;6
0216;11
0217;9
0218;6
0219;7
0220;3
0221;6
0222;12
0223;7
0224;5
0225;10
0226;5
0227;12
0228;5
0301;7
0302;8
0303;13
0304;9
0305;10
0306;5
0307;7
0308;9
0309;6
0310;6
0311;8
0312;6
0313;7
0314;15
0315;7
0316;7
0317;5
0318;6
0319;9
0320;6
0321;9
0322;8
0323;5
0324;2
0325;8
0326;6
0327;9
0328;3
0329;8
0330;8
0331;6
0401;4
0402;8
0403;15
0404;7
0405;16
0406;1
0407;11
0408;6
0409;8
0410;7
0411;3
0412;6
0413;11
0414;7
0415;7
0416;5
0417;12
0418;4
0419;4
0420;8
0421;6
0422;6
0423;9
0424;7
0425;7
0426;13
0427;7
0428;6
0429;7
0430;10
0501;6
0502;6
0503;7
0504;7
0505;4
0506;10
0507;4
0508;8
0509;7
0510;8
0511;3
0512;9
0513;11
0514;11
0515;9
0516;8
0517;10
0518;8
0519;6
0520;6
0521;5
0522;8
0523;5
0524;10
0525;8
0526;10
0527;4
0528;5
0529;8
0530;7
0531;7
0601;7
0602;7
0603;4
0604;6
0605;6
0606;3
0607;9
0608;6
0609;6
0610;5
0611;9
0612;9
0613;4
0614;4
0615;5
0616;4
0617;12
0618;8
0619;5
0620;3
0621;9
0622;9
0623;6
0624;8
0625;6
0626;6
0627;5
0628;3
0629;8
0630;4
0701;7
0702;15
0703;7
0704;7
0705;5
0706;11
0707;9
0708;5
0709;7
0710;11
0711;10
0712;2
0713;8
0714;5
0715;6
0716;7
0717;6
0718;7
0719;11
0720;4
0721;7
0722;8
0723;10
0724;3
0725;9
0726;3
0727;3
0728;5
0729;7
0730;9
0731;2
0801;5
0802;10
0803;8
0804;8
0805;9
0806;6
0807;7
0808;3
0809;5
0810;7
0811;6
0812;8
0813;11
0814;9
0815;7
0816;5
0817;8
0818;8
0819;5
0820;9
0821;5
0822;6
0823;6
0824;4
0825;4
0826;6
0827;6
0828;3
0829;4
0830;2
0831;8
0901;7
0902;7
0903;9
0904;5
0905;9
0906;3
0907;3
0908;7
0909;4
0910;9
0911;6
0912;5
0913;4
0914;6
0915;4
0916;4
0917;8
0918;7
0919;10
0920;2
0921;8
0922;3
0923;5
0924;5
0925;9
0926;7
0927;5
0928;6
0929;10
0930;5
1001;3
1002;4
1003;9
1004;5
1005;6
1006;5
1007;5
1008;6
1009;6
1010;6
1011;6
1012;8
1013;5
1014;3
1015;11
1016;4
1017;8
1018;5
1019;5
1020;8
1021;5
1022;3
1023;8
1024;7
1025;6
1026;4
1027;7
1028;11
1029;10
1030;9
1031;9
1101;7
1102;8
1103;11
1104;5
1105;13
1106;4
1107;7
1108;2
1109;9
1110;7
1111;7
1112;6
1113;2
1114;5
1115;11
1116;8
1117;6
1118;4
1119;9
1120;5
1121;6
1122;7
1123;11
1124;6
1125;12
1126;2
1127;6
1128;10
1129;7
1130;5
1201;3
1202;8
1203;5
1204;14
1205;9
1206;6
1207;4
1208;7
1209;12
1210;9
1211;7
1212;4
1213;6
1214;7
1215;13
1216;4
1217;8
1218;8
1219;8
1220;6
1221;1
1222;12
1223;8
1224;10
1225;8
1226;12
1227;4
1228;6
1229;6
1230;8
1231;7
