0101;13
0102;24
0103;17
0104;27
0105;22
0106;20
0107;19
0108;28
0109;20
0110;11
0111;14
0112;14
0113;14
0114;23
0115;11
0116;15
0117;20
0118;27
0119;19
0120;23
0121;26
0122;18
0123;20
0124;21
0125;18
0126;16
0127;16
0128;16
0129;17
0130;12
0131;18
0201;21
0202;18
0203;18
0204;20
0205;20
0206;14
0207;12
0208;19
0209;17
0210;21
0211;18
0212;23
0213;15
0214;25
0215;17
0216;19
0217;21
0218;20
0219;19
0220;21
0221;20
0222;15
0223;22
0224;17
0225;21
0226;23
0227;22
0228;21
0301;16
0302;12
0303;14
0304;17
0305;15
0306;17
0307;13
0308;20
0309;16
0310;20
0311;11
0312;21
0313;18
0314;10
0315;21
0316;12
0317;18
0318;18
0319;16
0320;19
0321;24
0322;16
0323;17
0324;21
0325;13
0326;16
0327;16
0328;16
0329;24
0330;25
0331;20
0401;19
0402;16
0403;20
0404;15
0405;14
0406;18
0407;20
0408;18
0409;19
0410;24
0411;22
0412;18
0413;23
0414;21
0415;16
0416;19
0417;16
0418;20
0419;20
0420;18
0421;19
0422;14
0423;16
0424;14
0425;13
0426;21
0427;25
0428;17
0429;18
0430;23
0500;1
0501;27
0502;12
0503;12
0504;19
0505;20
0506;24
0507;18
0508;23
0509;22
0510;19
0511;14
0512;13
0513;16
0514;22
0515;13
0516;11
0517;10
0518;13
0519;22
0520;18
0521;17
0522;16
0523;15
0524;21
0525;23
0526;13
0527;10
0528;14
0529;15
0530;16
0531;17
0601;24
0602;17
0603;18
0604;21
0605;19
0606;9
0607;17
0608;13
0609;10
0610;14
0611;15
0612;12
0613;13
0614;11
0615;20
0616;16
0617;22
0618;16
0619;7
0620;18
0621;14
0622;16
0623;18
0624;22
0625;12
0626;19
0627;19
0628;17
0629;25
0630;15
0701;17
0702;23
0703;18
0704;16
0705;15
0706;14
0707;22
0708;25
0709;11
0710;19
0711;21
0712;17
0713;20
0714;16
0715;16
0716;14
0717;10
0718;19
0719;11
0720;11
0721;13
0722;14
0723;17
0724;14
0725;6
0726;10
0727;20
0728;15
0729;11
0730;18
0731;10
0801;10
0802;18
0803;18
0804;18
0805;17
0806;20
0807;24
0808;15
0809;21
0810;18
0811;12
0812;10
0813;13
0814;16
0815;17
0816;11
0817;14
0818;18
0819;12
0820;15
0821;7
0822;12
0823;14
0824;12
0825;9
0826;11
0827;9
0828;12
0829;21
0830;19
0831;8
0901;13
0902;17
0903;18
0904;25
0905;23
0906;16
0907;14
0908;19
0909;16
0910;11
0911;20
0912;16
0913;23
0914;9
0915;18
0916;16
0917;16
0918;17
0919;21
0920;12
0921;15
0922;6
0923;12
0924;14
0925;12
0926;11
0927;8
0928;17
0929;18
0930;18
1001;15
1002;20
1003;14
1004;21
1005;18
1006;16
1007;13
1008;24
1009;15
1010;17
1011;15
1012;23
1013;15
1014;8
1015;15
1016;21
1017;19
1018;19
1019;21
1020;18
1021;16
1022;21
1023;15
1024;8
1025;17
1026;16
1027;15
1028;16
1029;14
1030;9
1031;21
1101;14
1102;14
1103;23
1104;22
1105;20
1106;21
1107;19
1108;15
1109;5
1110;19
1111;17
1112;26
1113;16
1114;17
1115;17
1116;16
1117;27
1118;21
1119;14
1120;17
1121;17
1122;15
1123;15
1124;17
1125;18
1126;18
1127;14
1128;18
1129;21
1130;20
1201;25
1202;19
1203;26
1204;17
1205;13
1206;17
1207;20
1208;22
1209;11
1210;17
1211;16
1212;16
1213;13
1214;16
1215;20
1216;14
1217;20
1218;17
1219;11
1220;21
1221;21
1222;20
1223;14
1224;15
1225;23
1226;18
1227;19
1228;23
1229;18
1230;16
1231;25
