0101;14
0102;18
0103;11
0104;20
0105;9
0106;12
0107;10
0108;17
0109;9
0110;17
0111;9
0112;15
0113;15
0114;10
0115;14
0116;9
0117;8
0118;9
0119;19
0120;9
0121;7
0122;14
0123;17
0124;5
0125;11
0126;12
0127;11
0128;16
0129;13
0130;9
0131;13
0201;12
0202;12
0203;14
0204;11
0205;14
0206;10
0207;12
0208;18
0209;14
0210;14
0211;11
0212;11
0213;11
0214;15
0215;15
0216;15
0217;9
0218;16
0219;10
0220;11
0221;9
0222;15
0223;11
0224;7
0225;14
0226;18
0227;17
0228;15
0301;12
0302;13
0303;12
0304;9
0305;11
0306;11
0307;18
0308;12
0309;11
0310;12
0311;11
0312;7
0313;13
0314;5
0315;12
0316;14
0317;14
0318;14
0319;11
0320;6
0321;12
0322;11
0323;10
0324;15
0325;13
0326;8
0327;15
0328;14
0329;18
0330;13
0331;15
0401;11
0402;10
0403;8
0404;9
0405;9
0406;9
0407;11
0408;12
0409;13
0410;11
0411;16
0412;13
0413;14
0414;11
0415;10
0416;7
0417;7
0418;12
0419;13
0420;17
0421;13
0422;15
0423;13
0424;16
0425;11
0426;17
0427;17
0428;13
0429;9
0430;9
0501;14
0502;12
0503;15
0504;17
0505;14
0506;12
0507;16
0508;17
0509;10
0510;11
0511;11
0512;11
0513;13
0514;9
0515;12
0516;12
0517;16
0518;10
0519;8
0520;10
0521;14
0522;15
0523;12
0524;10
0525;10
0526;10
0527;12
0528;12
0529;21
0530;13
0531;8
0601;14
0602;7
0603;15
0604;8
0605;14
0606;9
0607;10
0608;8
0609;10
0610;15
0611;14
0612;8
0613;6
0614;15
0615;6
0616;12
0617;11
0618;10
0619;13
0620;10
0621;13
0622;15
0623;12
0624;11
0625;16
0626;10
0627;14
0628;11
0629;14
0630;12
0701;8
0702;18
0703;10
0704;8
0705;8
0706;10
0707;11
0708;16
0709;9
0710;10
0711;20
0712;13
0713;14
0714;9
0715;8
0716;11
0717;12
0718;8
0719;14
0720;13
0721;12
0722;8
0723;9
0724;10
0725;13
0726;13
0727;10
0728;16
0729;11
0730;7
0731;11
0801;9
0802;11
0803;8
0804;8
0805;12
0806;11
0807;7
0808;12
0809;16
0810;10
0811;8
0812;15
0813;9
0814;13
0815;12
0816;22
0817;13
0818;9
0819;11
0820;15
0821;14
0822;8
0823;11
0824;13
0825;14
0826;12
0827;8
0828;10
0829;18
0830;6
0831;17
0901;12
0902;11
0903;11
0904;12
0905;18
0906;11
0907;16
0908;10
0909;2
0910;8
0911;12
0912;11
0913;6
0914;5
0915;6
0916;15
0917;10
0918;8
0919;10
0920;10
0921;10
0922;8
0923;13
0924;9
0925;14
0926;10
0927;12
0928;12
0929;6
0930;5
1001;10
1002;17
1003;9
1004;12
1005;23
1006;10
1007;10
1008;11
1009;14
1010;11
1011;10
1012;15
1013;8
1014;9
1015;13
1016;8
1017;4
1018;10
1019;12
1020;13
1021;9
1022;12
1023;15
1024;8
1025;23
1026;18
1027;10
1028;12
1029;10
1030;13
1031;10
1101;6
1102;15
1103;12
1104;17
1105;10
1106;9
1107;11
1108;8
1109;11
1110;13
1111;13
1112;13
1113;15
1114;8
1115;16
1116;19
1117;8
1118;10
1119;10
1120;13
1121;9
1122;11
1123;12
1124;16
1125;13
1126;10
1127;11
1128;12
1129;13
1130;12
1201;9
1202;12
1203;13
1204;11
1205;9
1206;11
1207;12
1208;9
1209;18
1210;12
1211;9
1212;11
1213;14
1214;13
1215;11
1216;10
1217;11
1218;13
1219;10
1220;9
1221;11
1222;8
1223;10
1224;12
1225;13
1226;15
1227;12
1228;9
1229;8
1230;13
1231;10
