0000;1
0101;22
0102;22
0103;18
0104;15
0105;19
0106;15
0107;12
0108;18
0109;11
0110;15
0111;18
0112;15
0113;14
0114;17
0115;18
0116;23
0117;16
0118;16
0119;12
0120;17
0121;14
0122;17
0123;9
0124;19
0125;17
0126;11
0127;12
0128;20
0129;20
0130;10
0131;24
0201;25
0202;16
0203;11
0204;14
0205;20
0206;18
0207;18
0208;12
0209;19
0210;13
0211;12
0212;22
0213;11
0214;11
0215;19
0216;20
0217;17
0218;12
0219;12
0220;13
0221;20
0222;18
0223;14
0224;7
0225;12
0226;20
0227;14
0228;21
0301;25
0302;14
0303;5
0304;19
0305;17
0306;15
0307;10
0308;11
0309;16
0310;8
0311;14
0312;18
0313;6
0314;18
0315;20
0316;10
0317;15
0318;15
0319;17
0320;12
0321;16
0322;11
0323;18
0324;13
0325;16
0326;16
0327;14
0328;12
0329;20
0330;12
0331;15
0401;9
0402;11
0403;10
0404;13
0405;10
0406;7
0407;16
0408;17
0409;9
0410;14
0411;9
0412;17
0413;19
0414;6
0415;13
0416;18
0417;17
0418;14
0419;12
0420;15
0421;18
0422;9
0423;19
0424;15
0425;11
0426;14
0427;21
0428;8
0429;16
0430;14
0501;20
0502;18
0503;10
0504;10
0505;20
0506;11
0507;16
0508;16
0509;11
0510;12
0511;14
0512;7
0513;16
0514;13
0515;18
0516;17
0517;12
0518;16
0519;14
0520;7
0521;13
0522;16
0523;22
0524;11
0525;10
0526;20
0527;9
0528;14
0529;11
0530;10
0531;13
0601;11
0602;16
0603;11
0604;24
0605;13
0606;13
0607;23
0608;14
0609;13
0610;9
0611;22
0612;9
0613;12
0614;12
0615;13
0616;21
0617;18
0618;13
0619;15
0620;10
0621;6
0622;15
0623;15
0624;10
0625;11
0626;12
0627;7
0628;9
0629;12
0630;18
0701;19
0702;15
0703;18
0704;10
0705;19
0706;19
0707;13
0708;21
0709;15
0710;16
0711;13
0712;20
0713;17
0714;28
0715;10
0716;21
0717;20
0718;13
0719;12
0720;20
0721;18
0722;7
0723;17
0724;17
0725;14
0726;10
0727;9
0728;14
0729;16
0730;11
0731;14
0801;11
0802;20
0803;13
0804;12
0805;21
0806;10
0807;15
0808;9
0809;10
0810;12
0811;8
0812;15
0813;14
0814;14
0815;5
0816;13
0817;16
0818;8
0819;15
0820;7
0821;14
0822;10
0823;8
0824;11
0825;9
0826;15
0827;8
0828;9
0829;14
0830;9
0831;11
0901;11
0902;9
0903;15
0904;16
0905;11
0906;8
0907;18
0908;14
0909;10
0910;21
0911;11
0912;12
0913;14
0914;13
0915;18
0916;14
0917;13
0918;12
0919;11
0920;23
0921;13
0922;9
0923;15
0924;18
0925;10
0926;14
0927;9
0928;14
0929;22
0930;10
1001;11
1002;12
1003;15
1004;16
1005;10
1006;17
1007;17
1008;20
1009;16
1010;13
1011;16
1012;16
1013;21
1014;23
1015;19
1016;12
1017;17
1018;19
1019;11
1020;13
1021;14
1022;18
1023;12
1024;12
1025;11
1026;10
1027;15
1028;21
1029;12
1030;17
1031;12
1101;17
1102;13
1103;13
1104;9
1105;11
1106;13
1107;15
1108;15
1109;15
1110;15
1111;15
1112;21
1113;13
1114;12
1115;15
1116;18
1117;19
1118;17
1119;13
1120;11
1121;16
1122;16
1123;17
1124;11
1125;12
1126;19
1127;14
1128;12
1129;16
1130;20
1201;19
1202;13
1203;23
1204;15
1205;18
1206;27
1207;15
1208;12
1209;17
1210;15
1211;23
1212;13
1213;17
1214;16
1215;22
1216;19
1217;30
1218;17
1219;23
1220;17
1221;13
1222;22
1223;9
1224;13
1225;17
1226;7
1227;16
1228;16
1229;16
1230;15
1231;16
