0101;38
0102;22
0103;33
0104;28
0105;31
0106;29
0107;33
0108;26
0109;24
0110;31
0111;35
0112;30
0113;20
0114;30
0115;30
0116;33
0117;33
0118;23
0119;20
0120;24
0121;23
0122;20
0123;27
0124;31
0125;27
0126;24
0127;28
0128;28
0129;33
0130;32
0131;27
0201;20
0202;31
0203;29
0204;29
0205;25
0206;28
0207;21
0208;22
0209;29
0210;34
0211;23
0212;29
0213;25
0214;27
0215;31
0216;29
0217;18
0218;38
0219;37
0220;31
0221;27
0222;25
0223;33
0224;30
0225;25
0226;22
0227;28
0228;25
0301;25
0302;23
0303;24
0304;29
0305;20
0306;26
0307;23
0308;31
0309;28
0310;21
0311;24
0312;24
0313;23
0314;19
0315;23
0316;29
0317;31
0318;29
0319;23
0320;17
0321;16
0322;19
0323;26
0324;25
0325;32
0326;29
0327;25
0328;23
0329;26
0330;28
0331;25
0401;26
0402;26
0403;28
0404;31
0405;20
0406;22
0407;23
0408;36
0409;39
0410;24
0411;21
0412;29
0413;19
0414;29
0415;29
0416;31
0417;28
0418;19
0419;19
0420;22
0421;23
0422;24
0423;19
0424;20
0425;25
0426;30
0427;24
0428;31
0429;24
0430;24
0501;25
0502;30
0503;24
0504;32
0505;33
0506;15
0507;20
0508;26
0509;24
0510;27
0511;23
0512;32
0513;16
0514;29
0515;26
0516;25
0517;21
0518;25
0519;19
0520;23
0521;19
0522;25
0523;16
0524;18
0525;27
0526;25
0527;32
0528;20
0529;22
0530;21
0531;25
0601;19
0602;25
0603;25
0604;28
0605;26
0606;21
0607;21
0608;23
0609;22
0610;25
0611;16
0612;22
0613;30
0614;24
0615;25
0616;28
0617;18
0618;22
0619;20
0620;26
0621;22
0622;23
0623;22
0624;26
0625;20
0626;29
0627;17
0628;18
0629;18
0630;23
0701;26
0702;31
0703;28
0704;27
0705;24
0706;21
0707;24
0708;25
0709;28
0710;28
0711;28
0712;37
0713;39
0714;20
0715;22
0716;22
0717;18
0718;20
0719;30
0720;26
0721;18
0722;21
0723;17
0724;20
0725;25
0726;17
0727;21
0728;34
0729;22
0730;17
0731;20
0801;29
0802;30
0803;16
0804;23
0805;20
0806;20
0807;20
0808;8
0809;17
0810;24
0811;19
0812;23
0813;20
0814;18
0815;17
0816;17
0817;16
0818;17
0819;13
0820;20
0821;13
0822;19
0823;18
0824;26
0825;19
0826;24
0827;21
0828;20
0829;17
0830;20
0831;17
0901;29
0902;12
0903;23
0904;21
0905;29
0906;24
0907;25
0908;34
0909;17
0910;21
0911;33
0912;14
0913;22
0914;17
0915;19
0916;16
0917;30
0918;17
0919;19
0920;25
0921;19
0922;27
0923;21
0924;29
0925;18
0926;18
0927;23
0928;20
0929;19
0930;26
1001;26
1002;30
1003;21
1004;20
1005;34
1006;16
1007;33
1008;21
1009;24
1010;24
1011;23
1012;24
1013;26
1014;26
1015;18
1016;33
1017;25
1018;26
1019;30
1020;31
1021;30
1022;31
1023;22
1024;31
1025;26
1026;28
1027;32
1028;28
1029;21
1030;20
1031;21
1101;22
1102;18
1103;24
1104;24
1105;25
1106;27
1107;21
1108;17
1109;23
1110;17
1111;20
1112;19
1113;28
1114;29
1115;17
1116;40
1117;22
1118;20
1119;21
1120;29
1121;19
1122;15
1123;28
1124;29
1125;25
1126;25
1127;19
1128;19
1129;32
1130;16
1201;28
1202;29
1203;25
1204;36
1205;28
1206;26
1207;26
1208;24
1209;30
1210;27
1211;18
1212;32
1213;18
1214;23
1215;34
1216;30
1217;26
1218;28
1219;31
1220;26
1221;31
1222;19
1223;16
1224;33
1225;23
1226;25
1227;28
1228;27
1229;27
1230;37
1231;29
