0101;7
0102;7
0103;11
0104;16
0105;10
0106;6
0107;8
0108;12
0109;17
0110;6
0111;16
0112;17
0113;12
0114;16
0115;17
0116;11
0117;11
0118;11
0119;17
0120;13
0121;13
0122;13
0123;14
0124;6
0125;10
0126;14
0127;13
0128;15
0129;15
0130;17
0131;6
0201;13
0202;11
0203;6
0204;7
0205;22
0206;6
0207;13
0208;21
0209;15
0210;11
0211;14
0212;19
0213;21
0214;9
0215;16
0216;12
0217;13
0218;12
0219;5
0220;8
0221;6
0222;11
0223;12
0224;13
0225;12
0226;13
0227;15
0228;16
0301;10
0302;6
0303;12
0304;8
0305;8
0306;17
0307;5
0308;14
0309;15
0310;5
0311;8
0312;4
0313;6
0314;13
0315;10
0316;16
0317;15
0318;14
0319;16
0320;6
0321;10
0322;8
0323;19
0324;10
0325;8
0326;11
0327;10
0328;12
0329;22
0330;8
0331;13
0401;6
0402;6
0403;13
0404;7
0405;11
0406;4
0407;14
0408;9
0409;12
0410;15
0411;12
0412;12
0413;7
0414;13
0415;11
0416;9
0417;7
0418;12
0419;12
0420;6
0421;8
0422;8
0423;7
0424;9
0425;10
0426;15
0427;18
0428;11
0429;10
0430;8
0501;6
0502;12
0503;13
0504;10
0505;5
0506;4
0507;8
0508;8
0509;9
0510;8
0511;10
0512;13
0513;15
0514;14
0515;6
0516;13
0517;8
0518;11
0519;4
0520;8
0521;11
0522;15
0523;12
0524;11
0525;14
0526;14
0527;13
0528;8
0529;7
0530;16
0531;8
0601;4
0602;13
0603;9
0604;12
0605;11
0606;16
0607;12
0608;11
0609;5
0610;11
0611;9
0612;11
0613;8
0614;14
0615;9
0616;8
0617;9
0618;9
0619;9
0620;10
0621;5
0622;14
0623;9
0624;6
0625;12
0626;8
0627;7
0628;9
0629;11
0630;12
0701;11
0702;11
0703;12
0704;12
0705;9
0706;13
0707;5
0708;4
0709;7
0710;12
0711;6
0712;7
0713;14
0714;12
0715;7
0716;10
0717;12
0718;5
0719;7
0720;11
0721;12
0722;8
0723;10
0724;5
0725;5
0726;12
0727;16
0728;7
0729;13
0730;14
0731;12
0801;7
0802;10
0803;12
0804;12
0805;11
0806;7
0807;11
0808;11
0809;14
0810;9
0811;11
0812;7
0813;5
0814;12
0815;10
0816;12
0817;6
0818;9
0819;7
0820;9
0821;12
0822;3
0823;11
0824;10
0825;13
0826;11
0827;11
0828;6
0829;10
0830;11
0831;7
0901;9
0902;9
0903;13
0904;18
0905;9
0906;6
0907;14
0908;5
0909;8
0910;8
0911;11
0912;10
0913;8
0914;6
0915;7
0916;11
0917;11
0918;9
0919;11
0920;13
0921;10
0922;7
0923;8
0924;15
0925;9
0926;8
0927;13
0928;8
0929;16
0930;9
1001;10
1002;15
1003;13
1004;8
1005;13
1006;16
1007;14
1008;9
1009;14
1010;9
1011;9
1012;10
1013;12
1014;9
1015;4
1016;7
1017;10
1018;10
1019;6
1020;16
1021;4
1022;4
1023;17
1024;9
1025;9
1026;11
1027;22
1028;5
1029;17
1030;7
1031;8
1101;9
1102;15
1103;9
1104;10
1105;8
1106;8
1107;9
1108;11
1109;9
1110;12
1111;11
1112;8
1113;16
1114;6
1115;8
1116;19
1117;20
1118;10
1119;7
1120;12
1121;5
1122;9
1123;8
1124;11
1125;8
1126;8
1127;10
1128;8
1129;10
1130;8
1201;11
1202;12
1203;6
1204;5
1205;14
1206;12
1207;9
1208;9
1209;6
1210;8
1211;8
1212;14
1213;7
1214;18
1215;12
1216;10
1217;9
1218;11
1219;12
1220;12
1221;5
1222;11
1223;21
1224;15
1225;21
1226;12
1227;19
1228;6
1229;14
1230;8
1231;12
