0101;4
0102;2
0103;3
0104;4
0105;4
0106;3
0107;3
0108;4
0109;3
0110;5
0111;1
0112;5
0113;3
0114;3
0115;2
0116;7
0117;4
0118;3
0119;4
0120;2
0121;3
0122;5
0123;3
0124;3
0125;2
0126;3
0127;2
0129;2
0130;3
0131;5
0201;2
0202;3
0203;4
0204;1
0205;6
0206;2
0207;1
0208;3
0209;5
0210;2
0211;2
0212;7
0213;4
0214;2
0215;6
0216;5
0217;6
0218;5
0219;8
0220;5
0221;2
0222;4
0223;4
0224;1
0225;5
0226;5
0227;5
0228;6
0301;1
0302;4
0303;6
0304;2
0305;2
0306;4
0307;7
0308;3
0309;3
0310;5
0311;5
0312;5
0313;4
0314;2
0315;7
0316;4
0317;7
0318;2
0319;2
0320;6
0321;5
0322;5
0323;3
0324;4
0325;4
0326;2
0327;6
0328;4
0329;4
0330;1
0331;4
0401;4
0402;3
0403;5
0404;3
0405;2
0406;2
0407;3
0408;2
0409;5
0410;6
0412;4
0413;2
0414;5
0415;4
0417;4
0418;1
0419;4
0420;2
0421;3
0422;5
0423;4
0424;1
0425;2
0426;2
0427;2
0428;4
0429;4
0430;7
0501;6
0502;3
0503;5
0504;3
0505;5
0506;3
0507;3
0508;2
0509;3
0510;6
0511;4
0512;3
0513;1
0514;2
0515;1
0516;1
0517;5
0518;3
0519;3
0520;2
0521;9
0522;4
0524;3
0525;1
0526;3
0527;5
0528;4
0529;9
0530;5
0531;5
0601;4
0602;2
0603;4
0604;4
0605;2
0606;5
0607;4
0608;6
0609;2
0610;4
0611;6
0612;3
0613;9
0614;5
0615;4
0616;3
0617;5
0618;1
0619;2
0620;7
0621;7
0622;4
0623;2
0624;3
0625;5
0626;6
0627;2
0628;4
0629;3
0630;2
0701;1
0702;4
0703;2
0704;5
0705;3
0706;5
0707;5
0708;6
0709;2
0710;5
0711;3
0712;8
0713;2
0714;3
0715;5
0716;5
0717;4
0718;2
0719;6
0720;4
0721;5
0722;5
0723;6
0724;4
0725;3
0726;4
0727;8
0728;6
0729;2
0730;2
0731;2
0801;4
0802;4
0803;2
0804;4
0805;2
0806;3
0807;5
0808;3
0809;4
0810;4
0811;6
0812;5
0813;4
0814;5
0815;4
0816;6
0817;3
0818;3
0819;1
0820;4
0821;2
0822;3
0823;6
0824;8
0825;3
0826;9
0827;4
0828;2
0829;2
0830;4
0831;2
0901;4
0902;3
0903;4
0904;3
0905;5
0906;2
0907;3
0908;5
0909;4
0910;3
0911;2
0912;6
0913;2
0914;2
0915;5
0916;4
0917;8
0918;3
0919;1
0920;4
0921;2
0922;3
0923;8
0924;5
0926;2
0927;1
0928;5
0929;2
0930;1
1001;3
1002;2
1003;2
1004;4
1005;2
1006;5
1007;5
1008;2
1010;2
1011;1
1012;6
1013;2
1014;5
1015;4
1016;7
1017;5
1018;4
1019;2
1020;2
1021;4
1022;4
1023;5
1024;3
1025;4
1026;3
1027;3
1029;5
1030;3
1031;2
1101;3
1102;3
1103;6
1104;5
1105;6
1106;5
1107;1
1108;1
1110;3
1111;4
1112;4
1113;1
1114;2
1115;5
1116;4
1117;3
1118;4
1119;7
1120;2
1121;5
1122;5
1123;7
1124;2
1125;2
1126;10
1127;3
1128;3
1129;2
1130;5
1201;5
1202;9
1203;3
1204;6
1205;3
1206;5
1207;6
1208;1
1209;5
1210;8
1211;5
1212;6
1213;1
1214;4
1215;4
1216;2
1217;6
1218;5
1219;3
1220;3
1221;4
1222;3
1223;2
1224;4
1225;6
1226;1
1227;3
1228;1
1229;5
1230;5
1231;4
