0101;10
0102;8
0103;6
0104;10
0105;4
0106;11
0107;11
0108;6
0109;7
0110;10
0111;3
0112;6
0113;3
0114;14
0115;11
0116;7
0117;1
0118;5
0119;4
0120;9
0121;9
0122;13
0123;9
0124;5
0125;5
0126;3
0127;6
0128;10
0129;12
0130;3
0131;10
0201;10
0202;13
0203;10
0204;8
0205;10
0206;12
0207;8
0208;10
0209;8
0210;9
0211;7
0212;7
0213;14
0214;8
0215;7
0216;8
0217;2
0218;7
0219;7
0220;6
0221;2
0222;13
0223;7
0224;8
0225;5
0226;9
0227;10
0228;8
0301;4
0302;6
0303;5
0305;9
0306;2
0307;6
0308;10
0309;9
0310;14
0311;7
0312;9
0313;6
0314;2
0315;10
0316;3
0317;6
0318;7
0319;13
0320;11
0321;5
0322;4
0323;8
0324;10
0325;6
0326;8
0327;4
0328;4
0329;1
0330;6
0331;7
0401;4
0402;9
0403;3
0404;4
0405;9
0406;5
0407;9
0408;5
0409;5
0410;6
0411;7
0412;4
0413;7
0414;5
0415;7
0416;5
0417;8
0418;7
0419;10
0420;5
0421;10
0422;6
0423;8
0424;5
0425;8
0426;6
0427;6
0428;7
0429;3
0430;6
0501;2
0502;3
0503;5
0504;9
0505;9
0506;10
0507;7
0508;5
0509;4
0510;5
0511;9
0512;6
0513;3
0514;3
0515;5
0516;7
0517;13
0518;9
0519;4
0520;4
0521;10
0522;7
0523;6
0524;10
0525;4
0526;5
0527;6
0528;8
0529;10
0530;5
0531;8
0601;8
0602;4
0603;6
0604;10
0605;11
0606;11
0607;5
0608;8
0609;7
0610;7
0611;6
0612;7
0613;8
0614;7
0615;9
0616;8
0617;2
0618;7
0619;5
0620;6
0621;4
0622;8
0623;3
0624;11
0625;6
0626;5
0627;5
0628;11
0629;7
0630;8
0701;4
0702;8
0703;10
0704;3
0705;7
0706;7
0707;9
0708;7
0709;13
0710;7
0711;7
0712;4
0713;10
0714;7
0715;5
0716;7
0717;8
0718;3
0719;2
0720;6
0721;8
0722;4
0723;4
0724;8
0725;8
0726;3
0727;7
0728;2
0729;3
0730;5
0731;1
0801;5
0802;1
0803;2
0804;8
0805;8
0806;6
0807;8
0808;6
0809;4
0810;3
0811;2
0812;9
0813;8
0814;5
0815;5
0816;3
0817;13
0818;7
0819;3
0820;5
0821;8
0822;10
0823;11
0824;2
0825;10
0826;3
0827;6
0828;4
0829;3
0830;6
0831;4
0901;3
0902;4
0903;6
0904;4
0905;5
0906;3
0907;2
0908;11
0909;7
0910;2
0911;12
0912;5
0913;2
0914;5
0915;8
0916;4
0917;3
0918;4
0919;10
0920;6
0921;8
0922;8
0923;8
0924;5
0925;8
0926;7
0927;4
0928;8
0929;5
0930;8
1001;7
1002;8
1003;5
1004;8
1005;7
1006;4
1007;6
1008;7
1009;10
1010;5
1011;7
1012;7
1013;7
1014;9
1015;9
1016;2
1017;7
1018;10
1019;4
1020;5
1021;4
1022;10
1023;3
1024;9
1025;4
1026;4
1027;1
1028;9
1029;5
1030;3
1031;7
1101;8
1102;7
1103;7
1104;8
1105;6
1106;6
1107;11
1108;7
1109;7
1110;8
1111;8
1112;2
1113;10
1114;6
1115;7
1116;5
1117;9
1118;4
1119;8
1120;4
1121;5
1122;3
1123;7
1124;5
1125;7
1126;10
1127;9
1128;12
1129;2
1130;2
1201;5
1202;6
1203;9
1204;5
1205;7
1206;8
1207;7
1208;6
1209;10
1210;12
1211;10
1212;4
1213;5
1214;3
1215;4
1216;8
1217;10
1218;5
1219;3
1220;11
1221;10
1222;13
1223;4
1224;6
1225;5
1226;9
1227;7
1228;8
1229;8
1230;9
1231;8
