0101;2
0102;7
0103;2
0104;6
0105;10
0106;8
0107;6
0108;1
0109;4
0110;4
0111;4
0112;5
0113;8
0114;7
0115;5
0116;8
0117;3
0118;8
0119;5
0120;2
0121;2
0122;6
0123;3
0124;4
0125;10
0126;2
0127;5
0128;5
0129;3
0130;4
0131;3
0201;4
0202;9
0203;8
0204;3
0205;3
0206;6
0207;6
0208;5
0209;2
0210;6
0211;3
0212;6
0213;6
0214;7
0215;2
0216;3
0217;7
0218;3
0219;8
0220;3
0221;6
0222;5
0223;3
0224;9
0225;5
0226;3
0227;4
0228;7
0301;7
0302;3
0303;5
0304;3
0305;6
0306;2
0307;6
0308;7
0309;5
0310;8
0311;5
0312;6
0313;3
0314;6
0315;6
0316;4
0317;2
0318;4
0319;3
0320;4
0321;5
0322;5
0323;8
0324;7
0325;2
0326;2
0327;2
0328;4
0329;6
0330;6
0331;4
0401;5
0402;5
0403;3
0404;5
0405;4
0406;5
0407;6
0408;3
0409;3
0410;4
0411;3
0412;3
0413;2
0414;2
0415;3
0416;3
0417;3
0418;4
0419;8
0420;7
0421;9
0422;5
0423;4
0424;5
0425;3
0426;1
0427;7
0428;2
0429;4
0430;2
0501;3
0502;8
0503;5
0504;5
0505;3
0506;4
0507;2
0508;5
0509;3
0510;5
0511;4
0512;6
0513;1
0514;1
0515;5
0516;5
0517;7
0518;9
0519;4
0520;5
0521;3
0522;4
0523;5
0524;7
0525;6
0526;5
0528;3
0529;9
0530;8
0531;2
0601;3
0602;3
0603;4
0604;3
0605;4
0606;4
0607;7
0608;1
0609;4
0610;4
0611;3
0612;4
0613;3
0614;6
0615;3
0616;4
0617;5
0618;4
0620;6
0621;3
0622;5
0623;4
0624;2
0625;3
0626;4
0627;2
0628;5
0629;8
0630;10
0701;5
0702;3
0703;8
0704;5
0705;4
0706;8
0707;6
0708;2
0709;4
0710;2
0711;3
0712;7
0713;6
0714;6
0715;4
0716;2
0717;8
0718;3
0719;4
0720;5
0721;2
0722;1
0723;3
0724;6
0725;5
0726;3
0727;2
0728;5
0729;4
0730;4
0731;4
0801;4
0802;5
0803;8
0804;8
0805;6
0806;4
0807;6
0808;3
0809;3
0810;5
0811;7
0812;6
0813;2
0814;4
0815;3
0816;1
0817;2
0818;4
0819;3
0820;2
0821;5
0822;10
0823;4
0824;3
0825;4
0826;3
0827;1
0828;5
0829;2
0831;5
0901;4
0902;2
0903;5
0904;4
0905;3
0906;1
0907;8
0908;2
0909;3
0910;5
0911;2
0912;7
0913;6
0914;6
0915;4
0916;5
0917;3
0918;4
0919;5
0920;2
0921;4
0922;8
0923;6
0924;3
0925;5
0926;5
0927;7
0928;2
0929;3
0930;5
1001;8
1002;5
1003;3
1004;4
1005;5
1006;1
1007;3
1008;5
1009;4
1010;6
1011;4
1012;1
1013;7
1014;3
1015;3
1016;3
1017;3
1018;4
1020;3
1021;4
1022;6
1023;5
1024;4
1025;5
1026;5
1027;4
1028;6
1029;3
1030;2
1031;2
1101;3
1102;6
1103;5
1104;4
1105;2
1106;4
1107;5
1108;5
1109;4
1110;6
1111;4
1112;3
1113;1
1114;4
1115;7
1116;2
1117;7
1118;6
1119;5
1120;2
1121;6
1122;4
1123;5
1124;4
1125;5
1126;6
1127;4
1128;6
1129;4
1130;5
1201;7
1202;6
1203;6
1204;10
1205;3
1207;2
1208;4
1209;2
1210;2
1211;4
1212;3
1213;4
1214;4
1215;6
1216;5
1217;3
1218;4
1219;4
1220;6
1221;3
1222;7
1223;6
1224;5
1225;4
1226;2
1227;3
1228;5
1229;9
1230;8
1231;5
