0101;6
0102;4
0103;4
0104;6
0105;7
0106;8
0107;6
0108;4
0109;7
0110;3
0111;8
0112;7
0113;7
0114;6
0115;9
0116;10
0117;10
0118;8
0119;5
0120;5
0121;6
0122;10
0123;14
0124;3
0125;6
0126;6
0127;6
0128;2
0129;1
0130;8
0131;5
0201;4
0202;10
0203;9
0204;8
0205;6
0206;7
0207;2
0208;4
0209;8
0210;9
0211;7
0212;8
0213;9
0214;8
0215;5
0216;8
0217;10
0218;3
0219;5
0220;6
0221;7
0222;6
0223;8
0224;5
0225;10
0226;6
0227;4
0228;1
0301;5
0302;4
0303;8
0304;7
0305;4
0306;8
0307;6
0308;4
0309;2
0310;5
0311;6
0312;7
0313;4
0314;3
0315;4
0316;7
0317;8
0318;8
0319;8
0320;7
0321;8
0322;6
0323;5
0324;5
0325;5
0326;9
0327;5
0328;3
0329;10
0330;5
0331;8
0401;4
0402;5
0403;2
0404;4
0405;6
0406;6
0407;4
0408;6
0409;8
0410;6
0411;6
0412;6
0413;5
0414;6
0415;8
0416;3
0417;5
0418;3
0419;5
0420;3
0421;3
0422;8
0423;2
0424;4
0425;6
0426;7
0427;4
0428;4
0429;4
0430;3
0501;9
0502;4
0503;3
0504;7
0505;3
0506;1
0507;4
0508;8
0509;6
0510;3
0511;5
0512;2
0513;3
0514;8
0516;6
0517;3
0518;4
0519;6
0520;6
0521;3
0522;2
0523;2
0524;2
0525;12
0526;4
0527;5
0528;5
0529;5
0530;12
0531;2
0601;4
0602;1
0603;3
0604;5
0606;6
0607;9
0608;7
0610;2
0611;6
0612;3
0613;8
0614;4
0615;7
0616;3
0617;7
0618;6
0619;6
0620;3
0621;4
0622;6
0623;7
0624;3
0625;5
0626;2
0627;6
0628;1
0629;6
0630;5
0701;4
0702;7
0703;4
0704;8
0705;4
0706;8
0707;2
0708;3
0709;3
0710;9
0711;7
0712;6
0713;4
0714;4
0715;2
0716;1
0717;5
0718;2
0720;5
0722;6
0723;2
0724;4
0725;3
0726;2
0727;6
0728;7
0729;5
0730;2
0731;3
0801;7
0802;4
0803;6
0804;3
0805;8
0806;3
0807;6
0808;5
0809;4
0810;4
0811;6
0812;7
0813;2
0814;6
0815;3
0816;3
0817;4
0818;3
0819;7
0821;10
0822;3
0823;3
0824;5
0825;4
0826;6
0827;6
0828;3
0829;2
0830;4
0831;6
0901;7
0902;3
0903;5
0904;4
0905;6
0906;3
0907;7
0908;2
0909;3
0910;3
0911;1
0912;7
0913;6
0914;6
0915;3
0916;6
0917;7
0918;2
0919;4
0920;6
0921;2
0922;10
0923;8
0924;5
0925;6
0926;4
0927;3
0928;6
0929;3
0930;2
1001;5
1002;6
1003;5
1004;3
1005;4
1006;4
1007;8
1008;5
1009;8
1010;6
1011;7
1012;5
1013;6
1014;6
1015;2
1016;2
1017;3
1018;3
1019;2
1020;1
1021;7
1022;3
1023;7
1024;8
1025;8
1026;4
1027;5
1028;3
1029;9
1030;6
1031;4
1101;5
1102;4
1103;7
1104;4
1105;7
1106;7
1107;5
1108;7
1109;3
1110;7
1111;4
1112;7
1113;3
1114;2
1115;7
1116;7
1117;1
1118;5
1119;7
1120;4
1121;3
1122;8
1123;6
1124;1
1125;3
1126;1
1127;9
1128;5
1129;2
1130;2
1201;6
1202;7
1203;5
1204;9
1205;5
1206;3
1207;5
1208;8
1209;3
1210;3
1211;3
1212;2
1213;8
1214;11
1215;5
1216;10
1217;6
1218;5
1219;6
1220;6
1221;5
1222;7
1223;4
1224;5
1225;3
1226;4
1227;4
1228;5
1229;8
1230;5
1231;4
