0101;10
0102;8
0103;16
0104;6
0105;8
0106;6
0107;12
0108;10
0109;10
0110;11
0111;2
0112;9
0113;6
0114;10
0115;10
0116;14
0117;11
0118;8
0119;5
0120;13
0121;8
0122;5
0123;16
0124;9
0125;13
0126;8
0127;7
0128;5
0129;10
0130;7
0131;16
0201;13
0202;16
0203;11
0204;8
0205;9
0206;11
0207;10
0208;7
0209;13
0210;8
0211;6
0212;7
0213;19
0214;8
0215;10
0216;13
0217;6
0218;13
0219;8
0220;6
0221;13
0222;8
0223;13
0224;12
0225;16
0226;17
0227;8
0228;14
0301;13
0302;13
0303;5
0304;7
0305;12
0306;14
0307;9
0308;13
0309;8
0310;13
0311;8
0312;11
0313;8
0314;12
0315;10
0316;10
0317;18
0318;8
0319;13
0320;12
0321;13
0322;12
0323;15
0324;10
0325;6
0326;5
0327;7
0328;7
0329;12
0330;7
0331;5
0401;9
0402;7
0403;5
0404;11
0405;6
0406;13
0407;12
0408;8
0409;10
0410;4
0411;8
0412;12
0413;7
0414;9
0415;15
0416;11
0417;15
0418;9
0419;7
0420;10
0421;8
0422;13
0423;8
0424;9
0425;9
0426;7
0427;11
0428;6
0429;8
0430;6
0501;4
0502;8
0503;6
0504;2
0505;11
0506;7
0507;7
0508;14
0509;10
0510;7
0511;5
0512;6
0513;12
0514;7
0515;5
0516;6
0517;12
0518;10
0519;12
0520;9
0521;11
0522;10
0523;5
0524;7
0525;4
0526;8
0527;6
0528;3
0529;14
0530;5
0531;13
0601;11
0602;3
0603;8
0604;7
0605;11
0606;11
0607;11
0608;10
0609;6
0610;7
0611;10
0612;11
0613;9
0614;5
0615;11
0616;6
0617;5
0618;8
0619;5
0620;8
0621;11
0622;6
0623;7
0624;6
0625;10
0626;15
0627;6
0628;10
0629;10
0630;10
0701;11
0702;12
0703;12
0704;6
0705;7
0706;13
0707;6
0708;9
0709;8
0710;10
0711;7
0712;9
0713;3
0714;7
0715;8
0716;11
0717;5
0718;7
0719;5
0720;5
0721;6
0722;7
0723;4
0724;11
0725;9
0726;9
0727;5
0728;13
0729;10
0730;11
0731;9
0801;8
0802;16
0803;9
0804;7
0805;7
0806;10
0807;13
0808;6
0809;8
0810;20
0811;8
0812;6
0813;8
0814;5
0815;10
0816;11
0817;7
0818;9
0819;7
0820;8
0821;7
0822;16
0823;12
0824;9
0825;12
0826;8
0827;7
0828;8
0829;4
0830;6
0831;5
0901;5
0902;4
0903;12
0904;6
0905;6
0906;9
0907;11
0908;9
0909;6
0910;10
0911;7
0912;9
0913;9
0914;4
0915;7
0916;6
0917;7
0918;13
0919;7
0920;13
0921;13
0922;4
0923;11
0924;6
0925;7
0926;6
0927;7
0928;2
0929;6
0930;8
1001;13
1002;21
1003;10
1004;4
1005;11
1006;6
1007;11
1008;11
1009;9
1010;10
1011;12
1012;11
1013;5
1014;10
1015;7
1016;7
1017;7
1018;9
1019;14
1020;7
1021;8
1022;10
1023;10
1024;8
1025;11
1026;11
1027;6
1028;10
1029;8
1030;7
1031;9
1101;15
1102;12
1103;8
1104;13
1105;10
1106;7
1107;8
1108;13
1109;10
1110;6
1111;9
1112;3
1113;9
1114;9
1115;7
1116;8
1117;4
1118;13
1119;7
1120;10
1121;10
1122;8
1123;11
1124;5
1125;12
1126;6
1127;4
1128;10
1129;13
1130;5
1201;8
1202;8
1203;7
1204;16
1205;12
1206;8
1207;13
1208;11
1209;7
1210;10
1211;10
1212;5
1213;12
1214;9
1215;9
1216;5
1217;11
1218;7
1219;10
1220;10
1221;8
1222;11
1223;9
1224;8
1225;12
1226;7
1227;12
1228;11
1229;8
1230;13
1231;10
