0101;7
0102;8
0103;13
0104;14
0105;7
0106;11
0107;16
0108;9
0109;13
0110;7
0111;14
0112;14
0113;12
0114;11
0115;11
0116;7
0117;8
0118;7
0119;7
0120;7
0121;8
0122;9
0123;11
0124;7
0125;9
0126;10
0127;10
0128;10
0129;7
0130;9
0131;6
0201;8
0202;10
0203;10
0204;3
0205;10
0206;10
0207;7
0208;11
0209;10
0210;11
0211;12
0212;6
0213;14
0214;13
0215;12
0216;12
0217;12
0218;11
0219;10
0220;9
0221;6
0222;13
0223;9
0224;11
0225;6
0226;9
0227;8
0228;13
0301;11
0302;14
0303;7
0304;8
0305;10
0306;7
0307;12
0308;4
0309;10
0310;8
0311;9
0312;14
0313;4
0314;10
0315;10
0316;13
0317;9
0318;7
0319;12
0320;11
0321;9
0322;11
0323;9
0324;3
0325;8
0326;9
0327;11
0328;10
0329;9
0330;5
0331;14
0401;9
0402;9
0403;8
0404;3
0405;6
0406;14
0407;10
0408;4
0409;5
0410;7
0411;8
0412;10
0413;9
0414;8
0415;4
0416;14
0417;10
0418;11
0419;11
0420;13
0421;5
0422;13
0423;9
0424;9
0425;13
0426;10
0427;5
0428;9
0429;9
0430;14
0501;8
0502;9
0503;4
0504;5
0505;11
0506;4
0507;10
0508;6
0509;7
0510;12
0511;8
0512;8
0513;11
0514;5
0515;6
0516;17
0517;9
0518;12
0519;10
0520;12
0521;8
0522;5
0523;4
0524;9
0525;3
0526;6
0527;15
0528;15
0529;6
0530;2
0531;10
0601;8
0602;10
0603;8
0604;7
0605;6
0606;6
0607;5
0608;10
0609;10
0610;10
0611;6
0612;6
0613;7
0614;11
0615;9
0616;9
0617;4
0618;4
0619;12
0620;9
0621;6
0622;10
0623;5
0624;13
0625;12
0626;9
0627;14
0628;6
0629;4
0630;5
0701;12
0702;8
0703;17
0704;14
0705;10
0706;3
0707;5
0708;7
0709;11
0710;4
0711;12
0712;9
0713;7
0714;9
0715;4
0716;6
0717;3
0718;6
0719;5
0720;9
0721;8
0722;9
0723;4
0724;10
0725;5
0726;8
0727;4
0728;13
0729;7
0730;6
0731;6
0801;6
0802;8
0803;4
0804;6
0805;8
0806;7
0807;5
0808;7
0809;6
0810;5
0811;4
0812;5
0813;6
0814;9
0815;8
0816;2
0817;11
0818;12
0819;4
0820;10
0821;12
0822;14
0823;6
0824;10
0825;7
0826;8
0827;11
0828;5
0829;5
0830;1
0831;8
0901;7
0902;12
0903;10
0904;3
0905;3
0906;8
0907;6
0908;10
0909;6
0910;12
0911;6
0912;4
0913;8
0914;7
0915;8
0916;7
0917;11
0918;6
0919;3
0920;7
0921;10
0922;8
0923;6
0924;7
0925;5
0926;6
0927;6
0928;6
0929;12
0930;4
1001;8
1002;7
1003;10
1004;5
1005;13
1006;7
1007;4
1008;15
1009;7
1010;5
1011;7
1012;7
1013;12
1014;15
1015;10
1016;9
1017;9
1018;5
1019;10
1020;12
1021;9
1022;14
1023;13
1024;8
1025;9
1026;9
1027;10
1028;8
1029;6
1030;12
1031;10
1101;10
1102;10
1103;10
1104;11
1105;3
1106;7
1107;4
1108;6
1109;8
1110;11
1111;9
1112;10
1113;8
1114;9
1115;7
1116;6
1117;9
1118;6
1119;11
1120;9
1121;12
1122;4
1123;11
1124;8
1125;9
1126;9
1127;17
1128;9
1129;9
1130;8
1201;16
1202;8
1203;7
1204;5
1205;8
1206;9
1207;15
1208;12
1209;11
1210;7
1211;8
1212;12
1213;13
1214;12
1215;9
1216;6
1217;10
1218;7
1219;13
1220;15
1221;9
1222;16
1223;16
1224;5
1225;9
1226;16
1227;13
1228;12
1229;11
1230;12
1231;11
