0101;14
0102;16
0103;10
0104;11
0105;7
0106;8
0107;12
0108;12
0109;15
0110;10
0111;15
0112;9
0113;13
0114;16
0115;4
0116;9
0117;7
0118;13
0119;11
0120;9
0121;14
0122;13
0123;11
0124;12
0125;13
0126;13
0127;16
0128;11
0129;15
0130;15
0131;7
0201;10
0202;13
0203;12
0204;9
0205;13
0206;12
0207;8
0208;7
0209;6
0210;12
0211;12
0212;7
0213;8
0214;11
0215;3
0216;12
0217;24
0218;10
0219;11
0220;20
0221;7
0222;12
0223;13
0224;15
0225;10
0226;9
0227;10
0228;9
0301;6
0302;9
0303;12
0304;9
0305;8
0306;15
0307;5
0308;17
0309;12
0310;11
0311;9
0312;15
0313;10
0314;9
0315;10
0316;12
0317;14
0318;7
0319;14
0320;9
0321;9
0322;17
0323;12
0324;11
0325;9
0326;8
0327;5
0328;10
0329;12
0330;7
0331;14
0401;8
0402;4
0403;4
0404;6
0405;13
0406;15
0407;12
0408;9
0409;7
0410;5
0411;10
0412;9
0413;12
0414;9
0415;12
0416;6
0417;14
0418;11
0419;4
0420;12
0421;9
0422;10
0423;15
0424;11
0425;4
0426;11
0427;12
0428;7
0429;10
0430;7
0501;7
0502;11
0503;9
0504;14
0505;7
0506;5
0507;9
0508;5
0509;5
0510;8
0511;12
0512;19
0513;7
0514;9
0515;11
0516;8
0517;9
0518;8
0519;10
0520;14
0521;9
0522;2
0523;5
0524;8
0525;16
0526;8
0527;8
0528;14
0529;10
0530;5
0531;10
0601;11
0602;17
0603;12
0604;9
0605;13
0606;11
0607;4
0608;9
0609;11
0610;9
0611;7
0612;5
0613;5
0614;6
0615;7
0616;6
0617;9
0618;7
0619;12
0620;12
0621;6
0622;6
0623;5
0624;10
0625;16
0626;15
0627;16
0628;5
0629;6
0630;6
0701;11
0702;7
0703;9
0704;9
0705;15
0706;6
0707;4
0708;14
0709;7
0710;15
0711;7
0712;11
0713;11
0714;6
0715;14
0716;8
0717;6
0718;12
0719;10
0720;9
0721;14
0722;6
0723;11
0724;12
0725;8
0726;9
0727;6
0728;2
0729;10
0730;6
0731;10
0801;7
0802;14
0803;8
0804;8
0805;8
0806;4
0807;6
0808;9
0809;13
0810;13
0811;8
0812;5
0813;4
0814;10
0815;11
0816;6
0817;5
0818;18
0819;8
0820;9
0821;9
0822;11
0823;12
0824;8
0825;10
0826;14
0827;8
0828;8
0829;7
0830;16
0831;9
0901;8
0902;8
0903;9
0904;12
0905;7
0906;10
0907;19
0908;9
0909;9
0910;7
0911;5
0912;11
0913;9
0914;7
0915;11
0916;5
0917;16
0918;8
0919;11
0920;9
0921;7
0922;9
0923;13
0924;10
0925;13
0926;10
0927;6
0928;8
0929;10
0930;8
1001;13
1002;10
1003;9
1004;10
1005;5
1006;9
1007;8
1008;10
1009;15
1010;7
1011;10
1012;15
1013;6
1014;13
1015;9
1016;11
1017;7
1018;12
1019;13
1020;18
1021;11
1022;10
1023;8
1024;11
1025;14
1026;10
1027;10
1028;10
1029;10
1030;14
1031;17
1101;9
1102;11
1103;5
1104;9
1105;7
1106;7
1107;11
1108;11
1109;19
1110;12
1111;6
1112;3
1113;9
1114;5
1115;9
1116;5
1117;7
1118;18
1119;9
1120;10
1121;5
1122;12
1123;10
1124;12
1125;13
1126;7
1127;8
1128;7
1129;15
1130;11
1201;11
1202;18
1203;10
1204;9
1205;14
1206;12
1207;12
1208;9
1209;9
1210;8
1211;16
1212;11
1213;11
1214;12
1215;15
1216;11
1217;12
1218;10
1219;16
1220;14
1221;11
1222;10
1223;15
1224;8
1225;16
1226;11
1227;10
1228;8
1229;8
1230;16
1231;16
