0101;7
0102;10
0103;8
0104;6
0105;3
0106;5
0107;4
0108;8
0109;10
0110;9
0111;6
0112;9
0113;8
0114;4
0115;4
0116;6
0117;5
0118;8
0119;6
0120;8
0121;1
0122;5
0123;6
0124;2
0125;7
0126;3
0127;7
0128;4
0129;3
0130;6
0131;4
0201;4
0202;3
0203;7
0204;4
0205;6
0206;5
0207;4
0208;8
0209;6
0210;7
0211;4
0212;6
0213;5
0214;9
0215;6
0216;8
0217;5
0218;6
0219;8
0220;8
0221;5
0222;4
0223;4
0224;9
0225;9
0226;5
0227;3
0228;8
0301;4
0302;8
0303;7
0304;6
0305;8
0306;11
0307;6
0308;6
0309;7
0310;4
0311;2
0312;3
0313;7
0314;3
0315;4
0316;5
0317;7
0318;1
0319;4
0320;8
0321;12
0322;4
0323;6
0324;3
0325;5
0326;7
0327;4
0328;7
0329;7
0330;4
0331;9
0401;4
0402;7
0403;7
0404;4
0405;4
0406;7
0407;4
0408;10
0409;1
0410;7
0411;3
0412;5
0413;4
0414;5
0415;3
0416;4
0417;5
0418;5
0419;3
0420;1
0421;8
0422;5
0423;6
0424;4
0425;4
0426;5
0427;7
0428;8
0429;9
0430;8
0501;4
0502;6
0503;2
0504;6
0505;3
0506;3
0507;7
0508;6
0509;6
0510;5
0511;5
0512;5
0513;3
0514;3
0515;5
0516;7
0517;9
0518;2
0519;2
0520;2
0521;5
0522;6
0523;5
0524;9
0525;4
0526;5
0527;11
0528;8
0529;1
0530;4
0531;3
0601;2
0602;4
0603;5
0604;1
0605;2
0606;3
0607;6
0608;4
0609;5
0610;5
0611;3
0612;5
0613;3
0614;1
0615;4
0616;4
0617;6
0618;3
0619;2
0620;8
0621;3
0622;1
0623;8
0624;5
0625;4
0626;7
0627;3
0628;7
0629;11
0630;2
0701;1
0702;3
0703;5
0704;3
0705;5
0706;7
0707;6
0708;5
0709;3
0710;5
0711;1
0712;4
0713;10
0714;6
0715;3
0716;9
0717;6
0718;6
0719;3
0720;2
0721;6
0722;6
0723;7
0724;6
0725;7
0726;4
0727;2
0728;3
0729;4
0730;3
0731;6
0801;2
0802;3
0803;2
0804;1
0805;3
0806;5
0807;1
0808;1
0809;3
0810;4
0811;5
0812;7
0813;4
0814;8
0815;3
0816;2
0817;1
0818;1
0819;3
0820;6
0821;4
0822;7
0823;8
0824;2
0825;5
0826;5
0827;2
0828;4
0829;5
0830;7
0831;4
0901;6
0902;3
0903;7
0904;1
0905;8
0906;6
0907;7
0908;2
0909;7
0910;6
0911;3
0912;4
0913;5
0914;7
0915;4
0916;4
0917;4
0918;7
0919;5
0920;5
0922;3
0923;2
0924;3
0925;8
0926;4
0927;9
0928;3
0929;10
0930;6
1001;4
1002;6
1003;4
1004;9
1005;5
1006;3
1007;8
1008;3
1009;4
1010;4
1011;8
1012;4
1013;4
1014;6
1015;10
1016;3
1017;8
1018;5
1019;3
1020;9
1021;6
1022;10
1023;6
1024;7
1025;7
1026;10
1027;7
1028;4
1029;6
1030;9
1031;1
1101;7
1102;4
1103;6
1104;6
1105;7
1106;5
1107;10
1108;4
1109;1
1110;2
1111;5
1112;3
1113;6
1114;7
1115;2
1116;11
1117;7
1118;6
1119;8
1120;5
1121;11
1122;7
1123;8
1124;6
1125;9
1126;4
1127;2
1128;3
1129;3
1130;8
1201;8
1202;7
1203;2
1204;4
1205;9
1206;10
1207;3
1208;9
1209;2
1210;8
1211;9
1212;7
1213;3
1214;4
1215;7
1216;7
1217;6
1218;5
1219;9
1220;12
1221;6
1222;9
1223;6
1224;8
1225;8
1226;4
1227;4
1228;3
1229;8
1230;5
1231;8
