0000;4
0101;7
0102;26
0103;25
0104;24
0105;26
0106;14
0107;24
0108;20
0109;24
0110;25
0111;24
0112;22
0113;25
0114;19
0115;21
0116;18
0117;24
0118;15
0119;25
0120;18
0121;23
0122;19
0123;16
0124;19
0125;16
0126;11
0127;16
0128;24
0129;17
0130;21
0131;20
0201;15
0202;21
0203;20
0204;17
0205;17
0206;14
0207;29
0208;20
0209;16
0210;22
0211;19
0212;23
0213;22
0214;29
0215;29
0216;25
0217;18
0218;28
0219;20
0220;18
0221;20
0222;25
0223;26
0224;33
0225;21
0226;19
0227;21
0228;17
0301;25
0302;20
0303;20
0304;22
0305;12
0306;16
0307;24
0308;23
0309;19
0310;17
0311;20
0312;19
0313;19
0314;29
0315;25
0316;21
0317;20
0318;26
0319;21
0320;20
0321;20
0322;12
0323;22
0324;20
0325;16
0326;12
0327;22
0328;20
0329;20
0330;18
0331;14
0401;19
0402;16
0403;17
0404;19
0405;25
0406;17
0407;13
0408;17
0409;12
0410;15
0411;10
0412;14
0413;18
0414;24
0415;22
0416;12
0417;14
0418;17
0419;22
0420;23
0421;23
0422;19
0423;20
0424;27
0425;12
0426;18
0427;17
0428;20
0429;12
0430;18
0501;19
0502;17
0503;17
0504;19
0505;13
0506;20
0507;20
0508;14
0509;18
0510;23
0511;20
0512;17
0513;22
0514;19
0515;19
0516;17
0517;23
0518;21
0519;20
0520;23
0521;24
0522;15
0523;16
0524;17
0525;26
0526;25
0527;13
0528;16
0529;14
0530;23
0531;15
0601;17
0602;15
0603;22
0604;24
0605;15
0606;15
0607;15
0608;21
0609;12
0610;23
0611;18
0612;12
0613;21
0614;14
0615;22
0616;16
0617;13
0618;19
0619;15
0620;17
0621;22
0622;16
0623;11
0624;20
0625;20
0626;12
0627;22
0628;12
0629;15
0630;22
0701;17
0702;19
0703;12
0704;19
0705;14
0706;12
0707;18
0708;20
0709;19
0710;21
0711;23
0712;23
0713;15
0714;17
0715;19
0716;15
0717;18
0718;13
0719;24
0720;15
0721;19
0722;14
0723;15
0724;7
0725;11
0726;20
0727;21
0728;15
0729;16
0730;12
0731;10
0800;1
0801;12
0802;16
0803;5
0804;12
0805;10
0806;15
0807;13
0808;13
0809;19
0810;14
0811;15
0812;16
0813;7
0814;11
0815;13
0816;15
0817;16
0818;17
0819;14
0820;8
0821;16
0822;17
0823;21
0824;10
0825;8
0826;10
0827;18
0828;13
0829;17
0830;12
0831;16
0901;16
0902;11
0903;17
0904;14
0905;18
0906;20
0907;18
0908;11
0909;15
0910;20
0911;14
0912;20
0913;15
0914;10
0915;19
0916;20
0917;10
0918;16
0919;16
0920;15
0921;19
0922;21
0923;23
0924;12
0925;18
0926;17
0927;18
0928;13
0929;10
0930;26
1001;22
1002;14
1003;21
1004;20
1005;15
1006;16
1007;15
1008;12
1009;29
1010;11
1011;14
1012;16
1013;21
1014;24
1015;18
1016;16
1017;19
1018;16
1019;20
1020;21
1021;22
1022;17
1023;10
1024;16
1025;18
1026;18
1027;17
1028;20
1029;21
1030;18
1031;20
1101;19
1102;23
1103;22
1104;17
1105;13
1106;15
1107;26
1108;15
1109;20
1110;20
1111;18
1112;24
1113;16
1114;18
1115;28
1116;18
1117;29
1118;18
1119;13
1120;18
1121;13
1122;21
1123;23
1124;18
1125;26
1126;13
1127;21
1128;11
1129;23
1130;14
1201;26
1202;8
1203;20
1204;22
1205;16
1206;16
1207;17
1208;14
1209;20
1210;20
1211;15
1212;14
1213;20
1214;17
1215;15
1216;18
1217;16
1218;16
1219;18
1220;25
1221;26
1222;24
1223;16
1224;16
1225;19
1226;15
1227;13
1228;20
1229;19
1230;30
1231;15
