0101;6
0102;6
0103;5
0104;5
0105;5
0106;9
0107;5
0108;6
0109;6
0110;6
0111;5
0112;5
0113;5
0114;7
0115;6
0116;5
0117;3
0118;11
0119;5
0120;8
0121;5
0122;7
0123;5
0124;6
0125;7
0126;4
0127;3
0128;3
0129;6
0130;8
0131;7
0201;6
0202;8
0203;4
0204;3
0205;3
0206;6
0207;5
0208;6
0209;4
0210;3
0211;10
0212;9
0213;5
0214;3
0215;4
0216;6
0218;2
0219;8
0220;3
0221;5
0222;8
0223;3
0224;7
0225;4
0226;2
0227;6
0228;4
0301;7
0302;6
0303;9
0304;5
0305;5
0306;7
0307;8
0308;5
0309;5
0311;5
0312;6
0313;12
0314;5
0315;6
0316;5
0317;7
0318;7
0319;3
0320;2
0321;5
0322;5
0323;6
0324;3
0325;2
0326;3
0327;7
0328;5
0329;7
0330;9
0331;2
0401;5
0402;1
0404;5
0405;7
0406;8
0407;3
0408;6
0409;1
0410;5
0411;3
0412;8
0413;8
0414;3
0415;2
0416;2
0417;9
0418;4
0419;1
0420;2
0421;4
0422;6
0423;9
0424;5
0425;4
0426;5
0427;5
0428;6
0429;4
0430;7
0501;7
0502;2
0503;8
0504;5
0505;5
0506;8
0507;3
0508;5
0509;4
0510;3
0511;3
0512;9
0513;5
0514;8
0515;7
0516;1
0517;6
0518;6
0519;4
0520;3
0521;7
0522;7
0523;3
0524;3
0525;6
0526;5
0527;4
0528;9
0529;9
0530;5
0531;3
0601;5
0602;5
0603;3
0604;8
0605;8
0606;5
0607;6
0608;5
0609;5
0610;5
0611;3
0612;3
0613;9
0614;3
0615;2
0616;3
0617;8
0618;5
0619;5
0620;7
0621;1
0622;5
0623;1
0624;5
0625;9
0626;7
0627;1
0628;5
0629;3
0630;5
0701;4
0702;10
0703;8
0704;9
0705;8
0706;4
0707;6
0708;8
0709;5
0710;4
0711;4
0712;7
0713;7
0714;4
0715;5
0716;6
0717;9
0718;8
0719;4
0720;5
0721;5
0722;3
0723;1
0724;4
0725;8
0726;5
0727;5
0728;4
0729;10
0730;4
0731;8
0801;3
0802;5
0803;4
0804;3
0805;5
0806;2
0807;7
0808;6
0809;3
0810;4
0811;3
0812;4
0813;5
0814;5
0815;5
0816;3
0817;5
0818;4
0819;7
0820;2
0821;6
0822;4
0823;4
0824;3
0826;5
0827;6
0828;5
0829;2
0830;2
0831;5
0901;3
0902;4
0903;6
0904;6
0905;6
0906;4
0907;5
0908;6
0909;2
0910;2
0911;3
0912;5
0913;4
0914;2
0915;10
0916;7
0917;6
0918;1
0919;7
0920;6
0921;6
0922;6
0923;3
0924;6
0925;3
0926;5
0927;6
0928;3
0929;4
0930;3
1001;11
1002;7
1003;4
1004;4
1005;5
1006;6
1007;9
1008;7
1009;6
1010;3
1011;7
1012;1
1013;5
1014;3
1015;2
1016;5
1017;6
1018;7
1019;1
1020;4
1021;7
1022;4
1023;6
1024;1
1025;3
1026;4
1027;6
1028;2
1029;2
1030;5
1031;8
1101;9
1102;8
1103;4
1104;5
1105;7
1106;2
1107;4
1108;11
1109;8
1110;3
1111;2
1112;6
1113;3
1114;10
1115;8
1116;3
1117;3
1118;7
1119;1
1120;4
1121;2
1122;11
1123;6
1124;5
1125;10
1126;3
1127;10
1128;6
1129;2
1130;2
1201;7
1202;2
1203;9
1204;5
1205;7
1206;5
1207;5
1208;10
1209;1
1210;10
1211;5
1212;4
1213;10
1214;7
1215;5
1216;9
1217;12
1218;5
1219;7
1220;6
1221;4
1222;4
1223;7
1224;5
1225;5
1226;7
1227;10
1228;8
1229;7
1230;1
1231;4
