0101;9
0102;8
0103;10
0104;8
0105;6
0106;14
0107;12
0108;9
0109;10
0110;9
0111;6
0112;7
0113;8
0114;9
0115;9
0116;11
0117;10
0118;12
0119;10
0120;11
0121;2
0122;8
0123;13
0124;4
0125;8
0126;9
0127;13
0128;13
0129;4
0130;7
0131;10
0201;16
0202;6
0203;14
0204;7
0205;12
0206;8
0207;6
0208;10
0209;9
0210;6
0211;6
0212;14
0213;7
0214;9
0215;6
0216;7
0217;8
0218;11
0219;8
0220;5
0221;9
0222;16
0223;8
0224;7
0225;13
0226;2
0227;8
0228;11
0301;3
0302;10
0303;9
0304;11
0305;12
0306;2
0307;11
0308;6
0309;11
0310;7
0311;11
0312;8
0313;7
0314;5
0315;9
0316;6
0317;13
0318;5
0319;9
0320;8
0321;13
0322;3
0323;8
0324;6
0325;7
0326;3
0327;8
0328;8
0329;7
0330;14
0331;8
0401;13
0402;6
0403;8
0404;7
0405;11
0406;6
0407;9
0408;9
0409;13
0410;5
0411;9
0412;5
0413;6
0414;5
0415;6
0416;4
0417;5
0418;6
0419;9
0420;13
0421;6
0422;6
0423;2
0424;7
0425;10
0426;6
0427;11
0428;9
0429;7
0430;5
0501;4
0502;8
0503;6
0504;7
0505;2
0506;13
0507;6
0508;6
0509;10
0510;7
0511;9
0512;9
0513;6
0514;8
0515;11
0516;2
0517;9
0518;15
0519;3
0520;6
0521;9
0522;8
0523;9
0524;4
0525;9
0526;6
0527;5
0528;8
0529;6
0530;10
0531;7
0601;11
0602;5
0603;12
0604;6
0605;8
0606;9
0607;9
0608;9
0609;4
0610;6
0611;8
0612;8
0613;6
0614;6
0615;4
0616;5
0617;3
0618;10
0619;8
0620;1
0621;3
0622;5
0623;8
0624;11
0625;8
0626;10
0627;3
0628;7
0629;16
0630;10
0701;3
0702;9
0703;6
0704;10
0705;9
0706;3
0707;6
0708;7
0709;8
0710;6
0711;7
0712;12
0714;5
0715;8
0716;6
0717;9
0718;8
0719;5
0720;8
0721;5
0722;10
0723;7
0724;9
0725;7
0726;5
0727;12
0728;5
0729;6
0730;4
0731;3
0801;10
0802;13
0803;12
0804;7
0805;8
0806;7
0807;9
0808;6
0809;11
0810;7
0811;4
0812;8
0813;6
0814;7
0815;4
0816;14
0817;11
0818;6
0819;5
0820;10
0821;9
0822;7
0823;3
0824;8
0825;11
0826;4
0827;8
0828;8
0829;5
0830;10
0831;8
0901;11
0902;8
0903;7
0904;4
0905;3
0906;8
0907;8
0908;14
0909;6
0910;4
0911;9
0912;13
0913;5
0914;8
0915;6
0916;8
0917;1
0918;3
0919;5
0920;7
0921;5
0922;5
0923;9
0924;8
0925;9
0926;7
0927;8
0928;2
0929;8
0930;6
1001;7
1002;12
1003;13
1004;6
1005;5
1006;11
1007;5
1008;14
1009;7
1010;7
1011;9
1012;7
1013;14
1014;9
1015;13
1016;7
1017;8
1018;7
1019;11
1020;7
1021;11
1022;6
1023;2
1024;9
1025;6
1026;15
1027;6
1028;5
1029;11
1030;4
1031;9
1101;7
1102;8
1103;8
1104;5
1105;3
1106;6
1107;10
1108;6
1109;6
1110;11
1111;6
1112;5
1113;6
1114;15
1115;5
1116;6
1117;5
1118;6
1119;11
1120;9
1121;11
1122;4
1123;4
1124;12
1125;7
1126;6
1127;5
1128;8
1129;6
1130;8
1201;12
1202;7
1203;5
1204;5
1205;9
1206;11
1207;10
1208;4
1209;7
1210;10
1211;16
1212;5
1213;6
1214;10
1215;7
1216;11
1217;7
1218;8
1219;8
1220;12
1221;11
1222;8
1223;11
1224;6
1225;9
1226;8
1227;7
1228;5
1229;14
1230;15
1231;6
