0101;4
0102;6
0103;2
0104;2
0105;4
0106;2
0107;4
0108;10
0109;5
0110;6
0111;7
0112;5
0113;10
0114;4
0115;7
0116;8
0117;2
0118;7
0119;1
0120;5
0121;8
0122;3
0123;7
0124;3
0125;5
0126;7
0127;4
0128;7
0129;4
0130;3
0131;6
0201;4
0202;7
0203;10
0204;6
0205;6
0206;4
0207;7
0208;7
0209;5
0210;7
0211;3
0212;6
0213;7
0214;6
0215;3
0216;8
0217;5
0218;9
0219;13
0220;4
0221;7
0222;8
0223;2
0224;6
0225;3
0226;7
0227;6
0228;6
0301;5
0302;8
0303;3
0304;7
0305;5
0306;4
0307;9
0308;8
0309;5
0310;4
0311;6
0312;10
0313;4
0314;3
0315;3
0316;8
0317;6
0318;1
0319;6
0320;12
0321;8
0322;7
0323;6
0324;4
0325;5
0326;6
0328;3
0329;9
0330;8
0331;3
0401;6
0402;11
0403;7
0404;2
0405;4
0406;2
0407;3
0408;7
0409;3
0410;5
0411;4
0412;4
0413;9
0414;4
0415;1
0416;7
0417;7
0418;6
0419;6
0420;3
0421;3
0422;3
0423;8
0424;4
0425;3
0426;3
0427;6
0428;5
0429;3
0430;4
0501;8
0502;6
0503;7
0504;5
0505;5
0506;3
0507;3
0508;4
0509;7
0510;4
0511;3
0512;5
0513;2
0514;5
0515;8
0516;7
0517;3
0518;4
0519;6
0520;7
0521;6
0522;5
0523;8
0524;4
0525;8
0526;2
0527;6
0528;5
0529;4
0530;10
0531;3
0601;5
0602;6
0603;5
0604;6
0605;2
0606;7
0607;4
0608;6
0609;5
0610;1
0611;4
0612;6
0613;7
0614;4
0615;1
0616;7
0617;5
0618;4
0619;8
0620;9
0621;2
0622;6
0623;6
0624;4
0625;10
0626;5
0627;6
0628;6
0629;4
0630;6
0701;4
0702;11
0703;6
0704;4
0705;2
0706;8
0707;5
0708;2
0709;2
0710;2
0711;3
0712;4
0713;7
0714;2
0715;2
0716;10
0717;6
0718;4
0719;3
0720;2
0721;6
0722;5
0723;3
0724;4
0725;7
0726;6
0727;5
0728;5
0729;3
0730;7
0731;1
0801;6
0802;6
0803;6
0804;7
0805;6
0806;4
0807;5
0808;2
0809;4
0810;5
0811;7
0812;5
0813;6
0814;3
0815;4
0816;2
0817;3
0818;8
0819;4
0820;4
0821;5
0822;10
0823;6
0824;2
0825;10
0826;5
0827;8
0828;3
0829;3
0830;6
0831;2
0901;5
0902;6
0903;4
0904;5
0905;5
0906;2
0907;3
0908;3
0909;4
0910;7
0911;6
0912;6
0913;6
0914;5
0915;3
0916;4
0917;3
0918;4
0919;6
0920;3
0921;7
0922;3
0923;5
0924;4
0925;3
0926;3
0927;9
0928;9
0929;8
0930;8
1001;7
1002;4
1003;9
1004;3
1005;5
1006;4
1007;3
1008;9
1009;5
1010;3
1011;7
1012;3
1013;4
1014;1
1015;3
1016;3
1017;4
1018;6
1019;7
1020;2
1021;2
1022;4
1023;5
1024;6
1025;6
1027;3
1028;8
1029;5
1030;6
1031;5
1101;7
1102;5
1103;8
1104;7
1105;8
1106;6
1107;7
1108;5
1109;4
1110;2
1111;8
1112;7
1113;5
1114;6
1115;7
1116;3
1117;4
1118;8
1119;8
1120;5
1121;12
1122;5
1123;5
1124;3
1125;3
1126;7
1127;3
1128;2
1129;6
1130;4
1201;6
1202;12
1203;8
1204;3
1205;7
1206;4
1207;4
1208;5
1209;4
1210;10
1211;6
1212;9
1213;4
1214;5
1215;7
1216;6
1217;8
1218;9
1219;5
1220;11
1221;6
1222;9
1223;5
1224;7
1225;5
1226;6
1227;6
1228;7
1229;6
1230;5
1231;6
