0101;32
0102;25
0103;17
0104;19
0105;27
0106;35
0107;25
0108;18
0109;20
0110;28
0111;29
0112;26
0113;23
0114;28
0115;32
0116;26
0117;23
0118;14
0119;30
0120;19
0121;24
0122;26
0123;14
0124;24
0125;24
0126;12
0127;30
0128;17
0129;15
0130;22
0131;23
0201;24
0202;20
0203;30
0204;15
0205;24
0206;22
0207;25
0208;16
0209;22
0210;25
0211;20
0212;20
0213;19
0214;33
0215;26
0216;30
0217;17
0218;22
0219;26
0220;16
0221;22
0222;24
0223;22
0224;20
0225;30
0226;17
0227;24
0228;23
0301;20
0302;18
0303;22
0304;25
0305;28
0306;19
0307;22
0308;27
0309;25
0310;15
0311;24
0312;21
0313;24
0314;22
0315;25
0316;29
0317;25
0318;25
0319;17
0320;18
0321;28
0322;18
0323;21
0324;29
0325;24
0326;11
0327;23
0328;20
0329;15
0330;12
0331;17
0401;20
0402;22
0403;17
0404;23
0405;19
0406;23
0407;23
0408;19
0409;21
0410;15
0411;17
0412;21
0413;23
0414;19
0415;26
0416;26
0417;18
0418;14
0419;24
0420;24
0421;23
0422;24
0423;21
0424;20
0425;16
0426;19
0427;9
0428;19
0429;25
0430;19
0501;21
0502;12
0503;17
0504;23
0505;17
0506;16
0507;25
0508;11
0509;19
0510;18
0511;23
0512;9
0513;20
0514;20
0515;9
0516;15
0517;18
0518;23
0519;27
0520;17
0521;18
0522;22
0523;18
0524;28
0525;26
0526;19
0527;20
0528;15
0529;18
0530;16
0531;13
0601;16
0602;15
0603;28
0604;11
0605;12
0606;19
0607;27
0608;20
0609;19
0610;14
0611;19
0612;18
0613;13
0614;20
0615;18
0616;17
0617;22
0618;18
0619;18
0620;17
0621;16
0622;11
0623;18
0624;20
0625;15
0626;25
0627;16
0628;22
0629;20
0630;15
0701;18
0702;15
0703;18
0704;21
0705;13
0706;18
0707;20
0708;23
0709;24
0710;20
0711;24
0712;18
0713;16
0714;15
0715;19
0716;17
0717;22
0718;15
0719;19
0720;21
0721;22
0722;15
0723;18
0724;14
0725;13
0726;12
0727;19
0728;18
0729;16
0730;17
0731;12
0801;18
0802;15
0803;21
0804;24
0805;13
0806;21
0807;14
0808;16
0809;21
0810;27
0811;25
0812;19
0813;14
0814;16
0815;14
0816;25
0817;18
0818;22
0819;18
0820;23
0821;16
0822;24
0823;15
0824;20
0825;12
0826;18
0827;16
0828;17
0829;20
0830;19
0831;21
0901;16
0902;21
0903;25
0904;25
0905;18
0906;21
0907;22
0908;19
0909;12
0910;14
0911;18
0912;21
0913;19
0914;29
0915;20
0916;16
0917;9
0918;22
0919;20
0920;21
0921;20
0922;22
0923;16
0924;19
0925;23
0926;15
0927;17
0928;22
0929;10
0930;22
1001;27
1002;25
1003;22
1004;25
1005;21
1006;26
1007;18
1008;12
1009;14
1010;23
1011;19
1012;14
1013;22
1014;24
1015;18
1016;24
1017;11
1018;22
1019;27
1020;15
1021;21
1022;24
1023;23
1024;22
1025;19
1026;21
1027;25
1028;20
1029;21
1030;33
1031;27
1101;22
1102;21
1103;27
1104;15
1105;15
1106;26
1107;22
1108;20
1109;22
1110;22
1111;16
1112;15
1113;20
1114;18
1115;19
1116;15
1117;22
1118;23
1119;19
1120;19
1121;28
1122;25
1123;21
1124;20
1125;14
1126;20
1127;15
1128;20
1129;22
1130;15
1201;27
1202;26
1203;13
1204;17
1205;25
1206;23
1207;20
1208;16
1209;20
1210;28
1211;25
1212;12
1213;9
1214;24
1215;27
1216;22
1217;27
1218;15
1219;24
1220;19
1221;24
1222;24
1223;29
1224;22
1225;17
1226;19
1227;22
1228;25
1229;19
1230;28
1231;27
