0101;11
0102;10
0103;8
0104;10
0105;10
0106;12
0107;12
0108;9
0109;14
0110;7
0111;7
0112;17
0113;7
0114;7
0115;9
0116;6
0117;10
0118;9
0119;13
0120;10
0121;13
0122;8
0123;5
0124;12
0125;6
0126;12
0127;7
0128;10
0129;11
0130;12
0131;11
0201;12
0202;6
0203;10
0204;7
0205;13
0206;9
0207;6
0208;13
0209;7
0210;8
0211;7
0212;7
0213;13
0214;7
0215;10
0216;6
0217;10
0218;11
0219;15
0220;10
0221;6
0222;10
0223;11
0224;10
0225;5
0226;16
0227;11
0228;9
0301;10
0302;13
0303;17
0304;6
0305;7
0306;11
0307;11
0308;12
0309;17
0310;9
0311;6
0312;11
0313;15
0314;13
0315;19
0316;9
0317;15
0318;17
0319;12
0320;16
0321;11
0322;9
0323;11
0324;12
0325;8
0326;9
0327;8
0328;11
0329;9
0330;9
0331;10
0401;8
0402;6
0403;12
0404;12
0405;14
0406;9
0407;16
0408;10
0409;12
0410;7
0411;6
0412;12
0413;10
0414;11
0415;12
0416;12
0417;6
0418;12
0419;5
0420;15
0421;6
0422;9
0423;3
0424;9
0425;9
0426;7
0427;7
0428;9
0429;8
0430;5
0501;9
0502;10
0503;10
0504;6
0505;5
0506;12
0507;11
0508;9
0509;7
0510;9
0511;7
0512;5
0513;8
0514;13
0515;6
0516;8
0517;8
0518;9
0519;10
0520;6
0521;11
0522;11
0523;9
0524;13
0525;9
0526;9
0527;10
0528;7
0529;5
0530;10
0531;13
0601;13
0602;4
0603;4
0604;11
0605;11
0606;11
0607;4
0608;4
0609;8
0610;8
0611;10
0612;6
0613;9
0614;12
0615;6
0616;8
0617;4
0618;16
0619;6
0620;8
0621;7
0622;10
0623;9
0624;7
0625;14
0626;15
0627;6
0628;7
0629;9
0630;10
0701;10
0702;12
0703;10
0704;11
0705;7
0706;8
0707;9
0708;9
0709;14
0710;7
0711;8
0712;4
0713;10
0714;10
0715;7
0716;6
0717;6
0718;5
0719;5
0720;5
0721;9
0722;7
0723;8
0724;5
0725;10
0726;8
0727;5
0728;9
0729;11
0730;13
0731;10
0801;7
0802;8
0803;11
0804;11
0805;5
0806;5
0807;7
0808;8
0809;8
0810;6
0811;11
0812;3
0813;7
0814;12
0815;7
0816;5
0817;10
0818;10
0819;10
0820;12
0821;5
0822;6
0823;8
0824;9
0825;9
0826;10
0827;13
0828;3
0829;13
0830;7
0831;6
0901;6
0902;8
0903;9
0904;4
0905;8
0906;8
0907;7
0908;8
0909;10
0910;7
0911;8
0912;11
0913;6
0914;15
0915;7
0916;7
0917;9
0918;12
0919;7
0920;14
0921;9
0922;4
0923;6
0924;9
0925;13
0926;9
0927;9
0928;5
0929;13
0930;7
1001;6
1002;6
1003;7
1004;9
1005;6
1006;8
1007;6
1008;14
1009;11
1010;11
1011;8
1012;13
1013;11
1014;7
1015;7
1016;9
1017;6
1018;6
1019;6
1020;9
1021;6
1022;8
1023;11
1024;12
1025;5
1026;10
1027;7
1028;10
1029;13
1030;9
1031;8
1101;12
1102;8
1103;11
1104;9
1105;11
1106;9
1107;12
1108;11
1109;8
1110;8
1111;6
1112;8
1113;5
1114;12
1115;6
1116;14
1117;11
1118;11
1119;7
1120;7
1121;7
1122;7
1123;8
1124;8
1125;5
1126;10
1127;6
1128;11
1129;6
1130;4
1201;9
1202;4
1203;5
1204;8
1205;2
1206;11
1207;6
1208;5
1209;10
1210;9
1211;6
1212;7
1213;8
1214;4
1215;7
1216;5
1217;4
1218;7
1219;5
1220;6
1221;5
1222;8
1223;3
1224;10
1225;2
1226;5
1227;6
1228;3
1229;10
1230;2
1231;11
