0101;16
0102;19
0103;23
0104;22
0105;20
0106;19
0107;18
0108;18
0109;15
0110;19
0111;13
0112;16
0113;10
0114;18
0115;13
0116;23
0117;19
0118;18
0119;12
0120;20
0121;14
0122;21
0123;8
0124;20
0125;17
0126;12
0127;12
0128;14
0129;17
0130;14
0131;14
0201;23
0202;16
0203;13
0204;23
0205;13
0206;15
0207;13
0208;19
0209;11
0210;10
0211;24
0212;23
0213;20
0214;9
0215;15
0216;16
0217;21
0218;16
0219;14
0220;14
0221;20
0222;20
0223;16
0224;19
0225;21
0226;22
0227;13
0228;13
0301;15
0302;23
0303;19
0304;15
0305;18
0306;18
0307;8
0308;10
0309;21
0310;9
0311;15
0312;16
0313;18
0314;13
0315;10
0316;23
0317;18
0318;15
0319;19
0320;9
0321;13
0322;16
0323;15
0324;9
0325;16
0326;12
0327;12
0328;19
0329;19
0330;20
0331;13
0401;17
0402;23
0403;16
0404;16
0405;19
0406;19
0407;14
0408;14
0409;15
0410;15
0411;19
0412;12
0413;15
0414;15
0415;16
0416;15
0417;13
0418;13
0419;13
0420;16
0421;14
0422;13
0423;8
0424;22
0425;19
0426;16
0427;11
0428;14
0429;12
0430;23
0501;16
0502;15
0503;13
0504;14
0505;9
0506;20
0507;21
0508;18
0509;12
0510;16
0511;10
0512;14
0513;9
0514;16
0515;18
0516;16
0517;14
0518;16
0519;13
0520;20
0521;15
0522;10
0523;20
0524;15
0525;19
0526;14
0527;13
0528;12
0529;10
0530;11
0531;6
0601;15
0602;15
0603;19
0604;17
0605;16
0606;15
0607;15
0608;19
0609;13
0610;18
0611;15
0612;9
0613;12
0614;12
0615;14
0616;15
0617;12
0618;22
0619;14
0620;14
0621;12
0622;15
0623;17
0624;14
0625;18
0626;9
0627;17
0628;16
0629;12
0630;19
0701;8
0702;17
0703;10
0704;14
0705;17
0706;7
0707;12
0708;14
0709;17
0710;17
0711;19
0712;10
0713;18
0714;13
0715;18
0716;16
0717;13
0718;12
0719;10
0720;18
0721;15
0722;21
0723;14
0724;20
0725;8
0726;12
0727;15
0728;15
0729;11
0730;10
0731;13
0801;16
0802;15
0803;15
0804;12
0805;16
0806;14
0807;21
0808;4
0809;17
0810;10
0811;15
0812;18
0813;16
0814;17
0815;14
0816;9
0817;14
0818;13
0819;22
0820;12
0821;11
0822;20
0823;14
0824;14
0825;14
0826;21
0827;18
0828;17
0829;15
0830;13
0831;11
0901;11
0902;22
0903;11
0904;10
0905;16
0906;14
0907;13
0908;12
0909;12
0910;13
0911;16
0912;17
0913;23
0914;19
0915;15
0916;20
0917;21
0918;13
0919;12
0920;13
0921;22
0922;15
0923;21
0924;27
0925;13
0926;26
0927;21
0928;21
0929;14
0930;17
1001;14
1002;18
1003;23
1004;10
1005;15
1006;14
1007;18
1008;11
1009;19
1010;6
1011;10
1012;13
1013;19
1014;9
1015;15
1016;20
1017;15
1018;19
1019;9
1020;11
1021;17
1022;12
1023;14
1024;13
1025;16
1026;22
1027;15
1028;12
1029;16
1030;17
1031;20
1101;14
1102;27
1103;11
1104;17
1105;17
1106;11
1107;18
1108;12
1109;23
1110;14
1111;12
1112;19
1113;16
1114;11
1115;15
1116;16
1117;19
1118;15
1119;17
1120;14
1121;8
1122;13
1123;16
1124;13
1125;23
1126;22
1127;17
1128;17
1129;15
1130;18
1201;17
1202;13
1203;16
1204;21
1205;14
1206;19
1207;15
1208;23
1209;20
1210;14
1211;19
1212;19
1213;17
1214;23
1215;20
1216;24
1217;22
1218;17
1219;22
1220;23
1221;13
1222;10
1223;16
1224;10
1225;12
1226;21
1227;25
1228;17
1229;20
1230;19
1231;18
