0101;24
0102;34
0103;36
0104;36
0105;31
0106;32
0107;38
0108;38
0109;25
0110;39
0111;25
0112;25
0113;39
0114;30
0115;23
0116;33
0117;25
0118;35
0119;28
0120;30
0121;34
0122;27
0123;33
0124;24
0125;33
0126;31
0127;30
0128;32
0129;28
0130;25
0131;36
0201;27
0202;25
0203;30
0204;22
0205;40
0206;28
0207;31
0208;30
0209;27
0210;28
0211;34
0212;32
0213;33
0214;27
0215;30
0216;21
0217;26
0218;27
0219;41
0220;39
0221;33
0222;30
0223;30
0224;29
0225;39
0226;41
0227;29
0228;29
0301;30
0302;26
0303;38
0304;32
0305;31
0306;36
0307;29
0308;27
0309;40
0310;29
0311;22
0312;21
0313;23
0314;29
0315;29
0316;32
0317;26
0318;24
0319;26
0320;32
0321;33
0322;21
0323;29
0324;25
0325;26
0326;33
0327;24
0328;22
0329;25
0330;26
0331;22
0401;31
0402;30
0403;21
0404;18
0405;28
0406;24
0407;33
0408;37
0409;32
0410;32
0411;38
0412;22
0413;30
0414;24
0415;35
0416;23
0417;29
0418;28
0419;21
0420;29
0421;31
0422;23
0423;22
0424;27
0425;27
0426;24
0427;35
0428;26
0429;21
0430;24
0501;22
0502;35
0503;23
0504;25
0505;19
0506;23
0507;26
0508;24
0509;34
0510;30
0511;23
0512;22
0513;26
0514;31
0515;25
0516;20
0517;25
0518;20
0519;30
0520;37
0521;20
0522;26
0523;31
0524;27
0525;20
0526;30
0527;29
0528;26
0529;30
0530;36
0531;35
0601;36
0602;29
0603;20
0604;32
0605;26
0606;22
0607;33
0608;26
0609;24
0610;35
0611;28
0612;21
0613;26
0614;25
0615;36
0616;38
0617;22
0618;23
0619;18
0620;22
0621;27
0622;26
0623;26
0624;34
0625;24
0626;23
0627;23
0628;20
0629;37
0630;28
0701;32
0702;32
0703;34
0704;27
0705;36
0706;29
0707;30
0708;27
0709;25
0710;25
0711;25
0712;38
0713;28
0714;22
0715;23
0716;35
0717;26
0718;17
0719;28
0720;33
0721;23
0722;26
0723;14
0724;15
0725;34
0726;29
0727;30
0728;24
0729;32
0730;27
0731;29
0801;21
0802;27
0803;35
0804;21
0805;28
0806;20
0807;25
0808;28
0809;16
0810;18
0811;38
0812;18
0813;26
0814;28
0815;25
0816;33
0817;19
0818;33
0819;26
0820;25
0821;18
0822;32
0823;26
0824;28
0825;22
0826;27
0827;27
0828;23
0829;21
0830;22
0831;26
0901;33
0902;25
0903;18
0904;23
0905;18
0906;33
0907;28
0908;27
0909;26
0910;24
0911;22
0912;25
0913;32
0914;24
0915;22
0916;29
0917;37
0918;22
0919;28
0920;23
0921;30
0922;27
0923;30
0924;26
0925;25
0926;17
0927;20
0928;20
0929;30
0930;23
1001;27
1002;29
1003;27
1004;25
1005;38
1006;24
1007;28
1008;31
1009;33
1010;18
1011;27
1012;23
1013;35
1014;33
1015;35
1016;18
1017;23
1018;19
1019;20
1020;30
1021;39
1022;26
1023;21
1024;28
1025;25
1026;27
1027;27
1028;16
1029;31
1030;31
1031;34
1101;21
1102;32
1103;34
1104;27
1105;30
1106;25
1107;25
1108;27
1109;25
1110;29
1111;19
1112;26
1113;33
1114;24
1115;27
1116;28
1117;34
1118;25
1119;32
1120;15
1121;17
1122;29
1123;28
1124;25
1125;29
1126;27
1127;26
1128;21
1129;35
1130;29
1201;29
1202;35
1203;27
1204;29
1205;30
1206;29
1207;36
1208;30
1209;38
1210;37
1211;24
1212;26
1213;36
1214;28
1215;21
1216;28
1217;29
1218;36
1219;28
1220;26
1221;32
1222;32
1223;33
1224;23
1225;32
1226;18
1227;29
1228;32
1229;36
1230;31
1231;32
