0101;9
0102;13
0103;7
0104;11
0105;6
0106;9
0107;15
0108;9
0109;8
0110;9
0111;11
0112;8
0113;10
0114;12
0115;16
0116;15
0117;17
0118;11
0119;14
0120;11
0121;17
0122;8
0123;10
0124;15
0125;15
0126;8
0127;11
0128;10
0129;13
0130;5
0131;13
0201;4
0202;13
0203;14
0204;12
0205;8
0206;10
0207;11
0208;11
0209;10
0210;19
0211;8
0212;13
0213;11
0214;12
0215;13
0216;19
0217;11
0218;7
0219;10
0220;12
0221;6
0222;10
0223;15
0224;15
0225;9
0226;14
0227;6
0228;11
0301;7
0302;12
0303;8
0304;13
0305;10
0306;11
0307;14
0308;18
0309;15
0310;9
0311;10
0312;8
0313;8
0314;11
0315;6
0316;9
0317;6
0318;16
0319;15
0320;12
0321;9
0322;6
0323;8
0324;11
0325;15
0326;14
0327;9
0328;8
0329;11
0330;13
0331;16
0401;8
0402;11
0403;11
0404;9
0405;11
0406;8
0407;8
0408;7
0409;14
0410;8
0411;11
0412;12
0413;9
0414;9
0415;11
0416;9
0417;11
0418;14
0419;10
0420;8
0421;9
0422;10
0423;18
0424;4
0425;6
0426;7
0427;8
0428;10
0429;11
0430;5
0501;5
0502;10
0503;13
0504;12
0505;7
0506;7
0507;11
0508;6
0509;14
0510;11
0511;8
0512;8
0513;10
0514;7
0515;5
0516;14
0517;6
0518;5
0519;15
0520;8
0521;10
0522;5
0523;9
0524;10
0525;13
0526;10
0527;11
0528;10
0529;15
0530;7
0531;7
0601;18
0602;9
0603;16
0604;6
0605;12
0606;10
0607;5
0608;12
0609;9
0610;13
0611;12
0612;11
0613;9
0614;5
0615;15
0616;13
0617;10
0618;9
0619;10
0620;5
0621;5
0622;11
0623;8
0624;8
0625;11
0626;12
0627;11
0628;13
0629;13
0630;8
0701;15
0702;7
0703;11
0704;9
0705;10
0706;7
0707;8
0708;10
0709;9
0710;8
0711;9
0712;8
0713;11
0714;7
0715;13
0716;17
0717;9
0718;8
0719;12
0720;9
0721;13
0722;6
0723;8
0724;9
0725;5
0726;12
0727;3
0728;11
0729;6
0730;10
0731;13
0801;12
0802;11
0803;9
0804;8
0805;10
0806;16
0807;7
0808;16
0809;5
0810;16
0811;8
0812;10
0813;5
0814;15
0815;9
0816;7
0817;5
0818;6
0819;10
0820;6
0821;12
0822;4
0823;11
0824;8
0825;7
0826;10
0827;12
0828;8
0829;8
0830;7
0831;9
0901;10
0902;10
0903;9
0904;12
0905;10
0906;7
0907;2
0908;13
0909;15
0910;6
0911;10
0912;12
0913;8
0914;2
0915;9
0916;8
0917;16
0918;13
0919;7
0920;15
0921;11
0922;12
0923;12
0924;7
0925;10
0926;12
0927;10
0928;4
0929;7
0930;11
1001;8
1002;14
1003;13
1004;10
1005;8
1006;11
1007;10
1008;12
1009;18
1010;6
1011;13
1012;12
1013;8
1014;14
1015;10
1016;9
1017;7
1018;10
1019;10
1020;13
1021;7
1022;14
1023;8
1024;9
1025;9
1026;8
1027;13
1028;12
1029;8
1030;13
1031;10
1101;14
1102;10
1103;7
1104;10
1105;12
1106;13
1107;7
1108;14
1109;15
1110;13
1111;8
1112;8
1113;11
1114;8
1115;17
1116;12
1117;13
1118;7
1119;15
1120;9
1121;11
1122;12
1123;9
1124;11
1125;15
1126;9
1127;10
1128;7
1129;6
1130;12
1201;10
1202;12
1203;14
1204;9
1205;16
1206;14
1207;10
1208;9
1209;13
1210;6
1211;9
1212;14
1213;9
1214;4
1215;17
1216;13
1217;14
1218;12
1219;7
1220;12
1221;11
1222;9
1223;4
1224;9
1225;12
1226;16
1227;11
1228;9
1229;15
1230;12
1231;9
