0101;15
0102;23
0103;20
0104;27
0105;29
0106;26
0107;27
0108;19
0109;14
0110;18
0111;23
0112;19
0113;29
0114;18
0115;26
0116;20
0117;20
0118;24
0119;25
0120;22
0121;21
0122;21
0123;16
0124;23
0125;22
0126;22
0127;23
0128;26
0129;17
0130;22
0131;27
0201;26
0202;25
0203;17
0204;19
0205;19
0206;14
0207;15
0208;20
0209;12
0210;25
0211;23
0212;17
0213;24
0214;22
0215;10
0216;17
0217;27
0218;23
0219;28
0220;24
0221;23
0222;28
0223;27
0224;22
0225;20
0226;19
0227;16
0228;25
0301;24
0302;21
0303;18
0304;30
0305;23
0306;17
0307;18
0308;22
0309;26
0310;13
0311;18
0312;22
0313;18
0314;15
0315;15
0316;20
0317;17
0318;26
0319;29
0320;15
0321;17
0322;17
0323;15
0324;18
0325;18
0326;18
0327;14
0328;25
0329;19
0330;25
0331;14
0401;21
0402;17
0403;16
0404;20
0405;23
0406;17
0407;18
0408;19
0409;21
0410;19
0411;22
0412;26
0413;24
0414;12
0415;21
0416;16
0417;18
0418;7
0419;14
0420;20
0421;19
0422;17
0423;20
0424;25
0425;21
0426;9
0427;22
0428;22
0429;16
0430;13
0501;22
0502;22
0503;23
0504;21
0505;12
0506;18
0507;26
0508;21
0509;15
0510;21
0511;14
0512;16
0513;13
0514;11
0515;15
0516;28
0517;28
0518;14
0519;19
0520;17
0521;25
0522;15
0523;21
0524;24
0525;28
0526;18
0527;14
0528;25
0529;19
0530;11
0531;24
0601;15
0602;13
0603;21
0604;17
0605;12
0606;17
0607;21
0608;15
0609;19
0610;19
0611;12
0612;14
0613;13
0614;19
0615;10
0616;23
0617;16
0618;15
0619;14
0620;16
0621;13
0622;22
0623;19
0624;17
0625;22
0626;17
0627;17
0628;16
0629;13
0630;29
0701;19
0702;26
0703;25
0704;17
0705;26
0706;16
0707;21
0708;20
0709;16
0710;12
0711;18
0712;26
0713;17
0714;15
0715;11
0716;10
0717;17
0718;16
0719;20
0720;18
0721;27
0722;17
0723;19
0724;24
0725;14
0726;13
0727;19
0728;11
0729;14
0730;19
0731;19
0801;13
0802;21
0803;12
0804;18
0805;17
0806;23
0807;20
0808;21
0809;17
0810;20
0811;16
0812;14
0813;8
0814;16
0815;17
0816;20
0817;18
0818;21
0819;15
0820;16
0821;31
0822;17
0823;14
0824;19
0825;20
0826;10
0827;16
0828;18
0829;20
0830;25
0831;19
0901;13
0902;12
0903;15
0904;16
0905;16
0906;13
0907;15
0908;14
0909;23
0910;19
0911;15
0912;16
0913;18
0914;13
0915;24
0916;20
0917;19
0918;18
0919;11
0920;12
0921;22
0922;12
0923;23
0924;32
0925;22
0926;17
0927;24
0928;18
0929;17
0930;25
1001;13
1002;20
1003;21
1004;16
1005;16
1006;15
1007;27
1008;15
1009;19
1010;17
1011;29
1012;15
1013;23
1014;19
1015;16
1016;20
1017;21
1018;24
1019;17
1020;22
1021;13
1022;21
1023;16
1024;12
1025;20
1026;23
1027;17
1028;22
1029;21
1030;24
1031;22
1101;17
1102;17
1103;23
1104;17
1105;14
1106;15
1107;19
1108;13
1109;26
1110;11
1111;18
1112;15
1113;13
1114;24
1115;19
1116;20
1117;16
1118;27
1119;21
1120;19
1121;14
1122;18
1123;11
1124;27
1125;24
1126;21
1127;22
1128;17
1129;18
1130;16
1201;20
1202;22
1203;20
1204;22
1205;20
1206;24
1207;20
1208;22
1209;25
1210;22
1211;23
1212;14
1213;20
1214;14
1215;12
1216;18
1217;18
1218;25
1219;19
1220;26
1221;21
1222;26
1223;17
1224;22
1225;29
1226;20
1227;25
1228;35
1229;36
1230;26
1231;25
