0101;13
0102;13
0103;14
0104;9
0105;14
0106;12
0107;12
0108;16
0109;11
0110;18
0111;19
0112;9
0113;15
0114;14
0115;17
0116;13
0117;13
0118;11
0119;17
0120;14
0121;8
0122;9
0123;14
0124;9
0125;20
0126;9
0127;9
0128;12
0129;10
0130;11
0131;11
0201;9
0202;17
0203;11
0204;15
0205;18
0206;16
0207;5
0208;6
0209;10
0210;7
0211;12
0212;13
0213;11
0214;17
0215;12
0216;10
0217;15
0218;10
0219;8
0220;6
0221;15
0222;11
0223;10
0224;6
0225;13
0226;11
0227;10
0228;13
0301;8
0302;11
0303;9
0304;6
0305;8
0306;15
0307;12
0308;18
0309;9
0310;11
0311;10
0312;15
0313;14
0314;19
0315;13
0316;10
0317;11
0318;5
0319;8
0320;6
0321;12
0322;12
0323;10
0324;11
0325;10
0326;11
0327;16
0328;9
0329;10
0330;7
0331;10
0401;11
0402;18
0403;11
0404;19
0405;13
0406;16
0407;14
0408;8
0409;19
0410;8
0411;13
0412;15
0413;8
0414;9
0415;9
0416;8
0417;16
0418;9
0419;13
0420;12
0421;17
0422;5
0423;9
0424;17
0425;10
0426;12
0427;9
0428;8
0429;11
0430;14
0501;17
0502;5
0503;8
0504;8
0505;13
0506;12
0507;10
0508;12
0509;17
0510;7
0511;9
0512;10
0513;14
0514;22
0515;19
0516;10
0517;14
0518;14
0519;12
0520;12
0521;9
0522;8
0523;7
0524;10
0525;15
0526;17
0527;22
0528;17
0529;13
0530;9
0531;16
0601;15
0602;8
0603;21
0604;12
0605;11
0606;12
0607;14
0608;16
0609;12
0610;12
0611;8
0612;5
0613;14
0614;11
0615;7
0616;13
0617;12
0618;9
0619;14
0620;13
0621;8
0622;14
0623;12
0624;12
0625;8
0626;8
0627;16
0628;10
0629;11
0630;10
0701;10
0702;8
0703;12
0704;8
0705;10
0706;11
0707;6
0708;11
0709;10
0710;14
0711;12
0712;12
0713;8
0714;14
0715;14
0716;13
0717;14
0718;15
0719;22
0720;8
0721;11
0722;15
0723;13
0724;9
0725;12
0726;9
0727;11
0728;10
0729;5
0730;13
0731;13
0801;11
0802;10
0803;12
0804;9
0805;14
0806;13
0807;14
0808;9
0809;12
0810;14
0811;10
0812;11
0813;9
0814;22
0815;14
0816;11
0817;11
0818;5
0819;10
0820;14
0821;16
0822;9
0823;11
0824;10
0825;11
0826;16
0827;10
0828;18
0829;9
0830;16
0831;10
0901;13
0902;13
0903;10
0904;13
0905;12
0906;6
0907;12
0908;16
0909;15
0910;8
0911;17
0912;10
0913;10
0914;16
0915;18
0916;13
0917;9
0918;8
0919;10
0920;22
0921;7
0922;7
0923;11
0924;9
0925;10
0926;11
0927;6
0928;8
0929;7
0930;13
1001;18
1002;12
1003;12
1004;17
1005;12
1006;7
1007;13
1008;10
1009;13
1010;6
1011;7
1012;13
1013;12
1014;10
1015;15
1016;11
1017;14
1018;17
1019;6
1020;8
1021;10
1022;16
1023;13
1024;17
1025;6
1026;9
1027;13
1028;11
1029;14
1030;13
1031;16
1101;8
1102;10
1103;13
1104;8
1105;7
1106;4
1107;12
1108;12
1109;13
1110;10
1111;11
1112;11
1113;11
1114;10
1115;10
1116;12
1117;14
1118;13
1119;15
1120;8
1121;8
1122;16
1123;11
1124;14
1125;14
1126;14
1127;7
1128;12
1129;11
1130;15
1201;20
1202;10
1203;8
1204;11
1205;12
1206;8
1207;16
1208;8
1209;14
1210;12
1211;8
1212;6
1213;5
1214;13
1215;11
1216;10
1217;8
1218;8
1219;14
1220;6
1221;10
1222;13
1223;15
1224;12
1225;15
1226;15
1227;14
1228;11
1229;17
1230;17
1231;15
