0101;20
0102;8
0103;14
0104;19
0105;12
0106;10
0107;12
0108;14
0109;15
0110;18
0111;11
0112;14
0113;12
0114;14
0115;11
0116;14
0117;15
0118;15
0119;12
0120;17
0121;14
0122;22
0123;15
0124;16
0125;7
0126;13
0127;13
0128;5
0129;9
0130;10
0131;16
0201;9
0202;12
0203;18
0204;15
0205;21
0206;11
0207;13
0208;13
0209;11
0210;14
0211;12
0212;15
0213;9
0214;18
0215;13
0216;14
0217;16
0218;14
0219;15
0220;18
0221;16
0222;10
0223;19
0224;21
0225;7
0226;15
0227;13
0228;13
0301;16
0302;17
0303;16
0304;25
0305;13
0306;21
0307;11
0308;14
0309;13
0310;17
0311;8
0312;8
0313;14
0314;18
0315;13
0316;12
0317;10
0318;7
0319;12
0320;16
0321;11
0322;15
0323;21
0324;8
0325;16
0326;5
0327;7
0328;13
0329;13
0330;14
0331;11
0401;6
0402;13
0403;10
0404;13
0405;9
0406;13
0407;10
0408;9
0409;7
0410;10
0411;12
0412;15
0413;17
0414;15
0415;15
0416;14
0417;11
0418;11
0419;12
0420;6
0421;12
0422;17
0423;15
0424;13
0425;9
0426;19
0427;13
0428;8
0429;8
0430;10
0501;10
0502;16
0503;13
0504;9
0505;7
0506;13
0507;9
0508;9
0509;7
0510;14
0511;13
0512;10
0513;6
0514;6
0515;13
0516;8
0517;11
0518;9
0519;14
0520;10
0521;10
0522;12
0523;10
0524;9
0525;11
0526;15
0527;14
0528;14
0529;11
0530;11
0531;8
0601;12
0602;6
0603;8
0604;10
0605;15
0606;15
0607;8
0608;6
0609;11
0610;11
0611;6
0612;12
0613;13
0614;12
0615;11
0616;17
0617;8
0618;13
0619;17
0620;7
0621;13
0622;10
0623;11
0624;12
0625;10
0626;13
0627;9
0628;9
0629;5
0630;11
0701;12
0702;11
0703;11
0704;13
0705;19
0706;8
0707;6
0708;11
0709;11
0710;18
0711;18
0712;7
0713;10
0714;9
0715;8
0716;12
0717;7
0718;11
0719;15
0720;13
0721;9
0722;8
0723;8
0724;8
0725;13
0726;9
0727;7
0728;6
0729;11
0730;6
0731;9
0801;12
0802;12
0803;5
0804;14
0805;9
0806;15
0807;10
0808;13
0809;6
0810;11
0811;10
0812;13
0813;10
0814;4
0815;11
0816;13
0817;10
0818;11
0819;8
0820;15
0821;10
0822;6
0823;6
0824;12
0825;8
0826;11
0827;9
0828;10
0829;9
0830;13
0831;15
0901;21
0902;15
0903;13
0904;10
0905;20
0906;11
0907;9
0908;11
0909;11
0910;12
0911;3
0912;9
0913;9
0914;15
0915;10
0916;10
0917;12
0918;11
0919;10
0920;10
0921;7
0922;5
0923;18
0924;10
0925;12
0926;12
0927;16
0928;14
0929;16
0930;13
1001;12
1002;16
1003;10
1004;10
1005;7
1006;11
1007;21
1008;12
1009;11
1010;16
1011;16
1012;11
1013;14
1014;13
1015;13
1016;11
1017;15
1018;11
1019;11
1020;9
1021;9
1022;16
1023;9
1024;10
1025;11
1026;7
1027;13
1028;9
1029;13
1030;11
1031;14
1101;11
1102;7
1103;12
1104;13
1105;10
1106;12
1107;16
1108;6
1109;8
1110;13
1111;10
1112;7
1113;13
1114;18
1115;12
1116;15
1117;16
1118;14
1119;5
1120;12
1121;10
1122;13
1123;18
1124;19
1125;8
1126;13
1127;9
1128;14
1129;17
1130;9
1201;10
1202;11
1203;19
1204;10
1205;6
1206;15
1207;13
1208;12
1209;11
1210;9
1211;12
1212;11
1213;13
1214;16
1215;15
1216;14
1217;13
1218;7
1219;14
1220;8
1221;14
1222;16
1223;12
1224;8
1225;13
1226;8
1227;9
1228;9
1229;13
1230;12
1231;13
