0101;4
0102;11
0103;3
0104;1
0105;3
0106;5
0107;5
0108;3
0109;5
0110;3
0111;3
0112;2
0113;7
0114;3
0115;10
0116;5
0117;2
0118;8
0119;5
0120;7
0121;11
0122;2
0123;5
0124;1
0125;7
0126;6
0127;5
0128;4
0129;6
0130;3
0131;7
0201;7
0202;7
0203;4
0204;3
0205;4
0206;8
0207;2
0208;4
0209;4
0210;4
0211;3
0212;9
0213;7
0214;3
0215;8
0216;5
0217;2
0218;6
0219;4
0220;4
0221;7
0222;4
0223;6
0224;6
0225;4
0226;2
0227;11
0228;9
0301;3
0302;10
0303;3
0304;3
0305;2
0306;3
0307;6
0308;6
0309;2
0310;3
0311;7
0312;6
0313;2
0314;4
0315;4
0316;6
0317;3
0318;3
0319;5
0320;5
0322;6
0323;4
0324;2
0325;4
0326;6
0327;6
0328;7
0329;2
0330;3
0331;1
0401;7
0402;6
0403;4
0405;4
0406;1
0407;6
0408;7
0409;8
0410;6
0411;1
0412;3
0413;4
0414;7
0415;4
0416;5
0417;4
0418;4
0419;4
0420;5
0421;5
0422;5
0423;3
0424;4
0425;1
0426;4
0427;4
0428;1
0429;4
0430;2
0501;11
0502;3
0503;4
0504;4
0505;5
0506;7
0507;6
0508;4
0509;4
0510;3
0511;2
0512;5
0513;4
0514;4
0515;8
0516;3
0517;2
0518;9
0519;7
0520;4
0521;1
0522;3
0523;2
0524;6
0525;4
0526;5
0527;7
0528;4
0529;5
0530;4
0531;6
0601;2
0602;5
0603;5
0604;2
0605;5
0606;2
0607;5
0608;5
0609;3
0610;5
0611;6
0612;5
0613;5
0614;4
0615;6
0616;3
0617;3
0618;3
0619;2
0620;6
0621;6
0622;7
0623;6
0624;3
0625;1
0626;6
0627;3
0628;6
0629;1
0630;6
0701;3
0702;4
0703;2
0704;9
0705;4
0706;2
0707;6
0708;6
0709;6
0710;9
0711;5
0712;7
0713;9
0714;2
0715;4
0716;4
0717;6
0718;4
0719;4
0720;5
0721;6
0722;8
0723;3
0724;4
0725;6
0726;5
0727;5
0728;2
0729;7
0730;1
0731;8
0801;1
0802;3
0803;3
0804;3
0805;2
0806;5
0807;3
0808;4
0809;6
0810;6
0811;6
0812;2
0813;1
0814;3
0815;1
0816;2
0817;3
0818;6
0819;5
0820;1
0821;5
0822;3
0823;10
0824;6
0825;5
0826;4
0827;1
0828;6
0829;2
0830;8
0831;4
0901;4
0902;1
0903;2
0904;6
0905;2
0906;3
0907;3
0908;4
0909;4
0910;8
0911;2
0912;8
0913;4
0914;4
0915;5
0916;5
0917;5
0918;10
0919;4
0920;4
0921;6
0922;3
0923;5
0924;2
0925;4
0926;4
0927;4
0928;4
0929;4
0930;5
1001;4
1002;7
1004;7
1005;5
1006;4
1007;2
1008;3
1009;2
1010;5
1011;3
1012;3
1013;4
1014;4
1015;3
1016;2
1017;2
1018;9
1019;3
1020;4
1021;6
1022;2
1023;3
1024;3
1025;5
1026;7
1027;8
1028;6
1029;4
1030;2
1031;5
1101;2
1102;3
1103;1
1104;5
1105;4
1106;5
1107;2
1108;3
1109;3
1110;7
1111;4
1112;5
1113;2
1114;4
1115;8
1116;4
1117;5
1118;5
1119;6
1120;1
1121;4
1122;3
1123;4
1124;7
1125;5
1126;7
1127;7
1128;8
1129;2
1130;3
1201;8
1202;6
1203;5
1204;3
1205;5
1206;4
1207;4
1208;9
1209;7
1210;7
1211;4
1212;4
1213;2
1214;9
1215;4
1216;3
1217;6
1218;6
1219;5
1220;4
1221;3
1222;5
1223;1
1224;3
1225;7
1226;6
1227;6
1228;3
1229;6
1230;7
1231;4
