0101;11
0102;13
0103;12
0104;10
0105;9
0106;10
0107;16
0108;14
0109;9
0110;21
0111;12
0112;9
0113;10
0114;9
0115;14
0116;12
0117;15
0118;9
0119;5
0120;15
0121;17
0122;18
0123;11
0124;15
0125;13
0126;14
0127;9
0128;15
0129;10
0130;13
0131;13
0201;14
0202;11
0203;11
0204;19
0205;9
0206;9
0207;14
0208;11
0209;14
0210;12
0211;21
0212;14
0213;16
0214;9
0215;15
0216;13
0217;15
0218;14
0219;5
0220;12
0221;22
0222;23
0223;10
0224;8
0225;16
0226;19
0227;18
0228;13
0301;15
0302;14
0303;18
0304;9
0305;16
0306;14
0307;16
0308;12
0309;9
0310;19
0311;21
0312;9
0313;13
0314;9
0315;12
0316;10
0317;12
0318;13
0319;9
0320;11
0321;9
0322;18
0323;8
0324;8
0325;8
0326;15
0327;13
0328;6
0329;6
0330;8
0331;14
0401;8
0402;7
0403;9
0404;11
0405;12
0406;7
0407;8
0408;7
0409;12
0410;11
0411;8
0412;12
0413;12
0414;9
0415;10
0416;7
0417;12
0418;10
0419;8
0420;10
0421;11
0422;12
0423;16
0424;10
0425;4
0426;6
0427;14
0428;13
0429;11
0430;4
0501;9
0502;8
0503;17
0504;9
0505;11
0506;12
0507;7
0508;5
0509;15
0510;7
0511;6
0512;10
0513;13
0514;6
0515;7
0516;5
0517;14
0518;10
0519;13
0520;11
0521;10
0522;12
0523;8
0524;11
0525;10
0526;11
0527;13
0528;9
0529;7
0530;12
0531;6
0601;11
0602;14
0603;9
0604;9
0605;10
0606;6
0607;14
0608;9
0609;12
0610;8
0611;7
0612;12
0613;10
0614;12
0615;12
0616;10
0617;14
0618;10
0619;9
0620;11
0621;8
0622;3
0623;6
0624;13
0625;8
0626;9
0627;12
0628;15
0629;9
0630;5
0701;12
0702;11
0703;7
0704;11
0705;11
0706;11
0707;7
0708;12
0709;11
0710;10
0711;8
0712;10
0713;18
0714;5
0715;10
0716;5
0717;10
0718;7
0719;11
0720;7
0721;12
0722;14
0723;9
0724;10
0725;10
0726;9
0727;9
0728;13
0729;5
0730;18
0731;8
0801;11
0802;17
0803;13
0804;10
0805;14
0806;4
0807;5
0808;9
0809;8
0810;12
0811;10
0812;9
0813;4
0814;12
0815;6
0816;8
0817;9
0818;10
0819;8
0820;11
0821;6
0822;8
0823;8
0824;10
0825;6
0826;16
0827;11
0828;7
0829;5
0830;5
0831;7
0901;10
0902;7
0903;11
0904;9
0905;4
0906;5
0907;11
0908;11
0909;7
0910;8
0911;7
0912;10
0913;6
0914;10
0915;8
0916;10
0917;7
0918;13
0919;10
0920;3
0921;7
0922;14
0923;8
0924;14
0925;11
0926;6
0927;9
0928;13
0929;12
0930;6
1001;10
1002;5
1003;9
1004;9
1005;7
1006;4
1007;11
1008;16
1009;5
1010;11
1011;10
1012;6
1013;9
1014;15
1015;9
1016;12
1017;7
1018;11
1019;10
1020;11
1021;14
1022;11
1023;5
1024;12
1025;10
1026;16
1027;13
1028;9
1029;10
1030;11
1031;10
1101;10
1102;10
1103;13
1104;6
1105;11
1106;10
1107;12
1108;10
1109;12
1110;8
1111;9
1112;10
1113;8
1114;12
1115;9
1116;7
1117;13
1118;6
1119;14
1120;11
1121;7
1122;10
1123;11
1124;13
1125;12
1126;10
1127;7
1128;7
1129;6
1130;13
1201;13
1202;10
1203;7
1204;11
1205;10
1206;15
1207;10
1208;9
1209;11
1210;15
1211;8
1212;10
1213;7
1214;19
1215;16
1216;6
1217;14
1218;10
1219;8
1220;5
1221;9
1222;11
1223;16
1224;17
1225;7
1226;5
1227;13
1228;16
1229;6
1230;11
1231;15
