0101;7
0102;3
0103;2
0104;5
0105;7
0106;6
0107;3
0108;5
0109;9
0110;4
0111;6
0112;6
0113;3
0114;3
0115;6
0116;4
0117;6
0118;6
0119;9
0120;3
0121;4
0122;5
0123;8
0124;11
0125;7
0126;6
0127;10
0128;8
0129;5
0130;7
0131;8
0201;2
0202;3
0203;6
0204;5
0205;3
0206;5
0207;7
0208;9
0209;1
0210;9
0211;7
0212;7
0213;5
0214;7
0215;4
0216;5
0217;8
0218;4
0219;7
0220;8
0221;5
0222;7
0223;4
0224;7
0225;5
0226;11
0227;6
0228;7
0301;6
0302;10
0303;7
0304;5
0305;10
0306;10
0307;9
0308;6
0309;4
0310;11
0311;4
0312;3
0313;4
0314;3
0315;4
0316;4
0317;6
0318;5
0319;9
0320;3
0321;3
0322;7
0323;2
0324;6
0325;6
0326;5
0327;6
0328;2
0329;3
0330;4
0331;3
0401;2
0402;3
0403;7
0404;6
0405;5
0406;5
0407;5
0408;6
0409;5
0410;3
0411;1
0412;4
0413;1
0414;1
0415;4
0416;3
0417;9
0418;4
0419;3
0420;7
0421;4
0422;5
0423;1
0424;4
0425;3
0426;2
0427;8
0428;1
0429;7
0430;2
0501;3
0502;3
0503;4
0504;3
0505;1
0506;3
0507;3
0508;4
0509;2
0510;4
0511;2
0512;4
0513;7
0514;3
0515;3
0516;3
0517;1
0518;4
0519;2
0520;3
0521;5
0522;2
0523;5
0524;6
0525;7
0526;5
0527;3
0528;1
0529;5
0530;9
0531;3
0601;3
0602;3
0603;4
0604;2
0605;3
0606;4
0607;5
0608;5
0609;6
0610;4
0611;6
0612;1
0613;7
0614;3
0615;5
0616;9
0617;5
0618;7
0619;10
0620;2
0621;2
0622;5
0623;4
0624;2
0625;2
0626;7
0627;7
0628;6
0629;1
0630;3
0701;6
0702;2
0703;4
0704;5
0705;4
0706;6
0707;2
0708;1
0709;4
0710;3
0711;4
0712;4
0713;7
0714;5
0715;2
0716;5
0717;3
0718;6
0719;7
0720;4
0721;3
0722;8
0723;2
0724;3
0725;3
0726;5
0727;4
0728;6
0729;4
0730;5
0731;3
0801;3
0802;8
0803;7
0804;3
0805;4
0806;4
0807;5
0808;5
0809;5
0810;5
0811;4
0812;6
0813;7
0814;5
0815;4
0816;6
0817;2
0818;5
0819;3
0820;8
0821;4
0822;5
0823;7
0824;3
0826;8
0827;7
0828;4
0829;1
0830;2
0831;1
0901;10
0902;4
0903;3
0904;6
0905;6
0906;6
0907;4
0908;3
0909;3
0910;6
0911;5
0912;1
0913;5
0914;3
0915;5
0916;2
0917;2
0918;4
0919;2
0920;3
0921;4
0922;4
0923;3
0924;4
0925;6
0926;2
0927;3
0928;6
0929;2
0930;2
1002;2
1003;8
1004;3
1005;4
1006;3
1007;5
1008;4
1009;4
1010;7
1011;5
1012;4
1013;5
1014;9
1015;3
1016;5
1017;4
1018;6
1019;6
1020;5
1021;7
1022;4
1023;7
1024;5
1025;5
1026;4
1027;8
1028;6
1029;2
1030;3
1031;2
1101;1
1102;6
1103;8
1104;4
1106;3
1107;4
1108;3
1109;5
1110;4
1111;4
1112;5
1113;5
1114;7
1115;4
1116;4
1117;5
1118;6
1119;9
1120;4
1121;1
1122;1
1123;2
1124;3
1125;1
1126;5
1127;2
1128;5
1129;3
1130;8
1201;4
1202;5
1203;4
1204;2
1205;7
1206;4
1207;4
1208;5
1209;3
1210;7
1211;7
1212;3
1213;4
1214;5
1215;7
1216;1
1217;6
1218;6
1219;3
1220;4
1221;2
1222;5
1223;4
1224;9
1225;6
1226;7
1227;4
1228;5
1229;7
1230;5
1231;9
