0101;15
0102;19
0103;15
0104;11
0105;16
0106;6
0107;12
0108;21
0109;14
0110;9
0111;12
0112;21
0113;19
0114;12
0115;15
0116;13
0117;21
0118;13
0119;17
0120;14
0121;10
0122;20
0123;8
0124;16
0125;14
0126;12
0127;16
0128;14
0129;20
0130;18
0131;11
0201;17
0202;10
0203;8
0204;20
0205;10
0206;14
0207;12
0208;13
0209;15
0210;8
0211;20
0212;8
0213;15
0214;12
0215;13
0216;10
0217;12
0218;22
0219;14
0220;13
0221;13
0222;15
0223;15
0224;15
0225;10
0226;21
0227;17
0228;20
0301;16
0302;16
0303;14
0304;15
0305;14
0306;11
0307;23
0308;14
0309;21
0310;14
0311;13
0312;19
0313;8
0314;20
0315;21
0316;16
0317;17
0318;16
0319;17
0320;15
0321;12
0322;15
0323;14
0324;12
0325;13
0326;6
0327;18
0328;12
0329;8
0330;15
0331;8
0401;8
0402;14
0403;15
0404;14
0405;15
0406;11
0407;13
0408;10
0409;13
0410;12
0411;15
0412;11
0413;14
0414;15
0415;12
0416;19
0417;10
0418;19
0419;10
0420;10
0421;8
0422;14
0423;14
0424;14
0425;10
0426;11
0427;11
0428;16
0429;17
0430;8
0501;12
0502;12
0503;18
0504;15
0505;14
0506;9
0507;16
0508;9
0509;12
0510;22
0511;9
0512;13
0513;10
0514;17
0515;9
0516;15
0517;10
0518;11
0519;9
0520;10
0521;7
0522;10
0523;15
0524;14
0525;11
0526;6
0527;4
0528;13
0529;9
0530;15
0531;11
0601;8
0602;14
0603;11
0604;10
0605;13
0606;17
0607;9
0608;12
0609;7
0610;11
0611;8
0612;8
0613;10
0614;11
0615;12
0616;13
0617;11
0618;18
0619;7
0620;14
0621;9
0622;15
0623;13
0624;11
0625;11
0626;14
0627;13
0628;14
0629;11
0630;11
0701;11
0702;12
0703;8
0704;15
0705;12
0706;8
0707;11
0708;14
0709;12
0710;14
0711;15
0712;14
0713;14
0714;12
0715;15
0716;18
0717;16
0718;13
0719;9
0720;13
0721;11
0722;9
0723;7
0724;11
0725;13
0726;12
0727;12
0728;9
0729;11
0730;13
0731;20
0801;13
0802;10
0803;16
0804;8
0805;8
0806;12
0807;16
0808;11
0809;13
0810;11
0811;11
0812;13
0813;9
0814;18
0815;12
0816;12
0817;16
0818;8
0819;17
0820;15
0821;13
0822;14
0823;7
0824;12
0825;6
0826;12
0827;19
0828;12
0829;11
0830;7
0831;7
0901;7
0902;11
0903;19
0904;15
0905;10
0906;20
0907;11
0908;13
0909;10
0910;10
0911;12
0912;12
0913;11
0914;19
0915;16
0916;13
0917;13
0918;11
0919;13
0920;12
0921;13
0922;7
0923;11
0924;10
0925;6
0926;8
0927;14
0928;14
0929;12
0930;11
1001;6
1002;19
1003;11
1004;8
1005;13
1006;12
1007;7
1008;10
1009;7
1010;12
1011;8
1012;18
1013;12
1014;12
1015;14
1016;18
1017;15
1018;11
1019;12
1020;15
1021;11
1022;13
1023;10
1024;14
1025;14
1026;10
1027;11
1028;8
1029;17
1030;10
1031;12
1101;12
1102;11
1103;11
1104;13
1105;16
1106;5
1107;8
1108;9
1109;14
1110;17
1111;13
1112;14
1113;11
1114;12
1115;11
1116;6
1117;12
1118;14
1119;9
1120;17
1121;10
1122;16
1123;10
1124;8
1125;18
1126;18
1127;13
1128;13
1129;18
1130;6
1201;13
1202;9
1203;9
1204;13
1205;8
1206;14
1207;11
1208;11
1209;13
1210;11
1211;10
1212;18
1213;20
1214;7
1215;18
1216;12
1217;19
1218;13
1219;13
1220;13
1221;12
1222;10
1223;15
1224;10
1225;17
1226;16
1227;7
1228;10
1229;17
1230;10
1231;13
