0101;14
0102;14
0103;7
0104;16
0105;22
0106;13
0107;16
0108;19
0109;9
0110;17
0111;19
0112;12
0113;20
0114;13
0115;18
0116;6
0117;19
0118;9
0119;24
0120;19
0121;18
0122;15
0123;10
0124;14
0125;18
0126;13
0127;15
0128;16
0129;12
0130;13
0131;16
0201;19
0202;13
0203;14
0204;12
0205;13
0206;18
0207;9
0208;18
0209;11
0210;17
0211;15
0212;13
0213;21
0214;16
0215;9
0216;16
0217;16
0218;12
0219;10
0220;13
0221;13
0222;4
0223;12
0224;12
0225;11
0226;17
0227;12
0228;18
0301;15
0302;17
0303;12
0304;15
0305;19
0306;14
0307;11
0308;10
0309;17
0310;13
0311;10
0312;14
0313;15
0314;16
0315;14
0316;8
0317;8
0318;16
0319;9
0320;13
0321;11
0322;5
0323;14
0324;13
0325;6
0326;9
0327;12
0328;10
0329;10
0330;24
0331;9
0401;18
0402;14
0403;12
0404;11
0405;13
0406;11
0407;17
0408;13
0409;8
0410;17
0411;13
0412;14
0413;8
0414;9
0415;9
0416;8
0417;14
0418;16
0419;11
0420;7
0421;13
0422;12
0423;10
0424;9
0425;11
0426;11
0427;13
0428;14
0429;13
0430;7
0501;13
0502;12
0503;12
0504;7
0505;18
0506;7
0507;9
0508;8
0509;14
0510;5
0511;6
0512;17
0513;15
0514;8
0515;14
0516;10
0517;8
0518;12
0519;9
0520;12
0521;10
0522;18
0523;7
0524;8
0525;6
0526;11
0527;13
0528;12
0529;17
0530;15
0531;15
0601;9
0602;17
0603;10
0604;10
0605;15
0606;14
0607;17
0608;7
0609;12
0610;11
0611;12
0612;14
0613;12
0614;11
0615;10
0616;8
0617;11
0618;14
0619;15
0620;11
0621;11
0622;11
0623;7
0624;13
0625;14
0626;8
0627;5
0628;10
0629;19
0630;8
0701;11
0702;10
0703;15
0704;11
0705;6
0706;8
0707;11
0708;10
0709;17
0710;15
0711;6
0712;11
0713;16
0714;10
0715;8
0716;18
0717;16
0718;12
0719;9
0720;8
0721;8
0722;14
0723;10
0724;11
0725;6
0726;6
0727;11
0728;9
0729;16
0730;10
0731;12
0801;12
0802;7
0803;9
0804;8
0805;9
0806;13
0807;2
0808;7
0809;7
0810;5
0811;6
0812;8
0813;13
0814;10
0815;11
0816;14
0817;17
0818;10
0819;9
0820;10
0821;8
0822;10
0823;12
0824;10
0825;12
0826;9
0827;10
0828;11
0829;11
0830;12
0831;8
0901;11
0902;15
0903;8
0904;17
0905;17
0906;12
0907;11
0908;10
0909;9
0910;8
0911;8
0912;7
0913;7
0914;10
0915;10
0916;14
0917;10
0918;9
0919;15
0920;10
0921;13
0922;10
0923;17
0924;12
0925;14
0926;7
0927;15
0928;9
0929;12
0930;17
1001;16
1002;12
1003;8
1004;6
1005;8
1006;12
1007;10
1008;11
1009;7
1010;8
1011;13
1012;10
1013;11
1014;16
1015;18
1016;12
1017;13
1018;13
1019;11
1020;7
1021;10
1022;16
1023;12
1024;14
1025;4
1026;9
1027;15
1028;9
1029;9
1030;10
1031;14
1101;11
1102;14
1103;10
1104;11
1105;13
1106;12
1107;11
1108;9
1109;11
1110;15
1111;9
1112;10
1113;14
1114;15
1115;11
1116;16
1117;10
1118;10
1119;9
1120;11
1121;11
1122;7
1123;12
1124;10
1125;13
1126;17
1127;17
1128;11
1129;8
1130;12
1201;12
1202;9
1203;12
1204;16
1205;12
1206;20
1207;13
1208;7
1209;11
1210;19
1211;13
1212;14
1213;12
1214;14
1215;12
1216;13
1217;19
1218;16
1219;7
1220;16
1221;9
1222;13
1223;15
1224;9
1225;12
1226;16
1227;17
1228;10
1229;13
1230;18
1231;10
