0101;8
0102;7
0103;5
0104;7
0105;3
0106;2
0107;3
0108;5
0109;2
0110;4
0111;3
0112;1
0113;1
0114;1
0115;8
0116;4
0117;3
0118;4
0119;2
0120;6
0121;4
0122;4
0123;3
0124;2
0125;3
0126;4
0127;3
0128;6
0129;2
0130;3
0131;5
0201;4
0202;4
0203;5
0204;5
0205;5
0207;2
0208;2
0209;3
0210;2
0211;4
0212;6
0213;1
0214;3
0215;3
0216;8
0217;5
0218;4
0219;2
0220;4
0221;3
0222;4
0223;4
0224;1
0225;2
0226;5
0227;4
0228;4
0301;6
0302;8
0303;6
0304;6
0305;2
0306;9
0307;3
0308;4
0309;4
0310;9
0311;5
0312;4
0313;7
0314;2
0315;7
0316;6
0317;4
0318;5
0319;5
0320;5
0321;4
0322;2
0323;4
0324;4
0325;8
0327;5
0328;3
0329;2
0330;2
0331;5
0401;3
0402;6
0403;2
0404;3
0405;6
0406;1
0407;2
0408;4
0409;6
0411;5
0412;2
0413;9
0414;2
0415;3
0416;2
0417;2
0418;3
0419;5
0420;2
0421;1
0422;3
0423;5
0424;7
0425;6
0426;2
0427;8
0428;1
0429;6
0430;3
0501;2
0502;3
0503;5
0504;4
0505;2
0506;2
0507;5
0508;1
0509;3
0510;1
0511;3
0513;2
0514;4
0515;5
0516;6
0517;5
0518;4
0519;2
0520;4
0521;5
0522;2
0524;2
0525;2
0526;5
0527;4
0528;5
0530;2
0531;1
0601;5
0602;3
0603;1
0604;5
0605;1
0606;4
0607;2
0609;5
0610;7
0611;3
0612;1
0613;4
0614;4
0615;4
0616;9
0617;5
0618;2
0619;3
0620;9
0621;2
0622;5
0623;3
0624;4
0625;9
0626;8
0627;5
0628;2
0629;5
0630;3
0701;3
0702;4
0703;6
0704;5
0705;5
0706;2
0707;5
0708;3
0709;8
0710;4
0711;3
0712;7
0713;4
0714;5
0715;1
0716;8
0717;2
0718;3
0719;3
0720;2
0721;3
0722;5
0723;3
0724;3
0725;3
0726;7
0727;2
0728;3
0729;5
0730;8
0731;4
0801;8
0802;6
0803;2
0804;6
0805;4
0806;7
0807;3
0808;8
0809;3
0810;5
0811;3
0812;3
0813;4
0814;2
0815;5
0816;6
0817;3
0818;4
0819;8
0820;1
0821;6
0822;4
0823;7
0824;5
0825;6
0826;4
0827;11
0828;5
0829;5
0830;3
0831;3
0901;3
0902;5
0903;3
0904;2
0905;5
0906;5
0907;1
0908;5
0909;5
0910;2
0911;1
0912;2
0913;3
0914;3
0915;4
0916;3
0917;3
0918;4
0919;5
0920;1
0921;4
0922;2
0923;2
0925;3
0926;3
0927;1
0928;7
0929;1
0930;1
1001;1
1002;2
1003;2
1004;1
1005;1
1006;6
1007;2
1008;2
1009;5
1010;5
1011;6
1012;6
1013;8
1014;7
1015;4
1016;4
1017;3
1018;4
1019;3
1020;1
1021;1
1022;5
1023;2
1024;8
1025;2
1026;3
1027;3
1028;3
1029;5
1030;5
1031;2
1101;4
1102;1
1103;2
1104;2
1105;1
1106;2
1107;6
1108;4
1109;2
1110;2
1111;1
1112;2
1113;4
1114;5
1115;2
1116;2
1117;5
1118;1
1119;4
1120;5
1121;6
1122;2
1123;4
1124;5
1125;5
1126;7
1127;5
1128;2
1129;2
1130;8
1201;9
1202;4
1203;4
1204;3
1205;5
1206;6
1207;2
1208;3
1209;5
1210;4
1211;5
1212;7
1213;10
1214;1
1215;9
1216;3
1217;2
1218;4
1219;5
1220;3
1221;4
1222;4
1223;4
1224;3
1225;4
1226;5
1227;6
1228;3
1229;2
1230;5
1231;4
