0101;16
0102;26
0103;18
0104;14
0105;11
0106;18
0107;19
0108;20
0109;9
0110;19
0111;20
0112;25
0113;16
0114;24
0115;22
0116;20
0117;16
0118;25
0119;14
0120;16
0121;22
0122;23
0123;21
0124;21
0125;19
0126;19
0127;23
0128;22
0129;17
0130;17
0131;15
0200;1
0201;22
0202;17
0203;13
0204;12
0205;25
0206;11
0207;17
0208;14
0209;16
0210;19
0211;26
0212;27
0213;18
0214;22
0215;19
0216;18
0217;20
0218;18
0219;22
0220;28
0221;38
0222;13
0223;21
0224;10
0225;27
0226;17
0227;25
0228;24
0301;12
0302;22
0303;26
0304;15
0305;17
0306;16
0307;17
0308;18
0309;16
0310;19
0311;13
0312;30
0313;16
0314;26
0315;21
0316;19
0317;20
0318;22
0319;19
0320;19
0321;21
0322;13
0323;20
0324;6
0325;14
0326;21
0327;12
0328;15
0329;17
0330;20
0331;15
0401;11
0402;8
0403;9
0404;8
0405;12
0406;20
0407;23
0408;16
0409;24
0410;22
0411;11
0412;22
0413;10
0414;19
0415;9
0416;14
0417;14
0418;14
0419;21
0420;15
0421;19
0422;15
0423;17
0424;18
0425;15
0426;20
0427;19
0428;13
0429;11
0430;19
0501;18
0502;16
0503;16
0504;21
0505;15
0506;17
0507;14
0508;15
0509;8
0510;9
0511;17
0512;16
0513;16
0514;19
0515;19
0516;14
0517;11
0518;12
0519;8
0520;16
0521;9
0522;16
0523;13
0524;15
0525;22
0526;19
0527;13
0528;14
0529;13
0530;13
0531;18
0601;18
0602;11
0603;13
0604;17
0605;19
0606;16
0607;20
0608;15
0609;15
0610;14
0611;18
0612;18
0613;12
0614;13
0615;10
0616;8
0617;14
0618;15
0619;15
0620;12
0621;12
0622;20
0623;10
0624;21
0625;10
0626;7
0627;14
0628;19
0629;14
0630;9
0701;8
0702;14
0703;11
0704;16
0705;18
0706;13
0707;9
0708;12
0709;15
0710;10
0711;12
0712;17
0713;12
0714;12
0715;17
0716;15
0717;21
0718;10
0719;12
0720;13
0721;17
0722;16
0723;15
0724;14
0725;16
0726;11
0727;16
0728;6
0729;11
0730;18
0731;13
0801;18
0802;12
0803;16
0804;11
0805;12
0806;7
0807;18
0808;10
0809;14
0810;18
0811;9
0812;11
0813;13
0814;18
0815;8
0816;22
0817;11
0818;10
0819;14
0820;15
0821;15
0822;13
0823;18
0824;18
0825;10
0826;14
0827;16
0828;10
0829;9
0830;9
0831;11
0901;13
0902;17
0903;15
0904;14
0905;16
0906;12
0907;9
0908;17
0909;10
0910;17
0911;13
0912;15
0913;15
0914;12
0915;11
0916;15
0917;16
0918;13
0919;14
0920;16
0921;14
0922;12
0923;20
0924;16
0925;11
0926;24
0927;15
0928;14
0929;8
0930;9
1001;9
1002;18
1003;14
1004;13
1005;16
1006;14
1007;17
1008;21
1009;21
1010;16
1011;9
1012;12
1013;20
1014;22
1015;15
1016;16
1017;18
1018;20
1019;18
1020;14
1021;16
1022;18
1023;14
1024;18
1025;15
1026;16
1027;17
1028;11
1029;13
1030;13
1031;15
1101;13
1102;12
1103;14
1104;11
1105;17
1106;16
1107;11
1108;15
1109;19
1110;12
1111;14
1112;17
1113;12
1114;10
1115;22
1116;15
1117;11
1118;8
1119;18
1120;19
1121;17
1122;18
1123;25
1124;10
1125;11
1126;19
1127;16
1128;11
1129;14
1130;17
1201;18
1202;20
1203;13
1204;16
1205;19
1206;21
1207;11
1208;19
1209;15
1210;13
1211;19
1212;13
1213;15
1214;17
1215;15
1216;21
1217;15
1218;14
1219;20
1220;13
1221;22
1222;17
1223;16
1224;6
1225;19
1226;10
1227;19
1228;19
1229;13
1230;15
1231;19
