0101;10
0102;16
0103;5
0104;9
0105;5
0106;7
0107;6
0108;13
0109;7
0110;12
0111;6
0112;7
0113;6
0114;7
0115;9
0116;10
0117;9
0118;9
0119;3
0120;15
0121;9
0122;9
0123;8
0124;9
0125;10
0126;2
0127;12
0128;13
0129;6
0130;11
0131;6
0201;9
0202;5
0203;4
0204;9
0205;10
0206;7
0207;5
0208;7
0209;4
0210;6
0211;4
0212;5
0213;3
0214;5
0215;12
0216;11
0217;10
0218;11
0219;5
0220;7
0221;13
0222;7
0223;15
0224;7
0225;6
0226;5
0227;8
0228;12
0301;9
0302;10
0303;14
0304;9
0305;7
0306;3
0307;9
0308;10
0309;11
0310;4
0311;6
0312;5
0313;5
0314;4
0315;10
0316;7
0317;6
0318;5
0319;12
0320;10
0321;8
0322;9
0323;14
0324;4
0325;3
0326;7
0327;2
0328;6
0329;4
0330;7
0331;8
0401;8
0402;10
0403;8
0404;14
0405;8
0406;4
0407;9
0408;4
0409;3
0410;6
0411;2
0412;7
0413;10
0414;4
0415;7
0416;4
0417;6
0418;8
0419;11
0420;9
0421;6
0422;7
0423;3
0424;2
0425;8
0426;4
0427;9
0428;4
0429;5
0430;6
0501;11
0502;4
0503;12
0504;7
0505;6
0506;5
0507;11
0508;2
0509;7
0510;10
0511;5
0512;11
0513;10
0514;4
0515;4
0516;14
0517;12
0518;6
0519;6
0520;2
0521;3
0522;7
0523;6
0524;4
0525;10
0526;1
0527;10
0528;4
0529;7
0530;7
0531;4
0601;2
0602;4
0603;4
0604;4
0605;6
0606;10
0607;9
0608;10
0609;5
0610;6
0611;6
0612;8
0613;3
0614;6
0615;6
0616;13
0617;10
0618;16
0619;7
0620;6
0621;6
0622;4
0623;4
0624;7
0625;7
0626;2
0627;5
0628;5
0629;6
0630;7
0701;2
0702;8
0703;4
0704;6
0705;5
0706;11
0707;6
0708;4
0709;6
0710;5
0711;1
0712;3
0713;8
0714;6
0715;4
0716;10
0717;5
0718;4
0719;8
0720;8
0721;4
0722;9
0723;9
0724;8
0725;9
0726;6
0727;10
0728;6
0729;4
0730;5
0731;9
0801;10
0802;7
0803;1
0804;5
0805;7
0806;9
0807;5
0808;2
0809;4
0810;6
0811;4
0812;6
0813;5
0814;6
0815;6
0816;7
0817;6
0818;4
0819;5
0820;9
0821;4
0822;9
0823;4
0824;2
0825;3
0826;6
0827;11
0828;7
0829;3
0830;6
0831;5
0901;8
0902;9
0903;5
0904;8
0905;1
0906;6
0907;6
0908;3
0909;5
0910;8
0911;5
0912;14
0913;8
0914;12
0915;9
0916;7
0917;7
0918;5
0919;8
0920;4
0921;6
0922;6
0923;7
0924;7
0925;6
0926;6
0927;6
0928;3
0929;7
0930;10
1001;3
1002;8
1003;3
1004;9
1005;7
1006;10
1007;3
1008;7
1009;9
1010;10
1011;4
1012;4
1013;6
1014;5
1015;5
1016;5
1017;5
1018;8
1019;7
1020;7
1021;5
1022;9
1023;6
1024;6
1025;5
1026;5
1027;5
1028;6
1029;8
1030;2
1031;2
1101;5
1102;10
1103;4
1104;3
1105;3
1106;3
1107;5
1108;3
1109;6
1110;6
1111;4
1112;7
1113;6
1114;8
1115;1
1116;11
1117;6
1118;7
1119;2
1120;6
1121;4
1122;3
1123;7
1124;7
1125;11
1126;9
1127;8
1128;9
1129;8
1130;5
1201;5
1202;5
1203;8
1204;5
1205;8
1206;7
1207;5
1208;5
1209;7
1210;4
1211;7
1212;7
1213;9
1214;10
1215;6
1216;9
1217;3
1218;10
1219;6
1220;6
1221;9
1222;9
1223;5
1224;8
1225;4
1226;13
1227;8
1228;14
1229;2
1230;7
1231;7
