0101;4
0102;11
0103;12
0104;8
0105;13
0106;12
0107;12
0108;12
0109;11
0110;10
0111;7
0112;9
0113;6
0114;11
0115;15
0116;9
0117;3
0118;8
0119;8
0120;7
0121;16
0122;9
0123;7
0124;12
0125;8
0126;10
0127;9
0128;16
0129;15
0130;13
0131;6
0201;9
0202;10
0203;17
0204;13
0205;9
0206;8
0207;12
0208;8
0209;13
0210;13
0211;14
0212;9
0213;8
0214;8
0215;5
0216;10
0217;15
0218;17
0219;15
0220;5
0221;8
0222;12
0223;10
0224;10
0225;11
0226;18
0227;8
0228;11
0301;13
0302;5
0303;11
0304;11
0305;12
0306;8
0307;20
0308;14
0309;9
0310;7
0311;15
0312;15
0313;9
0314;7
0315;14
0316;14
0317;6
0318;7
0319;12
0320;19
0321;10
0322;5
0323;13
0324;5
0325;7
0326;11
0327;12
0328;7
0329;10
0330;12
0331;10
0401;9
0402;11
0403;14
0404;17
0405;6
0406;10
0407;7
0408;8
0409;9
0410;8
0411;10
0412;6
0413;9
0414;10
0415;8
0416;11
0417;10
0418;4
0419;11
0420;8
0421;4
0422;12
0423;13
0424;7
0425;8
0426;13
0427;10
0428;12
0429;5
0430;11
0501;14
0502;13
0503;5
0504;11
0505;12
0506;10
0507;9
0508;4
0509;11
0510;16
0511;2
0512;8
0513;13
0514;6
0515;6
0516;7
0517;10
0518;5
0519;6
0520;16
0521;13
0522;6
0523;6
0524;7
0525;6
0526;10
0527;12
0528;5
0529;6
0530;3
0531;10
0601;9
0602;9
0603;12
0604;12
0605;6
0606;11
0607;14
0608;6
0609;6
0610;11
0611;4
0612;9
0613;3
0614;10
0615;9
0616;5
0617;2
0618;9
0619;8
0620;9
0621;9
0622;14
0623;7
0624;4
0625;7
0626;7
0627;6
0628;8
0629;11
0630;12
0701;8
0702;10
0703;8
0704;6
0705;9
0706;7
0707;6
0708;9
0709;8
0710;8
0711;6
0712;11
0713;7
0714;4
0715;8
0716;7
0717;12
0718;6
0719;9
0720;8
0721;7
0722;8
0723;7
0724;9
0725;8
0726;8
0727;6
0728;15
0729;4
0730;8
0731;8
0801;11
0802;13
0803;7
0804;10
0805;7
0806;6
0807;13
0808;11
0809;7
0810;4
0811;7
0812;10
0813;6
0814;7
0815;5
0816;7
0817;10
0818;7
0819;8
0820;9
0821;8
0822;14
0823;7
0824;11
0825;11
0826;6
0827;6
0828;11
0829;9
0830;10
0831;7
0901;5
0902;9
0903;11
0904;6
0905;8
0906;7
0907;6
0908;8
0909;8
0910;3
0911;7
0912;7
0913;6
0914;7
0915;6
0916;10
0917;7
0918;9
0919;8
0920;6
0921;9
0922;6
0923;6
0924;16
0925;12
0926;9
0927;13
0928;9
0929;2
0930;9
1001;7
1002;10
1003;9
1004;8
1005;9
1006;16
1007;11
1008;7
1009;10
1010;8
1011;7
1012;13
1013;12
1014;9
1015;9
1016;9
1017;6
1018;13
1019;5
1020;7
1021;4
1022;12
1023;6
1024;9
1025;13
1026;15
1027;17
1028;6
1029;5
1030;10
1031;12
1101;6
1102;5
1103;7
1104;10
1105;9
1106;12
1107;8
1108;6
1109;9
1110;11
1111;8
1112;15
1113;11
1114;9
1115;8
1116;5
1117;11
1118;11
1119;17
1120;8
1121;10
1122;8
1123;7
1124;9
1125;6
1126;11
1127;8
1128;10
1129;12
1130;4
1201;7
1202;7
1203;7
1204;10
1205;9
1206;13
1207;13
1208;6
1209;10
1210;9
1211;9
1212;11
1213;10
1214;13
1215;11
1216;7
1217;8
1218;8
1219;10
1220;10
1221;16
1222;5
1223;6
1224;11
1225;11
1226;7
1227;9
1228;3
1229;13
1230;11
1231;11
