0000;1
0101;19
0102;24
0103;16
0104;26
0105;29
0106;24
0107;26
0108;30
0109;24
0110;23
0111;20
0112;22
0113;22
0114;22
0115;24
0116;35
0117;29
0118;18
0119;24
0120;25
0121;28
0122;23
0123;25
0124;24
0125;27
0126;41
0127;25
0128;28
0129;32
0130;36
0131;15
0201;22
0202;17
0203;17
0204;25
0205;30
0206;23
0207;27
0208;21
0209;21
0210;26
0211;32
0212;21
0213;28
0214;25
0215;26
0216;25
0217;20
0218;25
0219;25
0220;19
0221;31
0222;28
0223;23
0224;33
0225;33
0226;24
0227;21
0228;29
0301;27
0302;25
0303;33
0304;19
0305;36
0306;28
0307;25
0308;25
0309;26
0310;30
0311;36
0312;25
0313;23
0314;17
0315;22
0316;20
0317;26
0318;17
0319;18
0320;22
0321;32
0322;34
0323;22
0324;15
0325;33
0326;17
0327;22
0328;24
0329;18
0330;15
0331;21
0401;24
0402;16
0403;23
0404;34
0405;28
0406;25
0407;16
0408;20
0409;18
0410;32
0411;21
0412;11
0413;20
0414;17
0415;17
0416;24
0417;22
0418;24
0419;23
0420;19
0421;26
0422;19
0423;16
0424;22
0425;25
0426;27
0427;20
0428;22
0429;17
0430;12
0501;25
0502;19
0503;26
0504;13
0505;16
0506;12
0507;20
0508;17
0509;15
0510;20
0511;15
0512;19
0513;21
0514;20
0515;17
0516;25
0517;23
0518;28
0519;19
0520;16
0521;15
0522;24
0523;17
0524;19
0525;16
0526;19
0527;22
0528;23
0529;19
0530;10
0531;12
0601;17
0602;19
0603;28
0604;14
0605;22
0606;17
0607;24
0608;26
0609;25
0610;16
0611;15
0612;18
0613;22
0614;16
0615;15
0616;18
0617;16
0618;26
0619;8
0620;19
0621;18
0622;11
0623;13
0624;20
0625;8
0626;23
0627;14
0628;17
0629;13
0630;23
0701;24
0702;29
0703;22
0704;21
0705;21
0706;19
0707;23
0708;18
0709;13
0710;13
0711;17
0712;21
0713;17
0714;17
0715;20
0716;24
0717;20
0718;12
0719;14
0720;13
0721;22
0722;22
0723;20
0724;28
0725;19
0726;19
0727;23
0728;24
0729;9
0730;16
0731;26
0801;17
0802;26
0803;19
0804;17
0805;24
0806;20
0807;11
0808;15
0809;15
0810;19
0811;13
0812;19
0813;21
0814;12
0815;17
0816;18
0817;22
0818;15
0819;22
0820;13
0821;11
0822;12
0823;17
0824;22
0825;17
0826;11
0827;21
0828;14
0829;12
0830;26
0831;16
0901;25
0902;23
0903;24
0904;21
0905;26
0906;13
0907;23
0908;18
0909;22
0910;20
0911;25
0912;17
0913;12
0914;18
0915;10
0916;23
0917;28
0918;18
0919;18
0920;13
0921;13
0922;24
0923;30
0924;27
0925;26
0926;14
0927;21
0928;19
0929;29
0930;24
1001;22
1002;18
1003;19
1004;16
1005;19
1006;20
1007;25
1008;21
1009;16
1010;23
1011;20
1012;21
1013;27
1014;23
1015;16
1016;24
1017;22
1018;16
1019;26
1020;18
1021;20
1022;25
1023;23
1024;22
1025;19
1026;15
1027;29
1028;20
1029;18
1030;17
1031;22
1101;20
1102;16
1103;20
1104;15
1105;13
1106;20
1107;22
1108;21
1109;17
1110;14
1111;25
1112;9
1113;19
1114;25
1115;18
1116;20
1117;21
1118;19
1119;27
1120;25
1121;21
1122;23
1123;16
1124;21
1125;19
1126;33
1127;27
1128;24
1129;23
1130;13
1201;16
1202;10
1203;20
1204;22
1205;21
1206;20
1207;17
1208;13
1209;23
1210;24
1211;25
1212;19
1213;25
1214;18
1215;27
1216;27
1217;20
1218;27
1219;31
1220;15
1221;33
1222;28
1223;15
1224;24
1225;22
1226;28
1227;20
1228;21
1229;24
1230;28
1231;25
