0101;33
0102;35
0103;36
0104;47
0105;40
0106;34
0107;37
0108;42
0109;21
0110;34
0111;28
0112;40
0113;28
0114;47
0115;39
0116;36
0117;28
0118;29
0119;42
0120;33
0121;43
0122;34
0123;47
0124;30
0125;37
0126;36
0127;27
0128;33
0129;41
0130;25
0131;39
0201;32
0202;27
0203;34
0204;29
0205;33
0206;35
0207;31
0208;31
0209;34
0210;37
0211;30
0212;38
0213;29
0214;26
0215;36
0216;33
0217;28
0218;24
0219;28
0220;40
0221;33
0222;37
0223;38
0224;33
0225;40
0226;28
0227;39
0228;28
0301;37
0302;36
0303;32
0304;36
0305;46
0306;30
0307;40
0308;39
0309;38
0310;38
0311;33
0312;33
0313;36
0314;42
0315;32
0316;34
0317;35
0318;34
0319;22
0320;30
0321;27
0322;41
0323;27
0324;32
0325;31
0326;36
0327;32
0328;31
0329;29
0330;29
0331;38
0401;26
0402;37
0403;35
0404;36
0405;35
0406;43
0407;35
0408;41
0409;30
0410;36
0411;31
0412;33
0413;38
0414;32
0415;43
0416;28
0417;25
0418;21
0419;32
0420;29
0421;34
0422;32
0423;36
0424;29
0425;37
0426;28
0427;30
0428;34
0429;22
0430;17
0501;26
0502;33
0503;33
0504;24
0505;37
0506;28
0507;27
0508;27
0509;36
0510;18
0511;23
0512;38
0513;29
0514;40
0515;29
0516;30
0517;36
0518;29
0519;29
0520;32
0521;32
0522;41
0523;34
0524;29
0525;29
0526;24
0527;36
0528;27
0529;31
0530;28
0531;22
0601;27
0602;17
0603;30
0604;37
0605;22
0606;39
0607;32
0608;35
0609;33
0610;24
0611;30
0612;20
0613;14
0614;21
0615;26
0616;22
0617;36
0618;33
0619;32
0620;25
0621;28
0622;22
0623;18
0624;21
0625;20
0626;27
0627;27
0628;23
0629;30
0630;26
0701;31
0702;25
0703;27
0704;29
0705;34
0706;26
0707;30
0708;33
0709;33
0710;30
0711;20
0712;37
0713;28
0714;33
0715;28
0716;39
0717;24
0718;27
0719;31
0720;31
0721;27
0722;34
0723;44
0724;37
0725;27
0726;29
0727;20
0728;31
0729;23
0730;25
0731;22
0801;33
0802;29
0803;26
0804;28
0805;30
0806;31
0807;37
0808;25
0809;24
0810;25
0811;22
0812;21
0813;22
0814;23
0815;29
0816;22
0817;24
0818;37
0819;28
0820;25
0821;31
0822;29
0823;29
0824;31
0825;16
0826;28
0827;33
0828;31
0829;28
0830;28
0831;32
0901;25
0902;28
0903;28
0904;29
0905;30
0906;29
0907;28
0908;23
0909;29
0910;27
0911;21
0912;36
0913;21
0914;29
0915;27
0916;34
0917;34
0918;22
0919;35
0920;32
0921;24
0922;24
0923;28
0924;31
0925;29
0926;30
0927;27
0928;28
0929;31
0930;28
1001;29
1002;20
1003;34
1004;31
1005;23
1006;25
1007;18
1008;28
1009;29
1010;27
1011;24
1012;31
1013;24
1014;28
1015;30
1016;30
1017;21
1018;28
1019;31
1020;28
1021;27
1022;27
1023;29
1024;32
1025;24
1026;19
1027;34
1028;25
1029;30
1030;32
1031;25
1101;31
1102;29
1103;28
1104;28
1105;24
1106;25
1107;23
1108;26
1109;27
1110;35
1111;27
1112;34
1113;34
1114;22
1115;28
1116;26
1117;27
1118;27
1119;40
1120;26
1121;29
1122;30
1123;41
1124;22
1125;29
1126;28
1127;30
1128;29
1129;35
1130;32
1201;36
1202;25
1203;43
1204;26
1205;37
1206;37
1207;42
1208;29
1209;36
1210;39
1211;36
1212;36
1213;28
1214;21
1215;31
1216;36
1217;35
1218;23
1219;38
1220;34
1221;26
1222;33
1223;42
1224;28
1225;26
1226;38
1227;28
1228;29
1229;36
1230;28
1231;32
