0101;26
0102;13
0103;21
0104;16
0105;15
0106;22
0107;21
0108;15
0109;22
0110;10
0111;18
0112;8
0113;24
0114;17
0115;19
0116;21
0117;18
0118;23
0119;17
0120;16
0121;13
0122;11
0123;22
0124;17
0125;15
0126;27
0127;17
0128;16
0129;19
0130;17
0131;19
0201;14
0202;19
0203;20
0204;12
0205;15
0206;17
0207;24
0208;21
0209;18
0210;20
0211;20
0212;19
0213;18
0214;19
0215;16
0216;18
0217;13
0218;23
0219;19
0220;24
0221;24
0222;12
0223;20
0224;20
0225;16
0226;18
0227;24
0228;22
0301;22
0302;26
0303;19
0304;20
0305;20
0306;22
0307;24
0308;22
0309;21
0310;18
0311;16
0312;11
0313;22
0314;18
0315;18
0316;9
0317;13
0318;18
0319;16
0320;9
0321;14
0322;16
0323;21
0324;14
0325;13
0326;18
0327;23
0328;17
0329;15
0330;21
0331;9
0401;22
0402;19
0403;17
0404;21
0405;18
0406;19
0407;17
0408;17
0409;16
0410;21
0411;12
0412;15
0413;12
0414;22
0415;25
0416;10
0417;16
0418;18
0419;20
0420;16
0421;12
0422;10
0423;20
0424;13
0425;14
0426;10
0427;14
0428;7
0429;15
0430;9
0501;16
0502;14
0503;14
0504;13
0505;15
0506;23
0507;20
0508;16
0509;7
0510;13
0511;13
0512;17
0513;7
0514;25
0515;17
0516;19
0517;18
0518;21
0519;11
0520;13
0521;16
0522;14
0523;10
0524;14
0525;21
0526;13
0527;13
0528;16
0529;15
0530;13
0531;16
0601;16
0602;12
0603;13
0604;13
0605;21
0606;13
0607;19
0608;12
0609;21
0610;17
0611;13
0612;15
0613;17
0614;13
0615;13
0616;16
0617;14
0618;21
0619;11
0620;16
0621;15
0622;16
0623;14
0624;20
0625;12
0626;12
0627;18
0628;14
0629;13
0630;18
0701;22
0702;16
0703;17
0704;15
0705;21
0706;9
0707;12
0708;13
0709;10
0710;15
0711;14
0712;13
0713;12
0714;11
0715;16
0716;17
0717;16
0718;17
0719;16
0720;14
0721;15
0722;12
0723;13
0724;15
0725;20
0726;12
0727;18
0728;16
0729;16
0730;16
0731;7
0801;16
0802;18
0803;13
0804;13
0805;10
0806;14
0807;16
0808;18
0809;14
0810;9
0811;15
0812;13
0813;16
0814;14
0815;10
0816;15
0817;9
0818;11
0819;15
0820;18
0821;17
0822;13
0823;21
0824;8
0825;21
0826;15
0827;18
0828;10
0829;16
0830;13
0831;11
0901;8
0902;16
0903;17
0904;11
0905;15
0906;12
0907;10
0908;14
0909;12
0910;20
0911;12
0912;12
0913;13
0914;17
0915;9
0916;15
0917;15
0918;12
0919;10
0920;20
0921;14
0922;13
0923;22
0924;10
0925;16
0926;15
0927;7
0928;14
0929;14
0930;22
1001;17
1002;19
1003;17
1004;13
1005;8
1006;11
1007;9
1008;21
1009;16
1010;16
1011;15
1012;14
1013;15
1014;21
1015;15
1016;13
1017;16
1018;18
1019;14
1020;25
1021;24
1022;15
1023;18
1024;13
1025;20
1026;13
1027;17
1028;18
1029;13
1030;13
1031;18
1101;14
1102;21
1103;13
1104;9
1105;9
1106;18
1107;17
1108;17
1109;12
1110;9
1111;13
1112;14
1113;15
1114;23
1115;17
1116;17
1117;17
1118;14
1119;18
1120;10
1121;17
1122;14
1123;10
1124;19
1125;17
1126;15
1127;19
1128;13
1129;16
1130;17
1201;17
1202;10
1203;18
1204;19
1205;14
1206;16
1207;21
1208;20
1209;18
1210;20
1211;27
1212;21
1213;18
1214;20
1215;17
1216;15
1217;13
1218;18
1219;17
1220;22
1221;14
1222;17
1223;23
1224;14
1225;20
1226;26
1227;20
1228;22
1229;18
1230;23
1231;13
