0101;8
0102;9
0103;10
0104;13
0105;11
0106;3
0107;6
0108;8
0109;7
0110;17
0111;7
0112;5
0113;9
0114;10
0115;6
0116;8
0117;2
0118;6
0119;11
0120;6
0121;6
0122;7
0123;11
0124;9
0125;10
0126;10
0127;10
0128;11
0129;9
0130;13
0131;7
0201;11
0202;7
0203;7
0204;15
0205;5
0206;2
0207;6
0208;5
0209;8
0210;10
0211;10
0212;8
0213;12
0214;7
0215;7
0216;7
0217;11
0218;5
0219;7
0220;6
0221;9
0222;9
0223;4
0224;7
0225;11
0226;4
0227;10
0228;11
0301;8
0302;9
0303;10
0304;10
0305;16
0306;8
0307;9
0308;11
0309;6
0310;7
0311;5
0312;9
0313;4
0314;8
0315;7
0316;13
0317;6
0318;8
0319;10
0320;8
0321;9
0322;12
0323;8
0324;12
0325;9
0326;7
0327;7
0328;11
0329;8
0330;10
0331;10
0401;4
0402;8
0403;5
0404;7
0405;5
0406;12
0407;12
0408;6
0409;10
0410;3
0411;6
0412;12
0413;13
0414;10
0415;9
0416;8
0417;5
0418;6
0419;6
0420;8
0421;7
0422;10
0423;3
0424;4
0425;4
0426;8
0427;6
0428;2
0429;3
0430;10
0501;9
0502;8
0503;4
0504;6
0505;5
0506;6
0507;8
0508;4
0509;3
0510;2
0511;7
0512;2
0513;5
0514;5
0515;5
0516;7
0517;8
0518;10
0519;5
0520;3
0521;5
0522;5
0523;2
0524;9
0525;6
0526;5
0527;11
0528;7
0529;4
0530;7
0531;4
0601;6
0602;8
0603;6
0604;8
0605;5
0606;7
0607;8
0608;3
0609;8
0610;3
0611;4
0612;8
0613;6
0614;9
0615;4
0616;6
0617;7
0618;6
0619;4
0620;11
0621;5
0622;7
0623;7
0624;4
0625;6
0626;6
0627;11
0628;8
0629;3
0630;3
0701;5
0702;7
0703;9
0704;2
0705;7
0706;3
0707;5
0708;5
0709;8
0710;8
0711;6
0712;4
0713;4
0714;5
0715;8
0716;7
0717;8
0718;5
0719;2
0720;10
0721;7
0722;11
0723;9
0724;6
0725;3
0726;6
0727;7
0728;4
0729;7
0730;6
0731;8
0801;2
0802;9
0803;9
0804;4
0805;10
0806;7
0807;5
0808;6
0809;7
0810;3
0811;6
0812;9
0813;5
0814;10
0815;4
0816;9
0817;2
0818;7
0819;3
0820;16
0821;7
0822;14
0823;8
0824;8
0825;10
0826;4
0827;3
0828;6
0829;7
0830;6
0831;9
0901;4
0902;3
0903;7
0904;7
0905;8
0906;8
0907;6
0908;6
0909;9
0910;4
0911;4
0912;8
0913;3
0914;2
0915;9
0916;9
0917;4
0918;8
0919;4
0920;3
0921;5
0922;4
0923;7
0924;8
0925;5
0926;7
0927;4
0928;8
0929;8
0930;8
1001;7
1002;7
1003;2
1004;6
1005;7
1006;6
1007;1
1008;4
1009;5
1010;6
1011;8
1012;9
1013;3
1014;1
1015;8
1016;5
1017;9
1018;8
1019;7
1020;12
1021;6
1022;5
1023;8
1024;3
1025;6
1026;10
1027;10
1028;4
1029;4
1030;10
1031;9
1101;8
1102;7
1103;7
1104;4
1105;6
1106;5
1107;7
1108;4
1109;7
1110;4
1111;6
1112;3
1113;5
1114;5
1115;8
1116;10
1117;10
1118;9
1119;8
1120;3
1121;6
1122;5
1123;3
1124;4
1125;8
1126;6
1127;3
1128;9
1129;10
1130;7
1201;7
1202;6
1203;8
1204;4
1205;5
1206;9
1207;6
1208;7
1209;11
1210;3
1211;9
1212;5
1213;6
1214;3
1215;5
1216;6
1217;5
1218;9
1219;10
1220;8
1221;1
1222;6
1223;10
1224;4
1225;8
1226;6
1227;10
1228;2
1229;9
1230;10
1231;7
