0101;5
0102;4
0103;6
0104;3
0105;5
0106;7
0107;5
0108;4
0109;3
0110;3
0111;4
0112;3
0113;6
0114;4
0115;7
0116;9
0117;8
0118;6
0119;6
0120;7
0121;10
0122;4
0123;6
0124;3
0125;5
0126;7
0127;3
0128;7
0129;3
0130;2
0131;3
0201;6
0202;5
0203;9
0205;3
0206;5
0207;7
0208;4
0209;10
0210;5
0211;8
0212;4
0213;3
0214;3
0215;6
0217;7
0218;6
0219;7
0220;6
0221;5
0222;3
0223;4
0224;9
0225;11
0226;3
0227;5
0228;13
0301;10
0302;7
0303;8
0304;4
0305;6
0306;7
0307;11
0308;9
0309;13
0310;7
0311;10
0312;7
0313;5
0314;6
0315;4
0316;7
0317;8
0318;5
0319;7
0320;6
0321;3
0322;8
0323;5
0324;4
0325;4
0326;7
0327;3
0328;8
0329;6
0330;4
0331;6
0401;5
0402;9
0403;9
0404;7
0405;6
0406;4
0407;6
0408;9
0409;3
0410;9
0411;3
0412;7
0413;5
0414;8
0415;7
0416;6
0417;4
0418;6
0419;9
0420;4
0421;5
0422;5
0423;7
0424;2
0425;5
0426;10
0427;4
0428;4
0429;3
0430;5
0501;4
0502;6
0503;3
0504;1
0505;6
0506;2
0507;11
0508;9
0509;7
0511;4
0512;11
0513;7
0514;11
0515;8
0516;6
0517;7
0518;2
0519;5
0520;5
0521;5
0522;3
0523;5
0524;4
0525;4
0526;5
0527;5
0528;2
0529;6
0530;5
0531;4
0601;4
0602;4
0603;5
0604;5
0605;5
0606;2
0607;7
0608;5
0609;8
0610;6
0611;3
0612;4
0613;2
0614;7
0615;3
0616;4
0617;1
0618;5
0619;7
0620;5
0621;3
0622;1
0623;8
0624;6
0625;4
0626;5
0627;2
0628;1
0629;5
0630;5
0701;3
0702;4
0703;6
0704;1
0705;8
0706;6
0707;7
0708;6
0709;1
0710;1
0711;3
0712;3
0713;7
0714;2
0715;6
0716;5
0717;7
0718;5
0719;7
0720;10
0721;1
0722;3
0723;3
0724;8
0725;2
0726;3
0727;8
0728;6
0729;4
0730;1
0731;3
0801;2
0802;6
0803;5
0804;3
0805;6
0806;4
0807;1
0808;7
0809;2
0810;4
0811;5
0812;1
0813;4
0814;3
0815;1
0816;7
0817;4
0818;2
0819;5
0820;6
0821;1
0822;2
0823;5
0824;12
0825;5
0826;5
0827;3
0828;4
0829;5
0830;6
0831;3
0901;2
0902;2
0903;2
0904;2
0905;1
0906;4
0907;5
0908;4
0909;2
0910;4
0911;6
0912;5
0913;6
0914;2
0915;5
0916;2
0917;3
0918;7
0919;3
0920;3
0921;5
0922;2
0923;5
0924;4
0925;6
0926;3
0927;7
0928;4
0929;4
0930;6
1001;4
1002;1
1003;3
1004;3
1005;5
1006;4
1007;5
1008;5
1009;7
1010;2
1011;4
1012;4
1013;10
1014;6
1015;4
1016;3
1017;4
1018;9
1019;4
1020;3
1021;2
1022;5
1023;4
1024;6
1025;3
1026;3
1027;4
1028;7
1029;4
1030;3
1031;6
1101;2
1102;4
1103;4
1104;7
1105;6
1107;5
1108;2
1109;4
1110;3
1111;8
1112;5
1113;2
1114;4
1115;2
1116;3
1117;6
1118;8
1119;8
1120;3
1121;4
1122;3
1123;5
1124;4
1125;5
1126;3
1127;6
1128;2
1129;6
1130;4
1201;5
1202;2
1203;3
1204;5
1205;5
1206;4
1207;3
1208;3
1209;5
1210;6
1211;9
1212;4
1213;4
1214;5
1215;7
1216;1
1217;5
1218;4
1219;5
1220;6
1221;4
1222;4
1223;2
1224;5
1225;6
1226;6
1227;9
1228;8
1229;1
1230;3
1231;5
