0101;22
0102;17
0103;25
0104;18
0105;14
0106;15
0107;34
0108;15
0109;15
0110;15
0111;12
0112;12
0113;13
0114;15
0115;21
0116;21
0117;20
0118;17
0119;18
0120;11
0121;20
0122;20
0123;21
0124;21
0125;17
0126;14
0127;22
0128;13
0129;18
0130;14
0131;16
0201;27
0202;22
0203;22
0204;21
0205;12
0206;25
0207;10
0208;24
0209;13
0210;20
0211;13
0212;18
0213;21
0214;17
0215;21
0216;11
0217;21
0218;22
0219;27
0220;20
0221;18
0222;14
0223;20
0224;11
0225;21
0226;23
0227;17
0228;19
0301;14
0302;20
0303;15
0304;18
0305;21
0306;14
0307;18
0308;16
0309;21
0310;13
0311;27
0312;13
0313;23
0314;24
0315;17
0316;23
0317;30
0318;21
0319;11
0320;15
0321;15
0322;24
0323;22
0324;26
0325;9
0326;14
0327;19
0328;19
0329;15
0330;15
0331;12
0401;19
0402;10
0403;18
0404;9
0405;14
0406;17
0407;16
0408;17
0409;14
0410;15
0411;13
0412;15
0413;9
0414;17
0415;22
0416;14
0417;13
0418;16
0419;16
0420;20
0421;13
0422;17
0423;25
0424;18
0425;27
0426;11
0427;16
0428;12
0429;12
0430;18
0501;18
0502;15
0503;11
0504;16
0505;15
0506;21
0507;15
0508;7
0509;11
0510;12
0511;8
0512;16
0513;16
0514;12
0515;13
0516;18
0517;10
0518;21
0519;12
0520;18
0521;8
0522;9
0523;16
0524;8
0525;13
0526;16
0527;15
0528;23
0529;16
0530;16
0531;15
0601;9
0602;12
0603;14
0604;12
0605;9
0606;10
0607;20
0608;8
0609;9
0610;11
0611;9
0612;16
0613;21
0614;11
0615;14
0616;13
0617;14
0618;20
0619;11
0620;11
0621;13
0622;12
0623;10
0624;13
0625;13
0626;17
0627;18
0628;17
0629;12
0630;18
0701;17
0702;13
0703;20
0704;12
0705;14
0706;8
0707;12
0708;12
0709;21
0710;11
0711;14
0712;9
0713;9
0714;14
0715;16
0716;9
0717;15
0718;12
0719;16
0720;18
0721;11
0722;10
0723;18
0724;14
0725;18
0726;9
0727;16
0728;17
0729;9
0730;16
0731;15
0801;15
0802;24
0803;10
0804;15
0805;9
0806;9
0807;16
0808;14
0809;12
0810;11
0811;14
0812;10
0813;13
0814;12
0815;21
0816;14
0817;12
0818;12
0819;10
0820;9
0821;22
0822;18
0823;14
0824;15
0825;18
0826;11
0827;10
0828;12
0829;16
0830;16
0831;17
0901;12
0902;13
0903;9
0904;24
0905;14
0906;12
0907;11
0908;19
0909;8
0910;12
0911;14
0912;11
0913;14
0914;10
0915;12
0916;13
0917;9
0918;15
0919;17
0920;10
0921;18
0922;19
0923;18
0924;14
0925;21
0926;20
0927;26
0928;18
0929;9
0930;4
1001;14
1002;17
1003;14
1004;20
1005;18
1006;12
1007;14
1008;15
1009;20
1010;11
1011;16
1012;11
1013;18
1014;15
1015;12
1016;20
1017;13
1018;13
1019;16
1020;12
1021;15
1022;16
1023;18
1024;14
1025;18
1026;22
1027;23
1028;12
1029;15
1030;12
1031;13
1101;17
1102;26
1103;14
1104;17
1105;18
1106;16
1107;13
1108;16
1109;12
1110;14
1111;15
1112;17
1113;21
1114;12
1115;12
1116;20
1117;18
1118;15
1119;13
1120;10
1121;12
1122;16
1123;15
1124;11
1125;23
1126;18
1127;15
1128;11
1129;15
1130;15
1201;22
1202;13
1203;16
1204;12
1205;17
1206;13
1207;14
1208;11
1209;14
1210;10
1211;22
1212;20
1213;19
1214;14
1215;12
1216;20
1217;12
1218;12
1219;20
1220;19
1221;16
1222;15
1223;16
1224;22
1225;17
1226;16
1227;22
1228;8
1229;16
1230;13
1231;14
