0101;20
0102;18
0103;23
0104;23
0105;24
0106;21
0107;24
0108;26
0109;20
0110;17
0111;18
0112;19
0113;20
0114;24
0115;31
0116;22
0117;20
0118;18
0119;20
0120;19
0121;20
0122;21
0123;21
0124;19
0125;25
0126;30
0127;25
0128;23
0129;22
0130;25
0131;21
0201;25
0202;18
0203;14
0204;33
0205;27
0206;22
0207;20
0208;26
0209;18
0210;22
0211;27
0212;20
0213;28
0214;17
0215;23
0216;29
0217;30
0218;22
0219;21
0220;30
0221;14
0222;23
0223;26
0224;23
0225;18
0226;25
0227;30
0228;26
0301;27
0302;22
0303;14
0304;23
0305;17
0306;19
0307;25
0308;22
0309;24
0310;16
0311;19
0312;23
0313;24
0314;18
0315;18
0316;30
0317;26
0318;26
0319;14
0320;29
0321;21
0322;37
0323;23
0324;25
0325;20
0326;18
0327;20
0328;17
0329;18
0330;18
0331;19
0401;14
0402;18
0403;32
0404;13
0405;21
0406;15
0407;22
0408;10
0409;20
0410;28
0411;18
0412;11
0413;13
0414;18
0415;14
0416;15
0417;20
0418;16
0419;19
0420;27
0421;14
0422;15
0423;17
0424;15
0425;21
0426;10
0427;19
0428;17
0429;21
0430;21
0501;22
0502;13
0503;21
0504;22
0505;23
0506;22
0507;20
0508;21
0509;19
0510;19
0511;10
0512;17
0513;24
0514;22
0515;24
0516;21
0517;23
0518;15
0519;22
0520;19
0521;18
0522;15
0523;22
0524;21
0525;14
0526;24
0527;21
0528;21
0529;14
0530;9
0531;23
0601;15
0602;12
0603;14
0604;12
0605;22
0606;25
0607;20
0608;8
0609;16
0610;16
0611;13
0612;19
0613;19
0614;20
0615;16
0616;18
0617;20
0618;21
0619;14
0620;16
0621;17
0622;22
0623;13
0624;22
0625;9
0626;16
0627;21
0628;12
0629;18
0630;20
0701;18
0702;23
0703;24
0704;27
0705;14
0706;14
0707;11
0708;19
0709;26
0710;23
0711;19
0712;25
0713;20
0714;25
0715;18
0716;21
0717;22
0718;13
0719;18
0720;22
0721;25
0722;23
0723;15
0724;19
0725;26
0726;19
0727;19
0728;23
0729;21
0730;14
0731;12
0801;18
0802;21
0803;22
0804;17
0805;19
0806;18
0807;17
0808;16
0809;15
0810;14
0811;13
0812;15
0813;20
0814;9
0815;18
0816;19
0817;18
0818;17
0819;9
0820;16
0821;15
0822;22
0823;19
0824;16
0825;14
0826;11
0827;20
0828;15
0829;15
0830;20
0831;13
0901;19
0902;15
0903;13
0904;16
0905;16
0906;25
0907;21
0908;9
0909;16
0910;20
0911;18
0912;19
0913;18
0914;21
0915;17
0916;13
0917;19
0918;14
0919;21
0920;17
0921;23
0922;16
0923;15
0924;19
0925;22
0926;15
0927;16
0928;24
0929;19
0930;13
1001;18
1002;24
1003;22
1004;21
1005;16
1006;20
1007;17
1008;20
1009;19
1010;16
1011;30
1012;14
1013;16
1014;23
1015;22
1016;23
1017;20
1018;20
1019;20
1020;18
1021;10
1022;19
1023;21
1024;24
1025;23
1026;14
1027;18
1028;22
1029;23
1030;16
1031;18
1101;19
1102;19
1103;16
1104;14
1105;22
1106;22
1107;19
1108;12
1109;17
1110;17
1111;10
1112;29
1113;16
1114;15
1115;16
1116;17
1117;30
1118;15
1119;17
1120;13
1121;27
1122;21
1123;21
1124;13
1125;21
1126;23
1127;13
1128;20
1129;17
1130;16
1201;28
1202;25
1203;24
1204;17
1205;18
1206;30
1207;16
1208;21
1209;17
1210;25
1211;21
1212;26
1213;17
1214;23
1215;14
1216;20
1217;22
1218;27
1219;19
1220;21
1221;18
1222;15
1223;23
1224;23
1225;16
1226;21
1227;17
1228;23
1229;22
1230;27
1231;18
