0101;48
0102;38
0103;36
0104;33
0105;38
0106;39
0107;45
0108;40
0109;33
0110;34
0111;46
0112;45
0113;41
0114;39
0115;47
0116;44
0117;45
0118;35
0119;55
0120;45
0121;41
0122;41
0123;42
0124;39
0125;43
0126;38
0127;37
0128;36
0129;52
0130;33
0131;33
0201;37
0202;33
0203;42
0204;39
0205;38
0206;32
0207;49
0208;51
0209;44
0210;35
0211;44
0212;50
0213;41
0214;50
0215;42
0216;54
0217;46
0218;36
0219;47
0220;52
0221;50
0222;37
0223;54
0224;42
0225;39
0226;43
0227;48
0228;45
0301;48
0302;47
0303;49
0304;35
0305;41
0306;45
0307;46
0308;49
0309;31
0310;46
0311;40
0312;37
0313;44
0314;46
0315;50
0316;42
0317;32
0318;49
0319;37
0320;46
0321;40
0322;45
0323;31
0324;27
0325;37
0326;37
0327;42
0328;31
0329;52
0330;44
0331;25
0401;29
0402;39
0403;36
0404;30
0405;48
0406;31
0407;31
0408;34
0409;39
0410;26
0411;38
0412;33
0413;39
0414;46
0415;43
0416;29
0417;34
0418;30
0419;47
0420;35
0421;38
0422;28
0423;26
0424;36
0425;32
0426;29
0427;31
0428;30
0429;40
0430;25
0501;40
0502;35
0503;38
0504;31
0505;41
0506;38
0507;26
0508;36
0509;30
0510;42
0511;37
0512;33
0513;53
0514;31
0515;31
0516;37
0517;30
0518;42
0519;31
0520;43
0521;34
0522;39
0523;31
0524;37
0525;50
0526;32
0527;39
0528;47
0529;32
0530;33
0531;38
0601;38
0602;36
0603;29
0604;32
0605;24
0606;41
0607;39
0608;37
0609;35
0610;36
0611;41
0612;32
0613;39
0614;41
0615;32
0616;30
0617;27
0618;35
0619;44
0620;35
0621;36
0622;25
0623;27
0624;26
0625;28
0626;37
0627;28
0628;26
0629;33
0630;20
0701;29
0702;29
0703;35
0704;38
0705;43
0706;28
0707;35
0708;37
0709;33
0710;23
0711;37
0712;23
0713;37
0714;25
0715;41
0716;32
0717;32
0718;31
0719;35
0720;25
0721;20
0722;29
0723;43
0724;35
0725;39
0726;23
0727;47
0728;38
0729;30
0730;33
0731;31
0801;41
0802;35
0803;35
0804;33
0805;38
0806;39
0807;32
0808;21
0809;29
0810;35
0811;28
0812;32
0813;29
0814;33
0815;28
0816;26
0817;33
0818;32
0819;26
0820;22
0821;30
0822;27
0823;40
0824;35
0825;29
0826;25
0827;40
0828;36
0829;22
0830;36
0831;27
0901;30
0902;35
0903;37
0904;37
0905;36
0906;50
0907;35
0908;44
0909;34
0910;31
0911;28
0912;39
0913;32
0914;24
0915;28
0916;33
0917;22
0918;39
0919;33
0920;34
0921;31
0922;41
0923;45
0924;38
0925;39
0926;40
0927;42
0928;30
0929;41
0930;30
1001;41
1002;30
1003;32
1004;37
1005;30
1006;28
1007;37
1008;36
1009;47
1010;45
1011;38
1012;22
1013;28
1014;42
1015;40
1016;30
1017;28
1018;33
1019;39
1020;33
1021;38
1022;45
1023;38
1024;39
1025;38
1026;47
1027;40
1028;42
1029;46
1030;31
1031;40
1101;20
1102;29
1103;35
1104;43
1105;20
1106;38
1107;38
1108;28
1109;53
1110;35
1111;34
1112;33
1113;43
1114;39
1115;43
1116;28
1117;31
1118;39
1119;35
1120;33
1121;42
1122;37
1123;40
1124;47
1125;31
1126;40
1127;33
1128;47
1129;41
1130;35
1201;40
1202;32
1203;41
1204;40
1205;39
1206;48
1207;26
1208;37
1209;30
1210;34
1211;46
1212;24
1213;56
1214;31
1215;33
1216;41
1217;45
1218;41
1219;39
1220;39
1221;44
1222;34
1223;46
1224;33
1225;33
1226;50
1227;42
1228;47
1229;26
1230;43
1231;41
