0101;15
0102;27
0103;16
0104;17
0105;20
0106;21
0107;23
0108;17
0109;14
0110;21
0111;26
0112;13
0113;24
0114;17
0115;16
0116;21
0117;13
0118;15
0119;21
0120;29
0121;25
0122;23
0123;24
0124;24
0125;22
0126;22
0127;15
0128;21
0129;16
0130;22
0131;27
0201;20
0202;15
0203;20
0204;23
0205;19
0206;18
0207;28
0208;22
0209;24
0210;16
0211;20
0212;21
0213;27
0214;27
0215;20
0216;19
0217;24
0218;17
0219;17
0220;21
0221;23
0222;15
0223;27
0224;24
0225;20
0226;22
0227;22
0228;29
0301;15
0302;19
0303;15
0304;27
0305;13
0306;19
0307;20
0308;20
0309;25
0310;12
0311;16
0312;22
0313;19
0314;16
0315;19
0316;19
0317;21
0318;18
0319;18
0320;27
0321;18
0322;14
0323;18
0324;17
0325;18
0326;21
0327;19
0328;19
0329;14
0330;16
0331;17
0401;17
0402;20
0403;19
0404;23
0405;16
0406;17
0407;18
0408;13
0409;23
0410;18
0411;15
0412;25
0413;26
0414;19
0415;14
0416;11
0417;22
0418;19
0419;22
0420;14
0421;19
0422;18
0423;15
0424;25
0425;17
0426;16
0427;17
0428;21
0429;21
0430;17
0500;1
0501;18
0502;21
0503;16
0504;10
0505;10
0506;11
0507;13
0508;19
0509;9
0510;11
0511;14
0512;6
0513;14
0514;20
0515;13
0516;15
0517;17
0518;15
0519;14
0520;16
0521;19
0522;18
0523;19
0524;10
0525;20
0526;14
0527;15
0528;11
0529;14
0530;21
0531;16
0601;19
0602;14
0603;16
0604;13
0605;18
0606;17
0607;22
0608;13
0609;21
0610;10
0611;13
0612;14
0613;9
0614;16
0615;8
0616;11
0617;15
0618;9
0619;16
0620;17
0621;8
0622;14
0623;12
0624;22
0625;9
0626;8
0627;11
0628;14
0629;16
0630;18
0701;7
0702;11
0703;18
0704;12
0705;13
0706;16
0707;4
0708;9
0709;22
0710;16
0711;9
0712;17
0713;20
0714;16
0715;13
0716;21
0717;16
0718;22
0719;10
0720;12
0721;15
0722;19
0723;16
0724;14
0725;12
0726;14
0727;12
0728;17
0729;10
0730;10
0731;13
0801;15
0802;7
0803;18
0804;18
0805;13
0806;18
0807;18
0808;12
0809;9
0810;10
0811;12
0812;12
0813;16
0814;14
0815;10
0816;7
0817;16
0818;11
0819;11
0820;9
0821;15
0822;17
0823;17
0824;17
0825;15
0826;8
0827;16
0828;10
0829;12
0830;15
0831;9
0901;18
0902;16
0903;9
0904;16
0905;19
0906;20
0907;16
0908;7
0909;10
0910;13
0911;18
0912;16
0913;17
0914;19
0915;18
0916;12
0917;15
0918;13
0919;15
0920;16
0921;19
0922;14
0923;10
0924;13
0925;10
0926;8
0927;18
0928;21
0929;23
0930;9
1001;19
1002;20
1003;16
1004;16
1005;18
1006;18
1007;13
1008;21
1009;11
1010;23
1011;11
1012;12
1013;13
1014;21
1015;20
1016;10
1017;18
1018;26
1019;15
1020;19
1021;13
1022;17
1023;12
1024;17
1025;17
1026;15
1027;16
1028;11
1029;8
1030;8
1031;19
1101;19
1102;9
1103;12
1104;11
1105;11
1106;18
1107;19
1108;20
1109;15
1110;21
1111;13
1112;22
1113;16
1114;20
1115;20
1116;8
1117;18
1118;14
1119;18
1120;22
1121;15
1122;14
1123;24
1124;14
1125;20
1126;12
1127;17
1128;18
1129;13
1130;28
1201;27
1202;18
1203;16
1204;21
1205;11
1206;17
1207;18
1208;13
1209;19
1210;17
1211;12
1212;19
1213;18
1214;20
1215;22
1216;13
1217;17
1218;20
1219;20
1220;14
1221;14
1222;17
1223;19
1224;13
1225;21
1226;14
1227;8
1228;23
1229;12
1230;26
1231;18
