0101;6
0102;15
0103;10
0104;16
0105;6
0106;11
0107;7
0108;14
0109;16
0110;10
0111;6
0112;9
0113;8
0114;10
0115;8
0116;11
0117;10
0118;10
0119;12
0120;14
0121;6
0122;10
0123;8
0124;18
0125;10
0126;12
0127;13
0128;9
0129;10
0130;11
0131;7
0201;8
0202;5
0203;10
0204;15
0205;8
0206;20
0207;12
0208;13
0209;12
0210;13
0211;13
0212;4
0213;9
0214;15
0215;10
0216;10
0217;16
0218;16
0219;10
0220;12
0221;10
0222;15
0223;7
0224;9
0225;14
0226;9
0227;9
0228;6
0301;10
0302;5
0303;9
0304;9
0305;10
0306;13
0307;19
0308;12
0309;15
0310;13
0311;13
0312;12
0313;14
0314;12
0315;6
0316;12
0317;15
0318;8
0319;10
0320;11
0321;14
0322;11
0323;6
0324;11
0325;12
0326;10
0327;8
0328;12
0329;12
0330;4
0331;9
0401;11
0402;10
0403;7
0404;5
0405;14
0406;12
0407;8
0408;6
0409;9
0410;8
0411;16
0412;8
0413;11
0414;11
0415;3
0416;6
0417;12
0418;15
0419;13
0420;4
0421;9
0422;9
0423;10
0424;12
0425;14
0426;18
0427;12
0428;9
0429;8
0430;3
0501;11
0502;8
0503;7
0504;12
0505;8
0506;9
0507;4
0508;8
0509;5
0510;6
0511;8
0512;9
0513;6
0514;8
0515;10
0516;11
0517;10
0518;8
0519;10
0520;6
0521;9
0522;11
0523;8
0524;8
0525;6
0526;11
0527;9
0528;13
0529;5
0530;4
0531;5
0601;2
0602;5
0603;9
0604;12
0605;9
0606;6
0607;5
0608;9
0609;13
0610;16
0611;8
0612;15
0613;7
0614;3
0615;13
0616;7
0617;10
0618;4
0619;9
0620;12
0621;13
0622;11
0623;10
0624;7
0625;6
0626;11
0627;6
0628;10
0629;9
0630;9
0701;4
0702;10
0703;14
0704;8
0705;8
0706;8
0707;7
0708;7
0709;10
0710;4
0711;7
0712;11
0713;6
0714;8
0715;5
0716;11
0717;8
0718;5
0719;9
0720;6
0721;7
0722;13
0723;12
0724;5
0725;6
0726;12
0727;6
0728;10
0729;5
0730;15
0731;6
0801;9
0802;5
0803;10
0804;10
0805;4
0806;10
0807;14
0808;7
0809;9
0810;11
0811;11
0812;9
0813;7
0814;8
0815;6
0816;16
0817;11
0818;8
0819;10
0820;13
0821;6
0822;8
0823;10
0824;8
0825;8
0826;7
0827;9
0828;13
0829;7
0830;13
0831;6
0901;3
0902;5
0903;10
0904;8
0905;9
0906;7
0907;4
0908;7
0909;8
0910;10
0911;8
0912;7
0913;7
0914;9
0915;6
0916;8
0917;8
0918;13
0919;8
0920;6
0921;10
0922;4
0923;9
0924;12
0925;10
0926;8
0927;10
0928;9
0929;8
0930;10
1001;9
1002;5
1003;8
1004;11
1005;10
1006;6
1007;16
1008;9
1009;9
1010;13
1011;9
1012;6
1013;5
1014;9
1015;7
1016;9
1017;9
1018;10
1019;8
1020;5
1021;11
1022;12
1023;11
1024;11
1025;9
1026;11
1027;14
1028;7
1029;8
1030;12
1031;8
1101;7
1102;7
1103;8
1104;9
1105;9
1106;12
1107;12
1108;12
1109;3
1110;5
1111;9
1112;7
1113;10
1114;6
1115;8
1116;9
1117;6
1118;9
1119;9
1120;11
1121;13
1122;12
1123;7
1124;8
1125;8
1126;14
1127;8
1128;5
1129;11
1130;11
1201;10
1202;12
1203;14
1204;11
1205;13
1206;14
1207;9
1208;12
1209;9
1210;12
1211;12
1212;13
1213;12
1214;12
1215;8
1216;13
1217;7
1218;4
1219;11
1220;8
1221;1
1222;6
1223;7
1224;13
1225;11
1226;12
1227;6
1228;11
1229;16
1230;8
1231;8
