0101;20
0102;34
0103;15
0104;22
0105;15
0106;16
0107;33
0108;17
0109;15
0110;26
0111;28
0112;17
0113;14
0114;20
0115;14
0116;14
0117;11
0118;21
0119;12
0120;18
0121;21
0122;16
0123;24
0124;15
0125;17
0126;18
0127;15
0128;20
0129;26
0130;12
0131;16
0201;19
0202;21
0203;19
0204;23
0205;19
0206;21
0207;18
0208;22
0209;16
0210;16
0211;15
0212;23
0213;15
0214;13
0215;19
0216;18
0217;13
0218;10
0219;24
0220;17
0221;24
0222;17
0223;15
0224;13
0225;13
0226;24
0227;21
0228;17
0301;19
0302;18
0303;11
0304;20
0305;9
0306;12
0307;13
0308;19
0309;24
0310;15
0311;18
0312;12
0313;15
0314;22
0315;17
0316;17
0317;15
0318;13
0319;15
0320;11
0321;16
0322;21
0323;11
0324;17
0325;14
0326;13
0327;20
0328;16
0329;13
0330;19
0331;13
0401;11
0402;15
0403;16
0404;19
0405;8
0406;15
0407;12
0408;19
0409;15
0410;13
0411;15
0412;20
0413;20
0414;21
0415;12
0416;14
0417;13
0418;11
0419;14
0420;7
0421;13
0422;9
0423;10
0424;11
0425;15
0426;7
0427;12
0428;23
0429;15
0430;16
0501;15
0502;12
0503;8
0504;12
0505;11
0506;11
0507;18
0508;13
0509;9
0510;15
0511;19
0512;16
0513;9
0514;17
0515;7
0516;15
0517;14
0518;12
0519;17
0520;15
0521;14
0522;9
0523;18
0524;10
0525;9
0526;12
0527;15
0528;16
0529;11
0530;16
0531;9
0601;21
0602;16
0603;14
0604;10
0605;8
0606;13
0607;22
0608;13
0609;12
0610;11
0611;15
0612;11
0613;10
0614;5
0615;14
0616;18
0617;15
0618;13
0619;11
0620;12
0621;11
0622;15
0623;12
0624;11
0625;6
0626;8
0627;15
0628;13
0629;11
0630;20
0701;19
0702;12
0703;10
0704;10
0705;13
0706;8
0707;16
0708;24
0709;16
0710;13
0711;15
0712;15
0713;20
0714;12
0715;13
0716;15
0717;10
0718;5
0719;17
0720;18
0721;13
0722;12
0723;12
0724;17
0725;22
0726;22
0727;11
0728;11
0729;9
0730;10
0731;14
0801;11
0802;10
0803;20
0804;23
0805;20
0806;18
0807;9
0808;16
0809;11
0810;10
0811;19
0812;11
0813;12
0814;9
0815;10
0816;14
0817;14
0818;11
0819;16
0820;12
0821;6
0822;10
0823;10
0824;15
0825;17
0826;14
0827;17
0828;12
0829;18
0830;16
0831;15
0901;17
0902;12
0903;15
0904;17
0905;17
0906;15
0907;12
0908;12
0909;18
0910;11
0911;12
0912;13
0913;19
0914;20
0915;11
0916;17
0917;9
0918;13
0919;14
0920;15
0921;7
0922;10
0923;13
0924;12
0925;9
0926;14
0927;14
0928;13
0929;8
0930;9
1001;10
1002;15
1003;9
1004;14
1005;20
1006;12
1007;12
1008;12
1009;10
1010;13
1011;14
1012;9
1013;14
1014;20
1015;13
1016;15
1017;21
1018;12
1019;18
1020;16
1021;17
1022;11
1023;12
1024;17
1025;5
1026;16
1027;19
1028;20
1029;14
1030;12
1031;21
1101;10
1102;15
1103;14
1104;18
1105;13
1106;17
1107;11
1108;15
1109;15
1110;18
1111;22
1112;15
1113;11
1114;6
1115;19
1116;11
1117;15
1118;18
1119;10
1120;12
1121;14
1122;16
1123;6
1124;20
1125;18
1126;7
1127;13
1128;10
1129;10
1130;14
1201;13
1202;22
1203;13
1204;11
1205;14
1206;14
1207;28
1208;8
1209;16
1210;20
1211;19
1212;15
1213;12
1214;13
1215;15
1216;14
1217;18
1218;17
1219;19
1220;17
1221;11
1222;12
1223;17
1224;19
1225;14
1226;17
1227;17
1228;23
1229;16
1230;24
1231;12
