0101;36
0102;26
0103;34
0104;35
0105;21
0106;34
0107;17
0108;20
0109;31
0110;28
0111;29
0112;25
0113;11
0114;32
0115;21
0116;22
0117;22
0118;16
0119;28
0120;25
0121;27
0122;20
0123;25
0124;19
0125;18
0126;26
0127;29
0128;32
0129;27
0130;30
0131;22
0201;41
0202;30
0203;13
0204;29
0205;34
0206;22
0207;19
0208;21
0209;21
0210;22
0211;29
0212;25
0213;26
0214;26
0215;18
0216;16
0217;16
0218;20
0219;27
0220;32
0221;22
0222;41
0223;18
0224;14
0225;20
0226;26
0227;23
0228;22
0301;20
0302;23
0303;26
0304;22
0305;35
0306;22
0307;20
0308;31
0309;22
0310;36
0311;14
0312;22
0313;35
0314;21
0315;19
0316;23
0317;27
0318;24
0319;26
0320;17
0321;25
0322;23
0323;12
0324;18
0325;18
0326;16
0327;22
0328;26
0329;27
0330;27
0331;16
0401;24
0402;31
0403;14
0404;24
0405;22
0406;25
0407;26
0408;20
0409;20
0410;27
0411;25
0412;27
0413;19
0414;22
0415;22
0416;15
0417;23
0418;22
0419;20
0420;22
0421;17
0422;23
0423;21
0424;22
0425;23
0426;16
0427;22
0428;27
0429;14
0430;20
0501;16
0502;25
0503;16
0504;17
0505;28
0506;27
0507;28
0508;22
0509;27
0510;12
0511;22
0512;21
0513;17
0514;19
0515;19
0516;16
0517;17
0518;20
0519;13
0520;22
0521;14
0522;24
0523;17
0524;17
0525;25
0526;15
0527;23
0528;13
0529;25
0530;17
0531;20
0601;22
0602;19
0603;26
0604;15
0605;17
0606;16
0607;17
0608;14
0609;19
0610;23
0611;16
0612;18
0613;19
0614;14
0615;22
0616;16
0617;27
0618;22
0619;24
0620;20
0621;14
0622;20
0623;18
0624;14
0625;27
0626;19
0627;26
0628;17
0629;24
0630;21
0701;20
0702;18
0703;17
0704;18
0705;18
0706;20
0707;23
0708;14
0709;21
0710;16
0711;20
0712;22
0713;20
0714;15
0715;17
0716;29
0717;21
0718;17
0719;16
0720;18
0721;21
0722;22
0723;20
0724;20
0725;23
0726;22
0727;16
0728;24
0729;19
0730;13
0731;11
0801;23
0802;19
0803;18
0804;17
0805;24
0806;28
0807;18
0808;13
0809;23
0810;9
0811;18
0812;19
0813;21
0814;10
0815;19
0816;23
0817;7
0818;15
0819;24
0820;17
0821;23
0822;20
0823;13
0824;14
0825;7
0826;23
0827;15
0828;13
0829;14
0830;15
0831;19
0901;21
0902;12
0903;20
0904;18
0905;31
0906;19
0907;14
0908;16
0909;15
0910;14
0911;17
0912;12
0913;21
0914;25
0915;18
0916;20
0917;17
0918;23
0919;15
0920;23
0921;25
0922;21
0923;15
0924;20
0925;18
0926;8
0927;21
0928;19
0929;20
0930;27
1001;18
1002;23
1003;26
1004;19
1005;23
1006;13
1007;22
1008;23
1009;14
1010;17
1011;12
1012;21
1013;16
1014;16
1015;17
1016;27
1017;24
1018;18
1019;26
1020;23
1021;13
1022;19
1023;19
1024;17
1025;17
1026;19
1027;18
1028;20
1029;31
1030;17
1031;12
1101;18
1102;17
1103;10
1104;19
1105;23
1106;19
1107;22
1108;18
1109;21
1110;27
1111;18
1112;17
1113;22
1114;21
1115;18
1116;13
1117;17
1118;16
1119;23
1120;26
1121;17
1122;26
1123;21
1124;21
1125;27
1126;26
1127;14
1128;27
1129;24
1130;23
1201;27
1202;18
1203;22
1204;23
1205;22
1206;22
1207;20
1208;26
1209;16
1210;23
1211;27
1212;27
1213;12
1214;25
1215;21
1216;22
1217;21
1218;27
1219;12
1220;28
1221;21
1222;15
1223;16
1224;23
1225;22
1226;20
1227;16
1228;18
1229;20
1230;19
1231;24
