0101;25
0102;26
0103;24
0104;29
0105;22
0106;23
0107;31
0108;31
0109;31
0110;26
0111;27
0112;20
0113;23
0114;17
0115;23
0116;24
0117;30
0118;32
0119;26
0120;23
0121;20
0122;28
0123;26
0124;31
0125;24
0126;35
0127;25
0128;17
0129;18
0130;37
0131;23
0201;18
0202;15
0203;23
0204;24
0205;24
0206;20
0207;29
0208;28
0209;27
0210;21
0211;26
0212;36
0213;24
0214;27
0215;26
0216;19
0217;22
0218;27
0219;21
0220;21
0221;34
0222;26
0223;22
0224;35
0225;30
0226;31
0227;16
0228;28
0301;18
0302;20
0303;22
0304;22
0305;21
0306;30
0307;23
0308;27
0309;25
0310;20
0311;19
0312;24
0313;27
0314;17
0315;29
0316;32
0317;31
0318;23
0319;22
0320;34
0321;26
0322;22
0323;22
0324;22
0325;30
0326;24
0327;24
0328;20
0329;13
0330;15
0331;24
0401;19
0402;17
0403;26
0404;23
0405;24
0406;20
0407;17
0408;26
0409;20
0410;25
0411;22
0412;18
0413;18
0414;18
0415;23
0416;23
0417;16
0418;24
0419;21
0420;23
0421;16
0422;28
0423;18
0424;29
0425;25
0426;22
0427;18
0428;16
0429;13
0430;15
0501;17
0502;23
0503;27
0504;21
0505;23
0506;15
0507;20
0508;26
0509;12
0510;12
0511;21
0512;17
0513;25
0514;12
0515;26
0516;15
0517;20
0518;17
0519;15
0520;22
0521;23
0522;16
0523;26
0524;15
0525;18
0526;24
0527;26
0528;32
0529;12
0530;24
0531;23
0601;23
0602;20
0603;17
0604;22
0605;18
0606;21
0607;23
0608;28
0609;15
0610;12
0611;19
0612;18
0613;22
0614;14
0615;11
0616;17
0617;16
0618;15
0619;24
0620;19
0621;22
0622;21
0623;18
0624;14
0625;17
0626;19
0627;15
0628;16
0629;14
0630;22
0701;24
0702;20
0703;19
0704;18
0705;12
0706;15
0707;26
0708;24
0709;30
0710;21
0711;23
0712;21
0713;24
0714;25
0715;20
0716;15
0717;18
0718;29
0719;19
0720;16
0721;23
0722;26
0723;20
0724;24
0725;18
0726;25
0727;17
0728;15
0729;16
0730;31
0731;13
0801;20
0802;23
0803;17
0804;20
0805;23
0806;19
0807;18
0808;16
0809;12
0810;10
0811;15
0812;21
0813;14
0814;27
0815;20
0816;18
0817;13
0818;19
0819;20
0820;22
0821;17
0822;20
0823;25
0824;18
0825;8
0826;15
0827;22
0828;19
0829;20
0830;19
0831;21
0901;18
0902;26
0903;16
0904;20
0905;15
0906;23
0907;25
0908;18
0909;14
0910;26
0911;14
0912;17
0913;19
0914;19
0915;18
0916;27
0917;24
0918;14
0919;23
0920;24
0921;17
0922;21
0923;28
0924;13
0925;17
0926;21
0927;16
0928;21
0929;18
0930;26
1001;20
1002;24
1003;14
1004;25
1005;23
1006;16
1007;27
1008;18
1009;18
1010;18
1011;18
1012;20
1013;27
1014;16
1015;23
1016;17
1017;27
1018;24
1019;25
1020;21
1021;25
1022;27
1023;14
1024;24
1025;21
1026;22
1027;20
1028;18
1029;20
1030;21
1031;19
1101;16
1102;22
1103;17
1104;16
1105;16
1106;30
1107;17
1108;28
1109;24
1110;16
1111;14
1112;23
1113;13
1114;22
1115;20
1116;14
1117;16
1118;20
1119;19
1120;17
1121;21
1122;17
1123;23
1124;27
1125;23
1126;22
1127;27
1128;17
1129;21
1130;22
1201;29
1202;25
1203;21
1204;21
1205;27
1206;22
1207;13
1208;22
1209;28
1210;16
1211;17
1212;22
1213;21
1214;30
1215;22
1216;39
1217;19
1218;31
1219;21
1220;21
1221;19
1222;29
1223;16
1224;27
1225;22
1226;26
1227;19
1228;28
1229;14
1230;21
1231;21
