0101;15
0102;21
0103;23
0104;15
0105;13
0106;21
0107;19
0108;16
0109;17
0110;15
0111;20
0112;22
0113;14
0114;19
0115;17
0116;21
0117;20
0118;22
0119;18
0120;23
0121;17
0122;29
0123;17
0124;18
0125;16
0126;16
0127;19
0128;17
0129;13
0130;18
0131;16
0201;24
0202;26
0203;18
0204;18
0205;15
0206;18
0207;19
0208;20
0209;32
0210;16
0211;22
0212;19
0213;13
0214;15
0215;19
0216;23
0217;24
0218;17
0219;23
0220;21
0221;18
0222;20
0223;15
0224;17
0225;21
0226;13
0227;22
0228;10
0301;22
0302;24
0303;13
0304;18
0305;19
0306;18
0307;18
0308;23
0309;18
0310;21
0311;19
0312;14
0313;16
0314;21
0315;24
0316;30
0317;10
0318;24
0319;21
0320;22
0321;16
0322;14
0323;24
0324;7
0325;8
0326;22
0327;16
0328;11
0329;13
0330;14
0331;14
0400;1
0401;21
0402;20
0403;10
0404;22
0405;18
0406;13
0407;17
0408;18
0409;17
0410;19
0411;18
0412;19
0413;10
0414;19
0415;19
0416;15
0417;14
0418;19
0419;21
0420;21
0421;18
0422;22
0423;12
0424;17
0425;25
0426;13
0427;21
0428;15
0429;12
0430;18
0501;10
0502;16
0503;18
0504;15
0505;20
0506;14
0507;16
0508;11
0509;14
0510;18
0511;11
0512;16
0513;22
0514;15
0515;16
0516;23
0517;17
0518;26
0519;27
0520;21
0521;21
0522;11
0523;10
0524;19
0525;11
0526;13
0527;18
0528;16
0529;19
0530;19
0531;24
0601;13
0602;8
0603;18
0604;17
0605;15
0606;10
0607;23
0608;13
0609;9
0610;20
0611;17
0612;11
0613;18
0614;17
0615;14
0616;11
0617;18
0618;16
0619;10
0620;8
0621;14
0622;13
0623;10
0624;11
0625;15
0626;9
0627;19
0628;15
0629;10
0630;14
0701;8
0702;20
0703;7
0704;16
0705;16
0706;13
0707;10
0708;12
0709;17
0710;10
0711;16
0712;11
0713;11
0714;12
0715;21
0716;10
0717;19
0718;17
0719;22
0720;7
0721;14
0722;11
0723;10
0724;15
0725;19
0726;16
0727;16
0728;10
0729;13
0730;21
0731;8
0801;12
0802;14
0803;22
0804;8
0805;19
0806;16
0807;12
0808;10
0809;14
0810;13
0811;8
0812;10
0813;12
0814;16
0815;18
0816;15
0817;16
0818;13
0819;13
0820;14
0821;10
0822;13
0823;21
0824;25
0825;8
0826;14
0827;13
0828;11
0829;16
0830;9
0831;14
0901;20
0902;14
0903;14
0904;21
0905;15
0906;15
0907;15
0908;15
0909;8
0910;16
0911;16
0912;21
0913;9
0914;14
0915;12
0916;21
0917;17
0918;18
0919;23
0920;12
0921;11
0922;10
0923;16
0924;23
0925;11
0926;12
0927;8
0928;14
0929;15
0930;18
1001;9
1002;15
1003;24
1004;16
1005;12
1006;14
1007;18
1008;15
1009;14
1010;15
1011;11
1012;14
1013;12
1014;12
1015;15
1016;18
1017;10
1018;14
1019;16
1020;7
1021;19
1022;17
1023;20
1024;20
1025;12
1026;17
1027;14
1028;14
1029;13
1030;19
1031;7
1101;17
1102;19
1103;15
1104;12
1105;19
1106;28
1107;21
1108;11
1109;20
1110;16
1111;15
1112;11
1113;15
1114;17
1115;18
1116;12
1117;17
1118;14
1119;18
1120;12
1121;14
1122;16
1123;20
1124;23
1125;12
1126;20
1127;13
1128;21
1129;16
1130;17
1201;17
1202;13
1203;11
1204;13
1205;15
1206;16
1207;13
1208;13
1209;13
1210;13
1211;15
1212;18
1213;16
1214;22
1215;19
1216;15
1217;22
1218;12
1219;22
1220;16
1221;18
1222;22
1223;17
1224;24
1225;15
1226;17
1227;23
1228;17
1229;20
1230;18
1231;10
