0101;16
0102;15
0103;16
0104;10
0105;12
0106;11
0107;18
0108;15
0109;19
0110;9
0111;13
0112;21
0113;18
0114;13
0115;12
0116;16
0117;12
0118;17
0119;18
0120;12
0121;18
0122;16
0123;11
0124;15
0125;17
0126;19
0127;17
0128;11
0129;13
0130;11
0131;13
0201;15
0202;13
0203;10
0204;19
0205;16
0206;17
0207;13
0208;12
0209;10
0210;12
0211;13
0212;8
0213;18
0214;19
0215;14
0216;13
0217;10
0218;11
0219;15
0220;14
0221;13
0222;15
0223;15
0224;15
0225;20
0226;15
0227;12
0228;15
0301;21
0302;14
0303;9
0304;16
0305;21
0306;12
0307;16
0308;9
0309;18
0310;10
0311;14
0312;13
0313;14
0314;13
0315;13
0316;12
0317;13
0318;11
0319;19
0320;14
0321;23
0322;17
0323;19
0324;10
0325;8
0326;22
0327;21
0328;15
0329;9
0330;15
0331;17
0401;5
0402;10
0403;16
0404;12
0405;16
0406;17
0407;13
0408;22
0409;15
0410;16
0411;11
0412;8
0413;11
0414;12
0415;17
0416;15
0417;9
0418;9
0419;17
0420;12
0421;9
0422;9
0423;11
0424;5
0425;11
0426;14
0427;16
0428;8
0429;12
0430;16
0501;14
0502;8
0503;10
0504;17
0505;12
0506;12
0507;8
0508;9
0509;13
0510;11
0511;14
0512;9
0513;8
0514;7
0515;13
0516;10
0517;22
0518;15
0519;10
0520;4
0521;18
0522;12
0523;14
0524;14
0525;9
0526;14
0527;22
0528;12
0529;10
0530;13
0531;7
0601;10
0602;13
0603;12
0604;16
0605;14
0606;7
0607;13
0608;12
0609;14
0610;11
0611;19
0612;14
0613;11
0614;8
0615;15
0616;13
0617;7
0618;14
0619;12
0620;14
0621;8
0622;5
0623;21
0624;12
0625;12
0626;11
0627;11
0628;9
0629;11
0630;11
0701;8
0702;12
0703;15
0704;10
0705;11
0706;9
0707;9
0708;21
0709;15
0710;24
0711;12
0712;13
0713;12
0714;8
0715;6
0716;12
0717;15
0718;6
0719;17
0720;11
0721;9
0722;13
0723;11
0724;15
0725;9
0726;18
0727;10
0728;8
0729;10
0730;9
0731;12
0801;13
0802;8
0803;9
0804;8
0805;7
0806;11
0807;12
0808;10
0809;6
0810;14
0811;8
0812;12
0813;9
0814;10
0815;9
0816;9
0817;15
0818;11
0819;5
0820;12
0821;11
0822;12
0823;9
0824;8
0825;11
0826;8
0827;14
0828;13
0829;12
0830;13
0831;12
0901;11
0902;10
0903;11
0904;10
0905;23
0906;14
0907;14
0908;8
0909;14
0910;16
0911;9
0912;10
0913;11
0914;15
0915;16
0916;11
0917;5
0918;6
0919;9
0920;9
0921;15
0922;12
0923;9
0924;10
0925;14
0926;16
0927;13
0928;14
0929;10
0930;10
1001;10
1002;9
1003;11
1004;11
1005;10
1006;10
1007;14
1008;11
1009;17
1010;9
1011;11
1012;9
1013;5
1014;21
1015;15
1016;11
1017;15
1018;13
1019;9
1020;12
1021;13
1022;21
1023;16
1024;14
1025;11
1026;11
1027;13
1028;14
1029;12
1030;9
1031;15
1101;6
1102;13
1103;10
1104;10
1105;7
1106;15
1107;17
1108;8
1109;12
1110;11
1111;10
1112;13
1113;14
1114;12
1115;10
1116;9
1117;13
1118;12
1119;14
1120;12
1121;12
1122;13
1123;9
1124;11
1125;11
1126;18
1127;10
1128;11
1129;10
1130;16
1201;11
1202;11
1203;17
1204;18
1205;6
1206;15
1207;17
1208;10
1209;9
1210;11
1211;13
1212;10
1213;15
1214;13
1215;14
1216;5
1217;9
1218;10
1219;9
1220;15
1221;11
1222;12
1223;17
1224;7
1225;11
1226;29
1227;7
1228;11
1229;16
1230;15
1231;12
