0101;16
0102;12
0103;9
0104;8
0105;14
0106;13
0107;9
0108;14
0109;14
0110;11
0111;12
0112;12
0113;8
0114;11
0115;13
0116;10
0117;16
0118;3
0119;10
0120;15
0121;11
0122;8
0123;4
0124;10
0125;15
0126;8
0127;10
0128;17
0129;8
0130;14
0131;17
0201;14
0202;13
0203;17
0204;13
0205;16
0206;13
0207;22
0208;11
0209;14
0210;15
0211;13
0212;14
0213;14
0214;10
0215;11
0216;11
0217;13
0218;22
0219;22
0220;14
0221;16
0222;22
0223;16
0224;14
0225;14
0226;12
0227;17
0228;16
0301;18
0302;14
0303;13
0304;11
0305;9
0306;10
0307;6
0308;10
0309;15
0310;17
0311;16
0312;21
0313;16
0314;8
0315;12
0316;9
0317;12
0318;10
0319;16
0320;8
0321;14
0322;9
0323;14
0324;16
0325;11
0326;8
0327;15
0328;8
0329;9
0330;17
0331;11
0401;6
0402;3
0403;11
0404;10
0405;11
0406;13
0407;11
0408;11
0409;18
0410;11
0411;9
0412;12
0413;13
0414;8
0415;16
0416;10
0417;12
0418;15
0419;12
0420;13
0421;14
0422;7
0423;17
0424;12
0425;8
0426;7
0427;14
0428;8
0429;11
0430;8
0501;15
0502;9
0503;12
0504;13
0505;7
0506;10
0507;12
0508;9
0509;14
0510;14
0511;8
0512;6
0513;13
0514;7
0515;8
0516;9
0517;6
0518;11
0519;9
0520;4
0521;8
0522;13
0523;7
0524;7
0525;13
0526;10
0527;12
0528;15
0529;7
0530;6
0531;10
0601;4
0602;5
0603;8
0604;13
0605;16
0606;11
0607;7
0608;10
0609;14
0610;7
0611;8
0612;10
0613;6
0614;9
0615;13
0616;4
0617;10
0618;15
0619;12
0620;12
0621;11
0622;13
0623;12
0624;6
0625;6
0626;11
0627;12
0628;13
0629;10
0630;2
0701;14
0702;5
0703;12
0704;11
0705;11
0706;6
0707;8
0708;14
0709;10
0710;9
0711;16
0712;10
0713;10
0714;7
0715;7
0716;12
0717;12
0718;9
0719;5
0720;11
0721;11
0722;13
0723;10
0724;16
0725;10
0726;15
0727;7
0728;14
0729;9
0730;10
0731;3
0801;7
0802;11
0803;7
0804;3
0805;9
0806;9
0807;7
0808;12
0809;10
0810;8
0811;12
0812;8
0813;11
0814;13
0815;7
0816;5
0817;10
0818;12
0819;3
0820;9
0821;5
0822;6
0823;9
0824;16
0825;6
0826;7
0827;8
0828;5
0829;10
0830;10
0831;5
0901;10
0902;10
0903;8
0904;11
0905;17
0906;8
0907;7
0908;12
0909;11
0910;11
0911;5
0912;4
0913;14
0914;9
0915;9
0916;6
0917;14
0918;7
0919;4
0920;11
0921;10
0922;9
0923;15
0924;9
0925;8
0926;7
0927;9
0928;12
0929;9
0930;6
1001;9
1002;12
1003;9
1004;18
1005;9
1006;9
1007;7
1008;14
1009;13
1010;6
1011;7
1012;10
1013;6
1014;9
1015;11
1016;4
1017;13
1018;5
1019;5
1020;9
1021;8
1022;8
1023;7
1024;5
1025;8
1026;8
1027;10
1028;8
1029;11
1030;7
1031;12
1101;5
1102;9
1103;14
1104;14
1105;10
1106;6
1107;8
1108;11
1109;10
1110;10
1111;12
1112;10
1113;11
1114;6
1115;8
1116;9
1117;8
1118;10
1119;11
1120;10
1121;11
1122;9
1123;11
1124;8
1125;9
1126;16
1127;9
1128;9
1129;12
1130;9
1201;8
1202;9
1203;4
1204;13
1205;11
1206;16
1207;10
1208;5
1209;13
1210;8
1211;15
1212;12
1213;5
1214;7
1215;11
1216;11
1217;17
1218;11
1219;13
1220;14
1221;10
1222;5
1223;16
1224;17
1225;8
1226;8
1227;8
1228;15
1229;7
1230;13
1231;6
