0101;4
0102;7
0103;3
0104;3
0105;3
0106;3
0107;6
0108;8
0109;5
0110;4
0111;6
0112;8
0113;3
0114;2
0115;6
0116;3
0117;4
0118;2
0119;4
0120;8
0121;7
0122;6
0123;4
0124;4
0125;6
0126;4
0127;5
0128;2
0129;3
0130;1
0131;4
0201;3
0202;7
0203;3
0204;5
0205;4
0206;6
0207;4
0208;6
0209;2
0211;3
0212;5
0213;6
0214;3
0215;7
0216;4
0217;4
0218;3
0219;3
0220;6
0221;5
0222;6
0223;3
0224;7
0225;5
0226;4
0227;5
0228;2
0301;3
0302;4
0303;5
0304;6
0305;5
0306;4
0307;4
0308;3
0310;1
0311;4
0312;8
0313;2
0314;5
0315;2
0316;2
0317;4
0318;7
0319;4
0320;1
0321;10
0322;3
0323;4
0324;2
0325;3
0326;3
0327;5
0328;2
0329;5
0330;1
0331;2
0401;4
0402;2
0403;5
0404;3
0406;7
0407;3
0408;2
0409;4
0410;4
0411;5
0412;4
0413;2
0414;1
0415;3
0416;4
0417;7
0418;3
0419;1
0420;1
0421;4
0422;5
0423;3
0424;3
0425;4
0426;3
0427;2
0428;1
0429;3
0430;6
0501;4
0502;4
0504;2
0505;6
0506;7
0507;5
0508;5
0509;3
0510;4
0511;1
0512;3
0514;6
0515;4
0516;1
0517;2
0518;3
0519;2
0520;5
0521;4
0522;3
0524;3
0525;4
0526;1
0527;5
0528;5
0529;2
0530;1
0531;5
0601;4
0602;1
0603;2
0604;1
0605;4
0606;6
0607;3
0608;5
0609;3
0611;6
0612;5
0613;1
0614;6
0615;3
0616;1
0617;2
0618;2
0619;1
0620;1
0621;3
0622;2
0623;3
0624;2
0625;2
0626;3
0628;2
0629;3
0630;3
0701;1
0702;4
0703;2
0704;3
0705;2
0706;3
0707;3
0708;1
0709;5
0710;1
0711;4
0712;4
0713;1
0714;2
0715;3
0717;4
0718;3
0719;6
0720;1
0721;2
0722;2
0723;4
0724;2
0725;11
0727;5
0728;3
0729;1
0730;3
0731;4
0801;3
0802;3
0803;5
0804;1
0805;5
0806;2
0807;4
0808;2
0809;1
0810;3
0811;2
0812;3
0813;3
0814;2
0815;5
0816;1
0817;4
0818;7
0819;5
0820;1
0821;2
0822;3
0823;4
0824;2
0825;1
0826;2
0827;9
0828;2
0829;5
0830;4
0831;1
0901;3
0902;2
0903;4
0904;5
0905;2
0906;5
0907;3
0908;2
0910;4
0911;2
0912;4
0913;4
0914;6
0915;5
0916;2
0917;4
0918;3
0919;2
0920;4
0921;2
0922;3
0923;4
0924;3
0925;3
0926;3
0927;3
0928;3
0929;1
0930;4
1001;2
1002;5
1003;4
1004;3
1005;2
1006;4
1007;2
1009;3
1010;4
1011;3
1012;2
1013;4
1014;1
1015;3
1016;6
1017;3
1018;3
1019;5
1020;4
1021;3
1022;3
1023;2
1024;3
1025;2
1026;4
1027;1
1028;2
1029;4
1030;4
1101;3
1102;1
1103;4
1104;6
1105;4
1106;4
1107;3
1108;4
1109;5
1110;4
1111;3
1112;4
1114;6
1115;2
1116;4
1117;5
1118;4
1119;6
1120;6
1121;4
1122;7
1123;6
1124;1
1125;5
1126;4
1127;2
1128;2
1129;4
1130;4
1201;5
1202;2
1203;3
1204;5
1205;4
1206;5
1207;3
1208;4
1209;3
1210;3
1211;4
1212;3
1213;4
1214;4
1215;3
1216;3
1217;4
1218;10
1219;5
1220;3
1221;3
1222;1
1223;3
1224;1
1225;4
1226;3
1227;3
1228;2
1229;2
1230;6
1231;7
