0101;30
0102;27
0103;16
0104;17
0105;21
0106;18
0107;24
0108;22
0109;17
0110;23
0111;31
0112;15
0113;15
0114;16
0115;22
0116;26
0117;25
0118;26
0119;18
0120;28
0121;18
0122;31
0123;28
0124;26
0125;30
0126;22
0127;21
0128;29
0129;27
0130;25
0131;26
0201;22
0202;20
0203;18
0204;29
0205;26
0206;28
0207;27
0208;21
0209;21
0210;17
0211;21
0212;24
0213;21
0214;24
0215;25
0216;26
0217;23
0218;27
0219;21
0220;26
0221;31
0222;26
0223;20
0224;32
0225;21
0226;32
0227;17
0228;22
0301;19
0302;24
0303;21
0304;22
0305;19
0306;21
0307;24
0308;25
0309;33
0310;28
0311;17
0312;26
0313;26
0314;24
0315;23
0316;17
0317;29
0318;28
0319;20
0320;21
0321;20
0322;11
0323;27
0324;16
0325;26
0326;19
0327;28
0328;21
0329;15
0330;11
0331;24
0401;27
0402;24
0403;17
0404;26
0405;23
0406;11
0407;20
0408;29
0409;25
0410;20
0411;17
0412;21
0413;23
0414;21
0415;20
0416;24
0417;21
0418;21
0419;18
0420;25
0421;25
0422;16
0423;14
0424;23
0425;18
0426;21
0427;15
0428;21
0429;13
0430;18
0501;21
0502;24
0503;19
0504;10
0505;16
0506;18
0507;15
0508;22
0509;28
0510;16
0511;18
0512;19
0513;17
0514;20
0515;21
0516;28
0517;21
0518;16
0519;19
0520;21
0521;20
0522;15
0523;25
0524;20
0525;17
0526;19
0527;23
0528;17
0529;23
0530;22
0531;20
0601;26
0602;17
0603;26
0604;24
0605;10
0606;26
0607;17
0608;23
0609;21
0610;18
0611;15
0612;16
0613;19
0614;12
0615;18
0616;24
0617;25
0618;26
0619;22
0620;20
0621;22
0622;21
0623;19
0624;14
0625;11
0626;19
0627;19
0628;19
0629;18
0630;24
0701;22
0702;25
0703;31
0704;15
0705;17
0706;20
0707;21
0708;21
0709;19
0710;12
0711;17
0712;24
0713;22
0714;20
0715;18
0716;20
0717;25
0718;12
0719;17
0720;27
0721;15
0722;20
0723;20
0724;26
0725;17
0726;23
0727;19
0728;18
0729;23
0730;13
0731;22
0801;12
0802;14
0803;24
0804;24
0805;14
0806;21
0807;21
0808;18
0809;17
0810;17
0811;12
0812;9
0813;20
0814;14
0815;13
0816;18
0817;19
0818;19
0819;24
0820;18
0821;12
0822;19
0823;20
0824;19
0825;8
0826;21
0827;12
0828;15
0829;24
0830;21
0831;11
0901;16
0902;11
0903;12
0904;19
0905;19
0906;19
0907;14
0908;22
0909;20
0910;18
0911;18
0912;19
0913;20
0914;13
0915;11
0916;23
0917;20
0918;11
0919;28
0920;25
0921;17
0922;26
0923;28
0924;22
0925;15
0926;24
0927;13
0928;17
0929;16
0930;14
1001;18
1002;13
1003;24
1004;28
1005;16
1006;18
1007;17
1008;20
1009;20
1010;26
1011;25
1012;14
1013;24
1014;18
1015;23
1016;26
1017;16
1018;15
1019;24
1020;15
1021;16
1022;18
1023;26
1024;18
1025;19
1026;23
1027;17
1028;16
1029;25
1030;22
1031;24
1101;24
1102;22
1103;14
1104;24
1105;19
1106;17
1107;18
1108;20
1109;20
1110;21
1111;20
1112;16
1113;15
1114;28
1115;21
1116;14
1117;12
1118;20
1119;32
1120;18
1121;17
1122;14
1123;25
1124;16
1125;23
1126;15
1127;27
1128;22
1129;13
1130;21
1201;21
1202;32
1203;18
1204;23
1205;11
1206;22
1207;21
1208;18
1209;19
1210;27
1211;14
1212;24
1213;18
1214;14
1215;20
1216;22
1217;20
1218;25
1219;23
1220;27
1221;14
1222;23
1223;18
1224;26
1225;25
1226;30
1227;26
1228;34
1229;22
1230;19
1231;15
