0101;19
0102;15
0103;12
0104;9
0105;11
0106;13
0107;14
0108;18
0109;9
0110;7
0111;12
0112;12
0113;17
0114;9
0115;10
0116;11
0117;14
0118;12
0119;13
0120;10
0121;10
0122;13
0123;14
0124;9
0125;7
0126;13
0127;14
0128;13
0129;19
0130;15
0131;9
0201;11
0202;12
0203;14
0204;11
0205;12
0206;8
0207;18
0208;5
0209;9
0210;15
0211;9
0212;19
0213;18
0214;12
0215;8
0216;9
0217;16
0218;10
0219;9
0220;9
0221;11
0222;13
0223;11
0224;18
0225;12
0226;11
0227;10
0228;11
0301;12
0302;7
0303;9
0304;6
0305;14
0306;10
0307;8
0308;8
0309;7
0310;17
0311;17
0312;7
0313;16
0314;10
0315;8
0316;9
0317;19
0318;14
0319;12
0320;9
0321;9
0322;10
0323;14
0324;14
0325;7
0326;4
0327;8
0328;9
0329;6
0330;16
0331;4
0401;8
0402;2
0403;12
0404;13
0405;6
0406;5
0407;13
0408;10
0409;12
0410;20
0411;12
0412;11
0413;12
0414;5
0415;9
0416;9
0417;12
0418;8
0419;13
0420;7
0421;19
0422;8
0423;15
0424;8
0425;11
0426;9
0427;8
0428;12
0429;12
0430;16
0501;9
0502;17
0503;11
0504;14
0505;8
0506;10
0507;10
0508;10
0509;10
0510;14
0511;14
0512;9
0513;14
0514;7
0515;8
0516;8
0517;10
0518;15
0519;12
0520;7
0521;11
0522;11
0523;5
0524;9
0525;22
0526;8
0527;8
0528;15
0529;15
0530;4
0531;13
0601;5
0602;13
0603;10
0604;9
0605;13
0606;12
0607;9
0608;10
0609;15
0610;14
0611;7
0612;11
0613;10
0614;14
0615;16
0616;12
0617;7
0618;11
0619;14
0620;10
0621;11
0622;5
0623;12
0624;8
0625;7
0626;15
0627;16
0628;11
0629;13
0630;7
0701;15
0702;8
0703;17
0704;10
0705;22
0706;14
0707;16
0708;15
0709;17
0710;12
0711;9
0712;15
0713;15
0714;12
0715;21
0716;14
0717;10
0718;15
0719;6
0720;12
0721;12
0722;18
0723;11
0724;14
0725;16
0726;14
0727;11
0728;11
0729;11
0730;8
0731;12
0801;13
0802;12
0803;14
0804;9
0805;22
0806;12
0807;18
0808;18
0809;14
0810;16
0811;11
0812;8
0813;11
0814;12
0815;12
0816;13
0817;14
0818;14
0819;10
0820;13
0821;9
0822;10
0823;19
0824;7
0825;16
0826;14
0827;9
0828;18
0829;16
0830;13
0831;18
0901;14
0902;6
0903;18
0904;16
0905;10
0906;8
0907;6
0908;11
0909;12
0910;15
0911;12
0912;13
0913;11
0914;14
0915;11
0916;11
0917;17
0918;18
0919;13
0920;9
0921;10
0922;8
0923;7
0924;17
0925;6
0926;15
0927;16
0928;12
0929;13
0930;13
1001;8
1002;13
1003;12
1004;7
1005;11
1006;10
1007;14
1008;14
1009;7
1010;13
1011;7
1012;13
1013;13
1014;13
1015;11
1016;11
1017;14
1018;15
1019;9
1020;23
1021;12
1022;12
1023;13
1024;10
1025;8
1026;11
1027;12
1028;7
1029;12
1030;14
1031;9
1101;9
1102;10
1103;9
1104;7
1105;13
1106;10
1107;11
1108;12
1109;9
1110;5
1111;8
1112;9
1113;11
1114;12
1115;19
1116;6
1117;11
1118;10
1119;10
1120;12
1121;7
1122;8
1123;11
1124;15
1125;12
1126;11
1127;17
1128;18
1129;11
1130;12
1201;14
1202;13
1203;11
1204;12
1205;6
1206;10
1207;12
1208;16
1209;18
1210;8
1211;15
1212;16
1213;17
1214;19
1215;11
1216;13
1217;14
1218;18
1219;9
1220;11
1221;9
1222;10
1223;7
1224;8
1225;14
1226;19
1227;12
1228;9
1229;13
1230;12
1231;15
