0101;6
0102;11
0103;10
0104;9
0105;8
0106;9
0107;12
0108;8
0109;12
0110;10
0111;8
0112;9
0113;10
0114;12
0115;9
0116;9
0117;6
0118;6
0119;11
0120;5
0121;10
0122;7
0123;13
0124;11
0125;9
0126;6
0127;9
0128;9
0129;11
0130;12
0131;13
0201;5
0202;9
0203;12
0204;10
0205;12
0206;11
0207;5
0208;10
0209;7
0210;5
0211;9
0212;6
0213;10
0214;6
0215;6
0216;10
0217;7
0218;7
0219;11
0220;13
0221;17
0222;10
0223;7
0224;6
0225;7
0226;8
0227;14
0228;12
0229;9
0301;6
0302;8
0303;10
0304;9
0305;4
0306;13
0307;4
0308;8
0309;4
0310;5
0311;13
0312;12
0313;8
0314;11
0315;10
0316;8
0317;8
0318;7
0319;6
0320;11
0321;8
0322;11
0323;10
0324;8
0325;4
0326;11
0327;7
0328;5
0329;10
0330;10
0331;10
0401;11
0402;8
0403;10
0404;7
0405;5
0406;15
0407;7
0408;9
0409;8
0410;8
0411;7
0412;11
0413;13
0414;9
0415;9
0416;10
0417;12
0418;10
0419;13
0420;9
0421;11
0422;13
0423;9
0424;16
0425;10
0426;13
0427;8
0428;8
0429;7
0430;11
0501;8
0502;6
0503;14
0504;6
0505;9
0506;8
0507;6
0508;9
0509;8
0510;9
0511;9
0512;12
0513;6
0514;8
0515;5
0516;7
0517;9
0518;5
0519;8
0520;4
0521;8
0522;5
0523;5
0524;10
0525;7
0526;13
0527;6
0528;10
0529;8
0530;4
0531;9
0601;9
0602;11
0603;11
0604;7
0605;7
0606;8
0607;9
0608;13
0609;11
0610;11
0611;11
0612;10
0613;9
0614;10
0615;4
0616;11
0617;9
0618;6
0619;11
0620;8
0621;8
0622;6
0623;5
0624;6
0625;6
0626;12
0627;5
0628;4
0629;10
0630;6
0701;7
0702;8
0703;9
0704;13
0705;10
0706;9
0707;7
0708;8
0709;6
0710;6
0711;10
0712;9
0713;9
0714;10
0715;6
0716;10
0717;7
0718;6
0719;4
0720;7
0721;5
0722;5
0723;19
0724;8
0725;9
0726;8
0727;4
0728;5
0729;9
0730;12
0731;12
0801;5
0802;12
0803;7
0804;6
0805;7
0806;5
0807;6
0808;8
0809;8
0810;5
0811;5
0812;5
0813;7
0814;8
0815;4
0816;6
0817;14
0818;4
0819;4
0820;10
0821;10
0822;9
0823;7
0824;3
0825;12
0826;5
0827;4
0828;10
0829;9
0830;6
0831;5
0901;8
0902;8
0903;7
0904;3
0905;6
0906;9
0907;5
0908;10
0909;8
0910;3
0911;8
0912;8
0913;6
0914;13
0915;6
0916;4
0917;4
0918;9
0919;4
0920;8
0921;10
0922;6
0923;6
0924;10
0925;3
0926;9
0927;10
0928;10
0929;7
0930;7
1001;3
1002;9
1003;10
1004;10
1005;6
1006;7
1007;10
1008;11
1009;8
1010;7
1011;10
1012;9
1013;5
1014;7
1015;5
1016;7
1017;10
1018;12
1019;3
1020;9
1021;9
1022;8
1023;7
1024;11
1025;10
1026;9
1027;8
1028;12
1029;9
1030;11
1031;10
1101;10
1102;8
1103;4
1104;3
1105;8
1106;8
1107;8
1108;3
1109;14
1110;14
1111;7
1112;10
1113;6
1114;9
1115;6
1116;6
1117;14
1118;4
1119;7
1120;11
1121;8
1122;8
1123;10
1124;9
1125;11
1126;7
1127;10
1128;11
1129;7
1130;7
1201;7
1202;8
1203;7
1204;13
1205;7
1206;10
1207;10
1208;3
1209;2
1210;8
1211;11
1212;11
1213;6
1214;4
1215;8
1216;5
1217;6
1218;7
1219;11
1220;11
1221;10
1222;12
1223;11
1224;10
1225;12
1226;9
1227;13
1228;7
1229;5
1230;10
1231;11
