0101;2
0102;7
0103;8
0104;7
0105;4
0106;7
0107;4
0108;5
0109;8
0110;8
0111;4
0112;2
0113;3
0114;4
0115;9
0116;5
0117;13
0118;1
0119;5
0120;2
0121;8
0122;7
0123;3
0124;9
0125;6
0126;7
0127;4
0128;6
0129;10
0130;8
0131;3
0201;4
0202;3
0203;3
0204;6
0205;2
0206;5
0207;10
0208;3
0209;8
0210;7
0211;6
0212;6
0213;6
0214;3
0215;8
0216;3
0217;1
0218;10
0219;4
0220;7
0221;13
0222;9
0223;7
0224;10
0225;9
0226;6
0227;4
0228;5
0229;4
0301;11
0302;8
0303;8
0304;7
0305;5
0306;1
0307;9
0308;6
0309;8
0310;9
0311;3
0312;5
0313;4
0314;7
0315;6
0316;7
0317;6
0318;3
0319;5
0320;8
0321;5
0322;4
0323;4
0324;6
0325;4
0326;9
0327;5
0328;2
0329;4
0330;4
0331;6
0401;7
0402;11
0403;4
0404;6
0405;7
0406;7
0407;11
0408;3
0409;6
0410;9
0411;7
0412;4
0413;5
0414;9
0415;7
0416;5
0417;7
0418;5
0419;11
0420;3
0421;6
0422;10
0423;5
0424;7
0425;2
0426;6
0427;12
0428;9
0429;8
0430;3
0501;8
0502;4
0503;5
0504;5
0505;8
0506;6
0507;9
0508;7
0509;3
0510;3
0511;5
0512;7
0513;8
0514;11
0515;8
0516;6
0517;5
0518;6
0519;6
0520;10
0521;6
0522;5
0523;2
0524;11
0525;3
0526;7
0527;12
0528;6
0529;3
0530;3
0531;7
0601;7
0602;3
0603;4
0604;7
0605;7
0606;5
0607;7
0608;2
0609;4
0610;7
0611;6
0612;4
0613;9
0614;6
0615;5
0616;6
0617;6
0618;4
0619;4
0620;4
0621;4
0622;4
0623;3
0624;10
0625;4
0626;6
0627;4
0628;7
0629;5
0630;6
0701;9
0702;5
0703;7
0704;7
0706;6
0707;3
0708;3
0709;2
0710;7
0711;3
0712;7
0713;2
0714;13
0715;4
0716;4
0717;8
0718;6
0719;5
0720;2
0721;8
0722;6
0723;1
0724;3
0725;6
0726;7
0727;7
0728;4
0729;3
0730;4
0731;8
0801;5
0802;7
0803;11
0804;6
0805;1
0806;4
0807;10
0808;3
0809;5
0810;4
0811;6
0812;6
0813;1
0814;5
0815;9
0816;3
0817;7
0818;3
0819;8
0820;7
0821;7
0822;8
0823;11
0824;12
0825;4
0826;10
0827;6
0828;4
0829;9
0830;4
0831;10
0901;8
0902;6
0903;5
0904;3
0905;6
0906;4
0907;4
0908;12
0909;8
0910;3
0911;7
0912;5
0913;9
0914;6
0915;5
0916;4
0917;6
0918;4
0919;6
0920;4
0921;6
0922;1
0923;5
0924;7
0925;6
0926;3
0927;7
0928;3
0929;5
0930;8
1001;6
1002;4
1003;6
1004;5
1005;7
1006;6
1007;6
1008;5
1009;14
1010;5
1011;2
1012;6
1013;2
1014;4
1015;3
1016;8
1017;8
1018;12
1019;8
1020;7
1021;6
1022;4
1023;8
1024;8
1025;4
1026;6
1027;6
1028;7
1029;5
1030;3
1031;8
1101;8
1102;2
1103;5
1104;3
1105;7
1106;6
1107;6
1108;9
1109;7
1110;8
1111;8
1112;4
1113;9
1114;7
1115;7
1116;3
1117;2
1118;6
1119;10
1120;2
1121;1
1122;5
1123;8
1124;7
1125;6
1126;6
1127;8
1128;7
1129;5
1130;8
1201;5
1202;6
1203;2
1204;3
1205;7
1206;4
1207;4
1208;1
1209;6
1210;6
1211;6
1212;5
1213;9
1214;7
1215;9
1216;2
1217;3
1218;7
1219;4
1220;1
1221;5
1222;4
1223;5
1224;7
1225;8
1226;9
1227;4
1228;3
1229;11
1230;3
1231;7
