0101;4
0102;6
0103;7
0104;3
0105;5
0106;3
0107;2
0108;10
0109;2
0110;5
0111;6
0112;3
0113;1
0114;3
0115;3
0116;9
0117;3
0118;3
0119;1
0120;7
0121;3
0122;3
0123;6
0124;2
0125;6
0126;10
0127;3
0128;9
0129;3
0130;2
0131;6
0201;5
0202;5
0203;10
0204;10
0205;6
0206;6
0207;4
0208;5
0209;2
0210;5
0211;6
0212;4
0213;3
0214;3
0215;2
0216;3
0217;5
0218;5
0219;6
0220;3
0221;4
0222;8
0223;6
0224;5
0225;2
0226;8
0227;4
0228;2
0229;3
0301;3
0302;8
0303;4
0304;6
0305;6
0306;4
0307;6
0308;7
0309;4
0310;6
0311;8
0312;5
0313;7
0314;6
0315;9
0316;4
0317;9
0318;6
0319;7
0320;2
0321;3
0322;5
0323;7
0324;9
0325;9
0326;3
0327;6
0328;5
0329;6
0330;4
0331;2
0401;1
0402;11
0403;5
0404;5
0405;8
0406;9
0407;4
0408;1
0409;8
0410;9
0411;5
0412;8
0413;6
0414;5
0415;6
0416;6
0417;1
0418;6
0419;2
0420;5
0421;6
0422;12
0423;5
0424;10
0425;7
0426;5
0427;7
0428;8
0429;7
0430;3
0501;4
0502;6
0503;8
0504;6
0505;4
0506;3
0507;4
0508;3
0509;2
0510;2
0511;4
0512;10
0513;3
0514;7
0515;4
0517;6
0518;10
0519;3
0520;5
0521;9
0522;5
0523;9
0524;3
0525;4
0526;4
0527;5
0528;4
0529;4
0530;3
0531;3
0601;7
0602;4
0603;5
0604;6
0605;5
0606;4
0607;12
0608;6
0609;4
0610;3
0611;7
0612;5
0613;11
0614;3
0615;2
0616;2
0617;6
0618;4
0619;8
0620;8
0621;6
0622;9
0623;3
0624;6
0625;3
0626;6
0627;2
0628;7
0629;9
0630;6
0701;13
0702;5
0703;5
0704;7
0705;6
0706;6
0707;5
0708;8
0709;6
0710;6
0711;3
0712;4
0713;10
0714;8
0715;9
0716;6
0717;4
0718;10
0719;6
0720;1
0721;6
0722;11
0723;7
0724;6
0725;7
0726;4
0727;3
0728;3
0729;7
0730;6
0731;9
0801;4
0802;6
0803;7
0804;8
0805;5
0806;4
0807;4
0808;8
0809;7
0810;3
0811;3
0812;4
0813;3
0814;6
0815;3
0816;3
0817;6
0818;1
0819;5
0820;4
0821;7
0822;3
0823;9
0824;5
0825;6
0826;8
0827;7
0828;3
0829;2
0830;3
0831;7
0901;5
0902;6
0903;6
0904;3
0905;5
0906;2
0907;7
0908;2
0909;9
0910;3
0911;6
0912;1
0913;3
0914;9
0915;4
0916;3
0917;5
0918;5
0919;3
0920;3
0921;9
0922;4
0923;2
0924;8
0925;6
0926;3
0927;6
0928;4
0929;6
0930;8
1001;7
1002;5
1003;2
1004;8
1005;3
1007;3
1008;8
1009;4
1010;6
1011;5
1012;5
1013;8
1014;7
1015;6
1016;6
1017;6
1018;6
1019;7
1020;8
1021;4
1022;7
1023;2
1024;7
1025;6
1026;9
1027;6
1028;4
1029;3
1030;1
1031;2
1101;4
1102;8
1103;4
1104;5
1105;6
1106;8
1107;4
1108;4
1109;6
1110;3
1111;4
1112;5
1113;4
1114;4
1115;4
1116;5
1117;3
1118;4
1119;1
1120;4
1121;4
1122;13
1123;2
1124;3
1125;7
1126;7
1127;7
1128;3
1129;5
1130;9
1201;5
1202;4
1203;9
1204;7
1205;4
1206;3
1207;5
1208;5
1209;2
1210;4
1211;5
1212;3
1213;7
1214;4
1215;6
1216;6
1217;5
1218;5
1219;4
1220;4
1221;4
1222;7
1223;8
1224;6
1225;5
1226;7
1227;7
1228;7
1229;4
1230;11
1231;5
