0101;35
0102;38
0103;26
0104;29
0105;38
0106;26
0107;33
0108;27
0109;28
0110;39
0111;27
0112;29
0113;42
0114;35
0115;36
0116;33
0117;32
0118;33
0119;30
0120;39
0121;32
0122;25
0123;29
0124;36
0125;40
0126;25
0127;28
0128;43
0129;37
0130;34
0131;46
0201;30
0202;29
0203;36
0204;27
0205;24
0206;32
0207;31
0208;31
0209;27
0210;37
0211;25
0212;41
0213;22
0214;39
0215;31
0216;26
0217;42
0218;30
0219;34
0220;23
0221;36
0222;32
0223;25
0224;30
0225;35
0226;29
0227;37
0228;38
0229;27
0301;48
0302;33
0303;28
0304;32
0305;31
0306;40
0307;29
0308;31
0309;37
0310;40
0311;25
0312;33
0313;33
0314;30
0315;34
0316;38
0317;43
0318;31
0319;40
0320;35
0321;31
0322;43
0323;35
0324;34
0325;36
0326;34
0327;30
0328;21
0329;32
0330;31
0331;36
0401;44
0402;29
0403;27
0404;31
0405;35
0406;36
0407;41
0408;31
0409;35
0410;36
0411;41
0412;28
0413;35
0414;34
0415;26
0416;28
0417;41
0418;32
0419;28
0420;23
0421;42
0422;27
0423;25
0424;42
0425;30
0426;24
0427;36
0428;28
0429;34
0430;28
0501;23
0502;36
0503;36
0504;33
0505;34
0506;30
0507;31
0508;35
0509;24
0510;31
0511;29
0512;28
0513;31
0514;32
0515;38
0516;29
0517;32
0518;32
0519;31
0520;32
0521;27
0522;23
0523;22
0524;31
0525;24
0526;29
0527;34
0528;32
0529;18
0530;36
0531;39
0601;29
0602;27
0603;28
0604;27
0605;27
0606;16
0607;33
0608;34
0609;23
0610;22
0611;25
0612;39
0613;36
0614;28
0615;26
0616;25
0617;26
0618;34
0619;25
0620;24
0621;31
0622;33
0623;28
0624;25
0625;28
0626;22
0627;42
0628;39
0629;30
0630;36
0701;30
0702;35
0703;29
0704;35
0705;26
0706;27
0707;24
0708;35
0709;24
0710;45
0711;28
0712;26
0713;33
0714;25
0715;25
0716;37
0717;39
0718;31
0719;26
0720;31
0721;33
0722;19
0723;35
0724;34
0725;27
0726;21
0727;33
0728;32
0729;27
0730;37
0731;35
0801;27
0802;34
0803;23
0804;25
0805;23
0806;33
0807;32
0808;39
0809;26
0810;29
0811;26
0812;16
0813;23
0814;25
0815;31
0816;31
0817;28
0818;22
0819;25
0820;33
0821;31
0822;38
0823;28
0824;29
0825;31
0826;25
0827;30
0828;21
0829;29
0830;27
0831;26
0901;18
0902;28
0903;28
0904;25
0905;22
0906;14
0907;30
0908;25
0909;18
0910;30
0911;14
0912;32
0913;28
0914;25
0915;29
0916;37
0917;23
0918;29
0919;25
0920;41
0921;32
0922;22
0923;29
0924;23
0925;34
0926;33
0927;37
0928;29
0929;29
0930;21
1001;39
1002;24
1003;32
1004;26
1005;28
1006;30
1007;31
1008;30
1009;37
1010;36
1011;24
1012;32
1013;34
1014;31
1015;26
1016;23
1017;24
1018;41
1019;22
1020;27
1021;29
1022;30
1023;24
1024;37
1025;23
1026;29
1027;32
1028;21
1029;32
1030;35
1031;36
1101;24
1102;27
1103;31
1104;25
1105;40
1106;26
1107;28
1108;29
1109;37
1110;32
1111;21
1112;25
1113;27
1114;40
1115;25
1116;34
1117;28
1118;32
1119;26
1120;36
1121;27
1122;24
1123;32
1124;29
1125;32
1126;27
1127;24
1128;26
1129;24
1130;37
1201;31
1202;34
1203;33
1204;25
1205;27
1206;40
1207;29
1208;25
1209;29
1210;21
1211;29
1212;38
1213;28
1214;39
1215;22
1216;29
1217;34
1218;36
1219;32
1220;34
1221;39
1222;35
1223;18
1224;42
1225;36
1226;37
1227;32
1228;33
1229;31
1230;37
1231;34
