0101;21
0102;23
0103;19
0104;21
0105;21
0106;17
0107;14
0108;22
0109;20
0110;15
0111;22
0112;14
0113;11
0114;19
0115;21
0116;16
0117;13
0118;15
0119;17
0120;21
0121;18
0122;22
0123;17
0124;21
0125;18
0126;18
0127;14
0128;12
0129;20
0130;10
0131;13
0201;17
0202;16
0203;16
0204;12
0205;12
0206;19
0207;20
0208;15
0209;21
0210;14
0211;16
0212;11
0213;18
0214;26
0215;20
0216;12
0217;18
0218;16
0219;20
0220;19
0221;11
0222;16
0223;19
0224;11
0225;22
0226;22
0227;19
0228;17
0229;16
0301;20
0302;25
0303;25
0304;27
0305;20
0306;17
0307;16
0308;21
0309;14
0310;32
0311;15
0312;24
0313;16
0314;21
0315;19
0316;21
0317;15
0318;13
0319;20
0320;25
0321;27
0322;19
0323;15
0324;16
0325;17
0326;18
0327;22
0328;18
0329;16
0330;18
0331;15
0401;21
0402;13
0403;23
0404;14
0405;19
0406;22
0407;22
0408;13
0409;18
0410;22
0411;19
0412;23
0413;23
0414;21
0415;29
0416;20
0417;17
0418;21
0419;15
0420;15
0421;11
0422;11
0423;17
0424;15
0425;23
0426;25
0427;20
0428;16
0429;19
0430;20
0501;15
0502;11
0503;19
0504;21
0505;15
0506;25
0507;30
0508;17
0509;15
0510;11
0511;21
0512;15
0513;13
0514;11
0515;22
0516;16
0517;16
0518;11
0519;19
0520;15
0521;19
0522;19
0523;16
0524;23
0525;17
0526;11
0527;16
0528;19
0529;13
0530;18
0531;16
0601;19
0602;16
0603;12
0604;25
0605;15
0606;15
0607;19
0608;17
0609;21
0610;21
0611;16
0612;18
0613;19
0614;17
0615;23
0616;21
0617;13
0618;15
0619;16
0620;11
0621;22
0622;19
0623;18
0624;18
0625;11
0626;17
0627;12
0628;22
0629;15
0630;17
0701;15
0702;18
0703;9
0704;10
0705;15
0706;13
0707;24
0708;13
0709;14
0710;21
0711;11
0712;19
0713;21
0714;16
0715;11
0716;22
0717;12
0718;15
0719;20
0720;15
0721;15
0722;20
0723;14
0724;25
0725;20
0726;14
0727;11
0728;19
0729;9
0730;21
0731;23
0801;17
0802;14
0803;25
0804;14
0805;12
0806;17
0807;17
0808;20
0809;14
0810;19
0811;17
0812;13
0813;11
0814;19
0815;15
0816;24
0817;23
0818;17
0819;20
0820;15
0821;12
0822;15
0823;15
0824;19
0825;21
0826;8
0827;15
0828;16
0829;11
0830;12
0831;15
0901;13
0902;17
0903;22
0904;15
0905;18
0906;16
0907;16
0908;17
0909;17
0910;11
0911;11
0912;16
0913;15
0914;9
0915;15
0916;14
0917;22
0918;15
0919;16
0920;18
0921;18
0922;22
0923;18
0924;11
0925;13
0926;13
0927;23
0928;19
0929;20
0930;21
1001;17
1002;18
1003;16
1004;8
1005;19
1006;23
1007;15
1008;23
1009;19
1010;23
1011;22
1012;16
1013;14
1014;13
1015;23
1016;21
1017;15
1018;19
1019;16
1020;15
1021;13
1022;23
1023;15
1024;14
1025;16
1026;12
1027;11
1028;18
1029;16
1030;13
1031;17
1101;16
1102;18
1103;16
1104;18
1105;20
1106;12
1107;19
1108;16
1109;16
1110;11
1111;16
1112;17
1113;19
1114;20
1115;20
1116;15
1117;21
1118;12
1119;19
1120;23
1121;17
1122;22
1123;25
1124;17
1125;19
1126;19
1127;12
1128;24
1129;16
1130;16
1201;17
1202;17
1203;25
1204;21
1205;17
1206;20
1207;10
1208;19
1209;15
1210;15
1211;16
1212;18
1213;21
1214;12
1215;12
1216;13
1217;19
1218;19
1219;13
1220;15
1221;17
1222;17
1223;14
1224;17
1225;17
1226;19
1227;16
1228;19
1229;20
1230;17
1231;28
