0101;26
0102;23
0103;21
0104;30
0105;23
0106;21
0107;26
0108;13
0109;21
0110;25
0111;23
0112;22
0113;24
0114;20
0115;18
0116;19
0117;21
0118;21
0119;20
0120;26
0121;19
0122;22
0123;29
0124;29
0125;16
0126;19
0127;22
0128;16
0129;29
0130;21
0131;20
0201;14
0202;22
0203;27
0204;17
0205;20
0206;23
0207;19
0208;23
0209;17
0210;21
0211;20
0212;19
0213;14
0214;24
0215;13
0216;9
0217;17
0218;23
0219;26
0220;17
0221;26
0222;20
0223;20
0224;23
0225;23
0226;21
0227;19
0228;19
0229;20
0301;13
0302;25
0303;17
0304;29
0305;24
0306;23
0307;11
0308;22
0309;20
0310;15
0311;15
0312;17
0313;20
0314;18
0315;20
0316;31
0317;26
0318;24
0319;19
0320;35
0321;22
0322;32
0323;30
0324;19
0325;21
0326;30
0327;26
0328;15
0329;22
0330;19
0331;18
0401;26
0402;22
0403;15
0404;21
0405;16
0406;19
0407;16
0408;12
0409;14
0410;18
0411;22
0412;18
0413;21
0414;22
0415;24
0416;21
0417;22
0418;14
0419;24
0420;18
0421;20
0422;20
0423;27
0424;15
0425;20
0426;22
0427;19
0428;22
0429;17
0430;25
0501;26
0502;30
0503;22
0504;18
0505;26
0506;23
0507;14
0508;25
0509;21
0510;18
0511;28
0512;20
0513;21
0514;16
0515;28
0516;29
0517;18
0518;19
0519;21
0520;17
0521;22
0522;11
0523;16
0524;20
0525;18
0526;19
0527;18
0528;20
0529;22
0530;23
0531;19
0601;18
0602;15
0603;18
0604;25
0605;24
0606;18
0607;21
0608;20
0609;25
0610;25
0611;9
0612;23
0613;25
0614;25
0615;26
0616;26
0617;17
0618;17
0619;24
0620;28
0621;25
0622;14
0623;15
0624;14
0625;19
0626;19
0627;20
0628;19
0629;26
0630;19
0701;17
0702;15
0703;22
0704;16
0705;22
0706;18
0707;26
0708;21
0709;14
0710;17
0711;20
0712;15
0713;8
0714;17
0715;9
0716;19
0717;19
0718;16
0719;14
0720;24
0721;17
0722;16
0723;17
0724;24
0725;17
0726;25
0727;15
0728;18
0729;19
0730;14
0731;15
0801;17
0802;18
0803;19
0804;23
0805;16
0806;17
0807;17
0808;23
0809;28
0810;18
0811;15
0812;13
0813;20
0814;15
0815;17
0816;19
0817;23
0818;27
0819;32
0820;17
0821;24
0822;15
0823;20
0824;11
0825;20
0826;13
0827;13
0828;18
0829;20
0830;19
0831;20
0901;20
0902;15
0903;15
0904;21
0905;14
0906;22
0907;15
0908;15
0909;14
0910;18
0911;21
0912;12
0913;18
0914;23
0915;18
0916;10
0917;18
0918;15
0919;22
0920;19
0921;17
0922;15
0923;20
0924;23
0925;19
0926;16
0927;27
0928;24
0929;18
0930;23
1001;11
1002;19
1003;17
1004;17
1005;20
1006;16
1007;18
1008;15
1009;17
1010;21
1011;25
1012;16
1013;16
1014;20
1015;21
1016;17
1017;18
1018;22
1019;20
1020;20
1021;18
1022;23
1023;21
1024;22
1025;23
1026;13
1027;14
1028;13
1029;29
1030;29
1031;25
1101;26
1102;15
1103;22
1104;15
1105;24
1106;20
1107;20
1108;20
1109;32
1110;23
1111;15
1112;15
1113;16
1114;10
1115;19
1116;21
1117;14
1118;14
1119;21
1120;14
1121;21
1122;21
1123;16
1124;17
1125;19
1126;24
1127;12
1128;20
1129;21
1130;13
1201;19
1202;13
1203;31
1204;20
1205;15
1206;15
1207;22
1208;24
1209;16
1210;14
1211;20
1212;24
1213;13
1214;23
1215;28
1216;20
1217;23
1218;26
1219;28
1220;23
1221;16
1222;25
1223;18
1224;17
1225;23
1226;21
1227;19
1228;20
1229;19
1230;26
1231;25
