0101;14
0102;13
0103;11
0104;13
0105;15
0106;21
0107;11
0108;16
0109;9
0110;8
0111;20
0112;14
0113;16
0114;13
0115;15
0116;10
0117;11
0118;10
0119;6
0120;14
0121;10
0122;15
0123;16
0124;15
0125;19
0126;4
0127;17
0128;20
0129;10
0130;15
0131;10
0201;16
0202;20
0203;8
0204;15
0205;14
0206;15
0207;14
0208;14
0209;8
0210;12
0211;6
0212;11
0213;18
0214;12
0215;9
0216;10
0217;15
0218;9
0219;15
0220;21
0221;13
0222;9
0223;14
0224;13
0225;13
0226;11
0227;11
0228;13
0229;17
0301;16
0302;17
0303;15
0304;11
0305;10
0306;14
0307;13
0308;12
0309;7
0310;13
0311;15
0312;13
0313;14
0314;18
0315;17
0316;8
0317;15
0318;14
0319;17
0320;18
0321;13
0322;10
0323;16
0324;15
0325;16
0326;18
0327;14
0328;12
0329;20
0330;21
0331;18
0401;14
0402;14
0403;14
0404;11
0405;16
0406;8
0407;12
0408;7
0409;18
0410;10
0411;13
0412;10
0413;16
0414;15
0415;18
0416;11
0417;15
0418;12
0419;10
0420;26
0421;11
0422;13
0423;14
0424;11
0425;9
0426;4
0427;7
0428;20
0429;15
0430;24
0501;13
0502;12
0503;11
0504;25
0505;16
0506;15
0507;14
0508;10
0509;17
0510;18
0511;10
0512;9
0513;12
0514;13
0515;13
0516;11
0517;14
0518;12
0519;16
0520;10
0521;15
0522;16
0523;13
0524;13
0525;17
0526;8
0527;6
0528;9
0529;17
0530;11
0531;18
0601;7
0602;17
0603;7
0604;14
0605;16
0606;8
0607;18
0608;10
0609;18
0610;11
0611;18
0612;16
0613;18
0614;13
0615;13
0616;17
0617;9
0618;7
0619;12
0620;20
0621;10
0622;8
0623;12
0624;17
0625;11
0626;17
0627;15
0628;13
0629;14
0630;10
0701;13
0702;9
0703;11
0704;14
0705;9
0706;13
0707;17
0708;19
0709;11
0710;15
0711;9
0712;11
0713;13
0714;18
0715;10
0716;14
0717;11
0718;9
0719;17
0720;13
0721;12
0722;14
0723;15
0724;6
0725;5
0726;10
0727;8
0728;9
0729;14
0730;22
0731;14
0801;11
0802;11
0803;17
0804;7
0805;12
0806;13
0807;15
0808;10
0809;17
0810;10
0811;7
0812;12
0813;12
0814;21
0815;7
0816;11
0817;12
0818;10
0819;15
0820;11
0821;16
0822;16
0823;12
0824;17
0825;13
0826;12
0827;7
0828;12
0829;17
0830;19
0831;20
0901;23
0902;10
0903;11
0904;4
0905;8
0906;11
0907;9
0908;18
0909;13
0910;9
0911;16
0912;12
0913;13
0914;18
0915;12
0916;8
0917;9
0918;16
0919;16
0920;9
0921;13
0922;12
0923;12
0924;20
0925;13
0926;9
0927;11
0928;11
0929;15
0930;15
1001;13
1002;11
1003;9
1004;10
1005;11
1006;4
1007;10
1008;14
1009;20
1010;12
1011;10
1012;11
1013;15
1014;16
1015;15
1016;13
1017;15
1018;14
1019;15
1020;14
1021;13
1022;16
1023;10
1024;7
1025;21
1026;19
1027;11
1028;18
1029;12
1030;8
1031;13
1101;12
1102;15
1103;14
1104;9
1105;14
1106;13
1107;9
1108;10
1109;9
1110;15
1111;12
1112;14
1113;12
1114;17
1115;12
1116;11
1117;12
1118;14
1119;9
1120;19
1121;16
1122;18
1123;14
1124;17
1125;8
1126;12
1127;14
1128;15
1129;9
1130;10
1201;15
1202;14
1203;11
1204;16
1205;11
1206;7
1207;15
1208;13
1209;6
1210;15
1211;13
1212;13
1213;13
1214;12
1215;17
1216;13
1217;15
1218;9
1219;11
1220;6
1221;12
1222;13
1223;18
1224;12
1225;16
1226;18
1227;15
1228;17
1229;16
1230;17
1231;15
