0101;13
0102;5
0103;14
0104;8
0105;10
0106;8
0107;12
0108;8
0109;13
0110;10
0111;11
0112;8
0113;7
0114;9
0115;13
0116;7
0117;12
0118;5
0119;8
0120;8
0121;11
0122;10
0123;15
0124;6
0125;4
0126;9
0127;11
0128;15
0129;9
0130;5
0131;11
0201;8
0202;9
0203;9
0204;11
0205;7
0206;7
0207;3
0208;8
0209;7
0210;4
0211;10
0212;9
0213;8
0214;6
0215;11
0216;11
0217;13
0218;17
0219;11
0220;12
0221;14
0222;7
0223;9
0224;8
0225;4
0226;10
0227;9
0228;9
0229;10
0301;4
0302;6
0303;10
0304;5
0305;13
0306;5
0307;12
0308;7
0309;8
0310;10
0311;7
0312;7
0313;7
0314;6
0315;19
0316;3
0317;10
0318;14
0319;9
0320;11
0321;11
0322;8
0323;6
0324;3
0325;11
0326;12
0327;12
0328;5
0329;6
0330;10
0331;5
0401;9
0402;9
0403;10
0404;8
0405;8
0406;2
0407;6
0408;3
0409;10
0410;10
0411;8
0412;8
0413;7
0414;9
0415;7
0416;8
0417;13
0418;5
0419;8
0420;8
0421;12
0422;5
0423;9
0424;8
0425;13
0426;10
0427;6
0428;10
0429;10
0430;12
0501;8
0502;6
0503;4
0504;3
0505;11
0506;11
0507;7
0508;6
0509;9
0510;2
0511;4
0512;8
0513;9
0514;11
0515;7
0516;13
0517;15
0518;4
0519;7
0520;4
0521;7
0522;8
0523;8
0524;9
0525;7
0526;4
0527;6
0528;6
0529;5
0530;6
0531;7
0601;9
0602;4
0603;5
0604;11
0605;6
0606;8
0607;13
0608;6
0609;5
0610;12
0611;8
0612;18
0613;10
0614;10
0615;9
0616;12
0617;11
0618;6
0619;7
0620;5
0621;4
0622;3
0623;8
0624;15
0625;4
0626;7
0627;10
0628;4
0629;7
0630;7
0701;1
0702;4
0703;6
0704;5
0705;9
0706;10
0707;5
0708;4
0709;8
0710;4
0711;8
0712;8
0713;9
0714;13
0715;8
0716;5
0717;7
0718;11
0719;5
0720;7
0721;6
0722;10
0723;10
0724;8
0725;3
0726;6
0727;9
0728;8
0729;5
0730;13
0731;7
0801;5
0802;7
0803;7
0804;11
0805;7
0806;6
0807;5
0808;11
0809;15
0810;6
0811;8
0812;6
0813;11
0814;8
0815;6
0816;5
0817;10
0818;6
0819;9
0820;8
0821;12
0822;9
0823;8
0824;6
0825;5
0826;4
0827;2
0828;6
0829;4
0830;6
0831;5
0901;4
0902;6
0903;9
0904;5
0905;11
0906;5
0907;6
0908;8
0909;9
0910;7
0911;7
0912;8
0913;12
0914;8
0915;11
0916;5
0917;6
0918;9
0919;7
0920;8
0921;7
0922;7
0923;19
0924;7
0925;8
0926;7
0927;10
0928;9
0929;8
0930;8
1001;6
1002;10
1003;7
1004;8
1005;7
1006;4
1007;7
1008;5
1009;9
1010;9
1011;7
1012;10
1013;10
1014;9
1015;9
1016;5
1017;8
1018;15
1019;7
1020;3
1021;7
1022;7
1023;6
1024;9
1025;6
1026;1
1027;8
1028;7
1029;4
1030;13
1031;6
1101;6
1102;9
1103;6
1104;8
1105;13
1106;5
1107;7
1108;7
1109;8
1110;6
1111;9
1112;8
1113;4
1114;8
1115;5
1116;8
1117;6
1118;8
1119;13
1120;9
1121;4
1122;10
1123;4
1124;7
1125;13
1126;9
1127;6
1128;14
1129;9
1130;6
1201;13
1202;11
1203;11
1204;4
1205;8
1206;7
1207;8
1208;3
1209;13
1210;5
1211;7
1212;8
1213;4
1214;5
1215;6
1216;5
1217;9
1218;5
1219;6
1220;4
1221;11
1222;12
1223;9
1224;4
1225;11
1226;11
1227;10
1228;10
1229;11
1230;8
1231;8
