0101;5
0102;4
0103;6
0104;5
0105;7
0106;5
0107;1
0108;3
0109;1
0110;4
0111;5
0112;8
0113;4
0114;2
0115;6
0116;5
0117;2
0118;3
0119;6
0120;4
0121;8
0122;6
0123;6
0124;6
0125;3
0127;5
0128;2
0130;4
0131;5
0201;10
0202;8
0203;2
0204;11
0205;8
0206;3
0207;3
0208;4
0209;4
0210;4
0211;2
0212;3
0213;2
0214;3
0215;3
0216;3
0217;4
0218;4
0219;3
0220;6
0221;5
0222;2
0223;3
0224;3
0225;5
0226;8
0227;5
0228;9
0229;2
0301;4
0302;6
0303;3
0304;5
0305;4
0306;1
0307;2
0308;2
0309;7
0310;2
0311;5
0312;8
0313;5
0314;11
0315;1
0316;7
0317;6
0318;2
0319;7
0320;10
0321;2
0322;5
0323;5
0324;12
0325;2
0326;3
0327;7
0328;8
0329;4
0330;4
0331;5
0401;4
0402;6
0403;6
0404;9
0405;6
0406;7
0407;2
0408;7
0409;4
0410;4
0411;8
0412;8
0413;6
0414;8
0415;6
0416;9
0417;11
0418;8
0419;8
0420;5
0421;5
0422;4
0423;9
0424;4
0425;5
0426;3
0427;6
0428;6
0429;7
0430;10
0501;4
0502;8
0503;6
0504;8
0505;4
0506;4
0507;6
0508;1
0509;10
0510;7
0511;8
0512;1
0513;1
0514;1
0515;5
0516;1
0517;2
0518;3
0519;4
0520;5
0521;4
0522;2
0523;1
0524;3
0525;7
0526;3
0527;6
0528;9
0529;6
0530;4
0531;3
0601;5
0602;2
0603;9
0604;6
0605;5
0606;5
0607;4
0608;2
0609;3
0610;6
0611;7
0612;5
0613;7
0614;2
0615;6
0616;8
0617;8
0618;4
0619;9
0620;4
0621;2
0622;6
0623;7
0624;9
0625;2
0626;6
0627;1
0628;5
0630;6
0701;2
0702;6
0704;4
0705;3
0706;3
0707;5
0708;9
0709;5
0710;5
0711;2
0712;5
0713;6
0714;3
0715;3
0716;3
0717;4
0718;4
0719;4
0720;1
0721;4
0722;4
0723;3
0724;5
0725;1
0726;3
0727;5
0728;6
0729;2
0730;4
0731;4
0801;1
0802;2
0803;5
0804;3
0805;3
0806;8
0807;1
0808;6
0810;7
0811;4
0812;3
0813;1
0814;4
0815;2
0816;6
0817;2
0818;3
0819;2
0820;3
0821;10
0822;5
0823;2
0824;4
0825;2
0826;2
0827;3
0828;5
0829;5
0830;8
0831;5
0901;2
0902;2
0903;3
0904;5
0905;1
0906;3
0907;4
0908;5
0909;5
0910;5
0911;3
0912;2
0913;5
0914;4
0915;4
0916;4
0917;2
0918;3
0919;2
0920;7
0921;6
0922;5
0923;8
0924;2
0925;2
0926;7
0927;5
0928;7
0929;2
0930;4
1001;8
1002;3
1003;7
1004;2
1005;5
1006;3
1007;6
1008;3
1009;3
1010;3
1011;1
1012;3
1013;4
1014;3
1015;3
1016;3
1017;6
1018;5
1019;4
1020;5
1021;5
1022;4
1023;2
1024;4
1025;4
1026;3
1027;7
1028;11
1029;3
1030;2
1031;6
1101;4
1102;6
1103;5
1104;1
1105;4
1106;4
1107;2
1108;6
1109;2
1110;4
1111;3
1112;4
1113;3
1114;4
1115;4
1116;8
1117;5
1118;7
1119;6
1121;1
1122;4
1124;6
1125;6
1126;7
1127;1
1128;5
1129;2
1130;2
1201;4
1202;6
1203;4
1204;4
1205;5
1206;4
1207;6
1208;3
1209;6
1210;3
1211;3
1212;8
1213;3
1214;2
1215;6
1216;2
1217;2
1218;5
1219;5
1220;4
1221;5
1222;4
1223;7
1224;5
1225;7
1226;3
1227;2
1228;6
1229;3
1230;3
1231;4
