0101;5
0102;4
0105;2
0106;3
0107;3
0108;5
0109;1
0110;2
0111;2
0112;2
0113;1
0114;3
0116;2
0117;1
0118;1
0119;2
0120;2
0121;2
0122;4
0123;2
0124;2
0125;1
0127;2
0128;2
0129;4
0130;1
0131;2
0201;1
0202;3
0203;1
0204;5
0205;3
0206;4
0207;2
0208;2
0209;1
0210;4
0211;3
0212;1
0213;4
0214;2
0215;1
0216;2
0217;1
0218;2
0219;3
0220;2
0221;3
0223;3
0224;2
0225;1
0226;1
0227;4
0228;1
0229;3
0301;4
0302;3
0303;5
0304;1
0305;1
0306;5
0308;2
0310;3
0311;6
0312;3
0313;4
0314;3
0315;1
0316;2
0317;4
0318;4
0319;1
0320;4
0321;2
0322;3
0323;2
0324;2
0325;2
0326;5
0327;3
0328;2
0329;2
0330;3
0331;7
0401;3
0402;3
0403;3
0404;1
0405;2
0406;1
0407;2
0408;3
0409;2
0410;2
0411;3
0412;3
0413;2
0414;3
0416;2
0417;4
0418;1
0420;3
0421;4
0422;1
0423;2
0424;2
0425;5
0426;3
0428;3
0429;2
0430;2
0501;2
0502;2
0503;2
0504;1
0505;1
0506;3
0507;4
0508;3
0509;1
0510;2
0511;4
0512;1
0513;2
0514;4
0515;3
0516;2
0517;2
0518;2
0519;1
0520;1
0521;2
0522;2
0524;1
0525;3
0527;5
0528;2
0529;2
0530;2
0531;2
0601;4
0602;3
0603;1
0604;2
0606;1
0607;2
0608;4
0610;1
0611;4
0612;3
0613;3
0614;5
0615;5
0616;3
0618;3
0619;1
0620;3
0621;1
0622;3
0624;1
0625;3
0626;4
0628;3
0629;1
0630;2
0701;3
0703;2
0704;1
0705;3
0706;1
0707;3
0708;2
0709;2
0710;1
0711;1
0712;4
0713;3
0714;2
0715;2
0716;4
0717;3
0719;4
0720;1
0721;5
0722;3
0723;2
0724;4
0725;3
0726;1
0727;4
0729;3
0730;1
0731;4
0801;4
0802;3
0803;4
0804;3
0805;2
0806;2
0807;3
0808;1
0809;2
0810;2
0811;1
0813;1
0814;2
0815;1
0816;3
0817;2
0818;3
0819;3
0820;2
0821;2
0822;1
0823;3
0824;1
0825;2
0826;4
0827;1
0828;1
0829;2
0830;2
0831;1
0901;2
0902;2
0903;2
0904;1
0906;1
0907;3
0909;2
0910;5
0911;1
0913;2
0915;1
0917;4
0918;1
0920;1
0921;2
0922;3
0923;3
0924;1
0925;2
0926;1
0927;3
0928;2
0929;1
0930;2
1001;2
1002;4
1003;2
1004;2
1005;2
1006;3
1007;3
1009;3
1010;6
1012;2
1013;3
1014;1
1015;1
1017;2
1018;4
1019;4
1020;5
1021;3
1022;2
1023;1
1024;2
1025;2
1026;2
1027;1
1028;2
1030;2
1102;2
1103;2
1104;1
1105;1
1107;1
1108;1
1109;1
1111;3
1113;1
1114;2
1115;2
1116;2
1117;2
1118;1
1119;2
1120;3
1121;2
1122;1
1123;2
1124;1
1125;2
1126;5
1127;1
1128;1
1129;1
1202;1
1203;3
1204;3
1205;4
1206;5
1209;1
1211;1
1212;4
1214;4
1215;3
1216;4
1218;5
1219;1
1221;2
1222;3
1223;1
1224;5
1225;1
1226;1
1227;1
1228;1
1229;1
1231;1
