0101;26
0102;19
0103;15
0104;10
0105;11
0106;18
0107;14
0108;15
0109;11
0110;12
0111;18
0112;5
0113;9
0114;18
0115;25
0116;15
0117;22
0118;13
0119;19
0120;10
0121;16
0122;12
0123;21
0124;13
0125;11
0126;14
0127;15
0128;20
0129;16
0130;23
0131;13
0201;14
0202;21
0203;14
0204;11
0205;17
0206;10
0207;12
0208;15
0209;15
0210;12
0211;18
0212;16
0213;8
0214;19
0215;15
0216;13
0217;12
0218;22
0219;18
0220;19
0221;17
0222;14
0223;14
0224;14
0225;16
0226;20
0227;22
0228;21
0229;23
0301;15
0302;15
0303;15
0304;17
0305;23
0306;21
0307;13
0308;12
0309;17
0310;14
0311;21
0312;17
0313;22
0314;19
0315;17
0316;19
0317;20
0318;19
0319;24
0320;11
0321;17
0322;15
0323;13
0324;17
0325;18
0326;12
0327;19
0328;21
0329;16
0330;16
0331;24
0401;16
0402;24
0403;10
0404;10
0405;8
0406;17
0407;16
0408;18
0409;18
0410;22
0411;15
0412;15
0413;14
0414;19
0415;14
0416;13
0417;19
0418;15
0419;16
0420;18
0421;14
0422;12
0423;19
0424;23
0425;15
0426;13
0427;15
0428;15
0429;22
0430;13
0501;19
0502;18
0503;9
0504;13
0505;12
0506;12
0507;14
0508;12
0509;13
0510;24
0511;20
0512;20
0513;11
0514;8
0515;19
0516;8
0517;20
0518;17
0519;22
0520;14
0521;18
0522;10
0523;7
0524;15
0525;9
0526;16
0527;14
0528;15
0529;16
0530;18
0531;19
0601;16
0602;13
0603;19
0604;8
0605;14
0606;14
0607;9
0608;13
0609;15
0610;15
0611;14
0612;16
0613;18
0614;19
0615;19
0616;14
0617;17
0618;11
0619;16
0620;6
0621;16
0622;13
0623;20
0624;14
0625;19
0626;20
0627;13
0628;16
0629;15
0630;18
0701;17
0702;15
0703;17
0704;17
0705;19
0706;18
0707;12
0708;16
0709;14
0710;15
0711;14
0712;17
0713;12
0714;15
0715;15
0716;15
0717;6
0718;22
0719;16
0720;17
0721;15
0722;11
0723;13
0724;13
0725;14
0726;17
0727;12
0728;9
0729;15
0730;24
0731;7
0801;7
0802;12
0803;9
0804;18
0805;14
0806;12
0807;13
0808;15
0809;16
0810;13
0811;12
0812;13
0813;11
0814;13
0815;14
0816;14
0817;14
0818;13
0819;16
0820;24
0821;16
0822;14
0823;18
0824;12
0825;8
0826;10
0827;13
0828;14
0829;16
0830;14
0831;13
0901;15
0902;14
0903;11
0904;12
0905;13
0906;16
0907;16
0908;15
0909;16
0910;17
0911;10
0912;11
0913;20
0914;18
0915;19
0916;15
0917;15
0918;10
0919;8
0920;9
0921;15
0922;11
0923;10
0924;22
0925;8
0926;16
0927;15
0928;12
0929;18
0930;18
1001;22
1002;17
1003;16
1004;16
1005;14
1006;14
1007;11
1008;18
1009;19
1010;21
1011;18
1012;15
1013;13
1014;22
1015;19
1016;13
1017;13
1018;14
1019;10
1020;14
1021;8
1022;17
1023;21
1024;14
1025;8
1026;16
1027;14
1028;13
1029;12
1030;14
1031;16
1101;16
1102;16
1103;18
1104;22
1105;8
1106;18
1107;12
1108;14
1109;8
1110;15
1111;11
1112;18
1113;17
1114;16
1115;13
1116;18
1117;14
1118;21
1119;13
1120;14
1121;15
1122;22
1123;19
1124;15
1125;10
1126;12
1127;17
1128;6
1129;16
1130;22
1201;19
1202;18
1203;12
1204;13
1205;14
1206;15
1207;13
1208;21
1209;25
1210;20
1211;10
1212;15
1213;12
1214;16
1215;14
1216;21
1217;15
1218;16
1219;12
1220;15
1221;17
1222;10
1223;17
1224;13
1225;19
1226;20
1227;22
1228;13
1229;15
1230;20
1231;18
