0101;5
0102;9
0103;4
0104;7
0105;7
0106;8
0107;5
0108;9
0109;3
0110;7
0111;7
0112;4
0113;7
0114;5
0115;9
0116;5
0117;9
0118;6
0119;6
0120;3
0121;7
0122;6
0123;6
0124;6
0125;4
0126;3
0127;8
0128;2
0129;9
0130;7
0131;6
0201;3
0202;2
0203;6
0204;7
0205;6
0206;11
0207;5
0208;3
0209;8
0210;4
0211;8
0212;9
0213;5
0214;5
0215;3
0216;9
0217;3
0218;6
0219;7
0220;6
0221;8
0222;4
0223;3
0224;7
0225;12
0226;4
0227;3
0228;11
0229;9
0301;11
0302;9
0303;12
0304;7
0305;3
0306;6
0307;4
0308;13
0309;3
0310;4
0311;6
0312;9
0313;10
0314;5
0315;9
0316;6
0317;10
0318;3
0319;5
0320;9
0321;11
0322;4
0323;7
0324;6
0325;3
0326;7
0327;6
0328;10
0329;1
0330;5
0331;8
0401;5
0402;6
0403;6
0404;7
0405;4
0406;6
0407;2
0408;10
0409;3
0410;5
0411;4
0412;7
0413;12
0414;7
0415;8
0416;7
0417;4
0418;6
0419;6
0420;9
0421;5
0422;9
0423;12
0424;11
0425;8
0426;5
0427;6
0428;5
0429;11
0430;9
0501;5
0502;2
0503;4
0504;6
0505;8
0506;12
0507;10
0508;4
0509;5
0510;6
0511;7
0512;3
0513;3
0514;10
0515;3
0516;6
0517;8
0518;9
0519;5
0520;7
0522;6
0523;7
0524;4
0525;5
0526;6
0527;4
0528;2
0529;8
0530;6
0531;6
0601;4
0602;9
0603;7
0604;7
0605;6
0606;6
0607;5
0608;6
0609;4
0610;8
0611;5
0612;5
0613;5
0614;7
0615;6
0616;10
0617;7
0618;10
0619;2
0620;3
0621;11
0622;13
0623;5
0624;4
0625;3
0626;5
0627;3
0628;8
0629;7
0630;4
0701;13
0702;6
0703;7
0704;5
0705;7
0706;9
0707;10
0708;5
0709;9
0710;8
0711;7
0712;7
0713;4
0714;2
0715;4
0716;6
0717;8
0718;8
0719;4
0720;5
0721;5
0722;9
0723;4
0724;7
0725;12
0726;3
0727;2
0728;6
0729;3
0730;5
0731;2
0801;4
0802;7
0803;8
0804;4
0805;8
0806;5
0807;3
0808;4
0809;6
0810;8
0811;7
0812;5
0813;8
0814;7
0815;4
0816;2
0817;11
0818;9
0819;9
0820;10
0821;7
0822;7
0823;5
0824;1
0825;7
0826;7
0827;9
0828;4
0829;5
0830;8
0831;6
0901;9
0902;8
0903;5
0904;7
0905;8
0906;6
0907;4
0909;10
0910;5
0911;5
0912;6
0913;2
0914;8
0915;6
0916;6
0917;5
0918;11
0919;6
0920;4
0921;2
0922;5
0923;8
0924;8
0925;11
0926;9
0927;5
0928;6
0929;3
0930;3
1001;6
1002;13
1003;5
1004;6
1005;7
1006;6
1007;5
1008;5
1009;6
1010;9
1011;6
1012;2
1013;5
1014;9
1015;7
1016;5
1017;4
1018;5
1019;5
1020;6
1021;5
1022;4
1023;5
1024;5
1025;5
1026;6
1027;6
1028;7
1029;7
1030;4
1031;7
1101;5
1102;7
1103;3
1104;6
1105;4
1106;7
1107;8
1108;1
1109;4
1110;9
1111;2
1112;4
1113;13
1114;8
1115;8
1116;7
1117;9
1118;5
1119;7
1120;8
1121;2
1122;3
1123;4
1124;5
1125;6
1126;4
1127;2
1128;5
1129;9
1130;4
1201;7
1202;4
1203;4
1204;6
1205;7
1206;7
1207;6
1208;7
1209;10
1210;7
1211;6
1212;7
1213;9
1214;4
1215;5
1216;5
1217;5
1218;6
1219;3
1220;8
1221;11
1222;10
1223;6
1224;10
1225;9
1226;5
1227;5
1228;6
1229;9
1230;7
1231;9
