0101;26
0102;21
0103;19
0104;18
0105;11
0106;9
0107;11
0108;17
0109;22
0110;17
0111;17
0112;14
0113;19
0114;16
0115;19
0116;18
0117;17
0118;11
0119;13
0120;9
0121;19
0122;19
0123;18
0124;13
0125;21
0126;19
0127;17
0128;11
0129;16
0130;13
0131;12
0201;22
0202;16
0203;15
0204;14
0205;13
0206;13
0207;33
0208;21
0209;13
0210;11
0211;20
0212;24
0213;17
0214;11
0215;11
0216;16
0217;19
0218;20
0219;11
0220;13
0221;17
0222;13
0223;16
0224;18
0225;21
0226;9
0227;14
0228;16
0229;14
0301;14
0302;22
0303;13
0304;15
0305;15
0306;8
0307;12
0308;16
0309;12
0310;21
0311;21
0312;17
0313;18
0314;12
0315;14
0316;21
0317;14
0318;15
0319;14
0320;20
0321;15
0322;11
0323;13
0324;9
0325;16
0326;18
0327;15
0328;16
0329;9
0330;12
0331;14
0401;14
0402;17
0403;19
0404;15
0405;13
0406;13
0407;15
0408;9
0409;16
0410;19
0411;11
0412;21
0413;18
0414;7
0415;19
0416;27
0417;15
0418;11
0419;15
0420;9
0421;18
0422;13
0423;18
0424;18
0425;20
0426;10
0427;18
0428;18
0429;10
0430;12
0501;10
0502;16
0503;13
0504;18
0505;13
0506;13
0507;14
0508;20
0509;6
0510;17
0511;18
0512;11
0513;22
0514;9
0515;14
0516;16
0517;16
0518;19
0519;14
0520;15
0521;13
0522;15
0523;13
0524;19
0525;13
0526;25
0527;11
0528;16
0529;13
0530;14
0531;13
0601;17
0602;14
0603;14
0604;20
0605;6
0606;25
0607;16
0608;20
0609;15
0610;18
0611;26
0612;13
0613;14
0614;18
0615;12
0616;18
0617;14
0618;14
0619;21
0620;18
0621;17
0622;16
0623;15
0624;15
0625;13
0626;12
0627;19
0628;18
0629;7
0630;12
0701;12
0702;12
0703;11
0704;17
0705;16
0706;23
0707;8
0708;17
0709;17
0710;25
0711;20
0712;12
0713;9
0714;16
0715;15
0716;14
0717;15
0718;15
0719;16
0720;15
0721;11
0722;12
0723;22
0724;12
0725;21
0726;16
0727;16
0728;15
0729;10
0730;24
0731;16
0801;14
0802;13
0803;10
0804;21
0805;14
0806;12
0807;13
0808;8
0809;12
0810;11
0811;18
0812;5
0813;20
0814;16
0815;12
0816;17
0817;17
0818;14
0819;10
0820;15
0821;10
0822;16
0823;10
0824;17
0825;10
0826;11
0827;12
0828;15
0829;16
0830;13
0831;17
0901;16
0902;13
0903;13
0904;21
0905;14
0906;16
0907;12
0908;16
0909;19
0910;17
0911;12
0912;17
0913;17
0914;16
0915;19
0916;17
0917;15
0918;19
0919;10
0920;23
0921;10
0922;9
0923;9
0924;18
0925;9
0926;18
0927;22
0928;9
0929;7
0930;13
1001;16
1002;13
1003;18
1004;18
1005;20
1006;9
1007;14
1008;10
1009;14
1010;11
1011;15
1012;19
1013;17
1014;19
1015;7
1016;10
1017;15
1018;12
1019;12
1020;14
1021;15
1022;11
1023;12
1024;15
1025;8
1026;11
1027;10
1028;11
1029;15
1030;12
1031;15
1101;19
1102;10
1103;18
1104;16
1105;17
1106;17
1107;19
1108;17
1109;14
1110;14
1111;18
1112;12
1113;7
1114;18
1115;19
1116;13
1117;11
1118;10
1119;12
1120;12
1121;13
1122;12
1123;13
1124;15
1125;15
1126;13
1127;11
1128;19
1129;20
1130;12
1201;19
1202;20
1203;14
1204;12
1205;12
1206;19
1207;14
1208;17
1209;16
1210;13
1211;14
1212;19
1213;15
1214;13
1215;19
1216;12
1217;12
1218;11
1219;17
1220;20
1221;24
1222;18
1223;12
1224;16
1225;19
1226;13
1227;20
1228;20
1229;14
1230;19
1231;16
