0101;3
0102;10
0103;6
0104;6
0105;5
0106;5
0107;4
0109;2
0110;4
0111;4
0112;5
0113;6
0114;6
0115;3
0116;6
0117;6
0118;3
0119;2
0120;4
0121;5
0122;4
0123;8
0124;7
0125;11
0126;4
0127;6
0128;9
0129;5
0130;4
0131;3
0201;5
0202;3
0203;4
0204;2
0205;5
0206;3
0207;9
0208;6
0209;7
0210;7
0211;7
0212;3
0213;3
0214;6
0215;5
0216;5
0217;3
0218;8
0219;7
0220;6
0221;8
0222;7
0223;6
0224;3
0225;3
0226;7
0227;6
0228;1
0229;8
0301;13
0302;5
0303;3
0304;8
0305;6
0306;11
0307;8
0308;3
0309;5
0310;7
0311;10
0312;5
0313;6
0314;4
0315;3
0316;3
0317;4
0318;8
0319;6
0320;4
0321;5
0322;8
0323;7
0324;6
0325;7
0326;5
0327;11
0328;2
0329;3
0330;7
0331;5
0401;10
0402;6
0403;10
0404;5
0405;2
0406;5
0407;7
0408;6
0409;7
0410;1
0411;3
0412;4
0413;8
0414;5
0415;5
0416;1
0417;4
0418;4
0419;8
0420;2
0421;8
0422;6
0423;7
0424;7
0425;8
0426;4
0427;11
0428;3
0429;2
0430;6
0501;2
0502;6
0503;3
0504;3
0505;5
0506;5
0507;6
0508;7
0509;2
0510;4
0511;5
0512;3
0513;5
0514;3
0515;6
0516;3
0517;7
0518;5
0519;7
0520;4
0521;5
0522;3
0523;7
0524;7
0525;4
0526;6
0527;5
0528;2
0529;3
0530;4
0531;7
0601;8
0602;5
0603;5
0604;4
0605;9
0606;3
0607;9
0608;6
0609;4
0610;5
0611;6
0612;4
0613;7
0614;5
0615;6
0616;9
0617;4
0618;3
0619;3
0620;2
0621;6
0622;4
0623;3
0624;5
0625;8
0626;5
0627;7
0628;5
0629;4
0630;6
0701;3
0702;8
0703;3
0704;6
0705;2
0706;4
0707;2
0708;11
0709;3
0710;11
0711;5
0712;2
0713;6
0714;2
0715;1
0716;5
0717;6
0718;1
0719;4
0720;4
0721;4
0722;6
0723;6
0724;10
0725;8
0726;4
0727;2
0728;3
0729;4
0730;5
0731;2
0801;2
0802;4
0803;3
0804;2
0805;4
0806;2
0807;3
0808;2
0809;7
0810;8
0811;6
0812;7
0813;4
0814;5
0815;5
0816;8
0817;5
0818;3
0819;3
0820;8
0821;5
0822;4
0823;4
0824;5
0825;3
0826;4
0827;6
0828;5
0829;3
0830;4
0831;4
0901;7
0902;8
0903;3
0904;3
0905;6
0906;5
0907;8
0908;5
0909;3
0910;6
0911;5
0912;4
0913;4
0914;7
0915;1
0916;3
0917;5
0918;4
0919;3
0920;4
0921;2
0922;3
0923;2
0924;5
0925;7
0926;3
0927;4
0928;9
0929;5
0930;3
1001;9
1002;6
1003;3
1004;7
1005;9
1006;5
1007;4
1008;3
1009;1
1010;7
1011;6
1012;6
1013;4
1014;5
1015;12
1016;10
1017;8
1018;7
1019;4
1020;2
1021;5
1022;3
1023;2
1024;6
1025;3
1026;5
1027;3
1028;5
1029;5
1030;6
1031;8
1101;3
1102;7
1103;5
1104;2
1105;5
1106;1
1107;4
1108;3
1109;4
1110;5
1111;4
1112;8
1113;4
1114;4
1115;3
1116;5
1117;5
1118;6
1119;3
1120;11
1121;5
1122;5
1123;6
1124;3
1125;10
1126;7
1127;8
1128;6
1129;2
1130;7
1201;5
1202;7
1203;8
1204;2
1205;2
1206;4
1207;2
1208;3
1209;2
1210;7
1211;3
1212;4
1213;1
1214;1
1215;6
1216;3
1217;10
1218;5
1219;6
1220;5
1221;2
1222;8
1223;8
1224;3
1225;12
1226;5
1227;5
1228;1
1229;2
1230;5
1231;8
