0101;13
0102;16
0103;9
0104;15
0105;15
0106;18
0107;12
0108;10
0109;14
0110;17
0111;10
0112;11
0113;17
0114;11
0115;16
0116;27
0117;17
0118;16
0119;18
0120;9
0121;15
0122;12
0123;13
0124;21
0125;14
0126;20
0127;12
0128;13
0129;15
0130;13
0131;16
0201;13
0202;14
0203;16
0204;11
0205;19
0206;15
0207;14
0208;23
0209;19
0210;15
0211;11
0212;18
0213;20
0214;19
0215;15
0216;16
0217;13
0218;16
0219;16
0220;9
0221;14
0222;17
0223;16
0224;15
0225;12
0226;17
0227;17
0228;15
0229;12
0301;15
0302;18
0303;6
0304;14
0305;26
0306;20
0307;12
0308;16
0309;19
0310;20
0311;15
0312;12
0313;18
0314;11
0315;26
0316;23
0317;15
0318;12
0319;16
0320;31
0321;14
0322;13
0323;19
0324;21
0325;16
0326;13
0327;17
0328;18
0329;17
0330;17
0331;16
0401;20
0402;18
0403;27
0404;22
0405;16
0406;12
0407;23
0408;19
0409;15
0410;18
0411;24
0412;12
0413;7
0414;20
0415;22
0416;13
0417;21
0418;15
0419;13
0420;23
0421;20
0422;15
0423;11
0424;24
0425;8
0426;22
0427;13
0428;11
0429;12
0430;16
0501;16
0502;16
0503;13
0504;12
0505;19
0506;17
0507;15
0508;17
0509;20
0510;14
0511;13
0512;12
0513;7
0514;22
0515;14
0516;16
0517;13
0518;12
0519;10
0520;10
0521;18
0522;20
0523;14
0524;12
0525;22
0526;16
0527;15
0528;17
0529;13
0530;10
0531;16
0601;18
0602;17
0603;20
0604;20
0605;17
0606;19
0607;19
0608;15
0609;15
0610;14
0611;22
0612;17
0613;19
0614;13
0615;11
0616;15
0617;14
0618;17
0619;13
0620;19
0621;14
0622;15
0623;11
0624;18
0625;15
0626;9
0627;12
0628;19
0629;19
0630;13
0701;16
0702;19
0703;17
0704;17
0705;15
0706;22
0707;13
0708;15
0709;17
0710;18
0711;17
0712;11
0713;12
0714;13
0715;18
0716;14
0717;5
0718;11
0719;11
0720;17
0721;15
0722;14
0723;18
0724;16
0725;10
0726;6
0727;12
0728;14
0729;18
0730;10
0731;11
0801;18
0802;9
0803;10
0804;14
0805;8
0806;11
0807;17
0808;16
0809;18
0810;10
0811;11
0812;20
0813;13
0814;6
0815;17
0816;13
0817;15
0818;15
0819;14
0820;11
0821;13
0822;18
0823;12
0824;21
0825;14
0826;13
0827;16
0828;13
0829;12
0830;13
0831;7
0901;7
0902;15
0903;14
0904;12
0905;20
0906;18
0907;14
0908;10
0909;7
0910;7
0911;13
0912;14
0913;13
0914;16
0915;17
0916;9
0917;8
0918;19
0919;17
0920;10
0921;23
0922;13
0923;15
0924;9
0925;19
0926;19
0927;20
0928;16
0929;17
0930;15
1001;13
1002;14
1003;23
1004;22
1005;18
1006;13
1007;14
1008;12
1009;12
1010;21
1011;12
1012;26
1013;11
1014;25
1015;29
1016;23
1017;15
1018;16
1019;9
1020;14
1021;10
1022;19
1023;17
1024;16
1025;18
1026;21
1027;19
1028;13
1029;14
1030;11
1031;15
1101;18
1102;23
1103;19
1104;17
1105;18
1106;10
1107;12
1108;21
1109;20
1110;16
1111;19
1112;13
1113;25
1114;14
1115;11
1116;13
1117;13
1118;13
1119;17
1120;13
1121;5
1122;16
1123;13
1124;15
1125;7
1126;10
1127;15
1128;18
1129;17
1130;8
1201;11
1202;15
1203;21
1204;12
1205;12
1206;15
1207;11
1208;22
1209;17
1210;14
1211;21
1212;9
1213;13
1214;11
1215;13
1216;14
1217;12
1218;27
1219;18
1220;22
1221;21
1222;20
1223;17
1224;14
1225;19
1226;21
1227;21
1228;15
1229;15
1230;19
1231;10
