0000;1
0101;42
0102;49
0103;47
0104;47
0105;55
0106;53
0107;41
0108;43
0109;37
0110;53
0111;40
0112;55
0113;50
0114;50
0115;50
0116;47
0117;50
0118;46
0119;54
0120;52
0121;40
0122;43
0123;51
0124;47
0125;42
0126;70
0127;47
0128;47
0129;37
0130;43
0131;52
0201;36
0202;50
0203;54
0204;53
0205;48
0206;44
0207;53
0208;47
0209;47
0210;56
0211;43
0212;43
0213;45
0214;37
0215;43
0216;56
0217;50
0218;47
0219;47
0220;51
0221;50
0222;51
0223;46
0224;44
0225;30
0226;55
0227;45
0228;55
0229;54
0301;45
0302;52
0303;46
0304;54
0305;53
0306;55
0307;46
0308;49
0309;47
0310;45
0311;45
0312;50
0313;47
0314;55
0315;34
0316;62
0317;59
0318;49
0319;57
0320;52
0321;58
0322;54
0323;59
0324;40
0325;57
0326;59
0327;48
0328;51
0329;44
0330;48
0331;40
0401;48
0402;43
0403;37
0404;48
0405;39
0406;45
0407;39
0408;47
0409;45
0410;52
0411;63
0412;49
0413;38
0414;49
0415;43
0416;46
0417;56
0418;37
0419;39
0420;53
0421;48
0422;41
0423;41
0424;41
0425;55
0426;39
0427;40
0428;43
0429;46
0430;44
0500;1
0501;43
0502;46
0503;51
0504;47
0505;47
0506;34
0507;44
0508;52
0509;36
0510;41
0511;39
0512;44
0513;49
0514;50
0515;37
0516;47
0517;50
0518;57
0519;36
0520;37
0521;50
0522;41
0523;53
0524;46
0525;38
0526;46
0527;36
0528;46
0529;43
0530;42
0531;44
0601;48
0602;34
0603;45
0604;51
0605;40
0606;47
0607;62
0608;42
0609;43
0610;55
0611;24
0612;37
0613;38
0614;42
0615;50
0616;33
0617;45
0618;42
0619;45
0620;37
0621;48
0622;32
0623;37
0624;25
0625;42
0626;38
0627;39
0628;45
0629;42
0630;42
0700;1
0701;44
0702;43
0703;47
0704;43
0705;53
0706;36
0707;45
0708;42
0709;44
0710;33
0711;41
0712;37
0713;50
0714;33
0715;35
0716;44
0717;39
0718;38
0719;39
0720;39
0721;42
0722;42
0723;43
0724;42
0725;34
0726;42
0727;43
0728;33
0729;41
0730;49
0731;38
0801;46
0802;41
0803;46
0804;27
0805;21
0806;37
0807;32
0808;34
0809;40
0810;37
0811;33
0812;42
0813;43
0814;38
0815;29
0816;33
0817;38
0818;39
0819;28
0820;41
0821;46
0822;40
0823;42
0824;31
0825;34
0826;29
0827;33
0828;42
0829;41
0830;36
0831;32
0901;42
0902;33
0903;50
0904;35
0905;36
0906;33
0907;31
0908;42
0909;30
0910;54
0911;43
0912;38
0913;32
0914;41
0915;31
0916;34
0917;41
0918;42
0919;44
0920;50
0921;42
0922;42
0923;33
0924;49
0925;39
0926;44
0927;45
0928;57
0929;36
0930;50
1001;45
1002;40
1003;34
1004;54
1005;35
1006;38
1007;39
1008;51
1009;47
1010;46
1011;30
1012;41
1013;42
1014;37
1015;47
1016;42
1017;44
1018;49
1019;33
1020;40
1021;37
1022;38
1023;37
1024;42
1025;49
1026;42
1027;41
1028;33
1029;44
1030;47
1031;45
1101;51
1102;50
1103;45
1104;38
1105;47
1106;62
1107;47
1108;42
1109;58
1110;46
1111;43
1112;51
1113;48
1114;47
1115;39
1116;55
1117;44
1118;45
1119;50
1120;49
1121;47
1122;52
1123;56
1124;37
1125;43
1126;37
1127;42
1128;48
1129;56
1130;46
1201;38
1202;44
1203;49
1204;62
1205;46
1206;56
1207;46
1208;48
1209;57
1210;51
1211;47
1212;45
1213;49
1214;60
1215;32
1216;48
1217;41
1218;55
1219;50
1220;49
1221;45
1222;58
1223;53
1224;50
1225;33
1226;43
1227;59
1228;50
1229;43
1230;38
1231;57
