0000;1
0101;20
0102;17
0103;21
0104;27
0105;18
0106;26
0107;19
0108;15
0109;23
0110;15
0111;20
0112;13
0113;20
0114;18
0115;19
0116;22
0117;20
0118;15
0119;17
0120;15
0121;22
0122;12
0123;22
0124;16
0125;18
0126;19
0127;14
0128;18
0129;13
0130;22
0131;21
0201;18
0202;12
0203;18
0204;12
0205;22
0206;21
0207;15
0208;20
0209;22
0210;18
0211;17
0212;23
0213;15
0214;23
0215;11
0216;17
0217;10
0218;20
0219;23
0220;18
0221;24
0222;15
0223;20
0224;18
0225;17
0226;18
0227;17
0228;18
0229;17
0301;23
0302;21
0303;22
0304;12
0305;20
0306;14
0307;16
0308;17
0309;25
0310;17
0311;24
0312;20
0313;18
0314;20
0315;17
0316;12
0317;15
0318;13
0319;14
0320;12
0321;17
0322;19
0323;17
0324;17
0325;16
0326;18
0327;9
0328;19
0329;19
0330;14
0331;22
0401;21
0402;23
0403;16
0404;18
0405;15
0406;14
0407;24
0408;19
0409;11
0410;16
0411;19
0412;17
0413;19
0414;21
0415;15
0416;26
0417;13
0418;27
0419;21
0420;13
0421;16
0422;18
0423;14
0424;19
0425;17
0426;14
0427;20
0428;16
0429;13
0430;17
0501;16
0502;24
0503;17
0504;17
0505;19
0506;9
0507;13
0508;12
0509;23
0510;16
0511;14
0512;12
0513;23
0514;19
0515;12
0516;20
0517;20
0518;12
0519;30
0520;14
0521;21
0522;22
0523;23
0524;21
0525;19
0526;12
0527;11
0528;17
0529;20
0530;19
0531;15
0601;22
0602;18
0603;11
0604;18
0605;20
0606;17
0607;14
0608;19
0609;17
0610;8
0611;21
0612;29
0613;13
0614;16
0615;13
0616;19
0617;20
0618;19
0619;13
0620;22
0621;21
0622;18
0623;20
0624;17
0625;15
0626;15
0627;19
0628;15
0629;11
0630;18
0701;15
0702;17
0703;18
0704;15
0705;18
0706;15
0707;13
0708;14
0709;27
0710;24
0711;20
0712;20
0713;19
0714;15
0715;18
0716;16
0717;22
0718;15
0719;24
0720;16
0721;14
0722;14
0723;19
0724;13
0725;11
0726;13
0727;14
0728;22
0729;19
0730;23
0731;8
0801;17
0802;16
0803;30
0804;19
0805;15
0806;12
0807;13
0808;16
0809;12
0810;17
0811;20
0812;14
0813;15
0814;20
0815;14
0816;17
0817;12
0818;21
0819;14
0820;14
0821;14
0822;19
0823;17
0824;19
0825;22
0826;12
0827;8
0828;13
0829;19
0830;16
0831;17
0901;17
0902;16
0903;13
0904;24
0905;15
0906;21
0907;12
0908;26
0909;15
0910;21
0911;18
0912;14
0913;21
0914;6
0915;22
0916;16
0917;18
0918;14
0919;14
0920;20
0921;13
0922;23
0923;16
0924;22
0925;13
0926;11
0927;12
0928;23
0929;24
0930;21
1001;10
1002;11
1003;17
1004;14
1005;23
1006;17
1007;20
1008;17
1009;17
1010;18
1011;21
1012;21
1013;19
1014;20
1015;21
1016;14
1017;12
1018;23
1019;19
1020;15
1021;22
1022;10
1023;16
1024;27
1025;19
1026;21
1027;15
1028;20
1029;12
1030;12
1031;19
1101;12
1102;23
1103;24
1104;13
1105;14
1106;23
1107;24
1108;24
1109;13
1110;15
1111;15
1112;20
1113;16
1114;23
1115;22
1116;17
1117;16
1118;22
1119;10
1120;16
1121;15
1122;23
1123;24
1124;10
1125;20
1126;16
1127;16
1128;9
1129;13
1130;20
1201;21
1202;10
1203;15
1204;17
1205;21
1206;16
1207;13
1208;23
1209;25
1210;24
1211;15
1212;22
1213;17
1214;28
1215;15
1216;17
1217;23
1218;22
1219;14
1220;18
1221;29
1222;17
1223;19
1224;22
1225;20
1226;22
1227;14
1228;21
1229;26
1230;20
1231;22
