0101;7
0102;17
0103;6
0104;10
0105;9
0106;10
0107;11
0108;6
0109;12
0110;12
0111;6
0112;14
0113;9
0114;9
0115;8
0116;11
0117;10
0118;7
0119;15
0120;12
0121;5
0122;8
0123;10
0124;11
0125;12
0126;14
0127;6
0128;7
0129;11
0130;8
0131;8
0201;8
0202;11
0203;3
0204;7
0205;11
0206;13
0207;15
0208;11
0209;4
0210;5
0211;8
0212;7
0213;4
0214;8
0215;9
0216;9
0217;7
0218;10
0219;7
0220;12
0221;10
0222;4
0223;6
0224;7
0225;10
0226;6
0227;10
0228;9
0229;13
0301;12
0302;6
0303;10
0304;7
0305;10
0306;9
0307;6
0308;10
0309;5
0310;8
0311;6
0312;10
0313;10
0314;11
0315;11
0316;7
0317;13
0318;12
0319;10
0320;14
0321;12
0322;7
0323;9
0324;12
0325;10
0326;10
0327;6
0328;7
0329;7
0330;6
0331;5
0401;13
0402;18
0403;7
0404;11
0405;11
0406;10
0407;9
0408;10
0409;6
0410;4
0411;5
0412;11
0413;11
0414;8
0415;7
0416;4
0417;5
0418;7
0419;8
0420;12
0421;11
0422;7
0423;5
0424;9
0425;11
0426;10
0427;5
0428;7
0429;9
0430;10
0501;15
0502;7
0503;16
0504;10
0505;7
0506;9
0507;12
0508;9
0509;11
0510;17
0511;7
0512;8
0513;6
0514;8
0515;8
0516;10
0517;6
0518;9
0519;5
0520;10
0521;3
0522;5
0523;3
0524;10
0525;13
0526;7
0527;10
0528;9
0529;10
0530;9
0531;9
0601;11
0602;10
0603;6
0604;9
0605;9
0606;6
0607;11
0608;8
0609;9
0610;3
0611;5
0612;7
0613;6
0614;8
0615;11
0616;9
0617;15
0618;10
0619;7
0620;12
0621;7
0622;7
0623;7
0624;4
0625;11
0626;10
0627;4
0628;7
0629;9
0630;7
0701;7
0702;10
0703;9
0704;7
0705;6
0706;7
0707;5
0708;9
0709;6
0710;13
0711;5
0712;10
0713;8
0714;6
0715;6
0716;9
0717;8
0718;8
0719;8
0720;4
0721;7
0722;5
0723;12
0724;7
0725;5
0726;10
0727;13
0728;4
0729;10
0730;13
0731;5
0801;7
0802;4
0803;11
0804;5
0805;9
0806;4
0807;6
0808;3
0809;10
0810;9
0811;5
0812;5
0813;11
0814;6
0815;13
0816;13
0817;7
0818;4
0819;11
0820;12
0821;8
0822;6
0823;7
0824;7
0825;5
0826;9
0827;8
0828;7
0829;3
0830;7
0831;10
0901;9
0902;5
0903;6
0904;4
0905;10
0906;9
0907;10
0908;6
0909;11
0910;5
0911;8
0912;7
0913;5
0914;5
0915;8
0916;6
0917;6
0918;3
0919;8
0920;8
0921;12
0922;2
0923;10
0924;8
0925;5
0926;5
0927;3
0928;10
0929;9
0930;7
1001;4
1002;8
1003;7
1004;6
1005;6
1006;10
1007;17
1008;9
1009;9
1010;14
1011;10
1012;9
1013;9
1014;9
1015;12
1016;17
1017;11
1018;10
1019;8
1020;6
1021;9
1022;9
1023;12
1024;9
1025;5
1026;8
1027;8
1028;10
1029;7
1030;10
1031;3
1101;9
1102;5
1103;7
1104;8
1105;6
1106;10
1107;6
1108;9
1109;9
1110;6
1111;5
1112;10
1113;5
1114;4
1115;5
1116;13
1117;5
1118;8
1119;8
1120;12
1121;14
1122;7
1123;8
1124;10
1125;7
1126;8
1127;5
1128;8
1129;9
1130;7
1201;7
1202;7
1203;11
1204;3
1205;5
1206;8
1207;9
1208;5
1209;4
1210;11
1211;8
1212;11
1213;8
1214;10
1215;12
1216;3
1217;14
1218;10
1219;7
1220;13
1221;10
1222;12
1223;7
1224;4
1225;11
1226;11
1227;12
1228;10
1229;13
1230;13
1231;7
