0101;16
0102;19
0103;22
0104;16
0105;18
0106;16
0107;11
0108;20
0109;20
0110;12
0111;13
0112;15
0113;15
0114;19
0115;19
0116;16
0117;23
0118;17
0119;7
0120;18
0121;18
0122;18
0123;12
0124;13
0125;16
0126;11
0127;16
0128;21
0129;23
0130;20
0131;17
0201;24
0202;14
0203;12
0204;13
0205;18
0206;17
0207;16
0208;17
0209;20
0210;27
0211;20
0212;9
0213;18
0214;19
0215;17
0216;14
0217;10
0218;25
0219;11
0220;13
0221;16
0222;15
0223;27
0224;19
0225;14
0226;18
0227;22
0228;17
0229;20
0301;21
0302;17
0303;15
0304;15
0305;17
0306;19
0307;17
0308;15
0309;12
0310;18
0311;16
0312;15
0313;16
0314;22
0315;16
0316;12
0317;18
0318;16
0319;19
0320;13
0321;10
0322;10
0323;13
0324;21
0325;11
0326;14
0327;14
0328;15
0329;16
0330;26
0331;12
0401;13
0402;22
0403;14
0404;9
0405;12
0406;15
0407;21
0408;13
0409;21
0410;16
0411;15
0412;18
0413;19
0414;19
0415;17
0416;17
0417;7
0418;15
0419;19
0420;19
0421;14
0422;16
0423;16
0424;18
0425;21
0426;12
0427;15
0428;7
0429;26
0430;9
0501;18
0502;9
0503;10
0504;11
0505;13
0506;19
0507;15
0508;13
0509;15
0510;16
0511;11
0512;17
0513;19
0514;15
0515;17
0516;13
0517;17
0518;12
0519;14
0520;18
0521;18
0522;17
0523;13
0524;18
0525;14
0526;12
0527;15
0528;18
0529;13
0530;25
0531;16
0601;15
0602;20
0603;16
0604;17
0605;16
0606;11
0607;14
0608;22
0609;7
0610;16
0611;12
0612;13
0613;17
0614;25
0615;10
0616;22
0617;14
0618;20
0619;19
0620;15
0621;16
0622;13
0623;14
0624;15
0625;8
0626;9
0627;18
0628;10
0629;11
0630;17
0701;9
0702;16
0703;14
0704;10
0705;13
0706;14
0707;11
0708;14
0709;19
0710;20
0711;8
0712;10
0713;19
0714;11
0715;8
0716;10
0717;9
0718;16
0719;12
0720;8
0721;18
0722;14
0723;13
0724;8
0725;14
0726;12
0727;15
0728;11
0729;12
0730;20
0731;18
0801;18
0802;13
0803;15
0804;14
0805;18
0806;20
0807;14
0808;14
0809;13
0810;9
0811;13
0812;10
0813;18
0814;14
0815;19
0816;13
0817;18
0818;12
0819;13
0820;24
0821;12
0822;18
0823;11
0824;15
0825;14
0826;14
0827;13
0828;25
0829;11
0830;7
0831;12
0901;7
0902;14
0903;15
0904;16
0905;14
0906;10
0907;9
0908;14
0909;13
0910;16
0911;23
0912;12
0913;23
0914;13
0915;17
0916;12
0917;10
0918;16
0919;12
0920;9
0921;12
0922;17
0923;16
0924;20
0925;5
0926;16
0927;11
0928;18
0929;14
0930;22
1001;12
1002;11
1003;15
1004;15
1005;10
1006;13
1007;14
1008;17
1009;17
1010;10
1011;12
1012;13
1013;24
1014;19
1015;15
1016;15
1017;12
1018;17
1019;17
1020;11
1021;17
1022;15
1023;16
1024;23
1025;12
1026;18
1027;15
1028;10
1029;19
1030;15
1031;14
1101;14
1102;15
1103;18
1104;18
1105;23
1106;14
1107;12
1108;15
1109;10
1110;19
1111;17
1112;17
1113;12
1114;19
1115;11
1116;10
1117;17
1118;15
1119;11
1120;20
1121;15
1122;14
1123;22
1124;15
1125;13
1126;11
1127;13
1128;13
1129;12
1130;15
1201;19
1202;17
1203;24
1204;22
1205;10
1206;17
1207;16
1208;21
1209;11
1210;20
1211;16
1212;12
1213;17
1214;13
1215;22
1216;10
1217;12
1218;24
1219;14
1220;15
1221;12
1222;15
1223;18
1224;15
1225;19
1226;25
1227;15
1228;22
1229;15
1230;18
1231;22
