0101;10
0102;8
0103;8
0104;9
0105;11
0106;12
0107;14
0108;6
0109;7
0110;6
0111;10
0112;6
0113;11
0114;13
0115;11
0116;13
0117;5
0118;18
0119;9
0120;8
0121;9
0122;11
0123;14
0124;9
0125;9
0126;11
0127;12
0128;9
0129;8
0130;12
0131;12
0201;12
0202;16
0203;5
0204;9
0205;9
0206;11
0207;11
0208;8
0209;7
0210;13
0211;15
0212;17
0213;5
0214;16
0215;8
0216;11
0217;11
0218;13
0219;3
0220;9
0221;8
0222;10
0223;11
0224;13
0225;16
0226;8
0227;10
0228;15
0229;11
0301;13
0302;10
0303;8
0304;7
0305;8
0306;16
0307;16
0308;8
0309;12
0310;10
0311;11
0312;12
0313;6
0314;9
0315;11
0316;9
0317;11
0318;7
0319;12
0320;13
0321;13
0322;8
0323;14
0324;7
0325;6
0326;10
0327;10
0328;7
0329;13
0330;10
0331;8
0401;8
0402;4
0403;7
0404;6
0405;12
0406;9
0407;8
0408;10
0409;9
0410;7
0411;11
0412;11
0413;11
0414;5
0415;10
0416;8
0417;11
0418;7
0419;9
0420;10
0421;6
0422;8
0423;7
0424;5
0425;12
0426;5
0427;10
0428;11
0429;3
0430;9
0501;3
0502;10
0503;8
0504;12
0505;7
0506;9
0507;5
0508;12
0509;12
0510;11
0511;4
0512;8
0513;10
0514;15
0515;8
0516;11
0517;6
0518;10
0519;4
0520;12
0521;10
0522;7
0523;12
0524;3
0525;9
0526;11
0527;7
0528;10
0529;9
0530;7
0531;11
0601;8
0602;11
0603;12
0604;16
0605;12
0606;8
0607;6
0608;11
0609;6
0610;10
0611;12
0612;9
0613;15
0614;11
0615;4
0616;12
0617;11
0618;9
0619;5
0620;8
0621;15
0622;7
0623;7
0624;13
0625;7
0626;11
0627;7
0628;8
0629;8
0630;8
0701;9
0702;3
0703;12
0704;7
0705;7
0706;8
0707;12
0708;8
0709;9
0710;17
0711;5
0712;6
0713;10
0714;11
0715;5
0716;7
0717;8
0718;5
0719;8
0720;11
0721;11
0722;5
0723;7
0724;5
0725;6
0726;7
0727;2
0728;8
0729;12
0730;11
0731;10
0801;8
0802;17
0803;5
0804;7
0805;11
0806;15
0807;12
0808;12
0809;8
0810;7
0811;13
0812;9
0813;7
0814;13
0815;10
0816;12
0817;5
0818;7
0819;8
0820;3
0821;13
0822;8
0823;8
0824;10
0825;6
0826;9
0827;9
0828;5
0829;8
0830;9
0831;9
0901;15
0902;12
0903;8
0904;7
0905;6
0906;9
0907;14
0908;5
0909;14
0910;10
0911;6
0912;8
0913;9
0914;9
0915;8
0916;12
0917;8
0918;3
0919;10
0920;4
0921;7
0922;6
0923;7
0924;8
0925;8
0926;11
0927;8
0928;8
0929;10
0930;8
1001;12
1002;9
1003;11
1004;6
1005;12
1006;10
1007;8
1008;9
1009;11
1010;12
1011;10
1012;9
1013;7
1014;10
1015;9
1016;11
1017;10
1018;10
1019;11
1020;14
1021;8
1022;9
1023;8
1024;9
1025;8
1026;6
1027;8
1028;14
1029;8
1030;9
1031;12
1101;12
1102;10
1103;10
1104;10
1105;7
1106;10
1107;7
1108;11
1109;7
1110;7
1111;10
1112;10
1113;10
1114;6
1115;11
1116;18
1117;10
1118;9
1119;4
1120;7
1121;10
1122;7
1123;8
1124;15
1125;10
1126;12
1127;16
1128;10
1129;6
1130;10
1201;8
1202;8
1203;11
1204;5
1205;9
1206;3
1207;6
1208;9
1209;9
1210;10
1211;10
1212;10
1213;13
1214;6
1215;9
1216;8
1217;13
1218;11
1219;4
1220;8
1221;11
1222;15
1223;2
1224;11
1225;8
1226;14
1227;13
1228;7
1229;10
1230;11
1231;13
