0101;29
0102;27
0103;23
0104;38
0105;20
0106;27
0107;26
0108;29
0109;23
0110;27
0111;32
0112;30
0113;25
0114;27
0115;29
0116;25
0117;22
0118;23
0119;22
0120;26
0121;15
0122;25
0123;26
0124;28
0125;23
0126;21
0127;27
0128;24
0129;28
0130;26
0131;23
0201;23
0202;26
0203;22
0204;23
0205;29
0206;24
0207;21
0208;18
0209;36
0210;33
0211;33
0212;23
0213;15
0214;24
0215;28
0216;21
0217;25
0218;28
0219;26
0220;20
0221;20
0222;17
0223;28
0224;32
0225;32
0226;24
0227;25
0228;33
0229;24
0301;21
0302;26
0303;20
0304;18
0305;26
0306;18
0307;26
0308;17
0309;16
0310;17
0311;26
0312;18
0313;26
0314;20
0315;23
0316;33
0317;25
0318;26
0319;27
0320;28
0321;26
0322;24
0323;27
0324;22
0325;20
0326;25
0327;20
0328;30
0329;24
0330;22
0331;19
0401;32
0402;30
0403;26
0404;23
0405;25
0406;23
0407;24
0408;16
0409;28
0410;23
0411;26
0412;23
0413;30
0414;21
0415;25
0416;27
0417;22
0418;27
0419;23
0420;28
0421;26
0422;26
0423;14
0424;28
0425;11
0426;24
0427;22
0428;24
0429;24
0430;24
0501;18
0502;25
0503;20
0504;26
0505;21
0506;18
0507;19
0508;23
0509;26
0510;21
0511;24
0512;16
0513;24
0514;31
0515;23
0516;19
0517;21
0518;16
0519;28
0520;22
0521;25
0522;25
0523;21
0524;23
0525;27
0526;19
0527;17
0528;23
0529;24
0530;22
0531;20
0601;18
0602;26
0603;21
0604;29
0605;28
0606;21
0607;22
0608;35
0609;19
0610;26
0611;20
0612;19
0613;17
0614;21
0615;19
0616;18
0617;27
0618;29
0619;23
0620;23
0621;21
0622;15
0623;20
0624;20
0625;22
0626;13
0627;14
0628;17
0629;26
0630;30
0701;24
0702;16
0703;15
0704;16
0705;20
0706;28
0707;25
0708;23
0709;27
0710;21
0711;19
0712;21
0713;21
0714;21
0715;31
0716;19
0717;26
0718;26
0719;31
0720;21
0721;18
0722;19
0723;24
0724;22
0725;32
0726;24
0727;17
0728;30
0729;22
0730;23
0731;22
0801;30
0802;24
0803;16
0804;9
0805;17
0806;13
0807;31
0808;14
0809;23
0810;17
0811;22
0812;24
0813;22
0814;17
0815;21
0816;18
0817;17
0818;18
0819;23
0820;34
0821;28
0822;16
0823;23
0824;18
0825;19
0826;16
0827;10
0828;15
0829;14
0830;21
0831;22
0901;21
0902;22
0903;20
0904;17
0905;17
0906;13
0907;21
0908;15
0909;16
0910;25
0911;18
0912;16
0913;18
0914;27
0915;16
0916;22
0917;25
0918;15
0919;16
0920;28
0921;24
0922;18
0923;27
0924;19
0925;20
0926;25
0927;25
0928;24
0929;26
0930;30
1001;25
1002;21
1003;21
1004;23
1005;17
1006;26
1007;21
1008;23
1009;31
1010;32
1011;25
1012;22
1013;22
1014;20
1015;26
1016;18
1017;29
1018;21
1019;26
1020;21
1021;17
1022;30
1023;20
1024;22
1025;29
1026;27
1027;15
1028;26
1029;27
1030;22
1031;22
1101;21
1102;24
1103;24
1104;27
1105;33
1106;26
1107;21
1108;22
1109;23
1110;21
1111;20
1112;28
1113;20
1114;30
1115;17
1116;23
1117;24
1118;19
1119;23
1120;26
1121;23
1122;24
1123;25
1124;23
1125;24
1126;18
1127;26
1128;22
1129;23
1130;22
1201;23
1202;18
1203;19
1204;24
1205;22
1206;20
1207;20
1208;23
1209;19
1210;28
1211;17
1212;32
1213;23
1214;27
1215;22
1216;34
1217;26
1218;22
1219;25
1220;27
1221;22
1222;28
1223;30
1224;36
1225;25
1226;27
1227;31
1228;29
1229;21
1230;32
1231;20
