0101;14
0102;13
0103;14
0104;8
0105;7
0106;2
0107;14
0108;11
0109;11
0110;11
0111;13
0112;8
0113;8
0114;9
0115;8
0116;9
0117;11
0118;6
0119;12
0120;11
0121;8
0122;9
0123;11
0124;11
0125;12
0126;12
0127;10
0128;12
0129;5
0130;14
0131;11
0201;11
0202;13
0203;16
0204;7
0205;10
0206;16
0207;15
0208;12
0209;11
0210;17
0211;12
0212;14
0213;15
0214;4
0215;11
0216;7
0217;16
0218;8
0219;10
0220;5
0221;10
0222;12
0223;15
0224;5
0225;10
0226;9
0227;15
0228;12
0301;16
0302;5
0303;4
0304;11
0305;14
0306;8
0307;15
0308;13
0309;12
0310;12
0311;19
0312;9
0313;13
0314;19
0315;7
0316;19
0317;15
0318;14
0319;19
0320;15
0321;14
0322;20
0323;13
0324;14
0325;16
0326;16
0327;18
0328;16
0329;11
0330;13
0331;15
0401;15
0402;15
0403;21
0404;23
0405;10
0406;16
0407;17
0408;14
0409;17
0410;7
0411;11
0412;10
0413;12
0414;17
0415;21
0416;9
0417;13
0418;10
0419;12
0420;8
0421;14
0422;12
0423;7
0424;8
0425;13
0426;10
0427;8
0428;9
0429;16
0430;16
0501;5
0502;10
0503;13
0504;13
0505;9
0506;7
0507;8
0508;18
0509;9
0510;17
0511;7
0512;18
0513;8
0514;11
0515;8
0516;7
0517;10
0518;13
0519;9
0520;10
0521;9
0522;12
0523;13
0524;7
0525;8
0526;4
0527;10
0528;11
0529;6
0530;6
0531;8
0601;6
0602;11
0603;16
0604;9
0605;9
0606;4
0607;14
0608;11
0609;11
0610;5
0611;6
0612;11
0613;7
0614;7
0615;7
0616;13
0617;8
0618;11
0619;14
0620;12
0621;11
0622;10
0623;5
0624;10
0625;4
0626;8
0627;10
0628;11
0629;7
0630;8
0701;8
0702;11
0703;14
0704;9
0705;5
0706;8
0707;8
0708;9
0709;9
0710;6
0711;6
0712;7
0713;5
0714;11
0715;14
0716;11
0717;14
0718;7
0719;11
0720;9
0721;18
0722;11
0723;10
0724;11
0725;11
0726;10
0727;9
0728;3
0729;6
0730;10
0731;14
0801;7
0802;9
0803;7
0804;10
0805;4
0806;4
0807;10
0808;11
0809;13
0810;9
0811;13
0812;12
0813;15
0814;12
0815;11
0816;11
0817;13
0818;7
0819;8
0820;5
0821;8
0822;10
0823;5
0824;12
0825;9
0826;15
0827;12
0828;9
0829;9
0830;8
0831;8
0901;12
0902;14
0903;13
0904;13
0905;9
0906;9
0907;8
0908;14
0909;7
0910;11
0911;7
0912;15
0913;10
0914;11
0915;7
0916;15
0917;13
0918;8
0919;8
0920;9
0921;11
0922;9
0923;12
0924;15
0925;3
0926;11
0927;9
0928;8
0929;8
0930;8
1001;8
1002;8
1003;12
1004;4
1005;17
1006;6
1007;10
1008;11
1009;11
1010;17
1011;7
1012;4
1013;15
1014;9
1015;15
1016;11
1017;9
1018;9
1019;18
1020;5
1021;7
1022;9
1023;6
1024;10
1025;13
1026;10
1027;12
1028;15
1029;12
1030;15
1031;7
1101;13
1102;10
1103;10
1104;12
1105;9
1106;7
1107;10
1108;10
1109;10
1110;23
1111;12
1112;9
1113;11
1114;11
1115;5
1116;15
1117;14
1118;9
1119;8
1120;12
1121;12
1122;7
1123;10
1124;7
1125;13
1126;9
1127;10
1128;14
1129;7
1130;10
1201;6
1202;10
1203;17
1204;8
1205;7
1206;10
1207;12
1208;16
1209;10
1210;16
1211;17
1212;7
1213;10
1214;16
1215;12
1216;9
1217;16
1218;14
1219;12
1220;16
1221;8
1222;11
1223;13
1224;9
1225;8
1226;11
1227;14
1228;14
1229;15
1230;14
1231;17
