0101;10
0102;8
0103;14
0104;5
0105;10
0106;12
0107;4
0108;5
0109;5
0110;8
0111;10
0112;5
0113;13
0114;4
0115;7
0116;5
0117;5
0118;7
0119;9
0120;8
0121;9
0122;5
0123;12
0124;9
0125;7
0126;9
0127;6
0128;13
0129;9
0130;7
0131;8
0201;7
0202;7
0203;9
0204;5
0205;5
0206;8
0207;9
0208;8
0209;8
0210;9
0211;9
0212;8
0213;8
0214;12
0215;7
0216;10
0217;7
0218;10
0219;4
0220;9
0221;8
0222;8
0223;2
0224;5
0225;8
0226;5
0227;7
0228;10
0301;10
0302;8
0303;3
0304;8
0305;12
0306;8
0307;10
0308;4
0309;7
0310;7
0311;13
0312;3
0313;8
0314;14
0315;4
0316;7
0317;8
0318;9
0319;9
0320;9
0321;5
0322;5
0323;6
0324;7
0325;16
0326;9
0327;11
0328;7
0329;7
0330;6
0331;12
0401;8
0402;9
0403;10
0404;11
0405;5
0406;12
0407;9
0408;11
0409;6
0410;10
0411;8
0412;10
0413;9
0414;4
0415;7
0416;10
0417;5
0418;6
0419;10
0420;9
0421;1
0422;7
0423;10
0424;9
0425;10
0426;8
0427;10
0428;9
0429;4
0430;6
0501;8
0502;10
0503;5
0504;6
0505;4
0506;4
0507;7
0508;5
0509;4
0510;9
0511;11
0512;11
0513;9
0514;9
0515;6
0516;3
0517;6
0518;4
0519;7
0520;6
0521;3
0522;4
0523;10
0524;12
0525;5
0526;13
0527;7
0528;10
0529;7
0530;5
0531;5
0601;6
0602;16
0603;5
0604;4
0605;4
0606;10
0607;16
0608;11
0609;4
0610;2
0611;9
0612;11
0613;5
0614;7
0615;5
0616;9
0617;8
0618;12
0619;16
0620;4
0621;8
0622;7
0623;2
0624;7
0625;2
0626;5
0627;8
0628;5
0629;7
0630;4
0701;5
0702;3
0703;7
0704;8
0705;9
0706;6
0707;6
0708;3
0709;5
0710;5
0711;5
0712;15
0713;2
0714;9
0715;5
0716;8
0717;9
0718;14
0719;10
0720;9
0721;7
0722;6
0723;8
0724;4
0725;2
0726;10
0727;7
0728;11
0729;6
0730;12
0731;6
0801;8
0802;8
0803;2
0804;11
0805;8
0806;5
0807;7
0808;7
0809;7
0810;7
0811;5
0812;9
0813;6
0814;3
0815;5
0816;6
0817;8
0818;4
0819;3
0821;5
0822;11
0823;4
0824;12
0825;5
0826;12
0827;5
0828;5
0829;10
0830;9
0831;12
0901;5
0902;6
0903;8
0904;6
0905;10
0906;8
0907;4
0908;5
0909;10
0910;7
0911;3
0912;10
0913;7
0914;5
0915;4
0916;5
0917;9
0918;8
0919;7
0920;5
0921;4
0922;3
0923;6
0924;6
0925;3
0926;6
0927;4
0928;7
0929;6
0930;7
1001;3
1002;8
1003;6
1004;5
1005;5
1006;7
1007;6
1008;5
1009;7
1010;11
1011;9
1012;5
1013;10
1014;11
1015;14
1016;9
1017;5
1018;6
1019;9
1020;9
1021;5
1022;9
1023;11
1024;11
1025;13
1026;12
1027;12
1028;10
1029;10
1030;6
1031;9
1101;9
1102;7
1103;8
1104;12
1105;4
1106;9
1107;6
1108;6
1109;8
1110;14
1111;10
1112;12
1113;15
1114;11
1115;4
1116;9
1117;6
1118;6
1119;4
1120;7
1121;9
1122;7
1123;7
1124;9
1125;6
1126;8
1127;7
1128;8
1129;1
1130;8
1201;9
1202;13
1203;7
1204;10
1205;17
1206;2
1207;5
1208;7
1209;8
1210;6
1211;4
1212;6
1213;6
1214;8
1215;10
1216;17
1217;8
1218;5
1219;6
1220;8
1221;14
1222;15
1223;10
1224;4
1225;11
1226;4
1227;14
1228;5
1229;16
1230;13
1231;5
