0101;8
0102;22
0103;9
0104;17
0105;20
0106;14
0107;25
0108;27
0109;21
0110;10
0111;22
0112;14
0113;12
0114;26
0115;18
0116;23
0117;14
0118;18
0119;18
0120;24
0121;14
0122;26
0123;18
0124;8
0125;14
0126;18
0127;23
0128;14
0129;22
0130;9
0131;22
0201;30
0202;24
0203;27
0204;34
0205;19
0206;22
0207;25
0208;27
0209;14
0210;19
0211;17
0212;25
0213;23
0214;20
0215;40
0216;17
0217;31
0218;22
0219;18
0220;22
0221;21
0222;16
0223;22
0224;10
0225;24
0226;22
0227;21
0228;24
0301;16
0302;11
0303;20
0304;20
0305;19
0306;17
0307;18
0308;14
0309;21
0310;38
0311;22
0312;10
0313;20
0314;28
0315;9
0316;15
0317;34
0318;8
0319;21
0320;25
0321;17
0322;5
0323;17
0324;24
0325;22
0326;21
0327;23
0328;20
0329;19
0330;16
0331;26
0401;13
0402;12
0403;11
0404;29
0405;14
0406;23
0407;33
0408;22
0409;30
0410;11
0411;16
0412;20
0413;16
0414;10
0415;11
0416;10
0417;13
0418;6
0419;6
0420;9
0421;6
0422;7
0423;6
0424;7
0425;5
0426;13
0427;3
0428;14
0429;8
0430;12
0501;8
0502;7
0503;10
0504;15
0505;5
0506;3
0507;11
0508;13
0509;5
0510;12
0511;10
0512;9
0513;15
0514;7
0515;12
0516;6
0517;14
0518;11
0519;10
0520;8
0521;13
0522;7
0523;7
0524;12
0525;5
0526;9
0527;10
0528;8
0529;11
0530;8
0531;9
0601;10
0602;10
0603;5
0604;4
0605;7
0606;10
0607;8
0608;8
0609;10
0610;12
0611;5
0612;12
0613;8
0614;6
0615;9
0616;3
0617;8
0618;7
0619;6
0620;18
0621;10
0622;7
0623;6
0624;10
0625;6
0626;6
0627;8
0628;9
0629;5
0630;8
0701;7
0702;6
0703;8
0704;10
0705;12
0706;10
0707;6
0708;5
0709;7
0710;7
0711;7
0712;11
0713;3
0714;7
0715;5
0716;9
0717;12
0718;12
0719;6
0720;17
0721;10
0722;10
0723;7
0724;10
0725;9
0726;13
0727;10
0728;5
0729;7
0730;7
0731;5
0801;10
0802;5
0803;7
0804;11
0805;6
0806;10
0807;8
0808;19
0809;11
0810;10
0811;13
0812;11
0813;11
0814;9
0815;12
0816;14
0817;12
0818;13
0819;12
0820;6
0821;10
0822;8
0823;5
0824;7
0825;9
0826;7
0827;12
0828;4
0829;5
0830;9
0831;9
0901;4
0902;7
0903;10
0904;7
0905;1
0906;7
0907;6
0908;4
0909;8
0910;8
0911;8
0912;6
0913;11
0914;8
0915;10
0916;6
0917;7
0918;7
0919;8
0920;11
0921;7
0922;10
0923;9
0924;10
0925;11
0926;7
0927;8
0928;12
0929;3
0930;5
1001;10
1002;9
1003;8
1004;14
1005;9
1006;3
1007;10
1008;9
1009;11
1010;13
1011;9
1012;7
1013;8
1014;11
1015;9
1016;10
1017;11
1018;14
1019;5
1020;8
1021;5
1022;3
1023;9
1024;5
1025;17
1026;4
1027;8
1028;13
1029;8
1030;10
1031;6
1101;8
1102;9
1103;2
1104;11
1105;9
1106;8
1107;6
1108;10
1109;11
1110;8
1111;7
1112;9
1113;8
1114;10
1115;8
1116;5
1117;6
1118;11
1119;4
1120;12
1121;5
1122;9
1123;5
1124;7
1125;11
1126;10
1127;10
1128;5
1129;6
1130;16
1201;4
1202;10
1203;4
1204;9
1205;10
1206;6
1207;9
1208;11
1209;8
1210;13
1211;14
1212;9
1213;7
1214;12
1215;7
1216;9
1217;10
1218;8
1219;9
1220;10
1221;9
1222;9
1223;15
1224;8
1225;9
1226;6
1227;15
1228;16
1229;7
1230;10
1231;13
