0101;11
0102;7
0103;7
0104;6
0105;2
0106;9
0107;8
0108;14
0109;8
0110;5
0111;9
0112;8
0113;8
0114;7
0115;10
0116;13
0117;10
0118;10
0119;9
0120;15
0121;10
0122;5
0123;15
0124;8
0125;12
0126;9
0127;12
0128;11
0129;10
0130;5
0131;7
0201;11
0202;11
0203;14
0204;10
0205;6
0206;10
0207;11
0208;6
0209;10
0210;7
0211;9
0212;14
0213;10
0214;13
0215;8
0216;10
0217;10
0218;11
0219;12
0220;13
0221;14
0222;14
0223;17
0224;6
0225;8
0226;13
0227;8
0228;10
0301;10
0302;13
0303;9
0304;14
0305;8
0306;9
0307;6
0308;9
0309;9
0310;10
0311;9
0312;8
0313;8
0314;14
0315;16
0316;14
0317;13
0318;18
0319;8
0320;14
0321;11
0322;11
0323;14
0324;13
0325;11
0326;8
0327;18
0328;7
0329;13
0330;11
0331;11
0401;6
0402;10
0403;11
0404;8
0405;6
0406;14
0407;11
0408;11
0409;6
0410;8
0411;9
0412;11
0413;8
0414;7
0415;19
0416;7
0417;12
0418;7
0419;4
0420;5
0421;9
0422;9
0423;6
0424;9
0425;7
0426;7
0427;10
0428;8
0429;9
0430;8
0501;6
0502;5
0503;12
0504;7
0505;13
0506;8
0507;8
0508;8
0509;14
0510;5
0511;5
0512;11
0513;5
0514;7
0515;8
0516;10
0517;7
0518;9
0519;7
0520;8
0521;9
0522;7
0523;7
0524;6
0525;9
0526;6
0527;7
0528;6
0529;3
0530;5
0531;9
0601;8
0602;7
0603;6
0604;3
0605;13
0606;8
0607;10
0608;8
0609;7
0610;7
0611;8
0612;7
0613;6
0614;11
0615;5
0616;8
0617;9
0618;10
0619;3
0620;7
0621;9
0622;7
0623;9
0624;14
0625;3
0626;7
0627;4
0628;6
0629;13
0630;7
0701;8
0702;5
0703;9
0704;5
0705;6
0706;9
0707;7
0708;1
0709;4
0710;8
0711;17
0712;6
0713;10
0714;8
0715;7
0716;3
0717;10
0718;12
0719;9
0720;7
0721;11
0722;7
0723;7
0724;13
0725;10
0726;10
0727;9
0728;3
0729;8
0730;3
0731;5
0801;3
0802;7
0803;8
0804;8
0805;7
0806;7
0807;6
0808;13
0809;5
0810;11
0811;7
0812;6
0813;9
0814;11
0815;9
0816;12
0817;8
0818;13
0819;8
0820;9
0821;10
0822;7
0823;3
0824;3
0825;12
0826;8
0827;9
0828;5
0829;3
0830;6
0831;11
0901;6
0902;7
0903;15
0904;5
0905;2
0906;5
0907;6
0908;8
0909;12
0910;3
0911;11
0912;2
0913;7
0914;10
0915;6
0916;10
0917;8
0918;6
0919;9
0920;6
0921;6
0922;6
0923;7
0924;10
0925;7
0926;6
0927;5
0928;11
0929;5
0930;8
1001;5
1002;6
1003;9
1004;7
1005;6
1006;8
1007;8
1008;14
1009;5
1010;7
1011;5
1012;11
1013;9
1014;9
1015;7
1016;10
1017;10
1018;4
1019;5
1020;11
1021;7
1022;8
1023;9
1024;7
1025;6
1026;9
1027;3
1028;6
1029;6
1030;6
1031;15
1101;15
1102;5
1103;8
1104;6
1105;9
1106;8
1107;6
1108;10
1109;7
1110;8
1111;4
1112;14
1113;13
1114;6
1115;7
1116;9
1117;6
1118;8
1119;10
1120;8
1121;7
1122;13
1123;7
1124;6
1125;7
1126;9
1127;6
1128;7
1129;10
1130;16
1201;7
1202;10
1203;5
1204;13
1205;4
1206;7
1207;7
1208;12
1209;11
1210;9
1211;11
1212;11
1213;7
1214;7
1215;10
1216;10
1217;9
1218;9
1219;8
1220;10
1221;8
1222;5
1223;16
1224;9
1225;10
1226;7
1227;6
1228;13
1229;12
1230;7
1231;24
