0101;24
0102;11
0103;14
0104;15
0105;11
0106;19
0107;14
0108;18
0109;23
0110;10
0111;18
0112;22
0113;16
0114;20
0115;20
0116;19
0117;27
0118;24
0119;21
0120;21
0121;26
0122;19
0123;18
0124;15
0125;23
0126;13
0127;11
0128;25
0129;21
0130;15
0131;17
0201;18
0202;17
0203;12
0204;14
0205;13
0206;20
0207;17
0208;13
0209;18
0210;13
0211;28
0212;24
0213;24
0214;19
0215;19
0216;28
0217;19
0218;19
0219;15
0220;21
0221;18
0222;20
0223;20
0224;23
0225;22
0226;20
0227;13
0228;15
0301;13
0302;25
0303;15
0304;28
0305;16
0306;21
0307;20
0308;31
0309;15
0310;15
0311;9
0312;20
0313;19
0314;17
0315;22
0316;19
0317;16
0318;16
0319;19
0320;13
0321;13
0322;19
0323;19
0324;16
0325;17
0326;17
0327;20
0328;14
0329;23
0330;12
0331;25
0401;20
0402;22
0403;21
0404;19
0405;18
0406;18
0407;16
0408;23
0409;18
0410;21
0411;15
0412;14
0413;24
0414;19
0415;36
0416;17
0417;18
0418;11
0419;9
0420;21
0421;20
0422;14
0423;20
0424;24
0425;17
0426;21
0427;14
0428;21
0429;22
0430;17
0501;14
0502;17
0503;27
0504;20
0505;23
0506;13
0507;21
0508;25
0509;16
0510;12
0511;24
0512;15
0513;21
0514;20
0515;18
0516;30
0517;15
0518;15
0519;18
0520;23
0521;20
0522;15
0523;17
0524;12
0525;11
0526;18
0527;19
0528;15
0529;20
0530;34
0531;16
0601;18
0602;18
0603;19
0604;18
0605;24
0606;13
0607;20
0608;16
0609;14
0610;13
0611;16
0612;17
0613;13
0614;15
0615;19
0616;31
0617;12
0618;11
0619;14
0620;22
0621;24
0622;23
0623;14
0624;14
0625;16
0626;18
0627;14
0628;17
0629;16
0630;10
0701;21
0702;11
0703;18
0704;24
0705;17
0706;16
0707;16
0708;23
0709;14
0710;12
0711;12
0712;24
0713;16
0714;9
0715;15
0716;11
0717;20
0718;16
0719;18
0720;19
0721;13
0722;14
0723;17
0724;21
0725;9
0726;15
0727;22
0728;11
0729;25
0730;19
0731;13
0801;18
0802;16
0803;16
0804;22
0805;16
0806;16
0807;14
0808;13
0809;23
0810;22
0811;16
0812;19
0813;13
0814;17
0815;14
0816;19
0817;10
0818;19
0819;13
0820;13
0821;16
0822;18
0823;7
0824;11
0825;18
0826;17
0827;18
0828;13
0829;15
0830;17
0831;14
0901;11
0902;19
0903;23
0904;13
0905;19
0906;13
0907;10
0908;17
0909;14
0910;16
0911;12
0912;11
0913;12
0914;17
0915;16
0916;18
0917;9
0918;17
0919;13
0920;17
0921;20
0922;23
0923;18
0924;10
0925;15
0926;19
0927;20
0928;18
0929;14
0930;15
1001;13
1002;13
1003;12
1004;16
1005;15
1006;11
1007;16
1008;24
1009;20
1010;17
1011;26
1012;21
1013;21
1014;12
1015;21
1016;17
1017;20
1018;16
1019;21
1020;15
1021;17
1022;15
1023;21
1024;17
1025;13
1026;13
1027;13
1028;15
1029;21
1030;13
1031;11
1101;23
1102;11
1103;19
1104;13
1105;18
1106;15
1107;20
1108;21
1109;12
1110;15
1111;17
1112;15
1113;19
1114;14
1115;19
1116;13
1117;11
1118;13
1119;13
1120;16
1121;28
1122;15
1123;26
1124;11
1125;24
1126;19
1127;22
1128;15
1129;22
1130;30
1201;20
1202;22
1203;10
1204;13
1205;17
1206;27
1207;18
1208;16
1209;14
1210;15
1211;26
1212;14
1213;15
1214;26
1215;18
1216;22
1217;15
1218;16
1219;14
1220;17
1221;30
1222;23
1223;20
1224;29
1225;21
1226;23
1227;30
1228;24
1229;23
1230;26
1231;25
