0101;15
0102;19
0103;15
0104;11
0105;17
0106;12
0107;16
0108;13
0109;20
0110;14
0111;14
0112;15
0113;12
0114;10
0115;11
0116;25
0117;10
0118;10
0119;14
0120;15
0121;11
0122;17
0123;18
0124;10
0125;24
0126;14
0127;14
0128;13
0129;8
0130;15
0131;18
0201;14
0202;11
0203;15
0204;8
0205;16
0206;9
0207;18
0208;27
0209;20
0210;12
0211;13
0212;21
0213;17
0214;15
0215;17
0216;15
0217;17
0218;15
0219;13
0220;13
0221;16
0222;17
0223;9
0224;20
0225;18
0226;14
0227;14
0228;12
0301;20
0302;18
0303;17
0304;24
0305;16
0306;13
0307;15
0308;14
0309;21
0310;18
0311;15
0312;16
0313;17
0314;19
0315;21
0316;21
0317;10
0318;18
0319;14
0320;13
0321;9
0322;17
0323;17
0324;15
0325;17
0326;19
0327;14
0328;17
0329;19
0330;17
0331;23
0401;16
0402;17
0403;13
0404;17
0405;20
0406;8
0407;16
0408;16
0409;14
0410;15
0411;13
0412;20
0413;16
0414;15
0415;13
0416;22
0417;16
0418;16
0419;15
0420;19
0421;5
0422;24
0423;17
0424;25
0425;14
0426;7
0427;17
0428;15
0429;18
0430;16
0501;13
0502;7
0503;21
0504;13
0505;16
0506;21
0507;10
0508;10
0509;14
0510;11
0511;9
0512;22
0513;18
0514;19
0515;19
0516;14
0517;8
0518;9
0519;14
0520;10
0521;16
0522;14
0523;16
0524;20
0525;11
0526;20
0527;17
0528;12
0529;14
0530;16
0531;15
0601;21
0602;15
0603;9
0604;14
0605;17
0606;14
0607;10
0608;10
0609;11
0610;15
0611;18
0612;12
0613;21
0614;12
0615;8
0616;19
0617;12
0618;16
0619;7
0620;14
0621;22
0622;11
0623;15
0624;12
0625;17
0626;16
0627;7
0628;12
0629;10
0630;18
0701;12
0702;13
0703;11
0704;9
0705;9
0706;11
0707;22
0708;8
0709;14
0710;15
0711;17
0712;9
0713;16
0714;7
0715;7
0716;12
0717;14
0718;12
0719;10
0720;15
0721;15
0722;15
0723;14
0724;12
0725;8
0726;10
0727;15
0728;15
0729;6
0730;13
0731;17
0801;15
0802;15
0803;10
0804;19
0805;21
0806;17
0807;12
0808;15
0809;16
0810;24
0811;17
0812;20
0813;15
0814;11
0815;12
0816;15
0817;24
0818;12
0819;20
0820;4
0821;12
0822;5
0823;13
0824;12
0825;15
0826;14
0827;18
0828;18
0829;14
0830;10
0831;13
0901;12
0902;8
0903;11
0904;11
0905;12
0906;10
0907;14
0908;11
0909;12
0910;16
0911;14
0912;7
0913;15
0914;15
0915;12
0916;11
0917;19
0918;12
0919;13
0920;13
0921;11
0922;13
0923;15
0924;16
0925;15
0926;19
0927;16
0928;11
0929;16
0930;12
1001;9
1002;12
1003;7
1004;14
1005;10
1006;16
1007;19
1008;9
1009;14
1010;17
1011;12
1012;20
1013;17
1014;9
1015;12
1016;12
1017;18
1018;16
1019;11
1020;18
1021;11
1022;21
1023;9
1024;14
1025;9
1026;10
1027;12
1028;11
1029;16
1030;17
1031;15
1101;10
1102;11
1103;8
1104;14
1105;15
1106;11
1107;23
1108;14
1109;15
1110;12
1111;11
1112;12
1113;13
1114;15
1115;13
1116;16
1117;10
1118;12
1119;14
1120;8
1121;26
1122;24
1123;21
1124;14
1125;11
1126;14
1127;11
1128;12
1129;12
1130;17
1201;30
1202;23
1203;33
1204;20
1205;27
1206;26
1207;22
1208;30
1209;36
1210;20
1211;34
1212;32
1213;19
1214;27
1215;19
1216;21
1217;15
1218;23
1219;28
1220;19
1221;42
1222;24
1223;27
1224;25
1225;23
1226;19
1227;23
1228;23
1229;18
1230;25
1231;25
