0101;6
0102;10
0103;7
0104;4
0105;7
0106;3
0107;3
0108;7
0109;6
0110;4
0111;6
0112;8
0113;11
0114;2
0115;4
0116;8
0117;4
0118;8
0119;3
0120;1
0121;3
0122;10
0123;11
0124;4
0125;9
0127;6
0128;5
0129;5
0130;4
0131;1
0201;10
0202;2
0203;4
0204;5
0205;6
0206;7
0207;7
0208;6
0209;7
0210;6
0211;2
0212;11
0213;7
0214;9
0215;6
0216;6
0217;2
0218;4
0219;5
0220;3
0221;3
0222;3
0224;4
0225;3
0226;5
0227;5
0228;6
0301;6
0302;5
0303;4
0304;9
0305;5
0306;8
0307;4
0308;7
0309;5
0310;4
0311;4
0312;3
0313;3
0314;7
0315;7
0316;3
0317;6
0318;5
0319;5
0320;4
0321;4
0322;3
0323;6
0324;5
0325;4
0326;12
0327;4
0328;12
0329;9
0330;5
0331;7
0401;10
0402;3
0403;7
0404;13
0405;8
0406;6
0407;8
0408;5
0409;11
0410;6
0411;7
0412;2
0413;8
0414;7
0415;7
0416;3
0417;5
0418;8
0419;4
0420;5
0421;2
0422;6
0423;11
0424;4
0425;11
0426;4
0427;10
0428;3
0429;10
0430;8
0501;7
0502;5
0503;9
0504;7
0505;3
0506;10
0507;5
0508;10
0509;8
0510;6
0511;2
0512;8
0513;6
0514;3
0515;3
0516;7
0517;4
0518;6
0519;6
0520;8
0521;7
0522;8
0523;6
0524;6
0525;5
0526;3
0527;4
0528;2
0529;4
0530;5
0531;5
0601;9
0602;9
0603;4
0604;3
0605;4
0606;7
0607;3
0608;5
0609;6
0610;5
0611;8
0612;8
0613;5
0614;4
0615;8
0616;6
0617;1
0618;3
0619;3
0620;4
0621;4
0622;3
0623;3
0624;3
0625;4
0626;3
0627;4
0628;4
0629;6
0630;5
0701;6
0702;6
0703;9
0705;7
0706;4
0707;4
0708;4
0709;4
0710;3
0711;2
0712;4
0713;5
0714;6
0715;4
0716;4
0717;4
0718;4
0719;1
0720;10
0721;5
0722;4
0723;6
0724;7
0725;3
0726;13
0727;7
0728;4
0729;6
0730;4
0731;3
0801;2
0802;3
0803;5
0804;1
0805;7
0806;3
0807;6
0808;7
0809;6
0810;4
0811;10
0812;6
0813;5
0814;7
0815;7
0816;6
0817;5
0818;3
0819;2
0820;1
0821;8
0822;6
0823;4
0824;3
0825;6
0826;1
0827;4
0828;3
0829;4
0830;3
0831;4
0901;7
0902;1
0903;7
0904;6
0905;3
0906;4
0907;5
0908;4
0909;3
0910;3
0912;9
0913;4
0914;7
0915;6
0916;3
0917;1
0918;10
0919;6
0920;2
0921;8
0922;5
0923;4
0924;5
0925;3
0926;5
0927;9
0928;7
0929;6
0930;4
1001;6
1002;5
1003;4
1004;7
1005;2
1006;5
1007;2
1008;3
1009;7
1010;5
1011;7
1012;3
1013;5
1014;5
1015;7
1016;3
1017;6
1018;6
1019;7
1020;6
1021;5
1022;7
1023;2
1024;5
1025;4
1026;5
1027;4
1028;8
1029;5
1030;1
1031;4
1101;1
1102;3
1103;7
1104;8
1105;6
1106;5
1107;5
1108;5
1109;4
1110;5
1111;10
1112;4
1113;5
1114;1
1115;8
1116;7
1117;6
1118;2
1119;8
1120;5
1121;3
1122;5
1123;5
1124;6
1125;6
1126;5
1127;7
1128;6
1129;9
1130;7
1201;4
1202;9
1203;8
1204;8
1205;8
1206;3
1207;7
1208;8
1210;6
1211;7
1212;7
1213;2
1214;6
1215;13
1216;9
1217;7
1218;5
1219;9
1220;12
1221;10
1222;13
1223;6
1224;5
1225;6
1226;10
1227;7
1228;9
1229;6
1230;2
1231;10
