0101;19
0102;12
0103;18
0104;19
0105;14
0106;15
0107;16
0108;19
0109;20
0110;25
0111;19
0112;20
0113;23
0114;33
0115;27
0116;14
0117;16
0118;19
0119;23
0120;13
0121;20
0122;12
0123;29
0124;20
0125;15
0126;18
0127;34
0128;20
0129;18
0130;24
0131;20
0201;14
0202;26
0203;23
0204;24
0205;17
0206;29
0207;21
0208;21
0209;17
0210;17
0211;23
0212;13
0213;18
0214;21
0215;23
0216;30
0217;16
0218;25
0219;21
0220;21
0221;20
0222;20
0223;20
0224;19
0225;19
0226;30
0227;21
0228;22
0301;21
0302;18
0303;24
0304;16
0305;16
0306;26
0307;21
0308;19
0309;21
0310;26
0311;28
0312;16
0313;29
0314;25
0315;29
0316;27
0317;27
0318;22
0319;27
0320;29
0321;24
0322;23
0323;23
0324;21
0325;23
0326;18
0327;30
0328;23
0329;17
0330;35
0331;28
0401;22
0402;21
0403;22
0404;25
0405;19
0406;34
0407;31
0408;21
0409;21
0410;23
0411;19
0412;32
0413;24
0414;21
0415;30
0416;25
0417;26
0418;19
0419;12
0420;17
0421;21
0422;25
0423;19
0424;17
0425;18
0426;28
0427;18
0428;22
0429;18
0430;24
0501;17
0502;19
0503;21
0504;11
0505;19
0506;19
0507;12
0508;11
0509;14
0510;27
0511;19
0512;18
0513;19
0514;15
0515;16
0516;20
0517;17
0518;21
0519;12
0520;16
0521;15
0522;16
0523;10
0524;17
0525;19
0526;17
0527;14
0528;17
0529;20
0530;15
0531;13
0601;10
0602;20
0603;13
0604;13
0605;17
0606;16
0607;14
0608;17
0609;14
0610;26
0611;8
0612;20
0613;12
0614;17
0615;20
0616;18
0617;10
0618;16
0619;15
0620;14
0621;19
0622;18
0623;15
0624;15
0625;15
0626;19
0627;18
0628;15
0629;18
0630;14
0701;10
0702;13
0703;27
0704;15
0705;15
0706;25
0707;16
0708;16
0709;23
0710;21
0711;15
0712;26
0713;17
0714;17
0715;22
0716;23
0717;14
0718;18
0719;21
0720;19
0721;18
0722;19
0723;24
0724;25
0725;10
0726;13
0727;12
0728;20
0729;11
0730;24
0731;16
0801;17
0802;8
0803;19
0804;18
0805;16
0806;17
0807;21
0808;19
0809;12
0810;21
0811;19
0812;21
0813;18
0814;17
0815;22
0816;13
0817;15
0818;21
0819;21
0820;19
0821;18
0822;19
0823;12
0824;16
0825;12
0826;25
0827;16
0828;16
0829;9
0830;15
0831;24
0901;20
0902;11
0903;16
0904;18
0905;19
0906;23
0907;18
0908;17
0909;13
0910;22
0911;14
0912;18
0913;24
0914;20
0915;22
0916;17
0917;21
0918;12
0919;24
0920;22
0921;18
0922;18
0923;14
0924;12
0925;15
0926;24
0927;16
0928;14
0929;18
0930;24
1001;15
1002;21
1003;18
1004;12
1005;19
1006;28
1007;23
1008;22
1009;18
1010;24
1011;13
1012;19
1013;18
1014;19
1015;17
1016;16
1017;20
1018;24
1019;16
1020;23
1021;11
1022;15
1023;10
1024;20
1025;14
1026;13
1027;13
1028;12
1029;18
1030;20
1031;19
1101;22
1102;18
1103;23
1104;23
1105;12
1106;17
1107;21
1108;15
1109;18
1110;24
1111;14
1112;20
1113;22
1114;14
1115;20
1116;19
1117;15
1118;20
1119;29
1120;21
1121;16
1122;19
1123;13
1124;16
1125;28
1126;27
1127;22
1128;26
1129;15
1130;23
1201;19
1202;21
1203;20
1204;28
1205;24
1206;16
1207;23
1208;25
1209;26
1210;25
1211;21
1212;23
1213;26
1214;27
1215;23
1216;21
1217;19
1218;28
1219;18
1220;20
1221;29
1222;21
1223;27
1224;22
1225;20
1226;21
1227;22
1228;24
1229;20
1230;28
1231;23
