0101;71
0102;76
0103;66
0104;64
0105;64
0106;63
0107;80
0108;81
0109;75
0110;66
0111;64
0112;72
0113;82
0114;74
0115;68
0116;91
0117;50
0118;59
0119;69
0120;57
0121;78
0122;52
0123;91
0124;69
0125;65
0126;70
0127;70
0128;60
0129;75
0130;61
0131;64
0201;57
0202;75
0203;65
0204;69
0205;65
0206;59
0207;80
0208;71
0209;66
0210;53
0211;66
0212;81
0213;59
0214;90
0215;68
0216;68
0217;57
0218;67
0219;72
0220;72
0221;75
0222;67
0223;54
0224;72
0225;67
0226;72
0227;77
0228;74
0301;59
0302;66
0303;76
0304;63
0305;80
0306;76
0307;76
0308;63
0309;68
0310;70
0311;66
0312;85
0313;71
0314;63
0315;90
0316;82
0317;70
0318;66
0319;75
0320;67
0321;58
0322;78
0323;70
0324;75
0325;65
0326;67
0327;75
0328;89
0329;83
0330;85
0331;62
0401;65
0402;68
0403;76
0404;58
0405;69
0406;60
0407;64
0408;83
0409;74
0410;66
0411;53
0412;76
0413;79
0414;92
0415;70
0416;62
0417;62
0418;74
0419;66
0420;53
0421;69
0422;84
0423;76
0424;89
0425;75
0426;46
0427;68
0428;70
0429;67
0430;76
0501;58
0502;59
0503;71
0504;75
0505;70
0506;72
0507;57
0508;66
0509;56
0510;77
0511;68
0512;67
0513;70
0514;70
0515;64
0516;64
0517;69
0518;69
0519;67
0520;70
0521;60
0522;59
0523;46
0524;65
0525;59
0526;51
0527;66
0528;61
0529;59
0530;59
0531;48
0601;65
0602;51
0603;66
0604;73
0605;63
0606;73
0607;55
0608;55
0609;68
0610;52
0611;70
0612;58
0613;71
0614;58
0615;51
0616;55
0617;51
0618;49
0619;69
0620;61
0621;69
0622;52
0623;65
0624;67
0625;69
0626;54
0627;57
0628;65
0629;77
0630;62
0701;58
0702;53
0703;46
0704;56
0705;55
0706;65
0707;62
0708;48
0709;56
0710;59
0711;71
0712;60
0713;56
0714;52
0715;65
0716;54
0717;55
0718;57
0719;52
0720;83
0721;66
0722;57
0723;69
0724;53
0725;65
0726;53
0727;50
0728;56
0729;54
0730;58
0731;52
0801;57
0802;47
0803;52
0804;67
0805;71
0806;54
0807;55
0808;59
0809;64
0810;63
0811;73
0812;57
0813;47
0814;66
0815;51
0816;52
0817;52
0818;60
0819;49
0820;72
0821;39
0822;38
0823;47
0824;62
0825;62
0826;48
0827;46
0828;64
0829;53
0830;59
0831;66
0901;68
0902;55
0903;69
0904;43
0905;51
0906;59
0907;68
0908;60
0909;62
0910;62
0911;52
0912;59
0913;49
0914;58
0915;54
0916;61
0917;71
0918;50
0919;60
0920;66
0921;67
0922;69
0923;54
0924;70
0925;58
0926;67
0927;72
0928;66
0929;55
0930;54
1001;52
1002;44
1003;52
1004;59
1005;69
1006;58
1007;57
1008;69
1009;63
1010;71
1011;66
1012;56
1013;54
1014;66
1015;62
1016;62
1017;63
1018;65
1019;53
1020;63
1021;65
1022;65
1023;60
1024;67
1025;63
1026;61
1027;67
1028;47
1029;51
1030;74
1031;65
1101;76
1102;56
1103;56
1104;60
1105;54
1106;62
1107;63
1108;52
1109;76
1110;62
1111;50
1112;64
1113;63
1114;56
1115;73
1116;55
1117;66
1118;63
1119;67
1120;59
1121;57
1122;54
1123;59
1124;59
1125;62
1126;84
1127;78
1128;71
1129;62
1130;79
1201;82
1202;57
1203;63
1204;72
1205;63
1206;70
1207;53
1208;53
1209;76
1210;62
1211;75
1212;62
1213;68
1214;68
1215;60
1216;53
1217;61
1218;61
1219;60
1220;61
1221;76
1222;64
1223;71
1224;73
1225;69
1226;85
1227;78
1228;64
1229;58
1230;80
1231;65
