0101;43
0102;41
0103;34
0104;59
0105;52
0106;47
0107;36
0108;54
0109;32
0110;36
0111;41
0112;40
0113;34
0114;44
0115;37
0116;31
0117;42
0118;41
0119;41
0120;30
0121;41
0122;30
0123;36
0124;47
0125;32
0126;41
0127;38
0128;42
0129;41
0130;40
0131;53
0201;57
0202;44
0203;37
0204;54
0205;33
0206;43
0207;39
0208;33
0209;48
0210;41
0211;46
0212;38
0213;39
0214;42
0215;47
0216;52
0217;35
0218;29
0219;43
0220;43
0221;29
0222;37
0223;35
0224;50
0225;34
0226;46
0227;26
0228;30
0301;39
0302;37
0303;40
0304;37
0305;42
0306;40
0307;38
0308;41
0309;42
0310;42
0311;39
0312;38
0313;39
0314;37
0315;53
0316;37
0317;44
0318;36
0319;45
0320;34
0321;44
0322;37
0323;46
0324;37
0325;42
0326;35
0327;40
0328;41
0329;43
0330;41
0331;37
0401;40
0402;53
0403;33
0404;46
0405;31
0406;34
0407;35
0408;40
0409;44
0410;36
0411;39
0412;37
0413;35
0414;49
0415;60
0416;32
0417;43
0418;40
0419;58
0420;38
0421;31
0422;52
0423;50
0424;45
0425;43
0426;39
0427;43
0428;43
0429;27
0430;55
0501;30
0502;33
0503;37
0504;37
0505;42
0506;47
0507;39
0508;40
0509;34
0510;34
0511;37
0512;40
0513;40
0514;37
0515;33
0516;30
0517;32
0518;31
0519;35
0520;36
0521;28
0522;30
0523;28
0524;33
0525;34
0526;26
0527;43
0528;33
0529;29
0530;30
0531;46
0601;54
0602;39
0603;35
0604;37
0605;39
0606;38
0607;33
0608;44
0609;38
0610;44
0611;38
0612;42
0613;36
0614;26
0615;35
0616;29
0617;35
0618;38
0619;38
0620;50
0621;50
0622;31
0623;43
0624;42
0625;30
0626;37
0627;42
0628;23
0629;32
0630;42
0701;37
0702;31
0703;35
0704;33
0705;41
0706;33
0707;40
0708;43
0709;43
0710;35
0711;34
0712;45
0713;44
0714;35
0715;43
0716;36
0717;41
0718;26
0719;37
0720;39
0721;30
0722;32
0723;36
0724;30
0725;34
0726;37
0727;43
0728;29
0729;36
0730;29
0731;27
0801;29
0802;26
0803;30
0804;31
0805;42
0806;39
0807;39
0808;38
0809;26
0810;47
0811;38
0812;34
0813;30
0814;40
0815;35
0816;24
0817;33
0818;23
0819;29
0820;34
0821;45
0822;28
0823;34
0824;33
0825;33
0826;29
0827;40
0828;31
0829;35
0830;33
0831;37
0901;24
0902;41
0903;38
0904;27
0905;42
0906;38
0907;35
0908;37
0909;40
0910;30
0911;38
0912;46
0913;37
0914;31
0915;47
0916;21
0917;47
0918;31
0919;22
0920;33
0921;38
0922;37
0923;36
0924;37
0925;32
0926;29
0927;38
0928;26
0929;35
0930;45
1001;41
1002;31
1003;41
1004;31
1005;40
1006;29
1007;34
1008;35
1009;45
1010;29
1011;34
1012;57
1013;31
1014;30
1015;29
1016;39
1017;31
1018;33
1019;30
1020;36
1021;37
1022;35
1023;41
1024;46
1025;36
1026;23
1027;49
1028;26
1029;30
1030;34
1031;26
1101;33
1102;40
1103;34
1104;25
1105;34
1106;35
1107;25
1108;37
1109;42
1110;35
1111;36
1112;37
1113;39
1114;43
1115;41
1116;40
1117;30
1118;33
1119;43
1120;36
1121;35
1122;43
1123;41
1124;40
1125;39
1126;45
1127;29
1128;30
1129;29
1130;42
1201;27
1202;35
1203;41
1204;38
1205;38
1206;44
1207;43
1208;40
1209;31
1210;41
1211;54
1212;40
1213;42
1214;37
1215;42
1216;29
1217;44
1218;38
1219;44
1220;35
1221;30
1222;39
1223;41
1224;34
1225;45
1226;47
1227;43
1228;45
1229;43
1230;34
1231;47
