0101;14
0102;16
0103;19
0104;28
0105;29
0106;26
0107;18
0108;14
0109;18
0110;24
0111;21
0112;28
0113;21
0114;23
0115;23
0116;31
0117;24
0118;21
0119;21
0120;19
0121;21
0122;29
0123;23
0124;17
0125;18
0126;18
0127;23
0128;28
0129;31
0130;29
0131;17
0201;33
0202;26
0203;33
0204;30
0205;26
0206;34
0207;23
0208;26
0209;37
0210;29
0211;27
0212;37
0213;23
0214;30
0215;32
0216;23
0217;28
0218;24
0219;31
0220;18
0221;30
0222;29
0223;18
0224;20
0225;24
0226;20
0227;34
0228;19
0301;22
0302;32
0303;23
0304;31
0305;19
0306;18
0307;30
0308;22
0309;28
0310;22
0311;25
0312;29
0313;23
0314;23
0315;19
0316;20
0317;18
0318;21
0319;19
0320;20
0321;25
0322;30
0323;17
0324;21
0325;19
0326;26
0327;20
0328;26
0329;20
0330;21
0331;23
0401;17
0402;21
0403;18
0404;31
0405;12
0406;21
0407;13
0408;21
0409;19
0410;19
0411;17
0412;16
0413;21
0414;14
0415;27
0416;22
0417;19
0418;19
0419;26
0420;25
0421;21
0422;24
0423;21
0424;25
0425;28
0426;11
0427;20
0428;18
0429;13
0430;30
0501;25
0502;21
0503;20
0504;19
0505;23
0506;17
0507;17
0508;14
0509;22
0510;26
0511;16
0512;20
0513;26
0514;9
0515;17
0516;14
0517;12
0518;18
0519;21
0520;17
0521;21
0522;20
0523;22
0524;21
0525;15
0526;16
0527;21
0528;16
0529;17
0530;21
0531;23
0601;13
0602;18
0603;15
0604;21
0605;14
0606;16
0607;20
0608;23
0609;14
0610;22
0611;13
0612;20
0613;16
0614;9
0615;12
0616;23
0617;23
0618;22
0619;17
0620;19
0621;16
0622;23
0623;21
0624;21
0625;15
0626;9
0627;16
0628;17
0629;24
0630;14
0701;12
0702;16
0703;26
0704;11
0705;17
0706;16
0707;23
0708;16
0709;19
0710;21
0711;18
0712;9
0713;22
0714;15
0715;11
0716;16
0717;16
0718;14
0719;21
0720;28
0721;16
0722;17
0723;21
0724;14
0725;17
0726;22
0727;13
0728;19
0729;25
0730;18
0731;7
0801;14
0802;17
0803;12
0804;21
0805;17
0806;15
0807;16
0808;17
0809;16
0810;14
0811;24
0812;15
0813;17
0814;15
0815;22
0816;30
0817;20
0818;8
0819;16
0820;20
0821;26
0822;13
0823;14
0824;11
0825;20
0826;19
0827;18
0828;18
0829;9
0830;17
0831;18
0901;11
0902;25
0903;20
0904;23
0905;16
0906;25
0907;15
0908;21
0909;12
0910;10
0911;19
0912;16
0913;16
0914;23
0915;22
0916;20
0917;14
0918;21
0919;15
0920;18
0921;16
0922;20
0923;16
0924;23
0925;15
0926;17
0927;15
0928;16
0929;14
0930;13
1001;9
1002;26
1003;18
1004;21
1005;15
1006;14
1007;25
1008;21
1009;21
1010;15
1011;13
1012;12
1013;16
1014;27
1015;14
1016;18
1017;23
1018;31
1019;10
1020;12
1021;17
1022;16
1023;19
1024;19
1025;11
1026;16
1027;24
1028;17
1029;15
1030;12
1031;17
1101;13
1102;21
1103;18
1104;26
1105;19
1106;20
1107;15
1108;22
1109;8
1110;14
1111;14
1112;16
1113;19
1114;16
1115;11
1116;19
1117;18
1118;21
1119;15
1120;19
1121;10
1122;16
1123;23
1124;20
1125;16
1126;21
1127;21
1128;11
1129;26
1130;22
1201;11
1202;16
1203;28
1204;17
1205;22
1206;24
1207;22
1208;21
1209;20
1210;21
1211;20
1212;19
1213;15
1214;24
1215;9
1216;17
1217;23
1218;17
1219;14
1220;21
1221;22
1222;14
1223;16
1224;19
1225;17
1226;19
1227;22
1228;37
1229;20
1230;21
1231;27
