0101;16
0102;10
0103;11
0104;9
0105;18
0106;20
0107;10
0108;15
0109;7
0110;16
0111;10
0112;14
0113;13
0114;12
0115;13
0116;11
0117;16
0118;3
0119;18
0120;11
0121;12
0122;15
0123;11
0124;12
0125;18
0126;18
0127;14
0128;13
0129;19
0130;10
0131;18
0201;22
0202;17
0203;23
0204;11
0205;13
0206;19
0207;16
0208;16
0209;16
0210;11
0211;10
0212;14
0213;12
0214;19
0215;14
0216;16
0217;14
0218;29
0219;12
0220;18
0221;18
0222;11
0223;15
0224;12
0225;19
0226;9
0227;18
0228;18
0301;13
0302;12
0303;12
0304;19
0305;13
0306;16
0307;12
0308;19
0309;14
0310;9
0311;16
0312;16
0313;10
0314;10
0315;12
0316;15
0317;18
0318;16
0319;15
0320;22
0321;12
0322;11
0323;13
0324;13
0325;10
0326;11
0327;14
0328;18
0329;8
0330;14
0331;20
0401;11
0402;12
0403;18
0404;8
0405;12
0406;14
0407;10
0408;15
0409;23
0410;7
0411;18
0412;9
0413;10
0414;10
0415;12
0416;14
0417;11
0418;18
0419;13
0420;19
0421;11
0422;17
0423;10
0424;12
0425;10
0426;10
0427;17
0428;13
0429;13
0430;12
0501;4
0502;5
0503;17
0504;11
0505;10
0506;14
0507;8
0508;12
0509;15
0510;11
0511;11
0512;13
0513;12
0514;16
0515;13
0516;9
0517;15
0518;11
0519;14
0520;11
0521;14
0522;17
0523;14
0524;14
0525;11
0526;9
0527;17
0528;9
0529;7
0530;14
0531;9
0601;10
0602;12
0603;18
0604;14
0605;5
0606;10
0607;13
0608;15
0609;7
0610;13
0611;8
0612;18
0613;8
0614;14
0615;7
0616;11
0617;15
0618;5
0619;8
0620;18
0621;12
0622;16
0623;12
0624;9
0625;10
0626;18
0627;9
0628;11
0629;12
0630;12
0701;15
0702;6
0703;12
0704;8
0705;11
0706;6
0707;9
0708;10
0709;9
0710;8
0711;9
0712;8
0713;9
0714;16
0715;10
0716;11
0717;17
0718;10
0719;12
0720;12
0721;10
0722;10
0723;18
0724;14
0725;12
0726;9
0727;15
0728;9
0729;7
0730;15
0731;10
0801;11
0802;8
0803;15
0804;14
0805;10
0806;22
0807;17
0808;13
0809;6
0810;7
0811;11
0812;9
0813;9
0814;12
0815;10
0816;9
0817;12
0818;11
0819;9
0820;14
0821;11
0822;13
0823;14
0824;22
0825;13
0826;8
0827;12
0828;11
0829;7
0830;12
0831;9
0901;13
0902;11
0903;19
0904;12
0905;10
0906;12
0907;14
0908;14
0909;7
0910;9
0911;10
0912;10
0913;9
0914;13
0915;12
0916;8
0917;13
0918;14
0919;11
0920;12
0921;9
0922;17
0923;16
0924;10
0925;12
0926;7
0927;10
0928;11
0929;7
0930;20
1001;12
1002;15
1003;9
1004;18
1005;13
1006;18
1007;21
1008;25
1009;8
1010;17
1011;17
1012;17
1013;12
1014;14
1015;13
1016;8
1017;25
1018;26
1019;13
1020;20
1021;33
1022;10
1023;11
1024;14
1025;17
1026;12
1027;13
1028;10
1029;17
1030;22
1031;17
1101;11
1102;18
1103;23
1104;11
1105;14
1106;9
1107;16
1108;11
1109;17
1110;14
1111;11
1112;17
1113;16
1114;16
1115;20
1116;24
1117;13
1118;14
1119;12
1120;17
1121;14
1122;26
1123;28
1124;9
1125;14
1126;20
1127;13
1128;21
1129;17
1130;26
1201;16
1202;17
1203;34
1204;25
1205;17
1206;14
1207;22
1208;22
1209;27
1210;21
1211;24
1212;18
1213;20
1214;18
1215;15
1216;15
1217;12
1218;25
1219;20
1220;23
1221;19
1222;17
1223;20
1224;19
1225;13
1226;17
1227;18
1228;23
1229;9
1230;18
1231;34
