0101;20
0102;33
0103;29
0104;25
0105;16
0106;32
0107;37
0108;25
0109;26
0110;17
0111;26
0112;22
0113;21
0114;26
0115;28
0116;29
0117;27
0118;25
0119;27
0120;21
0121;25
0122;26
0123;30
0124;17
0125;21
0126;25
0127;31
0128;20
0129;32
0130;25
0131;29
0201;21
0202;26
0203;25
0204;27
0205;20
0206;14
0207;22
0208;21
0209;30
0210;18
0211;19
0212;23
0213;30
0214;21
0215;26
0216;27
0217;28
0218;10
0219;29
0220;27
0221;29
0222;20
0223;28
0224;26
0225;25
0226;24
0227;34
0228;19
0301;29
0302;18
0303;22
0304;23
0305;19
0306;15
0307;30
0308;26
0309;21
0310;26
0311;22
0312;37
0313;31
0314;29
0315;30
0316;28
0317;24
0318;23
0319;23
0320;27
0321;16
0322;20
0323;30
0324;23
0325;25
0326;27
0327;23
0328;17
0329;30
0330;27
0331;26
0401;33
0402;20
0403;29
0404;32
0405;26
0406;17
0407;19
0408;23
0409;21
0410;25
0411;30
0412;27
0413;21
0414;24
0415;22
0416;25
0417;23
0418;21
0419;22
0420;24
0421;27
0422;28
0423;26
0424;18
0425;25
0426;30
0427;20
0428;31
0429;23
0430;21
0501;22
0502;22
0503;23
0504;24
0505;18
0506;24
0507;28
0508;27
0509;27
0510;21
0511;22
0512;33
0513;19
0514;18
0515;21
0516;24
0517;19
0518;25
0519;29
0520;13
0521;15
0522;22
0523;23
0524;16
0525;25
0526;16
0527;18
0528;26
0529;19
0530;22
0531;24
0601;19
0602;22
0603;25
0604;12
0605;36
0606;23
0607;21
0608;21
0609;31
0610;23
0611;24
0612;23
0613;19
0614;23
0615;23
0616;18
0617;28
0618;16
0619;24
0620;20
0621;28
0622;29
0623;17
0624;26
0625;16
0626;26
0627;21
0628;17
0629;14
0630;15
0701;11
0702;23
0703;20
0704;27
0705;7
0706;24
0707;20
0708;22
0709;19
0710;23
0711;20
0712;29
0713;17
0714;22
0715;23
0716;24
0717;26
0718;19
0719;21
0720;24
0721;31
0722;29
0723;19
0724;27
0725;27
0726;23
0727;29
0728;20
0729;21
0730;12
0731;20
0801;15
0802;24
0803;27
0804;17
0805;22
0806;26
0807;24
0808;17
0809;21
0810;22
0811;27
0812;24
0813;34
0814;20
0815;17
0816;23
0817;21
0818;26
0819;22
0820;20
0821;20
0822;19
0823;23
0824;16
0825;14
0826;19
0827;20
0828;29
0829;21
0830;24
0831;20
0901;26
0902;20
0903;25
0904;16
0905;22
0906;24
0907;15
0908;37
0909;25
0910;21
0911;17
0912;18
0913;23
0914;25
0915;23
0916;20
0917;31
0918;22
0919;18
0920;20
0921;19
0922;27
0923;19
0924;19
0925;16
0926;24
0927;25
0928;20
0929;22
0930;20
1001;15
1002;26
1003;16
1004;21
1005;27
1006;27
1007;30
1008;24
1009;24
1010;22
1011;33
1012;24
1013;24
1014;21
1015;25
1016;15
1017;29
1018;15
1019;15
1020;20
1021;16
1022;18
1023;14
1024;29
1025;15
1026;24
1027;21
1028;14
1029;15
1030;22
1031;23
1101;18
1102;36
1103;23
1104;37
1105;21
1106;26
1107;29
1108;24
1109;24
1110;24
1111;28
1112;24
1113;22
1114;27
1115;28
1116;18
1117;22
1118;22
1119;28
1120;19
1121;20
1122;20
1123;25
1124;13
1125;22
1126;26
1127;20
1128;18
1129;28
1130;33
1201;26
1202;25
1203;22
1204;23
1205;22
1206;23
1207;28
1208;19
1209;29
1210;18
1211;33
1212;21
1213;19
1214;21
1215;25
1216;17
1217;17
1218;25
1219;21
1220;25
1221;23
1222;28
1223;26
1224;25
1225;22
1226;23
1227;34
1228;27
1229;25
1230;27
1231;31
