0101;9
0102;11
0103;11
0104;8
0105;7
0106;7
0107;13
0108;6
0109;14
0110;11
0111;17
0112;13
0113;9
0114;11
0115;9
0116;5
0117;10
0118;9
0119;12
0120;9
0121;8
0122;7
0123;4
0124;8
0125;7
0126;7
0127;14
0128;8
0129;10
0130;6
0131;10
0201;5
0202;11
0203;7
0204;5
0205;10
0206;9
0207;13
0208;5
0209;9
0210;5
0211;10
0212;6
0213;8
0214;10
0215;16
0216;14
0217;11
0218;22
0219;9
0220;12
0221;13
0222;17
0223;10
0224;7
0225;10
0226;8
0227;9
0228;11
0301;8
0302;10
0303;7
0304;14
0305;11
0306;6
0307;6
0308;13
0309;7
0310;4
0311;14
0312;9
0313;7
0314;15
0315;11
0316;10
0317;10
0318;16
0319;9
0320;9
0321;11
0322;17
0323;12
0324;14
0325;15
0326;10
0327;10
0328;13
0329;8
0330;16
0331;13
0401;6
0402;10
0403;11
0404;17
0405;6
0406;6
0407;14
0408;4
0409;13
0410;9
0411;8
0412;9
0413;8
0414;13
0415;12
0416;16
0417;13
0418;9
0419;9
0420;13
0421;8
0422;12
0423;8
0424;11
0425;16
0426;3
0427;10
0428;10
0429;13
0430;8
0501;12
0502;6
0503;5
0504;9
0505;12
0506;6
0507;6
0508;5
0509;7
0510;11
0511;12
0512;8
0513;7
0514;11
0515;8
0516;14
0517;10
0518;8
0519;10
0520;7
0521;3
0522;9
0523;7
0524;10
0525;6
0526;8
0527;10
0528;6
0529;7
0530;8
0531;5
0601;5
0602;5
0603;9
0604;7
0605;7
0606;6
0607;3
0608;7
0609;7
0610;6
0611;3
0612;9
0613;3
0614;6
0615;8
0616;5
0617;9
0618;9
0619;11
0620;12
0621;13
0622;12
0623;13
0624;12
0625;3
0626;9
0627;5
0628;8
0629;8
0630;11
0701;18
0702;5
0703;11
0704;4
0705;8
0706;13
0707;8
0708;8
0709;5
0710;8
0711;8
0712;8
0713;6
0714;6
0715;5
0716;8
0717;3
0718;9
0719;12
0720;10
0721;12
0722;11
0723;8
0724;13
0725;12
0726;12
0727;8
0728;11
0729;10
0730;9
0731;9
0801;10
0802;8
0803;8
0804;10
0805;3
0806;5
0807;3
0808;12
0809;11
0810;5
0811;9
0812;17
0813;6
0814;6
0815;11
0816;15
0817;9
0818;6
0819;6
0820;5
0821;4
0822;6
0823;9
0824;5
0825;7
0826;8
0827;9
0828;10
0829;5
0830;6
0831;13
0901;6
0902;6
0903;4
0904;12
0905;6
0906;4
0907;10
0908;6
0909;12
0910;9
0911;6
0912;11
0913;12
0914;9
0915;8
0916;14
0917;6
0918;5
0919;12
0920;7
0921;11
0922;10
0923;11
0924;7
0925;15
0926;10
0927;7
0928;5
0929;8
0930;9
1001;6
1002;5
1003;13
1004;9
1005;5
1006;7
1007;6
1008;8
1009;9
1010;11
1011;12
1012;12
1013;12
1014;7
1015;10
1016;7
1017;7
1018;10
1019;6
1020;8
1021;9
1022;12
1023;16
1024;12
1025;13
1026;8
1027;12
1028;9
1029;6
1030;8
1031;3
1101;9
1102;6
1103;7
1104;8
1105;7
1106;15
1107;8
1108;11
1109;16
1110;13
1111;12
1112;9
1113;8
1114;4
1115;7
1116;10
1117;11
1118;8
1119;9
1120;7
1121;12
1122;8
1123;11
1124;7
1125;10
1126;6
1127;2
1128;9
1129;8
1130;10
1201;6
1202;5
1203;8
1204;5
1205;9
1206;9
1207;13
1208;5
1209;9
1210;6
1211;14
1212;11
1213;10
1214;8
1215;11
1216;8
1217;7
1218;12
1219;10
1220;10
1221;10
1222;10
1223;11
1224;13
1225;9
1226;10
1227;12
1228;5
1229;2
1230;7
1231;10
