0101;8
0102;10
0103;11
0104;13
0105;21
0106;12
0107;7
0108;6
0109;9
0110;10
0111;11
0112;9
0113;6
0114;6
0115;5
0116;4
0117;12
0118;13
0119;12
0120;7
0121;13
0122;9
0123;7
0124;16
0125;9
0126;10
0127;10
0128;13
0129;9
0130;8
0131;11
0201;16
0202;8
0203;13
0204;11
0205;11
0206;11
0207;6
0208;13
0209;14
0210;11
0211;7
0212;18
0213;13
0214;18
0215;15
0216;16
0217;12
0218;16
0219;12
0220;10
0221;8
0222;9
0223;13
0224;13
0225;10
0226;9
0227;12
0228;13
0301;12
0302;8
0303;17
0304;16
0305;14
0306;16
0307;18
0308;12
0309;12
0310;14
0311;12
0312;19
0313;13
0314;12
0315;13
0316;9
0317;10
0318;19
0319;18
0320;19
0321;17
0322;23
0323;12
0324;20
0325;13
0326;18
0327;16
0328;24
0329;15
0330;16
0331;19
0401;16
0402;19
0403;12
0404;13
0405;10
0406;12
0407;22
0408;19
0409;14
0410;12
0411;13
0412;11
0413;16
0414;6
0415;16
0416;9
0417;11
0418;16
0419;23
0420;11
0421;9
0422;12
0423;15
0424;5
0425;8
0426;8
0427;12
0428;7
0429;8
0430;15
0501;11
0502;12
0503;6
0504;11
0505;13
0506;10
0507;6
0508;15
0509;8
0510;15
0511;18
0512;15
0513;14
0514;14
0515;14
0516;7
0517;4
0518;10
0519;9
0520;9
0521;9
0522;9
0523;6
0524;10
0525;4
0526;8
0527;10
0528;6
0529;7
0530;9
0531;11
0601;8
0602;5
0603;7
0604;6
0605;3
0606;18
0607;17
0608;7
0609;11
0610;9
0611;13
0612;12
0613;7
0614;12
0615;13
0616;10
0617;7
0618;11
0619;8
0620;8
0621;6
0622;10
0623;8
0624;12
0625;7
0626;7
0627;10
0628;5
0629;11
0630;13
0701;10
0702;7
0703;16
0704;2
0705;8
0706;11
0707;13
0708;12
0709;10
0710;7
0711;9
0712;7
0713;7
0714;9
0715;12
0716;10
0717;6
0718;11
0719;18
0720;5
0721;15
0722;7
0723;7
0724;11
0725;5
0726;6
0727;15
0728;10
0729;7
0730;6
0731;9
0801;10
0802;9
0803;7
0804;14
0805;8
0806;11
0807;7
0808;5
0809;16
0810;10
0811;14
0812;17
0813;13
0814;11
0815;10
0816;15
0817;11
0818;9
0819;9
0820;10
0821;10
0822;14
0823;4
0824;6
0825;12
0826;7
0827;11
0828;9
0829;7
0830;9
0831;12
0901;5
0902;9
0903;6
0904;9
0905;10
0906;13
0907;9
0908;14
0909;13
0910;5
0911;12
0912;16
0913;13
0914;8
0915;4
0916;4
0917;10
0918;10
0919;8
0920;5
0921;11
0922;5
0923;7
0924;11
0925;3
0926;8
0927;7
0928;13
0929;7
0930;18
1001;15
1002;14
1003;5
1004;13
1005;2
1006;22
1007;11
1008;18
1009;23
1010;19
1011;20
1012;29
1013;19
1014;27
1015;14
1016;26
1017;21
1018;31
1019;29
1020;30
1021;15
1022;21
1023;10
1024;15
1025;22
1026;21
1027;16
1028;18
1029;22
1030;9
1031;7
1101;8
1102;7
1103;8
1104;11
1105;10
1106;12
1107;7
1108;9
1109;10
1110;11
1111;7
1112;8
1113;13
1114;11
1115;4
1116;8
1117;8
1118;11
1119;14
1120;8
1121;11
1122;13
1123;8
1124;15
1125;11
1126;14
1127;5
1128;5
1129;9
1130;8
1201;9
1202;11
1203;16
1204;9
1205;6
1206;10
1207;12
1208;7
1209;13
1210;14
1211;11
1212;11
1213;14
1214;9
1215;14
1216;10
1217;11
1218;12
1219;11
1220;10
1221;11
1222;8
1223;12
1224;12
1225;15
1226;9
1227;11
1228;6
1229;10
1230;7
1231;12
