0101;3
0102;11
0103;22
0104;7
0105;11
0106;17
0107;12
0108;12
0109;10
0110;7
0111;9
0112;13
0113;16
0114;11
0115;16
0116;10
0117;14
0118;10
0119;11
0120;8
0121;13
0122;14
0123;11
0124;14
0125;13
0126;12
0127;10
0128;19
0129;9
0130;21
0131;15
0201;14
0202;19
0203;9
0204;13
0205;13
0206;10
0207;21
0208;20
0209;21
0210;18
0211;18
0212;12
0213;17
0214;14
0215;18
0216;10
0217;13
0218;10
0219;15
0220;15
0221;20
0222;13
0223;15
0224;14
0225;18
0226;16
0227;30
0228;19
0301;11
0302;13
0303;15
0304;18
0305;15
0306;12
0307;21
0308;16
0309;19
0310;17
0311;19
0312;13
0313;15
0314;16
0315;12
0316;11
0317;22
0318;18
0319;22
0320;20
0321;10
0322;12
0323;11
0324;20
0325;13
0326;14
0327;18
0328;8
0329;13
0330;17
0331;10
0401;12
0402;7
0403;13
0404;16
0405;17
0406;18
0407;17
0408;12
0409;8
0410;10
0411;15
0412;18
0413;14
0414;18
0415;16
0416;15
0417;12
0418;11
0419;10
0420;19
0421;14
0422;11
0423;11
0424;20
0425;17
0426;10
0427;12
0428;19
0429;10
0430;11
0501;9
0502;11
0503;9
0504;10
0505;20
0506;9
0507;9
0508;12
0509;12
0510;13
0511;13
0512;15
0513;17
0514;12
0515;7
0516;12
0517;12
0518;13
0519;13
0520;11
0521;10
0522;9
0523;15
0524;13
0525;10
0526;8
0527;13
0528;11
0529;15
0530;15
0531;13
0601;9
0602;9
0603;19
0604;20
0605;8
0606;11
0607;8
0608;19
0609;13
0610;10
0611;13
0612;12
0613;14
0614;8
0615;14
0616;16
0617;12
0618;8
0619;12
0620;13
0621;20
0622;18
0623;10
0624;8
0625;14
0626;10
0627;9
0628;8
0629;14
0630;15
0701;22
0702;13
0703;21
0704;15
0705;7
0706;15
0707;13
0708;15
0709;14
0710;10
0711;13
0712;17
0713;18
0714;7
0715;13
0716;13
0717;12
0718;30
0719;12
0720;20
0721;13
0722;17
0723;15
0724;10
0725;15
0726;15
0727;23
0728;21
0729;14
0730;8
0731;8
0801;12
0802;8
0803;20
0804;14
0805;7
0806;12
0807;17
0808;12
0809;7
0810;17
0811;17
0812;20
0813;8
0814;7
0815;16
0816;22
0817;14
0818;10
0819;12
0820;14
0821;12
0822;16
0823;16
0824;13
0825;8
0826;17
0827;12
0828;9
0829;7
0830;13
0831;22
0901;12
0902;15
0903;17
0904;16
0905;13
0906;12
0907;7
0908;12
0909;15
0910;5
0911;12
0912;9
0913;9
0914;11
0915;13
0916;17
0917;11
0918;12
0919;5
0920;14
0921;13
0922;5
0923;10
0924;9
0925;17
0926;15
0927;11
0928;9
0929;14
0930;10
1001;18
1002;14
1003;17
1004;12
1005;11
1006;12
1007;12
1008;13
1009;10
1010;6
1011;11
1012;12
1013;15
1014;13
1015;8
1016;11
1017;7
1018;17
1019;13
1020;14
1021;12
1022;9
1023;6
1024;15
1025;11
1026;13
1027;9
1028;15
1029;17
1030;10
1031;11
1101;16
1102;14
1103;12
1104;13
1105;10
1106;13
1107;14
1108;12
1109;10
1110;15
1111;9
1112;10
1113;25
1114;16
1115;9
1116;11
1117;11
1118;9
1119;14
1120;19
1121;9
1122;11
1123;17
1124;10
1125;13
1126;12
1127;12
1128;12
1129;9
1130;8
1201;11
1202;6
1203;17
1204;12
1205;11
1206;14
1207;17
1208;15
1209;16
1210;10
1211;12
1212;14
1213;7
1214;12
1215;14
1216;18
1217;13
1218;11
1219;12
1220;13
1221;12
1222;16
1223;13
1224;14
1225;17
1226;8
1227;9
1228;18
1229;12
1230;9
1231;20
