0101;9
0102;11
0103;9
0104;11
0105;9
0106;13
0107;15
0108;7
0109;6
0110;12
0111;8
0112;15
0113;10
0114;11
0115;9
0116;16
0117;11
0118;5
0119;5
0120;4
0121;10
0122;12
0123;10
0124;8
0125;8
0126;9
0127;11
0128;13
0129;10
0130;10
0131;10
0201;11
0202;14
0203;9
0204;12
0205;14
0206;12
0207;15
0208;10
0209;12
0210;21
0211;8
0212;9
0213;15
0214;10
0215;9
0216;15
0217;13
0218;16
0219;15
0220;8
0221;10
0222;17
0223;10
0224;9
0225;8
0226;12
0227;5
0228;10
0301;11
0302;13
0303;12
0304;11
0305;21
0306;9
0307;15
0308;12
0309;12
0310;13
0311;14
0312;11
0313;14
0314;9
0315;9
0316;13
0317;12
0318;10
0319;16
0320;13
0321;11
0322;8
0323;12
0324;10
0325;8
0326;8
0327;14
0328;13
0329;7
0330;19
0331;14
0401;13
0402;10
0403;8
0404;6
0405;11
0406;16
0407;15
0408;11
0409;11
0410;21
0411;9
0412;16
0413;10
0414;13
0415;10
0416;9
0417;8
0418;14
0419;12
0420;15
0421;16
0422;10
0423;12
0424;10
0425;17
0426;8
0427;11
0428;12
0429;10
0430;13
0501;13
0502;10
0503;14
0504;18
0505;13
0506;20
0507;10
0508;12
0509;8
0510;8
0511;9
0512;10
0513;13
0514;18
0515;11
0516;11
0517;9
0518;14
0519;7
0520;17
0521;10
0522;8
0523;8
0524;12
0525;9
0526;6
0527;6
0528;6
0529;8
0530;13
0531;8
0601;12
0602;8
0603;13
0604;8
0605;19
0606;5
0607;12
0608;10
0609;10
0610;12
0611;20
0612;15
0613;14
0614;6
0615;19
0616;12
0617;11
0618;7
0619;13
0620;16
0621;16
0622;9
0623;9
0624;12
0625;14
0626;14
0627;9
0628;12
0629;8
0630;10
0701;6
0702;13
0703;10
0704;7
0705;11
0706;8
0707;14
0708;8
0709;10
0710;9
0711;10
0712;10
0713;13
0714;9
0715;17
0716;7
0717;10
0718;14
0719;11
0720;10
0721;11
0722;8
0723;14
0724;14
0725;18
0726;11
0727;6
0728;6
0729;5
0730;6
0731;11
0801;10
0802;5
0803;11
0804;12
0805;8
0806;7
0807;9
0808;13
0809;12
0810;15
0811;20
0812;19
0813;17
0814;14
0815;14
0816;10
0817;9
0818;10
0819;13
0820;9
0821;9
0822;11
0823;8
0824;16
0825;12
0826;12
0827;16
0828;20
0829;12
0830;12
0831;9
0901;7
0902;13
0903;5
0904;8
0905;17
0906;17
0907;11
0908;12
0909;8
0910;10
0911;7
0912;9
0913;7
0914;9
0915;9
0916;12
0917;10
0918;10
0919;11
0920;12
0921;8
0922;12
0923;8
0924;15
0925;15
0926;9
0927;6
0928;9
0929;14
0930;6
1001;10
1002;14
1003;13
1004;13
1005;9
1006;5
1007;8
1008;11
1009;8
1010;12
1011;12
1012;13
1013;6
1014;13
1015;10
1016;6
1017;9
1018;6
1019;15
1020;5
1021;16
1022;11
1023;13
1024;12
1025;18
1026;14
1027;7
1028;12
1029;16
1030;6
1031;9
1101;4
1102;7
1103;14
1104;7
1105;6
1106;8
1107;10
1108;10
1109;11
1110;14
1111;12
1112;12
1113;7
1114;10
1115;19
1116;8
1117;12
1118;11
1119;9
1120;6
1121;14
1122;5
1123;15
1124;5
1125;12
1126;8
1127;11
1128;14
1129;12
1130;8
1201;10
1202;14
1203;9
1204;13
1205;10
1206;14
1207;8
1208;13
1209;13
1210;14
1211;7
1212;11
1213;9
1214;9
1215;13
1216;14
1217;14
1218;9
1219;11
1220;7
1221;12
1222;7
1223;11
1224;7
1225;11
1226;16
1227;9
1228;12
1229;14
1230;10
1231;16
