0101;1
0102;2
0103;6
0104;2
0105;5
0106;3
0107;4
0108;5
0109;5
0110;2
0111;5
0112;2
0113;5
0114;2
0115;1
0116;5
0117;4
0118;3
0119;6
0120;3
0121;2
0122;2
0124;1
0125;6
0126;5
0127;6
0128;3
0129;3
0130;5
0131;3
0201;2
0202;7
0203;3
0204;3
0205;7
0206;1
0208;1
0209;2
0210;7
0211;2
0212;5
0213;3
0214;6
0215;1
0216;1
0217;1
0218;7
0219;3
0220;4
0221;1
0222;7
0223;4
0224;2
0225;2
0226;5
0227;3
0228;3
0301;2
0302;8
0303;4
0304;2
0305;4
0306;6
0307;3
0308;4
0309;6
0310;6
0311;6
0312;8
0313;3
0314;5
0315;6
0316;2
0317;7
0318;4
0319;2
0320;4
0321;4
0322;4
0323;3
0324;4
0325;2
0326;4
0327;4
0328;1
0329;1
0330;6
0331;3
0401;5
0402;4
0403;5
0404;3
0405;1
0406;7
0407;3
0408;2
0409;4
0410;5
0411;3
0412;6
0413;6
0414;6
0415;5
0416;4
0417;3
0418;5
0419;10
0420;7
0421;4
0422;5
0423;2
0424;6
0425;2
0427;5
0428;5
0429;2
0430;6
0501;1
0502;5
0503;4
0504;1
0505;4
0506;4
0507;6
0508;3
0509;4
0510;4
0511;5
0512;2
0513;5
0514;4
0515;2
0516;3
0517;4
0518;2
0519;2
0521;5
0522;3
0523;1
0524;2
0525;5
0526;3
0527;4
0528;6
0529;5
0530;5
0531;1
0601;2
0602;6
0603;5
0604;4
0605;3
0606;5
0607;3
0608;3
0609;6
0610;2
0611;6
0612;3
0613;3
0614;1
0615;3
0616;2
0617;3
0618;2
0619;5
0620;2
0621;1
0622;4
0623;1
0624;2
0625;2
0626;5
0627;3
0628;6
0629;2
0630;4
0701;1
0702;4
0703;2
0704;3
0705;1
0706;6
0707;1
0708;1
0709;4
0710;2
0712;3
0713;4
0714;1
0715;3
0716;4
0717;2
0718;2
0719;2
0720;2
0721;3
0722;3
0723;3
0724;4
0725;2
0727;4
0728;2
0729;3
0730;1
0731;1
0801;1
0802;2
0803;2
0805;2
0806;2
0807;1
0808;3
0809;1
0810;6
0811;2
0812;3
0813;3
0814;1
0815;1
0816;2
0817;4
0818;2
0819;5
0820;4
0821;5
0822;1
0823;3
0824;1
0825;3
0826;4
0827;5
0828;2
0829;2
0830;2
0831;1
0901;5
0902;3
0903;1
0904;6
0905;1
0906;2
0907;2
0908;1
0909;2
0910;4
0911;4
0912;4
0913;5
0914;1
0916;2
0917;2
0918;2
0919;3
0920;3
0921;2
0922;3
0923;4
0924;6
0925;3
0926;5
0928;5
0929;4
0930;2
1001;5
1002;2
1003;2
1004;1
1005;7
1006;1
1008;6
1009;2
1010;3
1011;4
1012;5
1013;5
1014;4
1015;7
1016;3
1017;2
1018;3
1019;2
1020;6
1021;3
1022;2
1023;5
1024;2
1025;6
1026;3
1027;5
1028;3
1029;3
1030;3
1031;4
1101;3
1102;3
1103;2
1104;2
1105;5
1106;1
1107;5
1108;4
1109;2
1110;5
1111;1
1112;5
1113;3
1114;3
1115;6
1116;3
1117;4
1118;4
1119;4
1120;5
1121;7
1122;5
1123;4
1124;2
1125;4
1126;1
1127;3
1128;4
1129;1
1130;4
1201;4
1202;4
1203;2
1204;3
1205;4
1206;3
1207;5
1208;1
1210;2
1211;2
1212;6
1213;4
1214;9
1215;6
1216;2
1217;1
1218;5
1219;5
1220;3
1221;2
1222;2
1223;4
1224;4
1225;4
1226;6
1227;3
1228;3
1229;2
1230;6
1231;1
