0101;8
0102;11
0103;8
0104;6
0105;9
0106;11
0107;11
0108;12
0109;9
0110;11
0111;8
0112;9
0113;4
0114;11
0115;5
0116;8
0117;12
0118;10
0119;9
0120;8
0121;13
0122;10
0123;8
0124;8
0125;12
0126;6
0127;13
0128;12
0129;9
0130;3
0131;11
0201;9
0202;6
0203;9
0204;6
0205;5
0206;10
0207;17
0208;10
0209;7
0210;5
0211;9
0212;12
0213;12
0214;11
0215;7
0216;12
0217;9
0218;6
0219;7
0220;11
0221;10
0222;8
0223;5
0224;6
0225;6
0226;10
0227;7
0228;9
0301;8
0302;9
0303;8
0304;12
0305;7
0306;8
0307;6
0308;6
0309;11
0310;9
0311;6
0312;6
0313;8
0314;7
0315;3
0316;5
0317;8
0318;10
0319;7
0320;16
0321;13
0322;5
0323;4
0324;8
0325;11
0326;7
0327;10
0328;6
0329;7
0330;7
0331;3
0401;9
0402;9
0403;14
0404;10
0405;10
0406;8
0407;9
0408;11
0409;16
0410;16
0411;13
0412;9
0413;14
0414;9
0415;9
0416;6
0417;7
0418;9
0419;7
0420;5
0421;7
0422;13
0423;9
0424;5
0425;16
0426;8
0427;9
0428;7
0429;8
0430;4
0501;7
0502;8
0503;8
0504;11
0505;7
0506;8
0507;7
0508;7
0509;11
0510;4
0511;8
0512;9
0513;4
0514;9
0515;10
0516;4
0517;8
0518;7
0519;7
0520;9
0521;7
0522;6
0523;5
0524;3
0525;7
0526;4
0527;8
0528;6
0529;7
0530;7
0531;8
0601;9
0602;5
0603;5
0604;10
0605;8
0606;4
0607;6
0608;7
0609;9
0610;11
0611;3
0612;6
0613;8
0614;10
0615;3
0616;11
0617;7
0618;6
0619;6
0620;7
0621;3
0622;4
0623;12
0624;2
0625;9
0626;7
0627;6
0628;14
0629;7
0630;10
0701;7
0702;6
0703;4
0704;9
0705;6
0706;7
0707;10
0708;7
0709;8
0710;7
0711;4
0712;9
0713;4
0714;11
0715;8
0716;7
0717;10
0718;9
0719;13
0720;3
0721;9
0722;4
0723;5
0724;9
0725;11
0726;4
0727;8
0728;4
0729;3
0730;7
0731;7
0801;9
0802;10
0803;10
0804;8
0805;4
0806;5
0807;7
0808;4
0809;6
0810;8
0811;3
0812;11
0813;8
0814;7
0815;6
0816;5
0817;8
0818;6
0819;6
0820;5
0821;3
0822;15
0823;10
0824;6
0825;8
0826;6
0827;8
0828;10
0829;2
0830;14
0831;6
0901;6
0902;11
0903;4
0904;5
0905;10
0906;6
0907;8
0908;8
0909;11
0910;9
0911;12
0912;6
0913;6
0914;11
0915;6
0916;7
0917;5
0918;6
0919;4
0920;5
0921;8
0922;6
0923;10
0924;7
0925;6
0926;11
0927;9
0928;8
0929;7
0930;6
1001;8
1002;4
1003;6
1004;10
1005;8
1006;8
1007;14
1008;6
1009;15
1010;6
1011;11
1012;1
1013;6
1014;5
1015;8
1016;13
1017;6
1018;3
1019;11
1020;4
1021;7
1022;4
1023;11
1024;6
1025;8
1026;9
1027;5
1028;3
1029;9
1030;3
1031;5
1101;10
1102;9
1103;11
1104;10
1105;6
1106;4
1107;9
1108;9
1109;6
1110;3
1111;9
1112;4
1113;8
1114;10
1115;10
1116;4
1117;10
1118;4
1119;4
1120;8
1121;6
1122;8
1123;10
1124;5
1125;10
1126;9
1127;7
1128;9
1129;5
1130;11
1201;10
1202;5
1203;8
1204;10
1205;5
1206;6
1207;10
1208;7
1209;8
1210;7
1211;7
1212;7
1213;12
1214;8
1215;7
1216;7
1217;5
1218;8
1219;12
1220;3
1221;5
1222;11
1223;5
1224;8
1225;7
1226;9
1227;10
1228;4
1229;4
1230;9
1231;4
