0101;10
0102;13
0103;18
0104;9
0105;12
0106;14
0107;14
0108;17
0109;7
0110;14
0111;12
0112;18
0113;8
0114;16
0115;14
0116;17
0117;19
0118;10
0119;16
0120;5
0121;10
0122;13
0123;12
0124;10
0125;11
0126;12
0127;13
0128;20
0129;9
0130;15
0131;12
0201;15
0202;19
0203;5
0204;20
0205;10
0206;13
0207;16
0208;11
0209;8
0210;13
0211;17
0212;14
0213;13
0214;18
0215;17
0216;16
0217;13
0218;15
0219;11
0220;14
0221;22
0222;17
0223;14
0224;18
0225;12
0226;12
0227;14
0228;12
0301;13
0302;13
0303;13
0304;13
0305;11
0306;10
0307;18
0308;12
0309;15
0310;11
0311;15
0312;11
0313;9
0314;5
0315;13
0316;9
0317;2
0318;17
0319;17
0320;11
0321;10
0322;12
0323;15
0324;14
0325;10
0326;13
0327;15
0328;16
0329;7
0330;9
0331;11
0401;14
0402;9
0403;13
0404;20
0405;11
0406;16
0407;14
0408;8
0409;11
0410;10
0411;11
0412;8
0413;10
0414;9
0415;7
0416;9
0417;14
0418;13
0419;20
0420;8
0421;8
0422;18
0423;12
0424;14
0425;7
0426;12
0427;7
0428;10
0429;13
0430;9
0501;14
0502;16
0503;10
0504;12
0505;14
0506;11
0507;7
0508;19
0509;14
0510;6
0511;9
0512;19
0513;13
0514;14
0515;14
0516;12
0517;9
0518;12
0519;9
0520;10
0521;7
0522;11
0523;11
0524;11
0525;14
0526;11
0527;12
0528;11
0529;6
0530;13
0531;10
0601;15
0602;16
0603;10
0604;18
0605;11
0606;13
0607;11
0608;9
0609;10
0610;8
0611;14
0612;12
0613;10
0614;11
0615;9
0616;10
0617;20
0618;14
0619;16
0620;13
0621;7
0622;10
0623;10
0624;11
0625;10
0626;9
0627;15
0628;5
0629;19
0630;14
0701;6
0702;7
0703;10
0704;7
0705;8
0706;5
0707;11
0708;8
0709;13
0710;13
0711;10
0712;11
0713;13
0714;24
0715;12
0716;13
0717;11
0718;10
0719;11
0720;12
0721;11
0722;16
0723;11
0724;7
0725;13
0726;10
0727;7
0728;13
0729;19
0730;11
0731;9
0801;7
0802;6
0803;15
0804;13
0805;9
0806;13
0807;13
0808;7
0809;9
0810;9
0811;7
0812;9
0813;9
0814;11
0815;12
0816;9
0817;14
0818;8
0819;10
0820;12
0821;15
0822;11
0823;7
0824;11
0825;6
0826;5
0827;11
0828;18
0829;12
0830;11
0831;13
0901;19
0902;10
0903;13
0904;15
0905;10
0906;19
0907;8
0908;9
0909;7
0910;11
0911;8
0912;14
0913;9
0914;6
0915;18
0916;5
0917;15
0918;15
0919;9
0920;15
0921;15
0922;9
0923;18
0924;18
0925;9
0926;10
0927;10
0928;9
0929;11
0930;10
1001;13
1002;9
1003;11
1004;11
1005;19
1006;14
1007;10
1008;19
1009;11
1010;8
1011;15
1012;11
1013;9
1014;15
1015;12
1016;11
1017;13
1018;12
1019;14
1020;7
1021;14
1022;12
1023;8
1024;12
1025;11
1026;13
1027;10
1028;16
1029;10
1030;12
1031;16
1101;10
1102;8
1103;12
1104;9
1105;10
1106;15
1107;13
1108;10
1109;10
1110;12
1111;14
1112;10
1113;11
1114;6
1115;16
1116;14
1117;12
1118;10
1119;8
1120;15
1121;11
1122;11
1123;10
1124;21
1125;11
1126;15
1127;8
1128;13
1129;17
1130;8
1201;13
1202;13
1203;16
1204;14
1205;5
1206;9
1207;13
1208;19
1209;5
1210;13
1211;7
1212;13
1213;15
1214;11
1215;12
1216;14
1217;11
1218;13
1219;7
1220;14
1221;14
1222;7
1223;16
1224;23
1225;11
1226;13
1227;15
1228;17
1229;7
1230;16
1231;10
