0101;8
0102;9
0103;9
0104;11
0105;10
0106;10
0107;13
0108;7
0109;12
0110;13
0111;11
0112;12
0113;9
0114;11
0115;14
0116;9
0117;9
0118;9
0119;10
0120;15
0121;6
0122;12
0123;16
0124;9
0125;11
0126;12
0127;18
0128;8
0129;12
0130;9
0131;15
0201;10
0202;10
0203;7
0204;10
0205;14
0206;17
0207;10
0208;16
0209;9
0210;15
0211;10
0212;16
0213;20
0214;9
0215;18
0216;14
0217;10
0218;15
0219;19
0220;11
0221;18
0222;14
0223;10
0224;11
0225;9
0226;15
0227;17
0228;20
0301;13
0302;15
0303;16
0304;14
0305;13
0306;10
0307;10
0308;11
0309;11
0310;14
0311;12
0312;12
0313;16
0314;13
0315;22
0316;8
0317;16
0318;13
0319;15
0320;11
0321;16
0322;9
0323;9
0324;8
0325;13
0326;10
0327;9
0328;11
0329;13
0330;11
0331;17
0401;12
0402;12
0403;11
0404;11
0405;10
0406;8
0407;11
0408;6
0409;12
0410;14
0411;15
0412;13
0413;13
0414;12
0415;12
0416;7
0417;13
0418;10
0419;7
0420;13
0421;12
0422;7
0423;11
0424;10
0425;13
0426;13
0427;15
0428;19
0429;11
0430;14
0501;10
0502;16
0503;9
0504;11
0505;10
0506;12
0507;10
0508;12
0509;11
0510;13
0511;5
0512;11
0513;14
0514;16
0515;13
0516;8
0517;12
0518;10
0519;10
0520;10
0521;7
0522;10
0523;18
0524;17
0525;8
0526;11
0527;11
0528;15
0529;14
0530;20
0531;14
0601;13
0602;14
0603;12
0604;7
0605;9
0606;9
0607;9
0608;11
0609;7
0610;13
0611;11
0612;13
0613;10
0614;6
0615;11
0616;12
0617;11
0618;6
0619;4
0620;14
0621;9
0622;9
0623;8
0624;8
0625;16
0626;6
0627;14
0628;12
0629;12
0630;6
0701;13
0702;6
0703;11
0704;11
0705;17
0706;8
0707;22
0708;9
0709;12
0710;10
0711;7
0712;18
0713;10
0714;12
0715;13
0716;6
0717;8
0718;8
0719;7
0720;9
0721;8
0722;6
0723;11
0724;6
0725;9
0726;8
0727;9
0728;12
0729;12
0730;15
0731;16
0801;5
0802;10
0803;8
0804;10
0805;15
0806;5
0807;8
0808;7
0809;7
0810;12
0811;8
0812;7
0813;7
0814;8
0815;5
0816;11
0817;10
0818;9
0819;12
0820;14
0821;10
0822;7
0823;11
0824;10
0825;7
0826;9
0827;9
0828;8
0829;4
0830;9
0831;6
0901;10
0902;13
0903;11
0904;16
0905;11
0906;13
0907;9
0908;8
0909;11
0910;9
0911;13
0912;9
0913;7
0914;7
0915;11
0916;8
0917;10
0918;7
0919;11
0920;9
0921;13
0922;6
0923;8
0924;12
0925;7
0926;11
0927;12
0928;6
0929;11
0930;8
1001;10
1002;9
1003;9
1004;10
1005;14
1006;15
1007;8
1008;11
1009;12
1010;12
1011;12
1012;16
1013;13
1014;12
1015;7
1016;11
1017;14
1018;7
1019;9
1020;9
1021;15
1022;8
1023;9
1024;6
1025;9
1026;6
1027;8
1028;7
1029;10
1030;10
1031;17
1101;11
1102;16
1103;7
1104;19
1105;10
1106;14
1107;14
1108;9
1109;7
1110;12
1111;11
1112;14
1113;17
1114;8
1115;8
1116;16
1117;10
1118;15
1119;9
1120;14
1121;13
1122;10
1123;9
1124;10
1125;13
1126;14
1127;16
1128;6
1129;11
1130;13
1201;3
1202;13
1203;6
1204;10
1205;8
1206;8
1207;7
1208;15
1209;6
1210;13
1211;14
1212;9
1213;11
1214;6
1215;22
1216;6
1217;13
1218;11
1219;8
1220;16
1221;11
1222;11
1223;16
1224;17
1225;7
1226;13
1227;12
1228;21
1229;10
1230;12
1231;14
