0101;3
0103;2
0104;2
0105;2
0106;1
0107;3
0108;1
0109;1
0110;4
0113;1
0114;3
0116;1
0117;3
0118;3
0119;2
0121;5
0122;3
0123;3
0124;4
0125;3
0126;2
0128;1
0129;1
0130;3
0131;3
0201;3
0202;2
0203;3
0205;1
0206;6
0207;4
0208;1
0209;3
0210;4
0211;2
0212;3
0213;2
0214;1
0215;2
0216;3
0217;3
0218;1
0219;3
0220;3
0221;1
0222;2
0223;4
0224;4
0225;1
0226;6
0228;2
0301;6
0302;4
0303;3
0304;2
0305;3
0306;3
0307;3
0308;1
0309;2
0310;4
0311;1
0312;3
0313;2
0314;1
0315;2
0316;1
0317;4
0318;3
0319;2
0320;1
0321;1
0322;2
0323;5
0324;2
0325;5
0326;5
0327;2
0328;3
0330;2
0331;1
0401;3
0402;2
0403;6
0404;2
0405;5
0407;1
0408;1
0409;3
0412;1
0413;2
0414;1
0415;5
0416;1
0417;3
0418;2
0420;1
0421;1
0423;3
0424;1
0425;3
0426;6
0427;4
0428;2
0429;6
0430;1
0501;3
0502;6
0503;4
0504;3
0506;1
0507;3
0508;4
0510;3
0511;2
0512;2
0513;3
0514;2
0515;4
0516;4
0517;3
0518;1
0519;3
0520;1
0521;1
0522;3
0523;2
0526;1
0527;4
0528;3
0530;2
0601;1
0602;2
0603;2
0604;2
0605;4
0606;1
0609;1
0610;1
0611;3
0612;2
0613;2
0614;1
0615;2
0616;2
0617;1
0618;4
0619;1
0620;4
0622;1
0623;3
0625;1
0626;2
0627;2
0628;1
0629;3
0701;4
0702;4
0703;3
0704;1
0705;3
0706;2
0707;1
0708;5
0710;2
0711;6
0712;2
0713;5
0714;1
0715;6
0716;4
0717;2
0718;4
0719;1
0720;1
0721;1
0722;3
0723;4
0724;6
0725;4
0726;5
0728;4
0729;2
0730;3
0801;3
0802;7
0803;3
0804;2
0805;4
0806;4
0807;4
0808;5
0810;3
0812;1
0813;2
0814;2
0815;2
0816;2
0817;1
0818;4
0819;1
0820;4
0821;2
0822;4
0823;1
0824;2
0826;3
0827;3
0828;3
0829;2
0830;3
0831;3
0901;1
0902;2
0903;2
0904;1
0905;2
0906;2
0907;3
0908;3
0909;3
0910;1
0912;3
0913;1
0914;3
0915;1
0916;4
0917;5
0918;1
0919;3
0920;4
0921;2
0922;3
0923;4
0924;2
0925;2
0926;3
0927;2
0928;3
0929;1
0930;7
1003;1
1004;2
1005;2
1006;1
1008;2
1009;1
1010;2
1011;1
1012;1
1013;1
1014;4
1015;4
1016;2
1017;5
1018;3
1019;3
1020;3
1021;2
1022;2
1023;4
1024;1
1025;1
1026;1
1027;2
1028;4
1029;4
1031;4
1101;2
1102;5
1105;1
1106;7
1107;1
1108;1
1109;1
1110;4
1111;2
1112;2
1113;1
1114;1
1115;4
1116;3
1117;1
1118;3
1119;3
1120;4
1121;1
1122;3
1123;4
1124;3
1125;4
1126;3
1127;4
1129;6
1130;1
1201;1
1202;1
1203;1
1204;1
1205;4
1206;4
1207;2
1208;2
1209;3
1210;4
1211;4
1212;2
1213;1
1215;2
1217;4
1219;1
1220;1
1221;1
1222;3
1223;3
1224;3
1225;2
1226;5
1227;3
1228;5
1229;2
1230;3
1231;3
