0101;7
0102;8
0103;4
0104;6
0105;5
0106;4
0107;5
0108;5
0109;9
0110;9
0111;6
0112;5
0113;4
0114;7
0115;7
0116;6
0117;5
0118;9
0119;6
0120;10
0121;7
0122;11
0123;5
0124;5
0125;9
0126;6
0127;4
0128;15
0129;11
0130;14
0131;8
0201;6
0202;15
0203;8
0204;9
0205;12
0206;12
0207;7
0208;9
0209;10
0210;11
0211;6
0212;8
0213;6
0214;12
0215;6
0216;9
0217;10
0218;7
0219;15
0220;10
0221;7
0222;12
0223;11
0224;10
0225;8
0226;7
0227;14
0228;9
0301;3
0302;4
0303;7
0304;8
0305;7
0306;8
0307;2
0308;5
0309;10
0310;6
0311;3
0312;7
0313;5
0314;9
0315;6
0316;3
0317;14
0318;8
0319;9
0320;5
0321;10
0322;4
0323;6
0324;6
0325;4
0326;7
0327;10
0328;5
0329;9
0330;12
0331;4
0401;4
0402;3
0403;6
0404;7
0405;10
0406;5
0407;4
0408;1
0409;10
0410;6
0411;5
0412;8
0413;9
0414;9
0415;3
0416;14
0417;8
0418;7
0419;5
0420;7
0421;13
0422;9
0423;5
0424;6
0425;5
0426;5
0427;10
0428;6
0429;7
0430;5
0501;9
0502;5
0503;8
0504;5
0505;5
0506;7
0507;10
0508;7
0509;6
0510;6
0511;11
0512;3
0513;7
0514;4
0515;3
0516;6
0517;12
0518;6
0519;8
0520;7
0521;6
0522;7
0523;6
0524;5
0525;3
0526;7
0527;11
0528;8
0529;10
0530;4
0531;5
0601;8
0602;11
0603;11
0604;10
0605;7
0606;6
0607;9
0608;6
0609;5
0610;6
0611;6
0612;4
0613;9
0614;6
0615;9
0616;9
0617;3
0618;6
0619;15
0620;7
0621;7
0622;8
0623;5
0624;5
0625;6
0626;8
0627;6
0628;10
0629;8
0630;7
0701;2
0702;10
0703;10
0704;7
0705;8
0706;3
0707;9
0708;6
0709;3
0710;3
0711;8
0712;5
0713;7
0714;10
0715;9
0716;5
0717;10
0718;7
0719;5
0720;6
0721;7
0722;6
0723;9
0724;7
0725;7
0726;9
0727;5
0728;8
0729;10
0730;4
0731;15
0801;8
0802;10
0803;7
0804;14
0805;7
0806;3
0807;4
0808;5
0809;9
0810;7
0811;1
0812;7
0813;6
0814;10
0815;7
0816;7
0817;7
0818;9
0819;10
0820;5
0821;4
0822;4
0823;8
0824;6
0825;5
0826;8
0827;4
0828;5
0829;7
0830;5
0831;7
0901;6
0902;6
0903;6
0904;3
0905;7
0906;8
0907;5
0908;10
0909;4
0910;3
0911;3
0912;8
0913;2
0914;5
0915;6
0916;6
0917;3
0918;7
0919;8
0920;7
0921;4
0922;5
0923;3
0924;4
0925;8
0926;8
0927;5
0928;6
0929;4
0930;7
1001;9
1002;7
1003;9
1004;6
1005;10
1006;7
1007;3
1008;9
1009;8
1010;6
1011;4
1012;8
1013;11
1014;7
1015;3
1016;7
1017;7
1018;12
1019;6
1020;11
1021;4
1022;7
1023;9
1024;2
1025;10
1026;7
1027;4
1028;11
1029;6
1030;5
1031;8
1101;6
1102;11
1103;9
1104;9
1105;6
1106;8
1107;7
1108;5
1109;9
1110;9
1111;8
1112;7
1113;4
1114;3
1115;3
1116;6
1117;5
1118;7
1119;10
1120;7
1121;11
1122;6
1123;7
1124;3
1125;6
1126;3
1127;7
1128;5
1129;7
1130;10
1201;8
1202;7
1203;6
1204;7
1205;13
1206;7
1207;4
1208;3
1209;3
1210;13
1211;11
1212;8
1213;8
1214;7
1215;4
1216;12
1217;11
1218;4
1219;8
1220;7
1221;6
1222;8
1223;7
1224;4
1225;5
1226;3
1227;5
1228;10
1229;6
1230;5
1231;9
