0101;22
0102;24
0103;25
0104;24
0105;31
0106;28
0107;39
0108;28
0109;36
0110;27
0111;29
0112;30
0113;26
0114;32
0115;32
0116;26
0117;25
0118;32
0119;26
0120;27
0121;35
0122;28
0123;30
0124;31
0125;31
0126;35
0127;37
0128;35
0129;40
0130;22
0131;19
0201;38
0202;27
0203;31
0204;22
0205;34
0206;42
0207;42
0208;41
0209;48
0210;26
0211;34
0212;25
0213;25
0214;40
0215;41
0216;40
0217;38
0218;37
0219;33
0220;37
0221;38
0222;34
0223;32
0224;33
0225;37
0226;31
0227;29
0228;36
0301;35
0302;28
0303;33
0304;33
0305;32
0306;27
0307;36
0308;30
0309;18
0310;26
0311;28
0312;33
0313;20
0314;23
0315;23
0316;28
0317;21
0318;27
0319;45
0320;24
0321;26
0322;31
0323;34
0324;25
0325;30
0326;31
0327;24
0328;21
0329;30
0330;28
0331;26
0401;31
0402;30
0403;34
0404;24
0405;34
0406;37
0407;27
0408;33
0409;26
0410;33
0411;31
0412;23
0413;21
0414;23
0415;24
0416;36
0417;31
0418;31
0419;34
0420;22
0421;35
0422;31
0423;27
0424;21
0425;33
0426;28
0427;24
0428;28
0429;21
0430;26
0501;26
0502;26
0503;30
0504;36
0505;32
0506;30
0507;31
0508;26
0509;28
0510;33
0511;29
0512;19
0513;32
0514;26
0515;20
0516;24
0517;33
0518;24
0519;27
0520;21
0521;23
0522;25
0523;22
0524;21
0525;19
0526;23
0527;23
0528;28
0529;22
0530;23
0531;22
0601;35
0602;29
0603;25
0604;20
0605;20
0606;25
0607;22
0608;39
0609;25
0610;32
0611;26
0612;29
0613;29
0614;23
0615;19
0616;25
0617;22
0618;27
0619;28
0620;19
0621;24
0622;22
0623;32
0624;18
0625;27
0626;38
0627;20
0628;32
0629;19
0630;37
0701;26
0702;30
0703;25
0704;23
0705;19
0706;20
0707;27
0708;22
0709;27
0710;23
0711;33
0712;26
0713;26
0714;17
0715;22
0716;29
0717;26
0718;22
0719;24
0720;28
0721;25
0722;29
0723;22
0724;39
0725;32
0726;35
0727;32
0728;19
0729;30
0730;33
0731;19
0801;23
0802;19
0803;16
0804;29
0805;18
0806;22
0807;31
0808;27
0809;23
0810;24
0811;18
0812;23
0813;24
0814;20
0815;26
0816;14
0817;27
0818;19
0819;32
0820;27
0821;27
0822;20
0823;25
0824;29
0825;20
0826;24
0827;19
0828;26
0829;21
0830;25
0831;23
0901;24
0902;24
0903;25
0904;26
0905;21
0906;38
0907;23
0908;27
0909;25
0910;18
0911;24
0912;32
0913;23
0914;30
0915;34
0916;27
0917;27
0918;26
0919;20
0920;18
0921;24
0922;21
0923;29
0924;22
0925;39
0926;29
0927;22
0928;25
0929;13
0930;24
1001;19
1002;26
1003;46
1004;20
1005;23
1006;31
1007;32
1008;29
1009;31
1010;32
1011;25
1012;21
1013;40
1014;30
1015;33
1016;27
1017;22
1018;25
1019;26
1020;17
1021;28
1022;33
1023;28
1024;27
1025;33
1026;31
1027;35
1028;33
1029;34
1030;22
1031;22
1101;30
1102;19
1103;25
1104;31
1105;25
1106;37
1107;23
1108;42
1109;22
1110;22
1111;34
1112;32
1113;36
1114;44
1115;20
1116;34
1117;24
1118;29
1119;36
1120;32
1121;30
1122;31
1123;37
1124;27
1125;30
1126;31
1127;25
1128;33
1129;23
1130;28
1201;23
1202;32
1203;35
1204;26
1205;27
1206;31
1207;30
1208;37
1209;22
1210;30
1211;37
1212;28
1213;32
1214;26
1215;19
1216;33
1217;38
1218;29
1219;24
1220;34
1221;28
1222;30
1223;27
1224;21
1225;28
1226;26
1227;29
1228;44
1229;37
1230;35
1231;23
