0101;15
0102;18
0103;7
0104;17
0105;9
0106;19
0107;13
0108;8
0109;10
0110;18
0111;7
0112;10
0113;11
0114;12
0115;18
0116;15
0117;14
0118;7
0119;15
0120;14
0121;11
0122;12
0123;9
0124;11
0125;18
0126;19
0127;6
0128;12
0129;11
0130;15
0131;7
0201;13
0202;10
0203;18
0204;12
0205;15
0206;10
0207;7
0208;15
0209;15
0210;14
0211;11
0212;10
0213;13
0214;15
0215;6
0216;11
0217;14
0218;17
0219;15
0220;16
0221;12
0222;14
0223;9
0224;11
0225;17
0226;10
0227;15
0228;12
0301;9
0302;16
0303;10
0304;12
0305;10
0306;17
0307;14
0308;12
0309;8
0310;15
0311;15
0312;11
0313;11
0314;6
0315;9
0316;10
0317;12
0318;7
0319;9
0320;13
0321;13
0322;18
0323;15
0324;13
0325;18
0326;12
0327;10
0328;12
0329;14
0330;8
0331;11
0401;8
0402;15
0403;10
0404;17
0405;6
0406;12
0407;13
0408;14
0409;15
0410;14
0411;13
0412;12
0413;12
0414;19
0415;10
0416;13
0417;17
0418;25
0419;11
0420;22
0421;9
0422;7
0423;13
0424;8
0425;13
0426;15
0427;8
0428;9
0429;7
0430;7
0501;10
0502;10
0503;16
0504;13
0505;12
0506;10
0507;10
0508;13
0509;10
0510;8
0511;9
0512;9
0513;9
0514;13
0515;13
0516;17
0517;11
0518;8
0519;11
0520;17
0521;6
0522;13
0523;13
0524;12
0525;10
0526;7
0527;4
0528;17
0529;18
0530;4
0531;14
0601;12
0602;12
0603;11
0604;12
0605;13
0606;19
0607;8
0608;10
0609;11
0610;14
0611;7
0612;10
0613;9
0614;10
0615;11
0616;12
0617;12
0618;13
0619;11
0620;17
0621;13
0622;10
0623;15
0624;9
0625;7
0626;8
0627;10
0628;13
0629;11
0630;15
0701;12
0702;9
0703;7
0704;16
0705;12
0706;12
0707;9
0708;5
0709;15
0710;12
0711;10
0712;15
0713;14
0714;11
0715;16
0716;5
0717;16
0718;4
0719;7
0720;9
0721;9
0722;8
0723;11
0724;12
0725;10
0726;7
0727;12
0728;13
0729;11
0730;9
0731;9
0801;3
0802;10
0803;11
0804;12
0805;11
0806;13
0807;13
0808;11
0809;12
0810;12
0811;10
0812;6
0813;7
0814;20
0815;14
0816;9
0817;14
0818;9
0819;13
0820;12
0821;9
0822;12
0823;15
0824;18
0825;16
0826;10
0827;6
0828;6
0829;8
0830;10
0831;11
0901;8
0902;5
0903;7
0904;9
0905;10
0906;12
0907;14
0908;10
0909;8
0910;6
0911;18
0912;12
0913;10
0914;13
0915;11
0916;8
0917;9
0918;19
0919;7
0920;9
0921;4
0922;12
0923;13
0924;11
0925;9
0926;14
0927;12
0928;11
0929;11
0930;8
1001;16
1002;9
1003;8
1004;7
1005;9
1006;11
1007;8
1008;9
1009;17
1010;13
1011;16
1012;19
1013;12
1014;17
1015;9
1016;14
1017;13
1018;13
1019;9
1020;13
1021;11
1022;9
1023;12
1024;14
1025;16
1026;14
1027;12
1028;8
1029;15
1030;9
1031;11
1101;7
1102;12
1103;10
1104;9
1105;10
1106;12
1107;6
1108;10
1109;14
1110;11
1111;10
1112;15
1113;4
1114;14
1115;12
1116;8
1117;14
1118;6
1119;11
1120;14
1121;11
1122;15
1123;17
1124;11
1125;9
1126;15
1127;18
1128;19
1129;17
1130;15
1201;7
1202;17
1203;16
1204;12
1205;17
1206;15
1207;18
1208;17
1209;11
1210;8
1211;8
1212;13
1213;16
1214;13
1215;9
1216;13
1217;8
1218;15
1219;9
1220;14
1221;13
1222;19
1223;7
1224;14
1225;16
1226;12
1227;20
1228;19
1229;11
1230;19
1231;13
