0101;9
0102;7
0103;9
0104;10
0105;6
0106;4
0107;12
0108;7
0109;11
0110;11
0111;4
0112;9
0113;8
0114;9
0115;13
0116;9
0117;6
0118;7
0119;8
0120;6
0121;14
0122;9
0123;8
0124;6
0125;9
0126;7
0127;5
0128;9
0129;5
0130;7
0131;15
0201;7
0202;6
0203;8
0204;5
0205;4
0206;11
0207;14
0208;11
0209;4
0210;8
0211;8
0212;12
0213;13
0214;8
0215;9
0216;8
0217;12
0218;11
0219;13
0220;13
0221;12
0222;10
0223;3
0224;12
0225;8
0226;10
0227;11
0228;6
0301;12
0302;4
0303;10
0304;12
0305;10
0306;15
0307;19
0308;7
0309;9
0310;10
0311;10
0312;6
0313;8
0314;11
0315;5
0316;7
0317;12
0318;10
0319;3
0320;3
0321;12
0322;5
0323;8
0324;7
0325;4
0326;9
0327;10
0328;4
0329;9
0330;4
0331;4
0401;10
0402;6
0403;9
0404;9
0405;13
0406;12
0407;4
0408;5
0409;13
0410;12
0411;2
0412;4
0413;9
0414;8
0415;5
0416;9
0417;10
0418;8
0419;6
0420;8
0421;10
0422;12
0423;10
0424;7
0425;6
0426;5
0427;7
0428;6
0429;15
0430;13
0501;1
0502;7
0503;6
0504;10
0505;3
0506;7
0507;3
0508;5
0509;10
0510;6
0511;4
0512;7
0513;8
0514;9
0515;13
0516;10
0517;10
0518;4
0519;6
0520;4
0521;4
0522;15
0523;8
0524;7
0525;5
0526;3
0527;5
0528;7
0529;13
0530;9
0531;10
0601;6
0602;10
0603;7
0604;6
0605;8
0606;5
0607;8
0608;8
0609;3
0610;8
0611;6
0612;7
0613;7
0614;8
0615;7
0616;8
0617;7
0618;5
0619;8
0620;9
0621;13
0622;3
0623;10
0624;9
0625;10
0626;9
0627;8
0628;11
0629;9
0630;8
0701;11
0702;10
0703;3
0704;7
0705;6
0706;6
0707;6
0708;9
0709;4
0710;12
0711;12
0712;6
0713;8
0714;11
0715;9
0716;6
0717;10
0718;12
0719;3
0720;4
0721;5
0722;3
0723;9
0724;12
0725;7
0726;11
0727;5
0728;2
0729;9
0730;5
0731;8
0801;9
0802;6
0803;8
0804;4
0805;7
0806;6
0807;9
0808;6
0809;7
0810;9
0811;13
0812;10
0813;9
0814;3
0815;2
0816;9
0817;8
0818;4
0819;6
0820;9
0821;8
0822;5
0823;11
0824;5
0825;6
0826;5
0827;7
0828;13
0829;6
0830;7
0831;11
0901;10
0902;7
0903;11
0904;10
0905;2
0906;7
0907;12
0908;16
0909;5
0910;8
0911;4
0912;9
0913;3
0914;7
0915;10
0916;5
0917;8
0918;8
0919;5
0920;8
0921;13
0922;8
0923;3
0924;9
0925;7
0926;6
0927;8
0928;8
0929;6
0930;7
1001;16
1002;8
1003;5
1004;10
1005;7
1006;10
1007;9
1008;4
1009;7
1010;7
1011;8
1012;5
1013;5
1014;10
1015;6
1016;7
1017;5
1018;8
1019;2
1020;7
1021;8
1022;7
1023;12
1024;6
1025;6
1026;4
1027;8
1028;6
1029;13
1030;7
1031;5
1101;4
1102;10
1103;7
1104;10
1105;4
1106;6
1107;10
1108;7
1109;12
1110;3
1111;8
1112;9
1113;7
1114;7
1115;10
1116;9
1117;6
1118;16
1119;8
1120;7
1121;7
1122;6
1123;9
1124;6
1125;10
1126;4
1127;10
1128;8
1129;6
1130;5
1201;4
1202;7
1203;12
1204;9
1205;7
1206;13
1207;11
1208;11
1209;11
1210;11
1211;12
1212;8
1213;10
1214;7
1215;4
1216;12
1217;8
1218;12
1219;8
1220;9
1221;8
1222;4
1223;3
1224;7
1225;6
1226;5
1227;13
1228;7
1229;6
1230;9
1231;7
