0101;6
0102;8
0103;13
0104;12
0105;11
0106;16
0107;16
0108;9
0109;9
0110;5
0111;14
0112;12
0113;9
0114;11
0115;11
0116;15
0117;11
0118;15
0119;9
0120;16
0121;8
0122;8
0123;11
0124;12
0125;11
0126;11
0127;14
0128;13
0129;10
0130;17
0131;9
0201;6
0202;10
0203;10
0204;15
0205;12
0206;10
0207;16
0208;18
0209;18
0210;12
0211;10
0212;17
0213;10
0214;16
0215;12
0216;22
0217;15
0218;17
0219;12
0220;18
0221;9
0222;12
0223;8
0224;14
0225;23
0226;11
0227;9
0228;12
0301;14
0302;9
0303;12
0304;8
0305;16
0306;17
0307;11
0308;5
0309;7
0310;9
0311;8
0312;9
0313;8
0314;9
0315;8
0316;10
0317;11
0318;7
0319;6
0320;6
0321;10
0322;10
0323;10
0324;9
0325;11
0326;9
0327;12
0328;10
0329;12
0330;14
0331;8
0401;21
0402;12
0403;12
0404;13
0405;11
0406;9
0407;10
0408;7
0409;11
0410;7
0411;5
0412;3
0413;14
0414;12
0415;12
0416;6
0417;6
0418;11
0419;12
0420;11
0421;14
0422;3
0423;9
0424;7
0425;14
0426;6
0427;6
0428;14
0429;9
0430;6
0501;11
0502;13
0503;6
0504;8
0505;10
0506;8
0507;10
0508;8
0509;21
0510;6
0511;11
0512;10
0513;6
0514;5
0515;8
0516;8
0517;9
0518;15
0519;7
0520;14
0521;7
0522;7
0523;8
0524;6
0525;13
0526;12
0527;14
0528;2
0529;8
0530;8
0531;11
0601;10
0602;5
0603;13
0604;6
0605;9
0606;10
0607;13
0608;5
0609;14
0610;12
0611;7
0612;10
0613;1
0614;11
0615;11
0616;8
0617;11
0618;6
0619;13
0620;5
0621;11
0622;5
0623;12
0624;7
0625;13
0626;9
0627;6
0628;6
0629;3
0630;7
0701;8
0702;6
0703;11
0704;9
0705;8
0706;9
0707;10
0708;8
0709;3
0710;13
0711;8
0712;8
0713;8
0714;12
0715;13
0716;14
0717;12
0718;15
0719;7
0720;10
0721;9
0722;8
0723;13
0724;7
0725;7
0726;14
0727;11
0728;11
0729;8
0730;10
0731;4
0801;9
0802;7
0803;7
0804;8
0805;8
0806;10
0807;4
0808;6
0809;10
0810;11
0811;8
0812;12
0813;11
0814;8
0815;12
0816;6
0817;7
0818;3
0819;9
0820;11
0821;10
0822;9
0823;14
0824;7
0825;9
0826;6
0827;5
0828;7
0829;10
0830;8
0831;7
0901;5
0902;15
0903;7
0904;6
0905;14
0906;8
0907;7
0908;5
0909;5
0910;12
0911;10
0912;10
0913;7
0914;4
0915;8
0916;12
0917;9
0918;10
0919;8
0920;8
0921;7
0922;9
0923;14
0924;5
0925;8
0926;7
0927;3
0928;7
0929;8
0930;9
1001;7
1002;10
1003;8
1004;15
1005;6
1006;9
1007;9
1008;6
1009;12
1010;11
1011;8
1012;8
1013;10
1014;12
1015;12
1016;11
1017;10
1018;10
1019;8
1020;8
1021;12
1022;14
1023;9
1024;13
1025;5
1026;11
1027;10
1028;7
1029;9
1030;10
1031;8
1101;9
1102;9
1103;16
1104;8
1105;9
1106;14
1107;6
1108;13
1109;6
1110;7
1111;10
1112;2
1113;5
1114;15
1115;9
1116;15
1117;6
1118;4
1119;11
1120;10
1121;8
1122;8
1123;6
1124;9
1125;8
1126;12
1127;3
1128;7
1129;12
1130;22
1201;8
1202;9
1203;10
1204;12
1205;15
1206;10
1207;17
1208;7
1209;13
1210;12
1211;6
1212;11
1213;8
1214;7
1215;8
1216;14
1217;11
1218;15
1219;11
1220;19
1221;11
1222;14
1223;7
1224;10
1225;11
1226;10
1227;9
1228;8
1229;10
1230;8
1231;11
