0101;15
0102;22
0103;18
0104;12
0105;21
0106;24
0107;19
0108;19
0109;18
0110;16
0111;10
0112;20
0113;25
0114;14
0115;13
0116;14
0117;14
0118;9
0119;18
0120;21
0121;19
0122;17
0123;20
0124;18
0125;12
0126;17
0127;19
0128;20
0129;17
0130;22
0131;16
0201;20
0202;21
0203;15
0204;21
0205;12
0206;20
0207;18
0208;18
0209;18
0210;21
0211;16
0212;8
0213;17
0214;27
0215;20
0216;27
0217;19
0218;24
0219;21
0220;19
0221;22
0222;17
0223;26
0224;13
0225;20
0226;20
0227;16
0228;16
0301;21
0302;12
0303;17
0304;15
0305;11
0306;13
0307;13
0308;21
0309;18
0310;20
0311;17
0312;12
0313;17
0314;11
0315;11
0316;14
0317;14
0318;19
0319;16
0320;15
0321;15
0322;14
0323;17
0324;21
0325;17
0326;17
0327;15
0328;29
0329;21
0330;12
0331;12
0401;11
0402;9
0403;10
0404;16
0405;14
0406;9
0407;17
0408;14
0409;10
0410;8
0411;10
0412;11
0413;12
0414;13
0415;7
0416;15
0417;17
0418;11
0419;10
0420;11
0421;18
0422;10
0423;8
0424;16
0425;14
0426;13
0427;12
0428;11
0429;17
0430;4
0501;12
0502;14
0503;14
0504;10
0505;8
0506;12
0507;17
0508;16
0509;16
0510;13
0511;16
0512;17
0513;14
0514;8
0515;14
0516;17
0517;18
0518;16
0519;9
0520;8
0521;25
0522;19
0523;9
0524;13
0525;15
0526;20
0527;6
0528;11
0529;15
0530;16
0531;19
0601;15
0602;16
0603;8
0604;16
0605;11
0606;15
0607;18
0608;22
0609;17
0610;16
0611;14
0612;8
0613;7
0614;12
0615;12
0616;16
0617;9
0618;6
0619;16
0620;6
0621;12
0622;19
0623;16
0624;16
0625;17
0626;15
0627;14
0628;12
0629;21
0630;14
0701;17
0702;17
0703;17
0704;12
0705;13
0706;17
0707;10
0708;13
0709;5
0710;18
0711;13
0712;19
0713;21
0714;14
0715;17
0716;18
0717;18
0718;7
0719;8
0720;10
0721;15
0722;12
0723;19
0724;17
0725;13
0726;15
0727;12
0728;22
0729;12
0730;18
0731;16
0801;13
0802;13
0803;22
0804;16
0805;7
0806;20
0807;8
0808;10
0809;15
0810;16
0811;13
0812;15
0813;13
0814;18
0815;20
0816;14
0817;14
0818;25
0819;11
0820;14
0821;18
0822;22
0823;13
0824;15
0825;17
0826;14
0827;12
0828;11
0829;15
0830;12
0831;13
0901;13
0902;11
0903;10
0904;12
0905;15
0906;19
0907;8
0908;15
0909;11
0910;20
0911;16
0912;12
0913;19
0914;12
0915;10
0916;16
0917;19
0918;17
0919;15
0920;19
0921;13
0922;11
0923;13
0924;13
0925;10
0926;17
0927;12
0928;14
0929;18
0930;15
1001;16
1002;13
1003;19
1004;15
1005;15
1006;14
1007;19
1008;11
1009;22
1010;19
1011;10
1012;16
1013;13
1014;12
1015;21
1016;27
1017;17
1018;13
1019;13
1020;13
1021;15
1022;10
1023;14
1024;13
1025;21
1026;19
1027;25
1028;22
1029;24
1030;24
1031;25
1101;12
1102;15
1103;14
1104;13
1105;20
1106;23
1107;10
1108;18
1109;21
1110;16
1111;18
1112;20
1113;19
1114;14
1115;14
1116;14
1117;11
1118;14
1119;17
1120;16
1121;10
1122;15
1123;9
1124;15
1125;12
1126;13
1127;16
1128;24
1129;20
1130;19
1201;17
1202;20
1203;19
1204;20
1205;25
1206;18
1207;15
1208;16
1209;20
1210;16
1211;17
1212;16
1213;16
1214;17
1215;12
1216;21
1217;14
1218;19
1219;23
1220;13
1221;23
1222;21
1223;19
1224;21
1225;21
1226;15
1227;16
1228;19
1229;21
1230;17
1231;15
