0101;9
0102;9
0103;7
0104;5
0105;10
0106;5
0107;7
0108;6
0109;14
0110;8
0111;3
0112;6
0113;8
0114;3
0115;3
0116;6
0117;8
0118;7
0119;6
0120;12
0121;6
0122;4
0123;6
0124;11
0125;6
0126;7
0127;6
0128;4
0129;10
0130;8
0131;5
0201;7
0202;5
0203;7
0204;3
0205;10
0206;2
0207;3
0208;7
0209;8
0210;6
0211;4
0212;11
0213;11
0214;8
0215;10
0216;8
0217;5
0218;5
0219;12
0220;12
0221;6
0222;5
0223;2
0224;7
0225;7
0226;7
0227;7
0228;9
0301;6
0302;8
0303;6
0304;3
0305;10
0306;10
0307;4
0308;6
0309;7
0310;10
0311;7
0312;8
0313;5
0314;9
0315;7
0316;11
0317;6
0318;4
0319;9
0320;8
0321;4
0322;7
0323;3
0324;8
0325;8
0326;5
0327;8
0328;5
0329;8
0330;9
0331;8
0401;4
0402;8
0403;7
0404;11
0405;8
0406;7
0407;7
0408;5
0409;7
0410;7
0411;13
0412;8
0413;8
0414;4
0415;1
0416;1
0417;4
0418;1
0419;8
0420;6
0421;4
0422;10
0423;5
0424;10
0425;5
0426;9
0427;11
0428;4
0429;5
0430;11
0501;8
0502;9
0503;8
0504;7
0505;10
0506;7
0507;6
0508;7
0509;9
0510;7
0511;4
0512;7
0513;6
0514;6
0515;7
0516;4
0517;6
0518;8
0519;3
0520;9
0521;6
0522;12
0523;2
0524;5
0525;8
0526;4
0527;10
0528;4
0529;4
0530;7
0531;9
0601;4
0602;13
0603;3
0604;5
0605;3
0606;6
0607;5
0608;13
0609;7
0610;4
0611;4
0612;6
0613;7
0614;6
0615;6
0616;5
0617;8
0618;5
0619;4
0620;2
0621;5
0622;4
0623;3
0624;5
0625;4
0626;5
0627;8
0628;8
0629;8
0630;7
0701;7
0702;8
0703;6
0704;10
0705;6
0706;9
0707;6
0708;7
0709;4
0710;8
0711;6
0712;8
0713;3
0714;7
0715;5
0716;7
0717;11
0718;4
0719;6
0720;9
0721;10
0722;11
0723;7
0724;3
0725;9
0726;4
0727;5
0728;7
0729;8
0730;7
0731;8
0801;6
0802;6
0803;4
0804;5
0805;6
0806;7
0807;2
0808;5
0809;8
0810;2
0811;3
0812;4
0813;6
0814;5
0815;10
0816;6
0817;8
0818;9
0819;2
0820;5
0821;1
0822;9
0823;10
0824;8
0825;5
0826;4
0827;3
0828;4
0829;10
0830;7
0831;5
0901;5
0902;5
0903;4
0904;5
0905;9
0906;5
0907;5
0908;4
0909;7
0910;6
0911;9
0912;8
0913;9
0914;7
0915;4
0916;3
0917;5
0918;10
0919;6
0920;2
0922;2
0923;3
0924;5
0925;5
0926;8
0927;6
0928;7
0929;4
0930;4
1001;6
1002;9
1003;6
1004;10
1005;3
1006;5
1007;6
1008;4
1009;6
1010;6
1011;11
1012;6
1013;4
1014;9
1015;4
1016;5
1017;3
1018;10
1019;7
1020;4
1021;8
1022;6
1023;8
1024;5
1025;8
1026;4
1027;8
1028;1
1029;9
1030;12
1031;17
1101;12
1102;8
1103;8
1104;6
1105;9
1106;9
1107;6
1108;7
1109;5
1110;9
1111;3
1112;13
1113;7
1114;5
1115;3
1116;7
1117;5
1118;8
1119;6
1120;11
1121;5
1122;4
1123;5
1124;3
1125;6
1126;15
1127;10
1128;6
1129;9
1130;4
1201;11
1202;9
1203;6
1204;10
1205;8
1206;5
1207;6
1208;9
1209;13
1210;5
1211;4
1212;8
1213;7
1214;5
1215;2
1216;11
1217;5
1218;8
1219;9
1220;10
1221;3
1222;6
1223;7
1224;13
1225;10
1226;6
1227;7
1228;6
1229;7
1230;5
1231;8
