0101;3
0103;2
0104;6
0105;13
0106;11
0107;8
0108;4
0109;3
0110;7
0111;5
0112;12
0113;6
0114;10
0115;8
0116;9
0117;4
0118;11
0119;7
0120;6
0121;3
0122;8
0123;10
0124;6
0125;10
0126;2
0127;6
0128;3
0129;5
0130;4
0131;5
0201;8
0202;9
0203;7
0204;8
0205;6
0206;10
0207;4
0208;12
0209;6
0210;8
0211;12
0212;8
0213;9
0214;5
0215;5
0216;6
0217;9
0218;3
0219;4
0220;7
0221;4
0222;6
0223;3
0224;6
0225;4
0226;5
0227;15
0228;11
0301;11
0302;6
0303;3
0304;8
0305;5
0306;3
0307;8
0308;5
0309;4
0310;8
0311;10
0312;9
0313;5
0314;7
0315;8
0316;4
0317;5
0318;10
0319;2
0320;8
0321;8
0322;4
0323;6
0324;10
0325;10
0327;5
0328;2
0329;2
0330;3
0331;5
0401;13
0402;6
0403;4
0404;5
0405;5
0407;3
0408;11
0409;3
0410;6
0411;5
0412;7
0413;8
0414;11
0415;7
0416;4
0417;9
0418;9
0419;11
0420;3
0421;5
0422;6
0423;5
0424;8
0425;4
0426;6
0427;7
0428;9
0429;5
0430;3
0501;5
0502;7
0503;9
0504;8
0505;7
0506;6
0507;4
0508;4
0509;4
0510;7
0511;5
0512;7
0513;4
0514;3
0515;8
0516;9
0517;10
0518;8
0519;5
0520;8
0521;4
0522;11
0523;5
0524;4
0525;4
0526;5
0527;5
0528;3
0529;5
0530;3
0531;3
0601;4
0602;3
0603;6
0604;5
0605;4
0606;6
0607;7
0608;7
0609;10
0610;8
0611;8
0612;7
0613;6
0614;8
0615;3
0616;8
0617;4
0618;2
0619;5
0620;7
0621;8
0622;7
0623;4
0624;6
0625;10
0626;6
0627;6
0628;6
0629;7
0630;1
0702;8
0703;6
0704;4
0705;7
0706;3
0707;5
0708;4
0709;2
0710;3
0711;6
0712;8
0713;2
0714;7
0715;9
0716;10
0717;6
0718;7
0719;8
0720;5
0721;4
0722;4
0723;4
0724;6
0725;5
0726;4
0727;4
0728;5
0729;3
0730;6
0731;4
0801;1
0802;2
0803;4
0804;6
0805;4
0806;9
0807;5
0808;6
0809;2
0810;6
0811;5
0812;7
0813;6
0814;4
0815;4
0816;3
0817;3
0818;4
0819;5
0820;3
0821;2
0822;2
0823;3
0824;2
0825;3
0826;5
0827;8
0828;1
0829;4
0830;5
0831;2
0901;6
0902;5
0903;5
0904;10
0905;6
0906;11
0907;4
0908;3
0909;4
0910;5
0911;5
0912;5
0913;5
0914;6
0915;7
0916;5
0917;7
0918;5
0919;9
0920;3
0921;4
0922;8
0923;3
0924;5
0925;4
0926;12
0927;2
0928;3
0929;8
0930;7
1001;4
1002;5
1003;1
1004;5
1005;4
1006;7
1007;3
1008;7
1009;6
1010;4
1011;6
1012;6
1013;5
1014;7
1015;6
1016;8
1017;8
1018;5
1019;6
1020;6
1021;4
1022;3
1023;4
1024;6
1025;5
1026;7
1027;12
1028;7
1029;3
1030;8
1031;5
1101;10
1102;7
1103;3
1104;4
1105;7
1106;6
1107;5
1108;7
1109;4
1110;4
1111;3
1112;5
1113;2
1114;8
1115;7
1116;4
1117;2
1118;3
1119;4
1120;8
1121;4
1122;9
1123;4
1124;7
1125;4
1126;9
1127;6
1128;5
1129;4
1130;6
1201;10
1202;7
1203;7
1204;3
1205;6
1206;6
1207;3
1208;3
1209;3
1210;9
1211;3
1212;4
1213;7
1214;5
1215;8
1216;1
1217;5
1218;12
1219;6
1220;8
1221;6
1222;4
1223;5
1224;3
1225;6
1226;2
1227;8
1228;5
1229;11
1230;6
1231;5
