0101;17
0102;8
0103;22
0104;14
0105;11
0106;14
0107;20
0108;20
0109;19
0110;11
0111;12
0112;19
0113;19
0114;15
0115;16
0116;15
0117;10
0118;8
0119;10
0120;18
0121;21
0122;7
0123;12
0124;19
0125;13
0126;16
0127;12
0128;15
0129;13
0130;10
0131;14
0201;15
0202;13
0203;17
0204;14
0205;8
0206;7
0207;14
0208;22
0209;13
0210;12
0211;18
0212;10
0213;16
0214;16
0215;14
0216;16
0217;24
0218;8
0219;19
0220;14
0221;18
0222;16
0223;13
0224;26
0225;12
0226;15
0227;21
0228;19
0301;21
0302;24
0303;12
0304;13
0305;13
0306;16
0307;15
0308;12
0309;11
0310;19
0311;14
0312;16
0313;16
0314;8
0315;16
0316;13
0317;19
0318;22
0319;9
0320;17
0321;9
0322;10
0323;18
0324;13
0325;12
0326;12
0327;12
0328;18
0329;13
0330;18
0331;8
0401;11
0402;10
0403;17
0404;13
0405;13
0406;11
0407;16
0408;20
0409;13
0410;16
0411;15
0412;8
0413;14
0414;12
0415;11
0416;12
0417;15
0418;13
0419;15
0420;17
0421;13
0422;12
0423;15
0424;14
0425;17
0426;14
0427;11
0428;17
0429;9
0430;17
0501;14
0502;12
0503;12
0504;12
0505;13
0506;12
0507;13
0508;13
0509;17
0510;13
0511;14
0512;14
0513;13
0514;14
0515;17
0516;14
0517;11
0518;15
0519;12
0520;14
0521;14
0522;14
0523;12
0524;15
0525;12
0526;12
0527;10
0528;14
0529;15
0530;19
0531;12
0601;18
0602;18
0603;11
0604;16
0605;18
0606;8
0607;13
0608;11
0609;11
0610;8
0611;15
0612;12
0613;10
0614;16
0615;11
0616;9
0617;12
0618;13
0619;12
0620;10
0621;11
0622;11
0623;11
0624;13
0625;9
0626;12
0627;15
0628;13
0629;8
0630;9
0701;19
0702;15
0703;10
0704;7
0705;13
0706;12
0707;11
0708;12
0709;9
0710;13
0711;7
0712;15
0713;16
0714;8
0715;15
0716;14
0717;15
0718;11
0719;14
0720;8
0721;10
0722;13
0723;15
0724;19
0725;15
0726;15
0727;18
0728;17
0729;8
0730;13
0731;15
0801;16
0802;7
0803;23
0804;19
0805;13
0806;12
0807;10
0808;19
0809;7
0810;13
0811;8
0812;11
0813;16
0814;11
0815;16
0816;7
0817;8
0818;22
0819;15
0820;18
0821;15
0822;17
0823;9
0824;13
0825;14
0826;17
0827;17
0828;10
0829;13
0830;10
0831;12
0901;21
0902;12
0903;17
0904;18
0905;19
0906;16
0907;14
0908;9
0909;13
0910;22
0911;6
0912;12
0913;7
0914;11
0915;18
0916;16
0917;16
0918;10
0919;14
0920;6
0921;9
0922;15
0923;17
0924;16
0925;11
0926;7
0927;7
0928;9
0929;17
0930;12
1000;1
1001;11
1002;6
1003;8
1004;17
1005;16
1006;8
1007;12
1008;11
1009;18
1010;14
1011;14
1012;15
1013;10
1014;13
1015;16
1016;16
1017;18
1018;19
1019;16
1020;9
1021;17
1022;16
1023;19
1024;15
1025;19
1026;13
1027;8
1028;14
1029;11
1030;8
1031;14
1101;17
1102;14
1103;13
1104;18
1105;16
1106;19
1107;12
1108;8
1109;14
1110;10
1111;14
1112;18
1113;19
1114;10
1115;12
1116;15
1117;11
1118;11
1119;13
1120;10
1121;18
1122;14
1123;7
1124;10
1125;12
1126;17
1127;12
1128;26
1129;16
1130;9
1201;17
1202;13
1203;9
1204;16
1205;16
1206;14
1207;10
1208;14
1209;12
1210;18
1211;9
1212;19
1213;19
1214;9
1215;21
1216;14
1217;12
1218;10
1219;20
1220;13
1221;20
1222;10
1223;21
1224;22
1225;22
1226;19
1227;18
1228;20
1229;12
1230;15
1231;17
