0101;21
0102;29
0103;18
0104;17
0105;12
0106;23
0107;18
0108;21
0109;22
0110;14
0111;19
0112;19
0113;22
0114;16
0115;18
0116;21
0117;27
0118;18
0119;23
0120;16
0121;21
0122;17
0123;18
0124;25
0125;17
0126;24
0127;17
0128;21
0129;21
0130;12
0131;15
0201;26
0202;25
0203;23
0204;17
0205;12
0206;23
0207;23
0208;19
0209;25
0210;25
0211;17
0212;20
0213;26
0214;18
0215;30
0216;31
0217;19
0218;23
0219;29
0220;31
0221;29
0222;16
0223;18
0224;14
0225;33
0226;24
0227;22
0228;16
0301;24
0302;19
0303;18
0304;22
0305;12
0306;26
0307;21
0308;29
0309;9
0310;21
0311;24
0312;15
0313;19
0314;21
0315;15
0316;17
0317;27
0318;17
0319;19
0320;17
0321;15
0322;15
0323;16
0324;19
0325;20
0326;15
0327;25
0328;26
0329;20
0330;14
0331;11
0401;18
0402;20
0403;18
0404;16
0405;13
0406;14
0407;23
0408;20
0409;13
0410;19
0411;22
0412;18
0413;18
0414;22
0415;23
0416;15
0417;19
0418;15
0419;12
0420;13
0421;15
0422;19
0423;20
0424;21
0425;15
0426;16
0427;14
0428;15
0429;19
0430;19
0501;17
0502;8
0503;22
0504;26
0505;14
0506;16
0507;25
0508;18
0509;14
0510;20
0511;14
0512;18
0513;26
0514;21
0515;12
0516;15
0517;20
0518;20
0519;29
0520;13
0521;16
0522;13
0523;22
0524;22
0525;20
0526;16
0527;17
0528;15
0529;25
0530;21
0531;15
0601;23
0602;19
0603;14
0604;15
0605;17
0606;22
0607;21
0608;20
0609;15
0610;23
0611;14
0612;17
0613;27
0614;18
0615;21
0616;14
0617;18
0618;20
0619;21
0620;18
0621;22
0622;27
0623;12
0624;22
0625;9
0626;20
0627;17
0628;15
0629;14
0630;14
0701;25
0702;20
0703;15
0704;15
0705;12
0706;10
0707;15
0708;17
0709;19
0710;14
0711;14
0712;14
0713;14
0714;21
0715;22
0716;12
0717;22
0718;13
0719;12
0720;13
0721;17
0722;18
0723;15
0724;16
0725;19
0726;25
0727;14
0728;14
0729;23
0730;23
0731;11
0801;9
0802;14
0803;12
0804;17
0805;14
0806;14
0807;16
0808;15
0809;14
0810;18
0811;17
0812;10
0813;27
0814;11
0815;14
0816;20
0817;9
0818;15
0819;7
0820;23
0821;16
0822;19
0823;19
0824;21
0825;14
0826;12
0827;19
0828;13
0829;15
0830;18
0831;11
0901;14
0902;13
0903;15
0904;14
0905;14
0906;25
0907;14
0908;14
0909;11
0910;17
0911;14
0912;14
0913;14
0914;19
0915;18
0916;17
0917;17
0918;16
0919;11
0920;18
0921;13
0922;15
0923;17
0924;19
0925;16
0926;15
0927;18
0928;13
0929;15
0930;14
1001;11
1002;17
1003;14
1004;13
1005;21
1006;11
1007;14
1008;9
1009;20
1010;24
1011;13
1012;20
1013;16
1014;18
1015;14
1016;27
1017;17
1018;14
1019;12
1020;14
1021;16
1022;15
1023;25
1024;20
1025;15
1026;19
1027;12
1028;11
1029;13
1030;17
1031;6
1101;22
1102;19
1103;15
1104;18
1105;11
1106;10
1107;8
1108;14
1109;14
1110;11
1111;16
1112;12
1113;15
1114;13
1115;15
1116;21
1117;18
1118;17
1119;13
1120;19
1121;18
1122;13
1123;26
1124;26
1125;17
1126;25
1127;16
1128;14
1129;28
1130;22
1201;19
1202;17
1203;19
1204;18
1205;22
1206;14
1207;15
1208;28
1209;29
1210;15
1211;18
1212;13
1213;21
1214;21
1215;17
1216;19
1217;13
1218;13
1219;20
1220;22
1221;11
1222;17
1223;20
1224;13
1225;17
1226;17
1227;17
1228;16
1229;16
1230;14
1231;20
