0101;5
0102;7
0103;7
0104;6
0105;9
0106;12
0107;6
0108;6
0109;10
0110;8
0111;5
0112;7
0113;5
0114;7
0115;8
0116;5
0117;11
0118;6
0119;6
0120;10
0121;6
0122;10
0123;9
0124;11
0125;8
0126;6
0127;8
0128;9
0129;11
0130;9
0131;7
0201;8
0202;5
0203;8
0204;11
0205;13
0206;5
0207;11
0208;7
0209;10
0210;11
0211;10
0212;4
0213;13
0214;13
0215;10
0216;11
0217;10
0218;8
0219;13
0220;11
0221;14
0222;4
0223;8
0224;13
0225;14
0226;2
0227;10
0228;6
0301;4
0302;9
0303;6
0304;7
0305;7
0306;8
0307;11
0308;12
0309;12
0310;3
0311;7
0312;10
0313;6
0314;5
0315;8
0316;10
0317;3
0318;9
0319;4
0320;7
0321;11
0322;6
0323;13
0324;7
0325;8
0326;7
0327;4
0328;7
0329;10
0330;8
0331;5
0401;16
0402;5
0403;6
0404;6
0405;10
0406;3
0407;3
0408;8
0409;6
0410;7
0411;6
0412;13
0413;5
0414;10
0415;7
0416;8
0417;15
0418;9
0419;7
0420;3
0421;10
0422;14
0423;6
0424;18
0425;10
0426;6
0427;11
0428;11
0429;10
0430;8
0501;6
0502;7
0503;2
0504;12
0505;8
0506;7
0507;9
0508;13
0509;3
0510;11
0511;6
0512;11
0513;2
0514;9
0515;9
0516;9
0517;9
0518;11
0519;8
0520;6
0521;11
0522;13
0523;6
0524;4
0525;2
0526;8
0527;5
0528;12
0529;9
0530;8
0531;7
0601;11
0602;13
0603;11
0604;11
0605;5
0606;9
0607;9
0608;12
0609;9
0610;7
0611;11
0612;3
0613;10
0614;9
0615;4
0616;8
0617;5
0618;5
0619;9
0620;7
0621;7
0622;5
0623;6
0624;5
0625;6
0626;9
0627;4
0628;9
0629;12
0630;4
0701;4
0702;10
0703;6
0704;8
0705;12
0706;9
0707;9
0708;13
0709;13
0710;7
0711;9
0712;8
0713;13
0714;9
0715;6
0716;4
0717;10
0718;8
0719;6
0720;3
0721;7
0722;4
0723;7
0724;15
0725;9
0726;7
0727;6
0728;7
0729;11
0730;7
0731;7
0801;8
0802;7
0803;12
0804;7
0805;7
0806;10
0807;7
0808;6
0809;6
0810;4
0811;7
0812;10
0813;6
0814;7
0815;2
0816;5
0817;10
0818;6
0819;8
0820;7
0821;10
0822;5
0823;9
0824;9
0825;6
0826;9
0827;8
0828;12
0829;8
0830;4
0831;6
0901;13
0902;8
0903;9
0904;11
0905;8
0906;7
0907;13
0908;8
0909;6
0910;10
0911;9
0912;3
0913;8
0914;11
0915;5
0916;5
0917;4
0918;8
0919;9
0920;4
0921;6
0922;8
0923;7
0924;8
0925;8
0926;7
0927;8
0928;11
0929;7
0930;6
1001;8
1002;12
1003;7
1004;4
1005;5
1006;8
1007;10
1008;9
1009;5
1010;9
1011;8
1012;9
1013;9
1014;6
1015;9
1016;12
1017;7
1018;9
1019;10
1020;5
1021;12
1022;4
1023;6
1024;6
1025;10
1026;9
1027;5
1028;11
1029;5
1030;6
1031;8
1100;1
1101;4
1102;6
1103;10
1104;11
1105;10
1106;5
1107;4
1108;7
1109;8
1110;11
1111;10
1112;8
1113;12
1114;8
1115;12
1116;7
1117;6
1118;7
1119;10
1120;6
1121;6
1122;5
1123;13
1124;5
1125;6
1126;6
1127;8
1128;7
1129;9
1130;5
1201;7
1202;11
1203;6
1204;12
1205;12
1206;13
1207;5
1208;9
1209;5
1210;6
1211;11
1212;11
1213;9
1214;13
1215;5
1216;8
1217;9
1218;11
1219;11
1220;8
1221;8
1222;8
1223;12
1224;4
1225;7
1226;12
1227;11
1228;4
1229;6
1230;7
1231;10
