0101;11
0102;14
0103;10
0104;17
0105;13
0106;22
0107;17
0108;12
0109;10
0110;9
0111;11
0112;21
0113;16
0114;18
0115;15
0116;13
0117;16
0118;14
0119;16
0120;13
0121;11
0122;10
0123;10
0124;17
0125;21
0126;12
0127;13
0128;15
0129;15
0130;13
0131;14
0201;8
0202;15
0203;14
0204;18
0205;20
0206;17
0207;16
0208;18
0209;7
0210;10
0211;14
0212;20
0213;12
0214;11
0215;14
0216;15
0217;20
0218;19
0219;13
0220;10
0221;15
0222;18
0223;16
0224;10
0225;17
0226;17
0227;14
0228;17
0301;12
0302;10
0303;13
0304;9
0305;14
0306;10
0307;15
0308;14
0309;13
0310;13
0311;9
0312;12
0313;12
0314;12
0315;6
0316;16
0317;13
0318;11
0319;12
0320;13
0321;15
0322;17
0323;17
0324;14
0325;10
0326;20
0327;21
0328;23
0329;14
0330;12
0331;16
0401;12
0402;9
0403;12
0404;14
0405;13
0406;14
0407;16
0408;8
0409;14
0410;16
0411;10
0412;11
0413;15
0414;21
0415;13
0416;22
0417;9
0418;13
0419;19
0420;18
0421;13
0422;13
0423;10
0424;12
0425;13
0426;13
0427;12
0428;10
0429;10
0430;15
0501;11
0502;13
0503;13
0504;21
0505;15
0506;14
0507;15
0508;17
0509;13
0510;15
0511;14
0512;13
0513;14
0514;7
0515;14
0516;12
0517;11
0518;8
0519;11
0520;11
0521;15
0522;13
0523;12
0524;18
0525;17
0526;14
0527;14
0528;18
0529;13
0530;10
0531;17
0601;10
0602;15
0603;11
0604;6
0605;18
0606;12
0607;11
0608;12
0609;12
0610;8
0611;10
0612;16
0613;16
0614;16
0615;8
0616;6
0617;15
0618;14
0619;11
0620;8
0621;11
0622;18
0623;10
0624;12
0625;10
0626;12
0627;13
0628;14
0629;12
0630;9
0701;9
0702;15
0703;13
0704;15
0705;15
0706;12
0707;9
0708;20
0709;16
0710;8
0711;19
0712;12
0713;17
0714;11
0715;6
0716;8
0717;14
0718;8
0719;9
0720;9
0721;12
0722;7
0723;9
0724;14
0725;19
0726;18
0727;9
0728;9
0729;11
0730;15
0731;14
0801;9
0802;11
0803;11
0804;13
0805;9
0806;15
0807;9
0808;12
0809;12
0810;11
0811;10
0812;16
0813;15
0814;18
0815;13
0816;14
0817;9
0818;3
0819;8
0820;11
0821;13
0822;12
0823;14
0824;7
0825;11
0826;9
0827;12
0828;16
0829;12
0830;11
0831;13
0901;14
0902;16
0903;8
0904;14
0905;10
0906;13
0907;14
0908;11
0909;6
0910;10
0911;13
0912;13
0913;14
0914;11
0915;12
0916;7
0917;10
0918;12
0919;13
0920;12
0921;13
0922;14
0923;13
0924;12
0925;8
0926;12
0927;11
0928;8
0929;3
0930;14
1001;13
1002;7
1003;16
1004;13
1005;13
1006;14
1007;20
1008;16
1009;15
1010;20
1011;13
1012;18
1013;7
1014;13
1015;9
1016;15
1017;14
1018;10
1019;11
1020;13
1021;7
1022;13
1023;10
1024;15
1025;19
1026;17
1027;12
1028;11
1029;13
1030;13
1031;10
1101;18
1102;9
1103;17
1104;10
1105;7
1106;14
1107;12
1108;12
1109;10
1110;7
1111;12
1112;13
1113;11
1114;13
1115;9
1116;10
1117;14
1118;10
1119;21
1120;11
1121;15
1122;12
1123;9
1124;14
1125;14
1126;10
1127;8
1128;15
1129;7
1130;15
1201;11
1202;15
1203;23
1204;13
1205;15
1206;13
1207;21
1208;16
1209;18
1210;17
1211;11
1212;14
1213;8
1214;10
1215;20
1216;16
1217;18
1218;8
1219;15
1220;14
1221;9
1222;15
1223;15
1224;10
1225;9
1226;17
1227;18
1228;6
1229;15
1230;17
1231;15
