0101;17
0102;14
0103;18
0104;14
0105;18
0106;12
0107;15
0108;18
0109;20
0110;16
0111;17
0112;24
0113;22
0114;18
0115;21
0116;13
0117;15
0118;18
0119;17
0120;9
0121;29
0122;15
0123;18
0124;18
0125;19
0126;13
0127;14
0128;19
0129;21
0130;17
0131;21
0201;16
0202;11
0203;12
0204;16
0205;11
0206;18
0207;13
0208;16
0209;25
0210;22
0211;25
0212;18
0213;12
0214;23
0215;25
0216;24
0217;17
0218;16
0219;13
0220;20
0221;25
0222;22
0223;26
0224;14
0225;17
0226;22
0227;31
0228;21
0301;24
0302;22
0303;23
0304;16
0305;18
0306;19
0307;17
0308;10
0309;10
0310;16
0311;16
0312;19
0313;18
0314;9
0315;22
0316;10
0317;21
0318;23
0319;11
0320;15
0321;6
0322;17
0323;16
0324;17
0325;14
0326;14
0327;26
0328;17
0329;14
0330;11
0331;18
0401;16
0402;13
0403;15
0404;6
0405;18
0406;8
0407;11
0408;14
0409;15
0410;18
0411;19
0412;12
0413;21
0414;20
0415;14
0416;20
0417;22
0418;14
0419;9
0420;17
0421;16
0422;13
0423;20
0424;13
0425;8
0426;16
0427;10
0428;12
0429;13
0430;12
0501;19
0502;16
0503;18
0504;23
0505;15
0506;7
0507;13
0508;19
0509;22
0510;13
0511;13
0512;16
0513;15
0514;15
0515;10
0516;17
0517;14
0518;13
0519;11
0520;16
0521;8
0522;17
0523;15
0524;14
0525;17
0526;13
0527;21
0528;12
0529;16
0530;19
0531;10
0601;19
0602;19
0603;24
0604;14
0605;16
0606;12
0607;15
0608;8
0609;15
0610;16
0611;12
0612;20
0613;8
0614;15
0615;20
0616;13
0617;14
0618;10
0619;22
0620;12
0621;18
0622;12
0623;12
0624;12
0625;10
0626;13
0627;17
0628;19
0629;12
0630;13
0701;16
0702;12
0703;18
0704;16
0705;10
0706;8
0707;12
0708;14
0709;13
0710;15
0711;11
0712;18
0713;11
0714;13
0715;15
0716;23
0717;19
0718;13
0719;12
0720;16
0721;9
0722;17
0723;15
0724;10
0725;14
0726;12
0727;15
0728;21
0729;20
0730;9
0731;10
0801;11
0802;14
0803;15
0804;11
0805;16
0806;21
0807;12
0808;16
0809;12
0810;21
0811;12
0812;13
0813;15
0814;17
0815;13
0816;11
0817;11
0818;15
0819;12
0820;12
0821;17
0822;13
0823;18
0824;9
0825;18
0826;14
0827;11
0828;10
0829;10
0830;10
0831;13
0901;15
0902;8
0903;13
0904;22
0905;11
0906;14
0907;12
0908;10
0909;15
0910;10
0911;17
0912;18
0913;15
0914;16
0915;14
0916;16
0917;7
0918;17
0919;13
0920;14
0921;15
0922;11
0923;15
0924;11
0925;10
0926;10
0927;13
0928;9
0929;18
0930;21
1001;15
1002;9
1003;12
1004;14
1005;16
1006;11
1007;12
1008;11
1009;17
1010;17
1011;14
1012;12
1013;14
1014;14
1015;19
1016;14
1017;15
1018;16
1019;17
1020;15
1021;13
1022;12
1023;18
1024;11
1025;14
1026;13
1027;13
1028;14
1029;16
1030;16
1031;9
1101;10
1102;22
1103;16
1104;19
1105;13
1106;18
1107;7
1108;15
1109;17
1110;13
1111;18
1112;12
1113;26
1114;19
1115;13
1116;11
1117;18
1118;12
1119;13
1120;25
1121;19
1122;22
1123;16
1124;16
1125;13
1126;14
1127;15
1128;10
1129;13
1130;20
1201;14
1202;23
1203;18
1204;16
1205;18
1206;9
1207;12
1208;15
1209;19
1210;12
1211;26
1212;13
1213;12
1214;21
1215;18
1216;15
1217;25
1218;11
1219;14
1220;19
1221;20
1222;15
1223;17
1224;14
1225;15
1226;11
1227;14
1228;13
1229;21
1230;18
1231;12
