0101;28
0102;29
0103;26
0104;27
0105;34
0106;22
0107;19
0108;24
0109;31
0110;44
0111;22
0112;32
0113;25
0114;31
0115;30
0116;33
0117;28
0118;31
0119;31
0120;38
0121;27
0122;31
0123;37
0124;28
0125;33
0126;34
0127;34
0128;45
0129;27
0130;41
0131;29
0201;29
0202;24
0203;26
0204;29
0205;43
0206;47
0207;38
0208;28
0209;31
0210;35
0211;33
0212;36
0213;32
0214;38
0215;24
0216;41
0217;39
0218;49
0219;37
0220;36
0221;35
0222;37
0223;32
0224;25
0225;35
0226;31
0227;37
0228;38
0301;40
0302;37
0303;24
0304;33
0305;23
0306;38
0307;39
0308;36
0309;41
0310;31
0311;41
0312;23
0313;22
0314;28
0315;29
0316;36
0317;37
0318;20
0319;21
0320;35
0321;27
0322;24
0323;42
0324;30
0325;29
0326;30
0327;33
0328;37
0329;26
0330;27
0331;25
0401;31
0402;28
0403;23
0404;37
0405;34
0406;23
0407;29
0408;28
0409;32
0410;23
0411;37
0412;22
0413;36
0414;25
0415;28
0416;29
0417;17
0418;31
0419;23
0420;21
0421;24
0422;18
0423;22
0424;29
0425;27
0426;23
0427;25
0428;39
0429;34
0430;30
0500;1
0501;23
0502;35
0503;29
0504;28
0505;31
0506;30
0507;25
0508;41
0509;19
0510;18
0511;25
0512;12
0513;30
0514;24
0515;29
0516;24
0517;20
0518;38
0519;21
0520;22
0521;20
0522;28
0523;31
0524;16
0525;19
0526;23
0527;36
0528;28
0529;34
0530;22
0531;17
0601;25
0602;36
0603;23
0604;26
0605;29
0606;28
0607;26
0608;27
0609;20
0610;35
0611;28
0612;24
0613;23
0614;26
0615;32
0616;17
0617;23
0618;22
0619;28
0620;24
0621;29
0622;29
0623;25
0624;24
0625;15
0626;25
0627;19
0628;27
0629;24
0630;28
0701;22
0702;23
0703;26
0704;28
0705;26
0706;24
0707;29
0708;24
0709;33
0710;28
0711;21
0712;28
0713;17
0714;26
0715;27
0716;17
0717;29
0718;28
0719;33
0720;29
0721;28
0722;20
0723;24
0724;15
0725;13
0726;28
0727;26
0728;30
0729;28
0730;36
0731;25
0801;32
0802;23
0803;29
0804;25
0805;23
0806;17
0807;26
0808;20
0809;20
0810;23
0811;33
0812;19
0813;13
0814;23
0815;24
0816;24
0817;28
0818;23
0819;24
0820;27
0821;25
0822;29
0823;23
0824;19
0825;27
0826;31
0827;20
0828;22
0829;29
0830;22
0831;15
0901;22
0902;24
0903;33
0904;31
0905;32
0906;28
0907;27
0908;15
0909;28
0910;24
0911;27
0912;28
0913;29
0914;23
0915;21
0916;22
0917;26
0918;23
0919;27
0920;32
0921;32
0922;24
0923;32
0924;23
0925;30
0926;25
0927;26
0928;22
0929;16
0930;28
1001;28
1002;26
1003;40
1004;24
1005;32
1006;33
1007;19
1008;27
1009;28
1010;27
1011;27
1012;25
1013;23
1014;27
1015;30
1016;31
1017;18
1018;26
1019;30
1020;29
1021;30
1022;24
1023;20
1024;26
1025;31
1026;28
1027;27
1028;32
1029;24
1030;24
1031;19
1101;30
1102;41
1103;27
1104;31
1105;30
1106;33
1107;36
1108;24
1109;33
1110;30
1111;25
1112;32
1113;36
1114;33
1115;27
1116;21
1117;31
1118;25
1119;29
1120;22
1121;23
1122;27
1123;19
1124;29
1125;32
1126;33
1127;25
1128;25
1129;23
1130;34
1201;22
1202;20
1203;28
1204;25
1205;28
1206;33
1207;39
1208;33
1209;35
1210;29
1211;24
1212;36
1213;37
1214;27
1215;29
1216;33
1217;32
1218;30
1219;15
1220;30
1221;30
1222;29
1223;30
1224;30
1225;23
1226;28
1227;30
1228;35
1229;32
1230;35
1231;16
