0101;6
0102;7
0103;10
0104;9
0105;4
0106;11
0107;2
0108;8
0109;7
0110;4
0111;1
0112;8
0113;5
0114;10
0115;2
0116;7
0117;2
0118;5
0119;4
0120;5
0121;7
0122;6
0123;4
0124;8
0125;6
0126;6
0127;3
0128;10
0129;5
0130;7
0131;5
0201;6
0202;4
0203;3
0204;4
0205;10
0206;6
0207;7
0208;9
0209;7
0210;4
0211;11
0212;7
0213;7
0214;4
0215;14
0216;9
0217;6
0218;4
0219;2
0220;6
0221;10
0222;9
0223;9
0224;4
0225;11
0226;4
0227;7
0228;4
0301;7
0302;8
0303;7
0304;2
0305;2
0306;3
0307;1
0308;7
0309;6
0310;3
0311;5
0312;6
0313;2
0314;8
0315;6
0316;6
0317;3
0318;3
0319;2
0320;6
0321;3
0322;8
0323;2
0324;5
0325;9
0326;4
0327;4
0328;6
0329;10
0330;5
0331;10
0401;7
0402;4
0403;2
0405;5
0406;4
0407;3
0408;4
0409;6
0410;6
0411;4
0412;4
0413;6
0414;6
0415;10
0416;9
0417;8
0418;4
0419;7
0420;3
0421;6
0422;2
0423;5
0424;3
0425;4
0426;4
0427;4
0428;3
0429;3
0430;5
0501;5
0502;4
0503;4
0504;1
0505;5
0506;5
0507;4
0508;4
0509;6
0510;4
0512;5
0513;6
0514;2
0515;1
0516;5
0517;6
0518;4
0519;5
0520;3
0521;3
0522;5
0523;4
0524;7
0525;2
0526;6
0527;3
0528;3
0529;5
0530;6
0531;2
0601;1
0602;5
0603;5
0604;3
0605;11
0606;5
0607;5
0608;4
0609;5
0610;4
0611;5
0612;3
0613;6
0614;4
0615;4
0616;7
0617;3
0618;7
0619;2
0620;5
0621;6
0622;2
0623;4
0624;6
0625;4
0626;9
0627;6
0628;6
0629;6
0630;3
0701;6
0702;7
0703;4
0704;7
0705;5
0706;1
0707;3
0708;2
0709;7
0710;7
0711;6
0712;3
0713;6
0714;3
0716;11
0717;2
0718;4
0719;5
0720;3
0721;6
0722;5
0723;2
0724;4
0725;6
0726;2
0727;2
0728;4
0729;9
0730;4
0731;4
0801;5
0802;1
0803;7
0804;2
0805;3
0806;6
0807;6
0808;9
0809;2
0810;3
0811;5
0812;8
0813;6
0814;5
0815;11
0816;3
0817;3
0818;3
0819;4
0820;4
0821;3
0822;4
0823;5
0824;10
0825;5
0826;3
0827;7
0828;5
0829;3
0830;1
0831;3
0901;1
0902;5
0903;3
0904;3
0905;3
0906;3
0907;3
0908;5
0909;5
0910;2
0911;7
0912;5
0913;5
0914;5
0915;1
0916;4
0917;5
0918;4
0919;5
0920;3
0921;3
0922;5
0923;7
0924;7
0925;6
0926;7
0927;3
0928;3
0929;6
0930;4
1001;5
1002;4
1003;4
1004;3
1005;1
1006;8
1007;4
1008;5
1009;1
1010;7
1011;5
1012;6
1013;4
1014;6
1015;3
1016;5
1017;2
1018;5
1019;7
1020;5
1021;3
1022;5
1023;3
1024;4
1025;6
1026;5
1027;7
1028;8
1029;2
1030;3
1031;6
1101;4
1102;5
1103;3
1104;5
1105;1
1106;2
1107;4
1108;7
1109;6
1110;3
1111;1
1112;5
1113;3
1114;6
1115;7
1116;4
1117;2
1118;5
1119;2
1120;5
1121;6
1122;6
1123;4
1124;5
1125;7
1126;6
1127;5
1128;4
1129;2
1130;6
1201;3
1202;9
1203;3
1204;6
1205;3
1206;3
1207;6
1208;3
1209;9
1210;5
1211;5
1212;5
1213;2
1214;1
1215;7
1216;6
1217;5
1219;9
1220;4
1221;4
1222;4
1223;1
1224;4
1225;5
1226;11
1227;2
1228;1
1229;6
1230;7
1231;8
