0101;6
0102;11
0103;8
0104;8
0105;6
0106;5
0107;6
0108;6
0109;7
0110;4
0111;6
0112;9
0113;7
0114;9
0115;7
0116;12
0117;6
0118;7
0119;4
0120;5
0121;10
0122;4
0123;6
0124;8
0125;12
0126;2
0127;13
0128;5
0129;10
0130;9
0131;5
0201;7
0202;9
0203;9
0204;8
0205;7
0206;8
0207;10
0208;10
0209;7
0210;3
0211;9
0212;5
0213;12
0214;4
0215;10
0216;8
0217;11
0218;4
0219;5
0220;4
0221;8
0222;6
0223;6
0224;5
0225;5
0226;8
0227;8
0228;9
0301;6
0302;9
0303;6
0304;7
0305;10
0306;9
0307;5
0308;3
0309;2
0310;7
0311;5
0312;5
0313;9
0314;5
0315;8
0316;7
0317;10
0318;3
0319;4
0320;4
0321;7
0322;7
0323;10
0324;4
0325;5
0326;8
0327;7
0328;4
0329;2
0330;10
0331;4
0401;13
0402;7
0403;9
0404;4
0405;8
0406;9
0407;8
0408;6
0409;6
0410;7
0411;6
0412;13
0413;5
0414;7
0415;7
0416;5
0417;5
0418;4
0419;7
0420;3
0421;7
0422;4
0423;10
0424;11
0425;8
0426;12
0427;4
0428;5
0429;12
0430;7
0501;4
0502;5
0503;8
0504;5
0505;8
0506;7
0507;4
0508;4
0509;5
0510;5
0511;3
0512;6
0513;2
0514;9
0515;7
0516;5
0517;4
0518;1
0519;3
0520;8
0521;6
0522;6
0523;7
0524;8
0525;7
0526;5
0527;6
0528;5
0529;5
0530;6
0531;3
0601;3
0602;6
0603;8
0604;6
0605;8
0606;8
0607;5
0608;9
0609;7
0610;4
0611;11
0612;12
0613;4
0614;10
0615;9
0616;4
0617;3
0618;4
0619;8
0620;6
0621;8
0622;6
0623;8
0624;9
0625;2
0626;7
0627;6
0628;5
0629;7
0630;8
0701;2
0702;6
0703;3
0704;7
0705;7
0706;10
0707;6
0708;7
0709;12
0710;5
0711;7
0712;11
0713;5
0714;8
0715;5
0716;9
0717;3
0718;11
0719;6
0720;12
0721;5
0722;8
0723;4
0724;9
0725;5
0726;7
0727;6
0728;9
0729;12
0730;4
0731;5
0801;4
0802;6
0803;9
0804;5
0805;5
0806;4
0807;4
0808;2
0809;8
0810;3
0811;4
0812;8
0813;5
0814;6
0815;1
0816;5
0817;10
0818;5
0819;6
0820;6
0821;5
0822;7
0823;6
0824;3
0825;3
0826;2
0827;3
0828;8
0829;7
0830;6
0831;6
0901;10
0902;5
0903;6
0904;5
0905;4
0906;7
0907;9
0908;10
0909;6
0910;3
0911;8
0912;6
0913;4
0914;5
0915;5
0916;6
0917;4
0918;2
0919;6
0920;6
0921;6
0922;3
0923;12
0924;4
0925;3
0926;6
0927;8
0928;5
0929;8
0930;1
1001;5
1002;4
1003;6
1004;10
1005;5
1006;8
1007;5
1008;5
1009;11
1010;5
1011;9
1012;4
1013;6
1014;4
1015;4
1016;4
1017;6
1018;5
1019;6
1020;12
1021;7
1022;5
1023;4
1024;6
1025;3
1026;5
1027;5
1028;6
1029;6
1030;4
1031;6
1101;7
1102;8
1103;1
1104;6
1105;7
1106;8
1107;5
1108;2
1109;7
1110;7
1111;6
1112;8
1113;5
1114;5
1115;4
1116;12
1117;5
1118;7
1119;8
1120;6
1121;2
1122;8
1123;3
1124;4
1125;4
1126;7
1127;5
1128;4
1129;12
1130;6
1201;3
1202;2
1203;9
1204;10
1205;4
1206;4
1207;10
1208;6
1209;5
1210;11
1211;5
1212;9
1213;5
1214;10
1215;6
1216;10
1217;9
1218;3
1219;7
1220;2
1221;4
1222;6
1223;7
1224;6
1225;10
1226;1
1227;8
1228;10
1229;3
1230;8
1231;8
