0101;19
0102;19
0103;16
0104;15
0105;9
0106;13
0107;14
0108;16
0109;24
0110;17
0111;18
0112;13
0113;12
0114;14
0115;15
0116;14
0117;22
0118;19
0119;16
0120;11
0121;16
0122;14
0123;17
0124;12
0125;16
0126;17
0127;11
0128;11
0129;18
0130;19
0131;19
0201;17
0202;14
0203;14
0204;18
0205;19
0206;14
0207;15
0208;23
0209;23
0210;13
0211;20
0212;14
0213;22
0214;22
0215;18
0216;12
0217;22
0218;18
0219;19
0220;21
0221;23
0222;19
0223;24
0224;22
0225;20
0226;17
0227;14
0228;17
0300;1
0301;22
0302;16
0303;13
0304;13
0305;15
0306;11
0307;13
0308;20
0309;16
0310;9
0311;9
0312;16
0313;17
0314;13
0315;5
0316;13
0317;22
0318;16
0319;12
0320;15
0321;17
0322;14
0323;17
0324;16
0325;15
0326;21
0327;13
0328;17
0329;20
0330;12
0331;13
0401;13
0402;10
0403;22
0404;22
0405;13
0406;15
0407;24
0408;13
0409;18
0410;10
0411;24
0412;14
0413;17
0414;19
0415;13
0416;12
0417;10
0418;18
0419;12
0420;16
0421;14
0422;10
0423;13
0424;7
0425;12
0426;11
0427;11
0428;7
0429;16
0430;15
0501;18
0502;17
0503;14
0504;12
0505;15
0506;12
0507;14
0508;14
0509;18
0510;19
0511;8
0512;16
0513;14
0514;12
0515;14
0516;15
0517;17
0518;15
0519;14
0520;19
0521;12
0522;19
0523;10
0524;18
0525;4
0526;15
0527;19
0528;11
0529;15
0530;14
0531;11
0600;1
0601;16
0602;20
0603;17
0604;14
0605;12
0606;21
0607;10
0608;9
0609;12
0610;20
0611;10
0612;7
0613;15
0614;15
0615;16
0616;13
0617;12
0618;12
0619;14
0620;17
0621;17
0622;18
0623;11
0624;15
0625;13
0626;11
0627;15
0628;17
0629;9
0630;21
0701;23
0702;14
0703;12
0704;14
0705;6
0706;17
0707;16
0708;7
0709;16
0710;17
0711;19
0712;14
0713;8
0714;12
0715;14
0716;14
0717;16
0718;13
0719;16
0720;14
0721;13
0722;15
0723;23
0724;14
0725;14
0726;10
0727;7
0728;13
0729;14
0730;22
0731;14
0801;14
0802;18
0803;8
0804;17
0805;10
0806;11
0807;8
0808;11
0809;12
0810;10
0811;8
0812;13
0813;17
0814;20
0815;10
0816;15
0817;12
0818;10
0819;13
0820;13
0821;10
0822;16
0823;9
0824;14
0825;7
0826;10
0827;7
0828;15
0829;15
0830;18
0831;17
0901;18
0902;17
0903;11
0904;12
0905;10
0906;10
0907;9
0908;12
0909;10
0910;13
0911;16
0912;12
0913;12
0914;15
0915;15
0916;16
0917;10
0918;18
0919;15
0920;19
0921;13
0922;5
0923;17
0924;9
0925;21
0926;13
0927;21
0928;13
0929;10
0930;13
1001;14
1002;14
1003;18
1004;9
1005;15
1006;11
1007;15
1008;7
1009;16
1010;14
1011;8
1012;13
1013;15
1014;12
1015;11
1016;11
1017;20
1018;14
1019;9
1020;18
1021;10
1022;19
1023;11
1024;19
1025;16
1026;10
1027;10
1028;15
1029;9
1030;9
1031;13
1101;19
1102;9
1103;16
1104;8
1105;19
1106;16
1107;24
1108;16
1109;13
1110;17
1111;11
1112;14
1113;12
1114;7
1115;11
1116;13
1117;12
1118;21
1119;9
1120;14
1121;9
1122;17
1123;12
1124;11
1125;14
1126;14
1127;12
1128;14
1129;21
1130;10
1201;17
1202;17
1203;14
1204;15
1205;14
1206;15
1207;12
1208;17
1209;20
1210;15
1211;13
1212;11
1213;13
1214;12
1215;24
1216;12
1217;18
1218;13
1219;10
1220;14
1221;15
1222;11
1223;18
1224;9
1225;16
1226;14
1227;9
1228;16
1229;18
1230;9
1231;17
