0101;6
0102;5
0103;4
0104;4
0105;2
0106;6
0107;4
0108;8
0109;8
0110;7
0111;3
0112;4
0113;6
0114;3
0115;7
0116;3
0117;7
0118;6
0119;6
0120;3
0121;4
0122;5
0123;7
0124;5
0125;6
0126;8
0127;3
0128;6
0129;6
0130;5
0131;3
0201;6
0202;6
0203;5
0204;4
0205;3
0206;2
0207;2
0208;3
0209;10
0210;5
0211;5
0212;7
0213;5
0214;5
0215;5
0216;5
0217;9
0218;5
0219;5
0220;6
0221;4
0222;5
0223;6
0224;2
0225;4
0226;5
0227;5
0228;3
0301;4
0302;2
0303;3
0304;4
0305;3
0306;7
0307;2
0308;5
0309;2
0310;6
0311;3
0312;4
0313;1
0314;1
0315;5
0316;5
0317;3
0318;4
0319;1
0320;5
0321;1
0322;1
0323;6
0324;2
0325;2
0326;3
0327;5
0328;4
0329;2
0330;3
0331;3
0401;3
0402;12
0403;6
0404;4
0405;4
0406;4
0407;3
0408;6
0409;7
0410;3
0411;5
0412;5
0413;5
0414;5
0415;11
0416;3
0417;5
0418;3
0419;9
0420;3
0421;7
0422;2
0423;7
0424;3
0425;1
0426;2
0427;5
0428;2
0429;7
0430;3
0501;3
0502;7
0503;4
0505;1
0506;4
0507;5
0508;6
0509;6
0511;6
0512;2
0513;4
0514;7
0515;4
0516;4
0517;4
0518;4
0519;2
0520;3
0521;2
0522;8
0523;3
0524;5
0525;1
0526;6
0527;5
0528;2
0529;4
0530;1
0531;6
0601;4
0602;4
0603;6
0604;7
0605;4
0606;5
0607;2
0608;2
0609;1
0610;3
0611;6
0612;2
0613;3
0614;6
0615;6
0616;2
0617;2
0618;3
0619;8
0620;5
0621;2
0622;4
0623;5
0624;7
0625;6
0626;6
0627;3
0628;4
0629;6
0630;4
0701;4
0702;5
0703;5
0704;3
0705;3
0706;6
0707;1
0708;9
0709;5
0710;5
0711;4
0712;5
0713;7
0714;7
0715;6
0716;7
0717;4
0718;3
0719;6
0720;2
0721;6
0722;3
0723;3
0724;2
0725;3
0726;6
0727;5
0728;3
0729;4
0730;2
0731;4
0801;3
0802;3
0803;3
0804;2
0805;6
0806;3
0807;2
0808;3
0809;8
0810;2
0811;1
0812;4
0813;1
0814;1
0815;3
0816;2
0817;3
0818;6
0819;5
0820;5
0821;3
0822;5
0823;5
0824;5
0825;8
0826;3
0827;7
0828;2
0830;2
0831;6
0901;3
0902;2
0903;7
0904;2
0905;3
0906;1
0907;3
0908;3
0909;2
0910;3
0911;4
0912;2
0913;3
0914;1
0915;3
0916;3
0917;7
0918;6
0919;1
0920;3
0921;3
0922;4
0923;2
0924;7
0925;3
0926;4
0927;4
0928;5
0929;3
0930;4
1001;4
1002;1
1003;4
1004;3
1005;5
1006;2
1007;2
1008;2
1009;8
1010;5
1011;5
1012;5
1013;6
1014;9
1015;5
1016;6
1017;1
1018;2
1019;8
1020;7
1021;3
1023;3
1024;7
1025;3
1026;3
1027;3
1028;5
1029;3
1030;4
1031;2
1101;3
1102;3
1103;3
1104;6
1105;5
1106;4
1107;5
1108;4
1109;4
1110;3
1111;2
1112;7
1113;2
1114;4
1115;6
1116;2
1117;5
1118;4
1119;4
1120;2
1121;4
1122;3
1123;3
1124;4
1125;5
1126;6
1127;1
1128;3
1129;7
1130;4
1201;4
1202;2
1203;3
1204;1
1205;5
1206;2
1207;4
1208;3
1209;6
1210;7
1211;3
1212;8
1213;4
1214;1
1215;2
1216;4
1217;4
1218;3
1219;3
1220;4
1221;7
1222;3
1224;4
1225;7
1226;7
1227;4
1228;6
1229;7
1230;6
1231;5
