0101;12
0102;7
0103;8
0104;10
0105;14
0106;12
0107;8
0108;9
0109;8
0110;11
0111;14
0112;3
0113;9
0114;10
0115;8
0116;8
0117;15
0118;6
0119;10
0120;10
0121;8
0122;5
0123;11
0124;8
0125;14
0126;11
0127;16
0128;8
0129;12
0130;9
0131;12
0201;8
0202;11
0203;14
0204;12
0205;9
0206;12
0207;9
0208;11
0209;11
0210;11
0211;14
0212;8
0213;10
0214;8
0215;14
0216;10
0217;14
0218;12
0219;9
0220;12
0221;11
0222;9
0223;17
0224;9
0225;18
0226;11
0227;9
0228;8
0301;16
0302;5
0303;12
0304;5
0305;7
0306;17
0307;11
0308;13
0309;4
0310;9
0311;6
0312;10
0313;8
0314;14
0315;17
0316;6
0317;11
0318;6
0319;6
0320;9
0321;17
0322;9
0323;9
0324;8
0325;9
0326;10
0327;7
0328;7
0329;12
0330;7
0331;12
0401;13
0402;10
0403;6
0404;12
0405;8
0406;15
0407;12
0408;9
0409;18
0410;15
0411;13
0412;10
0413;9
0414;12
0415;13
0416;11
0417;11
0418;11
0419;13
0420;5
0421;11
0422;9
0423;9
0424;13
0425;12
0426;6
0427;9
0428;10
0429;11
0430;12
0501;9
0502;7
0503;9
0504;12
0505;7
0506;8
0507;8
0508;12
0509;8
0510;9
0511;9
0512;8
0513;9
0514;12
0515;13
0516;9
0517;16
0518;7
0519;5
0520;14
0521;11
0522;16
0523;9
0524;11
0525;12
0526;10
0527;9
0528;9
0529;13
0530;11
0531;8
0601;8
0602;11
0603;12
0604;6
0605;15
0606;13
0607;6
0608;13
0609;9
0610;6
0611;8
0612;8
0613;8
0614;9
0615;17
0616;10
0617;9
0618;11
0619;10
0620;10
0621;8
0622;12
0623;11
0624;9
0625;11
0626;8
0627;12
0628;11
0629;11
0630;8
0701;10
0702;14
0703;10
0704;6
0705;7
0706;8
0707;9
0708;16
0709;15
0710;14
0711;5
0712;11
0713;14
0714;9
0715;10
0716;11
0717;18
0718;13
0719;6
0720;6
0721;9
0722;6
0723;11
0724;14
0725;13
0726;12
0727;7
0728;9
0729;11
0730;4
0731;10
0801;12
0802;15
0803;10
0804;11
0805;7
0806;10
0807;7
0808;8
0809;11
0810;5
0811;9
0812;13
0813;4
0814;9
0815;8
0816;11
0817;12
0818;11
0819;4
0820;13
0821;7
0822;7
0823;6
0824;8
0825;6
0826;8
0827;11
0828;10
0829;10
0830;8
0831;11
0901;7
0902;11
0903;11
0904;12
0905;9
0906;5
0907;8
0908;12
0909;11
0910;5
0911;6
0912;9
0913;5
0914;13
0915;9
0916;9
0917;7
0918;11
0919;12
0920;4
0921;9
0922;5
0923;7
0924;10
0925;10
0926;6
0927;9
0928;7
0929;11
0930;15
1001;6
1002;7
1003;6
1004;17
1005;5
1006;10
1007;6
1008;15
1009;12
1010;5
1011;12
1012;8
1013;11
1014;9
1015;14
1016;7
1017;8
1018;12
1019;10
1020;11
1021;6
1022;11
1023;11
1024;5
1025;11
1026;6
1027;4
1028;17
1029;7
1030;10
1031;11
1101;11
1102;16
1103;9
1104;14
1105;7
1106;9
1107;10
1108;9
1109;10
1110;10
1111;11
1112;8
1113;12
1114;10
1115;6
1116;9
1117;13
1118;5
1119;8
1120;6
1121;7
1122;8
1123;13
1124;13
1125;7
1126;14
1127;11
1128;7
1129;6
1130;9
1201;9
1202;16
1203;7
1204;19
1205;9
1206;12
1207;9
1208;14
1209;12
1210;15
1211;12
1212;6
1213;14
1214;16
1215;11
1216;15
1217;3
1218;6
1219;9
1220;9
1221;13
1222;7
1223;7
1224;12
1225;11
1226;9
1227;11
1228;13
1229;13
1230;11
1231;7
