0101;20
0102;12
0103;20
0104;18
0105;14
0106;20
0107;14
0108;12
0109;12
0110;15
0111;9
0112;15
0113;12
0114;12
0115;18
0116;13
0117;10
0118;13
0119;15
0120;18
0121;11
0122;9
0123;20
0124;9
0125;9
0126;16
0127;9
0128;19
0129;15
0130;15
0131;26
0201;20
0202;8
0203;16
0204;15
0205;16
0206;18
0207;17
0208;14
0209;13
0210;13
0211;14
0212;12
0213;7
0214;16
0215;13
0216;12
0217;10
0218;12
0219;9
0220;15
0221;14
0222;8
0223;16
0224;18
0225;17
0226;11
0227;7
0228;11
0301;13
0302;9
0303;14
0304;11
0305;11
0306;12
0307;18
0308;14
0309;11
0310;14
0311;21
0312;9
0313;19
0314;11
0315;11
0316;6
0317;10
0318;14
0319;15
0320;15
0321;16
0322;14
0323;17
0324;13
0325;15
0326;17
0327;8
0328;12
0329;14
0330;11
0331;10
0401;12
0402;13
0403;16
0404;20
0405;14
0406;8
0407;13
0408;14
0409;19
0410;17
0411;9
0412;9
0413;15
0414;13
0415;11
0416;22
0417;21
0418;16
0419;14
0420;17
0421;8
0422;14
0423;13
0424;9
0425;8
0426;19
0427;15
0428;10
0429;10
0430;10
0501;12
0502;12
0503;14
0504;13
0505;16
0506;7
0507;16
0508;14
0509;12
0510;7
0511;13
0512;11
0513;15
0514;14
0515;6
0516;12
0517;11
0518;13
0519;15
0520;16
0521;23
0522;19
0523;18
0524;19
0525;14
0526;16
0527;14
0528;18
0529;13
0530;7
0531;15
0601;11
0602;13
0603;11
0604;16
0605;22
0606;18
0607;9
0608;11
0609;19
0610;18
0611;11
0612;11
0613;13
0614;14
0615;9
0616;9
0617;13
0618;14
0619;12
0620;10
0621;19
0622;14
0623;11
0624;13
0625;6
0626;13
0627;10
0628;14
0629;20
0630;15
0701;13
0702;5
0703;13
0704;13
0705;15
0706;13
0707;11
0708;14
0709;7
0710;10
0711;17
0712;15
0713;21
0714;13
0715;14
0716;17
0717;13
0718;16
0719;7
0720;15
0721;9
0722;13
0723;17
0724;19
0725;15
0726;12
0727;13
0728;15
0729;13
0730;13
0731;14
0801;12
0802;9
0803;6
0804;19
0805;8
0806;12
0807;13
0808;13
0809;16
0810;10
0811;9
0812;8
0813;11
0814;10
0815;8
0816;12
0817;12
0818;17
0819;13
0820;11
0821;7
0822;8
0823;11
0824;18
0825;12
0826;10
0827;10
0828;12
0829;10
0830;12
0831;14
0901;13
0902;6
0903;11
0904;13
0905;16
0906;10
0907;13
0908;16
0909;14
0910;12
0911;11
0912;13
0913;16
0914;16
0915;12
0916;12
0917;8
0918;9
0919;10
0920;16
0921;19
0922;6
0923;13
0924;19
0925;10
0926;9
0927;16
0928;12
0929;18
0930;16
1001;12
1002;18
1003;12
1004;16
1005;11
1006;13
1007;14
1008;13
1009;15
1010;19
1011;14
1012;14
1013;15
1014;14
1015;20
1016;17
1017;18
1018;10
1019;14
1020;18
1021;20
1022;13
1023;11
1024;14
1025;14
1026;15
1027;12
1028;6
1029;15
1030;18
1031;13
1101;9
1102;13
1103;20
1104;18
1105;15
1106;12
1107;12
1108;15
1109;19
1110;10
1111;17
1112;11
1113;15
1114;14
1115;18
1116;8
1117;10
1118;9
1119;8
1120;7
1121;14
1122;7
1123;17
1124;15
1125;16
1126;7
1127;15
1128;12
1129;13
1130;9
1201;16
1202;12
1203;5
1204;9
1205;10
1206;14
1207;19
1208;16
1209;14
1210;19
1211;17
1212;17
1213;8
1214;17
1215;14
1216;16
1217;10
1218;16
1219;15
1220;15
1221;11
1222;9
1223;21
1224;19
1225;19
1226;10
1227;21
1228;8
1229;21
1230;12
1231;17
