0101;22
0102;21
0103;22
0104;17
0105;14
0106;14
0107;18
0108;28
0109;20
0110;18
0111;22
0112;18
0113;15
0114;23
0115;24
0116;22
0117;20
0118;24
0119;25
0120;18
0121;20
0122;20
0123;16
0124;24
0125;14
0126;17
0127;17
0128;17
0129;27
0130;21
0131;14
0201;11
0202;16
0203;22
0204;15
0205;14
0206;20
0207;21
0208;22
0209;25
0210;18
0211;12
0212;19
0213;14
0214;12
0215;14
0216;20
0217;19
0218;20
0219;15
0220;16
0221;18
0222;19
0223;17
0224;30
0225;20
0226;21
0227;14
0228;11
0301;27
0302;19
0303;18
0304;19
0305;15
0306;13
0307;21
0308;27
0309;26
0310;15
0311;13
0312;27
0313;18
0314;20
0315;17
0316;26
0317;14
0318;23
0319;13
0320;16
0321;15
0322;18
0323;24
0324;11
0325;12
0326;15
0327;22
0328;23
0329;21
0330;17
0331;11
0401;20
0402;16
0403;15
0404;10
0405;20
0406;18
0407;14
0408;11
0409;12
0410;22
0411;8
0412;21
0413;17
0414;20
0415;11
0416;12
0417;19
0418;18
0419;22
0420;20
0421;15
0422;18
0423;12
0424;21
0425;11
0426;20
0427;23
0428;15
0429;21
0430;16
0501;14
0502;23
0503;11
0504;13
0505;14
0506;12
0507;17
0508;20
0509;13
0510;13
0511;13
0512;14
0513;13
0514;17
0515;19
0516;23
0517;17
0518;16
0519;25
0520;18
0521;19
0522;11
0523;19
0524;16
0525;12
0526;20
0527;21
0528;30
0529;17
0530;23
0531;21
0601;26
0602;16
0603;15
0604;17
0605;13
0606;20
0607;12
0608;16
0609;21
0610;9
0611;17
0612;17
0613;14
0614;17
0615;21
0616;16
0617;14
0618;13
0619;22
0620;14
0621;12
0622;13
0623;16
0624;20
0625;16
0626;7
0627;9
0628;11
0629;10
0630;17
0701;16
0702;21
0703;18
0704;9
0705;14
0706;17
0707;19
0708;21
0709;24
0710;18
0711;15
0712;13
0713;14
0714;13
0715;17
0716;19
0717;12
0718;12
0719;13
0720;15
0721;13
0722;14
0723;15
0724;23
0725;15
0726;14
0727;14
0728;14
0729;18
0730;16
0731;13
0801;15
0802;10
0803;11
0804;15
0805;20
0806;12
0807;18
0808;14
0809;18
0810;14
0811;14
0812;12
0813;19
0814;10
0815;14
0816;11
0817;8
0818;18
0819;11
0820;10
0821;14
0822;17
0823;10
0824;12
0825;14
0826;20
0827;16
0828;17
0829;13
0830;9
0831;9
0901;18
0902;16
0903;15
0904;18
0905;23
0906;14
0907;15
0908;15
0909;16
0910;8
0911;15
0912;11
0913;17
0914;17
0915;18
0916;13
0917;19
0918;13
0919;17
0920;14
0921;15
0922;18
0923;16
0924;20
0925;17
0926;16
0927;18
0928;10
0929;20
0930;21
1001;22
1002;19
1003;17
1004;28
1005;15
1006;17
1007;15
1008;18
1009;15
1010;16
1011;22
1012;23
1013;15
1014;28
1015;24
1016;14
1017;15
1018;14
1019;22
1020;23
1021;22
1022;18
1023;24
1024;22
1025;14
1026;13
1027;16
1028;20
1029;16
1030;14
1031;13
1101;17
1102;12
1103;19
1104;26
1105;15
1106;7
1107;17
1108;22
1109;15
1110;18
1111;21
1112;23
1113;16
1114;24
1115;18
1116;17
1117;23
1118;26
1119;8
1120;16
1121;16
1122;16
1123;18
1124;18
1125;12
1126;11
1127;22
1128;20
1129;19
1130;17
1201;26
1202;17
1203;28
1204;26
1205;22
1206;23
1207;19
1208;25
1209;20
1210;17
1211;15
1212;13
1213;13
1214;20
1215;20
1216;16
1217;11
1218;24
1219;18
1220;19
1221;21
1222;19
1223;21
1224;15
1225;19
1226;26
1227;27
1228;14
1229;22
1230;12
1231;17
