0101;14
0102;18
0103;14
0104;10
0105;15
0106;8
0107;11
0108;12
0109;13
0110;14
0111;20
0112;13
0113;16
0114;15
0115;17
0116;9
0117;18
0118;10
0119;15
0120;13
0121;8
0122;12
0123;16
0124;10
0125;16
0126;9
0127;20
0128;19
0129;14
0130;7
0131;18
0201;10
0202;12
0203;14
0204;16
0205;12
0206;17
0207;15
0208;11
0209;15
0210;10
0211;17
0212;17
0213;19
0214;9
0215;8
0216;12
0217;13
0218;17
0219;12
0220;10
0221;17
0222;11
0223;11
0224;12
0225;8
0226;14
0227;13
0228;9
0301;7
0302;10
0303;10
0304;9
0305;15
0306;10
0307;14
0308;19
0309;11
0310;16
0311;13
0312;12
0313;11
0314;12
0315;8
0316;7
0317;12
0318;12
0319;10
0320;14
0321;9
0322;16
0323;10
0324;13
0325;12
0326;14
0327;9
0328;3
0329;14
0330;16
0331;9
0401;12
0402;13
0403;18
0404;16
0405;12
0406;11
0407;15
0408;12
0409;14
0410;13
0411;17
0412;12
0413;13
0414;13
0415;12
0416;10
0417;14
0418;15
0419;14
0420;10
0421;12
0422;13
0423;17
0424;9
0425;15
0426;20
0427;9
0428;21
0429;10
0430;17
0501;14
0502;7
0503;9
0504;9
0505;10
0506;11
0507;17
0508;18
0509;13
0510;13
0511;14
0512;14
0513;13
0514;10
0515;14
0516;8
0517;11
0518;9
0519;22
0520;17
0521;9
0522;16
0523;14
0524;11
0525;6
0526;9
0527;11
0528;22
0529;18
0530;12
0531;9
0601;15
0602;10
0603;19
0604;14
0605;14
0606;16
0607;15
0608;16
0609;4
0610;10
0611;7
0612;15
0613;8
0614;5
0615;11
0616;16
0617;15
0618;11
0619;7
0620;11
0621;9
0622;8
0623;11
0624;14
0625;3
0626;15
0627;8
0628;17
0629;14
0630;10
0701;12
0702;13
0703;10
0704;19
0705;20
0706;14
0707;14
0708;8
0709;18
0710;10
0711;8
0712;10
0713;11
0714;12
0715;6
0716;13
0717;12
0718;14
0719;9
0720;11
0721;14
0722;12
0723;16
0724;9
0725;6
0726;14
0727;16
0728;17
0729;12
0730;14
0731;11
0801;9
0802;10
0803;13
0804;12
0805;10
0806;7
0807;11
0808;13
0810;11
0811;9
0812;13
0813;15
0814;10
0815;10
0816;16
0817;15
0818;9
0819;15
0820;9
0821;12
0822;15
0823;9
0824;10
0825;11
0826;10
0827;12
0828;11
0829;12
0830;19
0831;11
0901;15
0902;10
0903;11
0904;11
0905;14
0906;22
0907;11
0908;15
0909;14
0910;19
0911;12
0912;13
0913;11
0914;13
0915;9
0916;9
0917;13
0918;9
0919;21
0920;6
0921;19
0922;17
0923;6
0924;13
0925;15
0926;10
0927;6
0928;11
0929;12
0930;12
1001;16
1002;18
1003;11
1004;7
1005;7
1006;15
1007;11
1008;12
1009;11
1010;14
1011;12
1012;13
1013;12
1014;14
1015;15
1016;10
1017;9
1018;12
1019;14
1020;18
1021;9
1022;10
1023;14
1024;14
1025;7
1026;14
1027;5
1028;5
1029;17
1030;11
1031;12
1101;11
1102;8
1103;14
1104;11
1105;12
1106;13
1107;12
1108;8
1109;13
1110;12
1111;15
1112;10
1113;20
1114;6
1115;11
1116;12
1117;11
1118;18
1119;8
1120;14
1121;12
1122;14
1123;14
1124;10
1125;16
1126;12
1127;13
1128;16
1129;15
1130;18
1201;9
1202;12
1203;14
1204;25
1205;21
1206;14
1207;6
1208;10
1209;23
1210;16
1211;14
1212;12
1213;17
1214;10
1215;10
1216;13
1217;13
1218;10
1219;19
1220;21
1221;8
1222;19
1223;14
1224;16
1225;20
1226;15
1227;12
1228;16
1229;15
1230;21
1231;10
