0101;21
0102;19
0103;12
0104;20
0105;18
0106;21
0107;15
0108;14
0109;18
0110;24
0111;17
0112;15
0113;22
0114;19
0115;17
0116;40
0117;16
0118;22
0119;16
0120;10
0121;14
0122;16
0123;18
0124;22
0125;13
0126;23
0127;13
0128;23
0129;21
0130;22
0131;19
0201;18
0202;18
0203;9
0204;16
0205;11
0206;16
0207;11
0208;18
0209;24
0210;14
0211;17
0212;13
0213;11
0214;12
0215;8
0216;19
0217;8
0218;19
0219;13
0220;19
0221;20
0222;13
0223;15
0224;7
0225;20
0226;21
0227;17
0228;15
0301;18
0302;8
0303;17
0304;14
0305;24
0306;16
0307;15
0308;19
0309;11
0310;14
0311;18
0312;15
0313;20
0314;14
0315;14
0316;14
0317;18
0318;26
0319;9
0320;17
0321;8
0322;8
0323;9
0324;13
0325;21
0326;19
0327;11
0328;18
0329;20
0330;19
0331;17
0401;15
0402;28
0403;12
0404;15
0405;20
0406;12
0407;20
0408;15
0409;14
0410;15
0411;14
0412;20
0413;16
0414;13
0415;15
0416;15
0417;16
0418;18
0419;19
0420;12
0421;9
0422;17
0423;15
0424;14
0425;13
0426;13
0427;15
0428;17
0429;9
0430;20
0501;14
0502;13
0503;14
0504;12
0505;15
0506;13
0507;9
0508;19
0509;19
0510;25
0511;17
0512;7
0513;13
0514;13
0515;12
0516;17
0517;13
0518;7
0519;14
0520;13
0521;19
0522;17
0523;20
0524;13
0525;9
0526;14
0527;10
0528;19
0529;12
0530;11
0531;14
0601;13
0602;10
0603;10
0604;18
0605;18
0606;13
0607;11
0608;12
0609;7
0610;18
0611;16
0612;9
0613;19
0614;15
0615;9
0616;16
0617;12
0618;18
0619;9
0620;14
0621;14
0622;16
0623;9
0624;10
0625;11
0626;10
0627;15
0628;10
0629;6
0630;12
0701;7
0702;12
0703;19
0704;13
0705;8
0706;11
0707;11
0708;13
0709;10
0710;10
0711;15
0712;15
0713;13
0714;6
0715;10
0716;14
0717;12
0718;14
0719;13
0720;7
0721;12
0722;17
0723;14
0724;15
0725;12
0726;19
0727;14
0728;9
0729;10
0730;23
0731;17
0801;8
0802;17
0803;7
0804;6
0805;18
0806;12
0807;4
0808;14
0809;10
0810;13
0811;10
0812;12
0813;7
0814;10
0815;11
0816;12
0817;10
0818;19
0819;18
0820;10
0821;11
0822;12
0823;16
0824;6
0825;13
0826;18
0827;14
0828;11
0829;12
0830;12
0831;12
0901;18
0902;19
0903;18
0904;16
0905;15
0906;18
0907;8
0908;8
0909;26
0910;11
0911;14
0912;14
0913;15
0914;10
0915;11
0916;18
0917;16
0918;6
0919;12
0920;19
0921;11
0922;19
0923;12
0924;19
0925;8
0926;12
0927;10
0928;20
0929;11
0930;15
1001;12
1002;15
1003;11
1004;11
1005;17
1006;15
1007;16
1008;24
1009;10
1010;11
1011;15
1012;13
1013;10
1014;8
1015;11
1016;20
1017;10
1018;12
1019;15
1020;17
1021;13
1022;17
1023;13
1024;10
1025;14
1026;9
1027;12
1028;14
1029;12
1030;13
1031;17
1101;17
1102;14
1103;13
1104;10
1105;14
1106;15
1107;15
1108;8
1109;16
1110;15
1111;12
1112;20
1113;23
1114;12
1115;12
1116;12
1117;15
1118;14
1119;12
1120;26
1121;11
1122;7
1123;9
1124;14
1125;19
1126;13
1127;25
1128;16
1129;16
1130;12
1201;14
1202;20
1203;7
1204;13
1205;19
1206;16
1207;15
1208;15
1209;20
1210;14
1211;16
1212;15
1213;15
1214;9
1215;16
1216;19
1217;22
1218;20
1219;16
1220;21
1221;16
1222;22
1223;21
1224;12
1225;19
1226;16
1227;14
1228;17
1229;18
1230;16
1231;12
