0101;8
0102;11
0103;7
0104;13
0105;7
0106;6
0107;6
0108;11
0109;12
0110;5
0111;7
0112;10
0113;12
0114;11
0115;10
0116;19
0117;9
0118;10
0119;8
0120;9
0121;8
0122;14
0123;10
0124;16
0125;11
0126;6
0127;11
0128;6
0129;7
0130;8
0131;8
0201;5
0202;5
0203;13
0204;7
0205;6
0206;6
0207;10
0208;9
0209;10
0210;6
0211;5
0212;12
0213;9
0214;4
0215;4
0216;7
0217;16
0218;9
0219;8
0220;8
0221;6
0222;9
0223;9
0224;4
0225;7
0226;5
0227;5
0228;7
0301;5
0302;10
0303;5
0304;7
0305;6
0306;9
0307;11
0308;8
0309;11
0310;5
0311;3
0312;15
0313;5
0314;2
0315;7
0316;8
0317;11
0318;7
0319;2
0320;5
0321;6
0322;4
0323;4
0324;9
0325;11
0326;7
0327;9
0328;8
0329;9
0330;8
0331;5
0401;5
0402;8
0403;8
0404;7
0405;9
0406;6
0407;3
0408;2
0409;6
0410;5
0411;10
0412;3
0413;10
0414;8
0415;8
0416;9
0417;3
0418;5
0419;8
0420;9
0421;10
0422;4
0423;7
0424;13
0425;5
0426;7
0427;6
0428;7
0429;4
0430;9
0501;4
0502;5
0503;6
0504;1
0505;11
0506;7
0507;8
0508;5
0509;2
0510;8
0511;5
0512;7
0513;6
0514;5
0515;6
0516;8
0517;7
0518;10
0519;3
0520;5
0521;4
0522;8
0523;5
0524;7
0525;10
0526;7
0527;5
0528;8
0529;6
0530;10
0531;3
0601;13
0602;5
0603;10
0604;7
0605;10
0606;7
0607;9
0608;8
0609;5
0610;8
0611;8
0612;4
0613;8
0614;7
0615;6
0616;5
0617;4
0618;13
0619;9
0620;6
0621;8
0622;3
0623;2
0624;3
0625;8
0626;7
0627;3
0628;8
0629;8
0630;4
0701;4
0702;6
0703;8
0704;10
0705;6
0706;8
0707;6
0708;5
0709;8
0710;7
0711;4
0712;10
0713;11
0714;6
0715;5
0716;11
0717;6
0718;9
0719;6
0720;4
0721;12
0722;9
0723;8
0724;15
0725;6
0726;12
0727;6
0728;7
0729;5
0730;6
0731;10
0801;6
0802;11
0803;8
0804;8
0805;4
0806;8
0807;12
0808;6
0809;5
0810;4
0811;7
0812;4
0813;6
0814;3
0815;4
0816;6
0817;5
0818;9
0819;7
0820;6
0821;6
0822;2
0823;4
0824;5
0825;7
0826;9
0827;5
0828;8
0829;10
0830;14
0831;5
0901;10
0902;8
0903;5
0904;9
0905;8
0906;6
0907;3
0908;8
0909;2
0910;8
0911;3
0912;8
0913;8
0914;7
0915;8
0916;4
0917;11
0918;3
0919;4
0920;5
0921;4
0922;1
0923;10
0924;7
0925;9
0926;10
0927;13
0928;10
0929;11
0930;9
1001;8
1002;3
1003;2
1004;3
1005;7
1006;5
1007;7
1008;3
1009;4
1010;4
1011;8
1012;6
1013;5
1014;4
1015;6
1016;2
1017;3
1018;5
1019;5
1020;4
1021;4
1022;4
1023;8
1024;7
1025;8
1026;5
1027;10
1028;9
1029;4
1030;9
1031;7
1101;12
1102;6
1103;5
1104;7
1105;7
1106;9
1107;11
1108;10
1109;8
1110;4
1111;6
1112;7
1113;7
1114;10
1115;12
1116;10
1117;7
1118;8
1119;3
1120;6
1121;5
1122;7
1123;3
1124;3
1125;9
1126;13
1127;5
1128;11
1129;10
1130;8
1201;4
1202;8
1203;6
1204;3
1205;5
1206;11
1207;11
1208;4
1209;7
1210;5
1211;9
1212;4
1213;4
1214;8
1215;5
1216;12
1217;9
1218;7
1219;11
1220;11
1221;12
1222;10
1223;11
1224;10
1225;8
1226;12
1227;8
1228;12
1229;7
1230;10
1231;9
