0101;13
0102;11
0103;14
0104;5
0105;8
0106;11
0107;12
0108;13
0109;8
0110;6
0111;7
0112;9
0113;8
0114;10
0115;6
0116;5
0117;6
0118;11
0119;12
0120;12
0121;11
0122;11
0123;12
0124;11
0125;8
0126;9
0127;8
0128;6
0129;10
0130;7
0131;13
0201;8
0202;13
0203;10
0204;7
0205;7
0206;5
0207;11
0208;9
0209;8
0210;8
0211;12
0212;7
0213;4
0214;6
0215;5
0216;9
0217;14
0218;12
0219;3
0220;9
0221;7
0222;11
0223;10
0224;10
0225;6
0226;6
0227;8
0228;10
0301;5
0302;4
0303;12
0304;8
0305;2
0306;5
0307;6
0308;4
0309;9
0310;5
0311;7
0312;13
0313;12
0314;6
0315;11
0316;5
0317;5
0318;12
0319;10
0320;5
0321;6
0322;6
0323;8
0324;11
0325;11
0326;11
0327;8
0328;7
0329;4
0330;8
0331;8
0401;13
0402;13
0403;10
0404;8
0405;6
0406;5
0407;4
0408;10
0409;4
0410;5
0411;6
0412;7
0413;12
0414;7
0415;4
0416;7
0417;7
0418;10
0419;7
0420;9
0421;4
0422;11
0423;13
0424;6
0425;8
0426;8
0427;4
0428;10
0429;5
0430;10
0501;7
0502;10
0503;3
0504;4
0505;6
0506;8
0507;8
0508;5
0509;9
0510;6
0511;5
0512;6
0513;12
0514;11
0515;8
0516;5
0517;4
0518;9
0519;10
0520;12
0521;8
0522;4
0523;7
0524;12
0525;9
0526;6
0527;7
0528;13
0529;11
0530;5
0531;8
0601;6
0602;5
0603;6
0604;13
0605;7
0606;11
0607;10
0608;8
0609;6
0610;7
0611;5
0612;7
0613;8
0614;8
0615;9
0616;8
0617;6
0618;11
0619;8
0620;9
0621;5
0622;7
0623;7
0624;12
0625;7
0626;4
0627;6
0628;4
0629;9
0630;8
0701;7
0702;6
0703;7
0704;6
0705;9
0706;3
0707;8
0708;8
0709;8
0710;9
0711;3
0712;10
0713;4
0714;5
0715;6
0716;5
0717;11
0718;12
0719;7
0720;7
0721;8
0722;6
0723;8
0724;7
0725;6
0726;6
0727;5
0728;5
0729;8
0730;4
0731;6
0801;12
0802;9
0803;5
0804;10
0805;7
0806;5
0807;8
0808;8
0809;5
0810;12
0811;6
0812;5
0813;8
0814;8
0815;7
0816;4
0817;7
0818;5
0819;10
0820;10
0821;6
0822;7
0823;6
0824;5
0825;3
0826;6
0827;4
0828;5
0829;4
0830;4
0831;6
0901;6
0902;7
0903;9
0904;3
0905;9
0906;12
0907;13
0908;5
0909;3
0910;4
0911;3
0912;10
0913;9
0914;1
0915;8
0916;5
0917;7
0918;12
0919;7
0920;4
0921;6
0922;5
0923;8
0924;6
0925;10
0926;5
0927;5
0928;2
0929;4
0930;10
1001;7
1002;8
1003;8
1004;8
1005;6
1006;9
1007;9
1008;6
1009;7
1010;9
1011;7
1012;12
1013;6
1014;8
1015;6
1016;7
1017;13
1018;7
1019;5
1020;7
1021;6
1022;8
1023;4
1024;6
1025;7
1026;7
1027;4
1028;9
1029;10
1030;7
1031;10
1101;8
1102;2
1103;7
1104;13
1105;13
1106;8
1107;13
1108;5
1109;9
1110;5
1111;6
1112;6
1113;4
1114;10
1115;13
1116;6
1117;9
1118;7
1119;4
1120;9
1121;7
1122;6
1123;5
1124;7
1125;10
1126;8
1127;9
1128;9
1129;7
1130;7
1201;8
1202;4
1203;3
1204;11
1205;5
1206;7
1207;10
1208;9
1209;11
1210;8
1211;8
1212;6
1213;10
1214;5
1215;9
1216;11
1217;8
1218;5
1219;9
1220;5
1221;14
1222;9
1223;6
1224;10
1225;10
1226;9
1227;6
1228;15
1229;7
1230;6
1231;9
