0101;68
0102;65
0103;70
0104;71
0105;47
0106;62
0107;76
0108;69
0109;61
0110;43
0111;62
0112;63
0113;60
0114;62
0115;76
0116;56
0117;55
0118;73
0119;59
0120;76
0121;45
0122;55
0123;61
0124;57
0125;64
0126;55
0127;69
0128;53
0129;62
0130;62
0131;75
0201;55
0202;57
0203;62
0204;40
0205;45
0206;54
0207;61
0208;67
0209;44
0210;48
0211;43
0212;55
0213;58
0214;41
0215;55
0216;57
0217;58
0218;74
0219;61
0220;53
0221;47
0222;41
0223;59
0224;48
0225;64
0226;51
0227;57
0228;58
0301;53
0302;53
0303;55
0304;54
0305;61
0306;52
0307;45
0308;48
0309;47
0310;46
0311;63
0312;51
0313;49
0314;43
0315;56
0316;43
0317;41
0318;44
0319;45
0320;53
0321;54
0322;46
0323;49
0324;51
0325;48
0326;49
0327;49
0328;36
0329;48
0330;45
0331;52
0401;58
0402;57
0403;36
0404;59
0405;47
0406;42
0407;53
0408;36
0409;51
0410;34
0411;57
0412;38
0413;60
0414;45
0415;48
0416;49
0417;42
0418;57
0419;46
0420;50
0421;40
0422;55
0423;44
0424;41
0425;51
0426;46
0427;39
0428;38
0429;45
0430;41
0501;37
0502;52
0503;45
0504;45
0505;43
0506;41
0507;44
0508;49
0509;54
0510;49
0511;39
0512;41
0513;37
0514;58
0515;50
0516;54
0517;49
0518;47
0519;38
0520;42
0521;30
0522;48
0523;52
0524;49
0525;48
0526;45
0527;42
0528;55
0529;43
0530;40
0531;40
0601;49
0602;36
0603;52
0604;48
0605;43
0606;39
0607;44
0608;45
0609;50
0610;51
0611;58
0612;55
0613;47
0614;39
0615;40
0616;51
0617;37
0618;41
0619;55
0620;77
0621;48
0622;51
0623;53
0624;51
0625;50
0626;51
0627;57
0628;55
0629;51
0630;47
0701;55
0702;48
0703;50
0704;38
0705;52
0706;42
0707;39
0708;43
0709;40
0710;40
0711;52
0712;55
0713;49
0714;47
0715;48
0716;52
0717;51
0718;46
0719;53
0720;44
0721;47
0722;45
0723;39
0724;39
0725;48
0726;36
0727;50
0728;36
0729;51
0730;46
0731;42
0801;49
0802;47
0803;42
0804;50
0805;49
0806;40
0807;37
0808;38
0809;51
0810;49
0811;38
0812;40
0813;47
0814;46
0815;39
0816;37
0817;43
0818;44
0819;56
0820;41
0821;45
0822;53
0823;56
0824;46
0825;39
0826;52
0827;46
0828;35
0829;38
0830;47
0831;43
0901;32
0902;53
0903;45
0904;40
0905;38
0906;41
0907;41
0908;51
0909;56
0910;52
0911;54
0912;45
0913;46
0914;39
0915;49
0916;49
0917;46
0918;40
0919;51
0920;41
0921;46
0922;34
0923;46
0924;39
0925;40
0926;42
0927;43
0928;55
0929;37
0930;60
1001;53
1002;52
1003;48
1004;42
1005;59
1006;37
1007;52
1008;47
1009;41
1010;40
1011;44
1012;46
1013;49
1014;41
1015;55
1016;56
1017;50
1018;49
1019;41
1020;34
1021;51
1022;45
1023;49
1024;42
1025;44
1026;35
1027;51
1028;49
1029;46
1030;51
1031;54
1101;42
1102;52
1103;50
1104;42
1105;44
1106;44
1107;57
1108;44
1109;43
1110;55
1111;49
1112;61
1113;54
1114;57
1115;49
1116;48
1117;48
1118;54
1119;47
1120;39
1121;54
1122;51
1123;46
1124;56
1125;37
1126;48
1127;45
1128;45
1129;55
1130;44
1201;46
1202;42
1203;40
1204;34
1205;61
1206;46
1207;35
1208;38
1209;56
1210;46
1211;50
1212;63
1213;58
1214;45
1215;51
1216;45
1217;43
1218;60
1219;51
1220;61
1221;47
1222;54
1223;30
1224;49
1225;47
1226;45
1227;67
1228;50
1229;50
1230;58
1231;52
