0101;8
0102;11
0103;11
0104;9
0105;13
0106;13
0107;14
0108;10
0109;20
0110;17
0111;10
0112;9
0113;10
0114;13
0115;6
0116;11
0117;14
0118;11
0119;8
0120;10
0121;18
0122;7
0123;10
0124;13
0125;18
0126;9
0127;20
0128;6
0129;6
0130;5
0131;12
0201;15
0202;11
0203;14
0204;16
0205;17
0206;12
0207;6
0208;13
0209;13
0210;13
0211;16
0212;8
0213;12
0214;17
0215;5
0216;10
0217;15
0218;10
0219;6
0220;10
0221;3
0222;10
0223;7
0224;8
0225;9
0226;13
0227;7
0228;7
0301;11
0302;6
0303;10
0304;7
0305;16
0306;8
0307;9
0308;7
0309;7
0310;11
0311;9
0312;10
0313;11
0314;11
0315;10
0316;7
0317;8
0318;10
0319;10
0320;11
0321;4
0322;12
0323;10
0324;10
0325;8
0326;6
0327;18
0328;11
0329;6
0330;9
0331;7
0401;6
0402;13
0403;11
0404;12
0405;6
0406;14
0407;11
0408;8
0409;10
0410;5
0411;5
0412;8
0413;7
0414;6
0415;8
0416;12
0417;9
0418;14
0419;10
0420;12
0421;15
0422;10
0423;8
0424;11
0425;12
0426;8
0427;7
0428;12
0429;12
0430;11
0501;9
0502;8
0503;8
0504;9
0505;13
0506;11
0507;7
0508;8
0509;8
0510;7
0511;7
0512;6
0513;12
0514;10
0515;7
0516;13
0517;13
0518;12
0519;10
0520;15
0521;7
0522;14
0523;7
0524;8
0525;8
0526;6
0527;8
0528;6
0529;5
0530;10
0531;8
0601;11
0602;9
0603;9
0604;8
0605;10
0606;7
0607;9
0608;9
0609;8
0610;2
0611;11
0612;11
0613;9
0614;7
0615;9
0616;10
0617;8
0618;15
0619;9
0620;8
0621;10
0622;4
0623;10
0624;10
0625;13
0626;7
0627;10
0628;10
0629;8
0630;6
0701;4
0702;5
0703;11
0704;10
0705;7
0706;7
0707;6
0708;11
0709;10
0710;12
0711;3
0712;7
0713;11
0714;14
0715;6
0716;7
0717;10
0718;10
0719;8
0720;9
0721;7
0722;13
0723;6
0724;11
0725;1
0726;13
0727;7
0728;6
0729;9
0730;9
0731;9
0801;11
0802;9
0803;7
0804;12
0805;10
0806;11
0807;10
0808;10
0809;9
0810;7
0811;3
0812;9
0813;9
0814;6
0815;7
0816;7
0817;8
0818;7
0819;11
0820;7
0821;6
0822;7
0823;6
0824;3
0825;5
0826;5
0827;10
0828;7
0829;8
0830;7
0831;12
0901;5
0902;9
0903;11
0904;8
0905;9
0906;6
0907;4
0908;7
0909;10
0910;8
0911;8
0912;6
0913;11
0914;5
0915;3
0916;4
0917;8
0918;12
0919;12
0920;9
0921;13
0922;11
0923;10
0924;7
0925;11
0926;11
0927;9
0928;12
0929;14
0930;5
1001;11
1002;14
1003;10
1004;2
1005;10
1006;14
1007;10
1008;9
1009;6
1010;9
1011;6
1012;2
1013;13
1014;10
1015;8
1016;16
1017;11
1018;7
1019;9
1020;6
1021;13
1022;14
1023;11
1024;10
1025;13
1026;11
1027;9
1028;8
1029;7
1030;15
1031;12
1101;5
1102;9
1103;7
1104;15
1105;8
1106;9
1107;9
1108;8
1109;9
1110;8
1111;13
1112;5
1113;8
1114;12
1115;5
1116;4
1117;8
1118;7
1119;9
1120;12
1121;6
1122;2
1123;12
1124;13
1125;7
1126;12
1127;9
1128;8
1129;11
1130;14
1201;10
1202;11
1203;10
1204;6
1205;12
1206;11
1207;12
1208;8
1209;7
1210;7
1211;6
1212;4
1213;7
1214;10
1215;27
1216;11
1217;9
1218;8
1219;7
1220;10
1221;5
1222;11
1223;9
1224;10
1225;7
1226;7
1227;12
1228;10
1229;12
1230;7
1231;6
