0101;44
0102;28
0103;35
0104;17
0105;30
0106;39
0107;34
0108;38
0109;34
0110;31
0111;34
0112;42
0113;44
0114;32
0115;31
0116;26
0117;26
0118;36
0119;30
0120;40
0121;27
0122;43
0123;21
0124;39
0125;31
0126;27
0127;27
0128;28
0129;30
0130;31
0131;28
0201;37
0202;33
0203;28
0204;29
0205;30
0206;40
0207;41
0208;29
0209;38
0210;26
0211;36
0212;40
0213;34
0214;22
0215;37
0216;32
0217;28
0218;32
0219;22
0220;23
0221;24
0222;27
0223;25
0224;19
0225;30
0226;29
0227;38
0228;26
0301;30
0302;25
0303;26
0304;26
0305;20
0306;18
0307;18
0308;25
0309;31
0310;19
0311;30
0312;20
0313;26
0314;16
0315;28
0316;15
0317;22
0318;27
0319;26
0320;27
0321;31
0322;22
0323;24
0324;20
0325;15
0326;26
0327;21
0328;21
0329;19
0330;22
0331;23
0401;30
0402;22
0403;26
0404;26
0405;17
0406;21
0407;19
0408;31
0409;22
0410;21
0411;22
0412;29
0413;21
0414;26
0415;31
0416;25
0417;22
0418;23
0419;33
0420;21
0421;25
0422;29
0423;30
0424;34
0425;25
0426;34
0427;25
0428;32
0429;26
0430;24
0501;26
0502;22
0503;22
0504;25
0505;16
0506;31
0507;20
0508;24
0509;25
0510;18
0511;25
0512;30
0513;19
0514;23
0515;23
0516;31
0517;26
0518;22
0519;32
0520;34
0521;27
0522;18
0523;23
0524;22
0525;21
0526;29
0527;17
0528;19
0529;29
0530;23
0531;13
0601;20
0602;18
0603;27
0604;25
0605;33
0606;18
0607;27
0608;25
0609;18
0610;20
0611;23
0612;36
0613;28
0614;29
0615;30
0616;25
0617;22
0618;24
0619;25
0620;24
0621;30
0622;23
0623;22
0624;29
0625;30
0626;27
0627;29
0628;23
0629;28
0630;28
0701;27
0702;26
0703;26
0704;28
0705;23
0706;21
0707;13
0708;24
0709;39
0710;31
0711;22
0712;17
0713;26
0714;22
0715;22
0716;24
0717;22
0718;25
0719;27
0720;30
0721;21
0722;31
0723;25
0724;29
0725;17
0726;19
0727;16
0728;22
0729;27
0730;22
0731;28
0801;23
0802;35
0803;28
0804;20
0805;28
0806;28
0807;22
0808;23
0809;21
0810;24
0811;19
0812;17
0813;17
0814;17
0815;27
0816;28
0817;24
0818;23
0819;26
0820;25
0821;32
0822;14
0823;20
0824;31
0825;24
0826;25
0827;31
0828;20
0829;23
0830;22
0831;20
0901;25
0902;26
0903;22
0904;32
0905;21
0906;19
0907;21
0908;28
0909;28
0910;26
0911;28
0912;24
0913;25
0914;18
0915;23
0916;26
0917;23
0918;30
0919;20
0920;22
0921;19
0922;21
0923;16
0924;21
0925;20
0926;33
0927;29
0928;31
0929;22
0930;27
1001;20
1002;31
1003;25
1004;25
1005;29
1006;18
1007;34
1008;37
1009;31
1010;26
1011;26
1012;29
1013;30
1014;33
1015;29
1016;25
1017;23
1018;26
1019;20
1020;25
1021;17
1022;27
1023;26
1024;21
1025;30
1026;22
1027;24
1028;23
1029;15
1030;24
1031;31
1101;31
1102;17
1103;31
1104;35
1105;23
1106;22
1107;22
1108;21
1109;27
1110;22
1111;26
1112;27
1113;27
1114;27
1115;25
1116;29
1117;25
1118;29
1119;31
1120;35
1121;26
1122;27
1123;27
1124;28
1125;28
1126;20
1127;25
1128;19
1129;20
1130;21
1201;12
1202;18
1203;21
1204;29
1205;28
1206;26
1207;26
1208;17
1209;19
1210;23
1211;37
1212;29
1213;25
1214;21
1215;25
1216;34
1217;30
1218;21
1219;20
1220;20
1221;32
1222;29
1223;29
1224;19
1225;28
1226;27
1227;18
1228;28
1229;23
1230;21
1231;22
