0101;16
0102;10
0103;17
0104;17
0105;9
0106;9
0107;13
0108;9
0109;13
0110;18
0111;10
0112;14
0113;20
0114;7
0115;13
0116;15
0117;10
0118;10
0119;7
0120;13
0121;16
0122;12
0123;4
0124;11
0125;15
0126;6
0127;9
0128;16
0129;11
0130;14
0131;17
0201;14
0202;9
0203;12
0204;7
0205;13
0206;6
0207;5
0208;10
0209;7
0210;11
0211;15
0212;12
0213;7
0214;14
0215;11
0216;9
0217;10
0218;7
0219;9
0220;12
0221;13
0222;13
0223;12
0224;7
0225;8
0226;11
0227;6
0228;10
0301;3
0302;10
0303;8
0304;8
0305;6
0306;8
0307;7
0308;10
0309;10
0310;10
0311;9
0312;6
0313;11
0314;4
0315;11
0316;9
0317;10
0318;7
0319;5
0320;7
0321;9
0322;5
0323;6
0324;10
0325;10
0326;13
0327;11
0328;13
0329;5
0330;10
0331;7
0401;5
0402;10
0403;13
0404;12
0405;9
0406;12
0407;8
0408;7
0409;9
0410;12
0411;8
0412;5
0413;9
0414;10
0415;4
0416;11
0417;9
0418;11
0419;12
0420;4
0421;8
0422;13
0423;7
0424;5
0425;9
0426;13
0427;9
0428;5
0429;6
0430;13
0501;9
0502;16
0503;6
0504;7
0505;13
0506;10
0507;4
0508;14
0509;5
0510;5
0511;9
0512;10
0513;9
0514;5
0515;6
0516;10
0517;13
0518;12
0519;6
0520;8
0521;6
0522;8
0523;13
0524;7
0525;6
0526;4
0527;5
0528;6
0529;9
0530;9
0531;9
0601;6
0602;7
0603;13
0604;12
0605;2
0606;10
0607;8
0608;8
0609;8
0610;3
0611;9
0612;5
0613;5
0614;8
0615;9
0616;5
0617;12
0618;13
0619;7
0620;9
0621;13
0622;7
0623;6
0624;8
0625;8
0626;10
0627;9
0628;3
0629;10
0630;6
0701;5
0702;6
0703;8
0704;8
0705;6
0706;9
0707;9
0708;11
0709;15
0710;6
0711;7
0712;7
0713;10
0714;11
0715;12
0716;7
0717;11
0718;5
0719;11
0720;6
0721;9
0722;9
0723;12
0724;7
0725;6
0726;10
0727;9
0728;8
0729;9
0730;11
0731;8
0801;9
0802;6
0803;8
0804;1
0805;12
0806;3
0807;8
0808;8
0809;10
0810;5
0811;6
0812;12
0813;4
0814;12
0815;4
0816;11
0817;5
0818;7
0819;11
0820;11
0821;11
0822;7
0823;12
0824;9
0825;10
0826;9
0827;9
0828;8
0829;4
0830;10
0831;16
0901;10
0902;6
0903;8
0904;10
0905;10
0906;6
0907;6
0908;7
0909;9
0910;15
0911;13
0912;4
0913;6
0914;12
0915;15
0916;12
0917;7
0918;8
0919;9
0920;6
0921;16
0922;9
0923;7
0924;4
0925;10
0926;15
0927;9
0928;6
0929;11
0930;10
1001;8
1002;12
1003;8
1004;13
1005;14
1006;8
1007;8
1008;10
1009;14
1010;12
1011;9
1012;10
1013;8
1014;10
1015;6
1016;8
1017;6
1018;9
1019;13
1020;15
1021;9
1022;6
1023;11
1024;7
1025;8
1026;11
1027;10
1028;7
1029;8
1030;5
1031;6
1101;14
1102;8
1103;9
1104;8
1105;12
1106;6
1107;7
1108;13
1109;8
1110;14
1111;8
1112;10
1113;11
1114;6
1115;11
1116;3
1117;4
1118;12
1119;10
1120;13
1121;9
1122;14
1123;6
1124;6
1125;7
1126;10
1127;6
1128;8
1129;8
1130;7
1201;8
1202;14
1203;11
1204;7
1205;8
1206;8
1207;8
1208;13
1209;10
1210;15
1211;8
1212;4
1213;15
1214;8
1215;12
1216;8
1217;6
1218;15
1219;11
1220;6
1221;6
1222;9
1223;10
1224;7
1225;8
1226;10
1227;11
1228;10
1229;8
1230;10
1231;9
