0101;32
0102;46
0103;27
0104;28
0105;24
0106;33
0107;36
0108;40
0109;38
0110;39
0111;28
0112;30
0113;33
0114;26
0115;34
0116;23
0117;32
0118;27
0119;37
0120;35
0121;31
0122;27
0123;19
0124;25
0125;31
0126;31
0127;20
0128;32
0129;29
0130;29
0131;31
0201;28
0202;25
0203;23
0204;30
0205;31
0206;30
0207;29
0208;30
0209;25
0210;32
0211;40
0212;26
0213;20
0214;34
0215;39
0216;19
0217;27
0218;44
0219;33
0220;30
0221;29
0222;34
0223;31
0224;25
0225;38
0226;36
0227;21
0228;28
0301;30
0302;26
0303;17
0304;28
0305;32
0306;33
0307;23
0308;29
0309;28
0310;36
0311;33
0312;25
0313;31
0314;26
0315;35
0316;24
0317;16
0318;20
0319;29
0320;34
0321;25
0322;18
0323;28
0324;26
0325;35
0326;23
0327;23
0328;26
0329;32
0330;27
0331;27
0401;31
0402;23
0403;24
0404;25
0405;30
0406;32
0407;18
0408;27
0409;19
0410;33
0411;26
0412;31
0413;26
0414;23
0415;31
0416;23
0417;22
0418;22
0419;21
0420;25
0421;25
0422;29
0423;31
0424;31
0425;30
0426;25
0427;30
0428;23
0429;32
0430;29
0501;26
0502;22
0503;28
0504;25
0505;27
0506;20
0507;25
0508;18
0509;27
0510;31
0511;30
0512;17
0513;39
0514;33
0515;23
0516;28
0517;21
0518;33
0519;29
0520;25
0521;19
0522;23
0523;29
0524;13
0525;31
0526;27
0527;23
0528;28
0529;22
0530;29
0531;22
0601;26
0602;26
0603;28
0604;23
0605;22
0606;21
0607;27
0608;25
0609;20
0610;14
0611;19
0612;21
0613;27
0614;16
0615;25
0616;18
0617;28
0618;26
0619;27
0620;18
0621;23
0622;27
0623;28
0624;20
0625;26
0626;29
0627;24
0628;13
0629;24
0630;18
0701;19
0702;19
0703;24
0704;29
0705;26
0706;24
0707;32
0708;20
0709;25
0710;21
0711;26
0712;32
0713;32
0714;32
0715;31
0716;29
0717;37
0718;23
0719;31
0720;25
0721;33
0722;32
0723;19
0724;36
0725;26
0726;29
0727;23
0728;29
0729;44
0730;28
0731;21
0801;22
0802;23
0803;30
0804;24
0805;26
0806;22
0807;24
0808;19
0809;28
0810;16
0811;22
0812;25
0813;28
0814;26
0815;33
0816;25
0817;29
0818;23
0819;30
0820;20
0821;29
0822;20
0823;24
0824;26
0825;22
0826;29
0827;22
0828;18
0829;40
0830;28
0831;24
0901;21
0902;32
0903;29
0904;24
0905;24
0906;27
0907;27
0908;30
0909;30
0910;23
0911;19
0912;38
0913;24
0914;26
0915;29
0916;23
0917;23
0918;29
0919;28
0920;50
0921;20
0922;27
0923;27
0924;26
0925;28
0926;32
0927;33
0928;21
0929;21
0930;35
1001;37
1002;29
1003;20
1004;18
1005;16
1006;18
1007;26
1008;38
1009;28
1010;36
1011;32
1012;29
1013;41
1014;28
1015;33
1016;27
1017;21
1018;32
1019;32
1020;30
1021;25
1022;36
1023;27
1024;24
1025;27
1026;21
1027;27
1028;22
1029;28
1030;25
1031;23
1101;20
1102;38
1103;28
1104;30
1105;33
1106;30
1107;26
1108;27
1109;35
1110;28
1111;26
1112;31
1113;31
1114;31
1115;19
1116;24
1117;29
1118;20
1119;30
1120;26
1121;20
1122;18
1123;25
1124;32
1125;29
1126;30
1127;34
1128;33
1129;31
1130;26
1201;34
1202;21
1203;25
1204;25
1205;30
1206;31
1207;34
1208;30
1209;28
1210;25
1211;30
1212;39
1213;25
1214;21
1215;23
1216;29
1217;27
1218;25
1219;35
1220;33
1221;25
1222;27
1223;24
1224;33
1225;22
1226;33
1227;21
1228;26
1229;25
1230;23
1231;34
