0101;2
0102;1
0103;6
0104;2
0106;1
0107;1
0108;1
0109;4
0110;2
0111;5
0112;3
0113;3
0114;4
0115;2
0116;2
0117;3
0118;4
0119;5
0120;4
0121;3
0122;3
0123;3
0124;2
0125;7
0126;3
0127;2
0128;2
0129;2
0130;3
0131;6
0201;1
0202;2
0203;5
0204;3
0205;2
0206;2
0207;2
0208;5
0209;7
0210;2
0211;1
0212;1
0213;2
0215;1
0216;2
0217;1
0218;3
0219;1
0220;2
0221;4
0222;2
0223;1
0224;2
0225;2
0226;3
0227;5
0228;7
0301;10
0303;3
0304;1
0305;3
0306;4
0307;2
0308;3
0309;5
0311;3
0312;2
0313;3
0314;2
0315;4
0316;4
0317;4
0318;1
0319;4
0320;1
0321;2
0322;2
0323;3
0324;2
0325;1
0327;3
0328;4
0329;2
0330;1
0401;2
0402;2
0403;5
0404;4
0405;2
0406;2
0407;2
0408;3
0409;2
0410;4
0411;1
0412;2
0413;6
0414;1
0415;2
0416;2
0417;1
0418;1
0419;6
0420;4
0421;5
0422;1
0423;3
0424;3
0425;6
0426;1
0428;2
0429;3
0430;1
0501;3
0502;3
0503;3
0504;3
0505;3
0506;3
0507;1
0508;1
0509;1
0510;2
0511;1
0512;2
0513;2
0514;3
0515;5
0516;2
0517;2
0518;3
0519;3
0520;3
0522;3
0523;2
0524;3
0525;4
0527;2
0528;2
0529;1
0530;2
0531;3
0601;1
0602;3
0603;2
0604;2
0605;2
0606;1
0607;1
0608;1
0609;4
0610;4
0611;3
0612;1
0613;1
0614;6
0615;1
0617;2
0618;3
0620;1
0621;4
0622;4
0623;1
0624;5
0625;2
0626;4
0628;1
0629;1
0702;2
0704;2
0705;2
0706;2
0707;3
0708;3
0709;2
0710;2
0711;3
0712;1
0714;2
0715;3
0716;1
0717;3
0718;4
0719;1
0720;4
0721;2
0722;1
0723;2
0724;2
0725;1
0726;3
0727;2
0728;5
0729;5
0730;2
0731;3
0801;2
0802;2
0803;4
0804;2
0805;5
0806;1
0807;5
0808;2
0809;3
0810;1
0811;2
0812;5
0813;1
0814;2
0815;3
0816;5
0817;3
0818;1
0820;2
0822;2
0823;3
0825;1
0826;7
0827;2
0828;2
0829;1
0830;2
0831;6
0901;2
0902;2
0904;1
0905;1
0906;3
0907;2
0908;3
0909;2
0910;3
0911;4
0912;1
0913;4
0914;3
0915;4
0916;1
0917;2
0918;3
0919;2
0920;1
0921;3
0923;2
0924;2
0926;2
0927;4
0928;3
0929;3
1002;3
1003;1
1004;5
1005;3
1006;3
1007;2
1008;1
1009;4
1011;4
1013;2
1014;2
1015;2
1016;3
1017;2
1018;1
1019;5
1020;3
1022;2
1023;2
1024;4
1025;1
1026;2
1027;4
1028;2
1029;2
1031;3
1101;1
1102;3
1103;1
1104;5
1105;1
1107;2
1108;3
1110;2
1111;2
1112;1
1113;1
1114;3
1115;2
1116;3
1117;3
1118;1
1120;3
1121;4
1122;4
1123;1
1124;4
1125;1
1126;3
1127;4
1128;1
1129;3
1130;4
1201;1
1202;1
1203;2
1204;4
1205;3
1206;1
1207;2
1208;3
1209;4
1210;2
1211;1
1212;3
1213;3
1214;6
1215;5
1216;1
1217;1
1218;1
1219;5
1220;1
1221;2
1222;1
1223;6
1224;1
1225;4
1226;1
1227;4
1228;2
1229;2
1230;2
1231;2
