0101;19
0102;15
0103;27
0104;31
0105;26
0106;22
0107;24
0108;14
0109;22
0110;17
0111;27
0112;30
0113;28
0114;19
0115;27
0116;21
0117;20
0118;23
0119;28
0120;17
0121;24
0122;18
0123;27
0124;12
0125;19
0126;22
0127;23
0128;22
0129;25
0130;14
0131;15
0201;19
0202;17
0203;15
0204;25
0205;18
0206;18
0207;13
0208;21
0209;20
0210;20
0211;14
0212;25
0213;22
0214;25
0215;24
0216;15
0217;23
0218;16
0219;18
0220;20
0221;23
0222;19
0223;17
0224;15
0225;17
0226;19
0227;15
0228;18
0301;22
0302;14
0303;26
0304;24
0305;21
0306;27
0307;16
0308;19
0309;21
0310;24
0311;23
0312;26
0313;23
0314;17
0315;14
0316;17
0317;22
0318;19
0319;23
0320;19
0321;16
0322;27
0323;19
0324;10
0325;15
0326;16
0327;16
0328;13
0329;23
0330;26
0331;23
0401;15
0402;16
0403;15
0404;24
0405;20
0406;16
0407;21
0408;28
0409;20
0410;18
0411;11
0412;19
0413;16
0414;10
0415;21
0416;18
0417;23
0418;18
0419;15
0420;20
0421;20
0422;23
0423;27
0424;19
0425;23
0426;23
0427;26
0428;18
0429;19
0430;30
0501;19
0502;18
0503;14
0504;15
0505;19
0506;21
0507;11
0508;17
0509;25
0510;24
0511;19
0512;20
0513;18
0514;18
0515;17
0516;19
0517;16
0518;25
0519;11
0520;18
0521;18
0522;16
0523;14
0524;20
0525;20
0526;18
0527;26
0528;20
0529;13
0530;28
0531;20
0601;21
0602;19
0603;14
0604;15
0605;14
0606;15
0607;23
0608;19
0609;21
0610;20
0611;12
0612;12
0613;20
0614;23
0615;20
0616;14
0617;20
0618;19
0619;15
0620;14
0621;11
0622;18
0623;27
0624;16
0625;11
0626;8
0627;21
0628;10
0629;19
0630;22
0701;19
0702;23
0703;12
0704;16
0705;16
0706;21
0707;9
0708;18
0709;24
0710;11
0711;9
0712;19
0713;19
0714;24
0715;24
0716;15
0717;21
0718;14
0719;23
0720;18
0721;12
0722;12
0723;13
0724;22
0725;12
0726;20
0727;16
0728;23
0729;17
0730;18
0731;23
0801;15
0802;18
0803;30
0804;13
0805;24
0806;21
0807;21
0808;11
0809;22
0810;19
0811;21
0812;13
0813;25
0814;12
0815;28
0816;23
0817;25
0818;14
0819;21
0820;19
0821;19
0822;15
0823;17
0824;12
0825;16
0826;19
0827;18
0828;17
0829;23
0830;17
0831;23
0901;17
0902;13
0903;13
0904;9
0905;15
0906;9
0907;18
0908;28
0909;17
0910;20
0911;22
0912;13
0913;18
0914;18
0915;18
0916;16
0917;23
0918;16
0919;25
0920;14
0921;21
0922;17
0923;28
0924;24
0925;12
0926;14
0927;17
0928;18
0929;19
0930;13
1001;21
1002;21
1003;19
1004;12
1005;21
1006;20
1007;17
1008;24
1009;19
1010;15
1011;20
1012;20
1013;15
1014;12
1015;13
1016;13
1017;13
1018;18
1019;19
1020;17
1021;28
1022;12
1023;15
1024;24
1025;20
1026;19
1027;23
1028;24
1029;13
1030;21
1031;19
1101;19
1102;18
1103;29
1104;19
1105;14
1106;19
1107;19
1108;22
1109;19
1110;8
1111;20
1112;14
1113;24
1114;18
1115;19
1116;21
1117;15
1118;22
1119;23
1120;22
1121;21
1122;16
1123;22
1124;18
1125;15
1126;13
1127;16
1128;14
1129;20
1130;11
1201;15
1202;15
1203;11
1204;14
1205;25
1206;21
1207;14
1208;15
1209;14
1210;20
1211;19
1212;16
1213;26
1214;19
1215;15
1216;17
1217;21
1218;17
1219;22
1220;24
1221;18
1222;19
1223;21
1224;21
1225;24
1226;22
1227;9
1228;22
1229;14
1230;15
1231;17
