0101;24
0102;17
0103;32
0104;12
0105;16
0106;19
0107;22
0108;20
0109;18
0110;22
0111;21
0112;19
0113;17
0114;14
0115;23
0116;13
0117;20
0118;16
0119;16
0120;17
0121;18
0122;22
0123;16
0124;15
0125;19
0126;26
0127;18
0128;21
0129;12
0130;16
0131;13
0201;15
0202;13
0203;17
0204;27
0205;13
0206;12
0207;26
0208;15
0209;24
0210;19
0211;19
0212;8
0213;13
0214;20
0215;11
0216;22
0217;19
0218;15
0219;9
0220;14
0221;12
0222;17
0223;13
0224;14
0225;18
0226;20
0227;18
0228;20
0301;10
0302;19
0303;15
0304;18
0305;14
0306;18
0307;14
0308;12
0309;16
0310;12
0311;11
0312;9
0313;11
0314;16
0315;18
0316;8
0317;16
0318;20
0319;15
0320;19
0321;21
0322;21
0323;7
0324;14
0325;16
0326;14
0327;15
0328;19
0329;16
0330;11
0331;14
0401;15
0402;12
0403;22
0404;18
0405;18
0406;18
0407;20
0408;13
0409;13
0410;19
0411;20
0412;14
0413;13
0414;16
0415;14
0416;14
0417;23
0418;13
0419;16
0420;14
0421;18
0422;20
0423;16
0424;9
0425;13
0426;12
0427;12
0428;11
0429;14
0430;20
0501;19
0502;19
0503;18
0504;11
0505;15
0506;7
0507;13
0508;7
0509;14
0510;18
0511;14
0512;6
0513;12
0514;20
0515;7
0516;13
0517;22
0518;11
0519;11
0520;12
0521;11
0522;7
0523;23
0524;13
0525;16
0526;10
0527;14
0528;11
0529;16
0530;13
0531;13
0601;8
0602;14
0603;20
0604;17
0605;16
0606;14
0607;10
0608;18
0609;12
0610;16
0611;9
0612;13
0613;9
0614;16
0615;19
0616;13
0617;16
0618;18
0619;19
0620;16
0621;15
0622;9
0623;10
0624;9
0625;12
0626;17
0627;13
0628;8
0629;16
0630;11
0701;10
0702;15
0703;11
0704;13
0705;22
0706;17
0707;17
0708;10
0709;8
0710;14
0711;15
0712;10
0713;15
0714;9
0715;14
0716;18
0717;11
0718;12
0719;9
0720;17
0721;12
0722;13
0723;11
0724;9
0725;4
0726;17
0727;15
0728;16
0729;24
0730;25
0731;18
0801;14
0802;13
0803;13
0804;14
0805;16
0806;10
0807;23
0808;11
0809;10
0810;8
0811;8
0812;19
0813;6
0814;13
0815;16
0816;14
0817;18
0818;12
0819;15
0820;17
0821;11
0822;15
0823;12
0824;8
0825;11
0826;17
0827;9
0828;15
0829;9
0830;10
0831;12
0901;11
0902;9
0903;18
0904;16
0905;19
0906;14
0907;20
0908;16
0909;12
0910;7
0911;11
0912;8
0913;19
0914;14
0915;8
0916;21
0917;15
0918;9
0919;19
0920;10
0921;8
0922;9
0923;11
0924;15
0925;15
0926;15
0927;14
0928;20
0929;10
0930;17
1001;13
1002;6
1003;8
1004;13
1005;8
1006;21
1007;13
1008;20
1009;16
1010;14
1011;18
1012;18
1013;13
1014;18
1015;13
1016;11
1017;10
1018;14
1019;25
1020;19
1021;30
1022;19
1023;19
1024;24
1025;14
1026;12
1027;9
1028;15
1029;16
1030;14
1031;20
1101;20
1102;13
1103;14
1104;12
1105;8
1106;8
1107;16
1108;17
1109;8
1110;15
1111;20
1112;12
1113;16
1114;14
1115;18
1116;15
1117;17
1118;9
1119;13
1120;12
1121;10
1122;16
1123;14
1124;16
1125;10
1126;18
1127;10
1128;13
1129;14
1130;9
1201;15
1202;12
1203;16
1204;23
1205;18
1206;10
1207;21
1208;19
1209;15
1210;28
1211;16
1212;10
1213;19
1214;25
1215;12
1216;13
1217;10
1218;14
1219;16
1220;20
1221;23
1222;13
1223;21
1224;30
1225;19
1226;18
1227;14
1228;13
1229;16
1230;16
1231;15
