0101;8
0102;10
0103;11
0104;8
0105;10
0106;9
0107;11
0108;5
0109;9
0110;8
0111;9
0112;9
0113;13
0114;12
0115;16
0116;13
0117;11
0118;8
0119;9
0120;7
0121;12
0122;9
0123;4
0124;9
0125;9
0126;9
0127;4
0128;9
0129;9
0130;7
0131;10
0201;9
0202;15
0203;8
0204;10
0205;7
0206;9
0207;3
0208;9
0209;10
0210;8
0211;12
0212;16
0213;8
0214;10
0215;5
0216;6
0217;4
0218;9
0219;9
0220;4
0221;13
0222;10
0223;8
0224;5
0225;7
0226;9
0227;7
0228;8
0301;10
0302;8
0303;6
0304;3
0305;14
0306;9
0307;11
0308;8
0309;5
0310;6
0311;6
0312;6
0313;4
0314;9
0315;9
0316;9
0317;9
0318;5
0319;10
0320;8
0321;6
0322;6
0323;10
0324;8
0325;7
0326;8
0327;8
0328;6
0329;8
0330;12
0331;13
0401;11
0402;6
0403;11
0404;13
0405;9
0406;8
0407;5
0408;4
0409;10
0410;12
0411;8
0412;10
0413;6
0414;10
0415;5
0416;10
0417;9
0418;8
0419;8
0420;6
0421;4
0422;8
0423;6
0424;7
0425;8
0426;10
0427;4
0428;5
0429;7
0430;5
0501;5
0502;6
0503;7
0504;6
0505;6
0506;12
0507;9
0508;11
0509;5
0510;5
0511;6
0512;4
0513;10
0514;9
0515;11
0516;11
0517;11
0518;5
0519;6
0520;1
0521;11
0522;7
0523;7
0524;6
0525;8
0526;7
0527;8
0528;7
0529;7
0530;5
0531;4
0601;5
0602;5
0603;13
0604;9
0605;9
0606;9
0607;9
0608;4
0609;9
0610;5
0611;6
0612;14
0613;9
0614;5
0615;9
0616;9
0617;14
0618;13
0619;9
0620;6
0621;8
0622;6
0623;8
0624;5
0625;8
0626;6
0627;5
0628;8
0629;6
0630;6
0701;4
0702;5
0703;11
0704;8
0705;5
0706;4
0707;2
0708;9
0709;8
0710;13
0711;3
0712;3
0713;7
0714;8
0715;6
0716;8
0717;8
0718;5
0719;9
0720;7
0721;4
0722;6
0723;4
0724;11
0725;5
0726;9
0727;5
0728;6
0729;7
0730;10
0731;8
0801;6
0802;10
0803;9
0804;8
0805;5
0806;7
0807;6
0808;10
0809;8
0810;4
0811;4
0812;10
0813;5
0814;5
0815;7
0816;9
0817;11
0818;7
0819;3
0820;5
0821;3
0822;1
0823;8
0824;5
0825;5
0826;5
0827;12
0828;4
0829;9
0830;5
0831;10
0901;4
0902;7
0903;13
0904;10
0905;4
0906;9
0907;4
0908;4
0909;7
0910;10
0911;7
0912;8
0913;5
0914;5
0915;10
0916;8
0917;3
0918;12
0919;10
0920;4
0921;6
0922;14
0923;7
0924;9
0925;6
0926;4
0927;10
0928;7
0929;9
0930;9
1001;2
1002;10
1003;7
1004;7
1005;2
1006;10
1007;8
1008;3
1009;6
1010;7
1011;3
1012;4
1013;4
1014;8
1015;4
1016;16
1017;11
1018;7
1019;9
1020;6
1021;8
1022;17
1023;9
1024;8
1025;6
1026;4
1027;6
1028;7
1029;7
1030;7
1031;10
1101;8
1102;10
1103;3
1104;4
1105;6
1106;12
1107;10
1108;8
1109;11
1110;9
1111;10
1112;5
1113;9
1114;8
1115;9
1116;10
1117;7
1118;7
1119;5
1120;6
1121;8
1122;8
1123;11
1124;9
1125;7
1126;7
1127;1
1128;11
1129;8
1130;8
1201;6
1202;6
1203;10
1204;7
1205;10
1206;4
1207;10
1208;6
1209;5
1210;14
1211;6
1212;8
1213;5
1214;4
1215;3
1216;15
1217;10
1218;6
1219;4
1220;10
1221;8
1222;8
1223;7
1224;7
1225;6
1226;5
1227;6
1228;5
1229;5
1230;14
1231;5
