0101;9
0102;7
0103;4
0104;8
0105;10
0106;7
0107;8
0108;14
0109;12
0110;8
0111;7
0112;16
0113;8
0114;10
0115;10
0116;7
0117;9
0118;7
0119;7
0120;10
0121;7
0122;12
0123;14
0124;7
0125;11
0126;8
0127;12
0128;9
0129;6
0130;8
0131;6
0201;10
0202;8
0203;6
0204;11
0205;7
0206;8
0207;14
0208;10
0209;6
0210;12
0211;17
0212;10
0213;11
0214;11
0215;12
0216;12
0217;7
0218;14
0219;11
0220;11
0221;8
0222;8
0223;9
0224;6
0225;9
0226;10
0227;5
0228;8
0301;11
0302;7
0303;8
0304;8
0305;10
0306;7
0307;4
0308;11
0309;8
0310;6
0311;8
0312;4
0313;13
0314;11
0315;9
0316;8
0317;10
0318;9
0319;1
0320;13
0321;5
0322;10
0323;5
0324;7
0325;10
0326;15
0327;10
0328;14
0329;10
0330;6
0331;5
0401;9
0402;3
0403;4
0404;5
0405;12
0406;8
0407;2
0408;10
0409;9
0410;6
0411;7
0412;7
0413;7
0414;5
0415;10
0416;5
0417;9
0418;7
0419;3
0420;7
0421;8
0422;8
0423;9
0424;7
0425;12
0426;9
0427;6
0428;7
0429;4
0430;8
0501;5
0502;4
0503;9
0504;4
0505;4
0506;6
0507;5
0508;5
0509;5
0510;10
0511;7
0512;6
0513;3
0514;6
0515;7
0516;3
0517;11
0518;5
0519;1
0520;11
0521;6
0522;5
0523;8
0524;8
0525;5
0526;6
0527;5
0528;6
0529;10
0530;9
0531;9
0601;8
0602;11
0603;5
0604;5
0605;8
0606;2
0607;9
0608;5
0609;7
0610;9
0611;5
0612;7
0613;8
0614;8
0615;7
0616;7
0617;11
0618;5
0619;9
0620;2
0621;5
0622;9
0623;5
0624;5
0625;8
0626;6
0627;5
0628;5
0629;5
0630;7
0701;5
0702;5
0703;2
0704;5
0705;8
0706;5
0707;10
0708;11
0709;11
0710;6
0711;7
0712;10
0713;7
0714;9
0715;6
0716;11
0717;8
0718;4
0719;6
0720;7
0721;4
0722;15
0723;9
0724;7
0725;6
0726;4
0727;10
0728;6
0729;5
0730;3
0731;3
0801;16
0802;7
0803;5
0804;4
0805;11
0806;6
0807;7
0808;3
0809;6
0810;4
0811;5
0812;7
0813;5
0814;5
0815;7
0816;7
0817;4
0818;7
0819;6
0820;6
0821;8
0822;9
0823;13
0824;11
0825;7
0826;8
0827;7
0828;10
0829;9
0830;6
0831;7
0901;8
0902;6
0903;8
0904;11
0905;6
0906;14
0907;4
0908;6
0909;3
0910;9
0911;7
0912;3
0913;6
0914;11
0915;11
0916;11
0917;6
0918;8
0919;7
0920;7
0921;11
0922;3
0923;4
0924;2
0925;6
0926;7
0927;6
0928;9
0929;9
0930;5
1001;5
1002;13
1003;4
1004;6
1005;5
1006;7
1007;11
1008;5
1009;11
1010;10
1011;6
1012;3
1013;9
1014;8
1015;7
1016;8
1017;10
1018;8
1019;5
1020;8
1021;16
1022;7
1023;11
1024;5
1025;5
1026;8
1027;12
1028;9
1029;7
1030;9
1031;7
1101;7
1102;11
1103;4
1104;10
1105;8
1106;6
1107;6
1108;4
1109;6
1110;8
1111;6
1112;7
1113;7
1114;3
1115;6
1116;5
1117;8
1118;8
1119;9
1120;3
1121;5
1122;3
1123;7
1124;9
1125;8
1126;5
1127;7
1128;5
1129;8
1130;3
1201;5
1202;6
1203;7
1204;14
1205;7
1206;10
1207;4
1208;2
1209;5
1210;10
1211;14
1212;8
1213;5
1214;7
1215;8
1216;7
1217;10
1218;4
1219;1
1220;11
1221;8
1222;2
1223;7
1224;8
1225;10
1226;6
1227;9
1228;11
1229;11
1230;7
1231;4
