0101;19
0102;19
0103;15
0104;17
0105;12
0106;15
0107;20
0108;19
0109;12
0110;14
0111;14
0112;19
0113;14
0114;13
0115;18
0116;13
0117;12
0118;17
0119;12
0120;13
0121;11
0122;12
0123;11
0124;15
0125;14
0126;17
0127;15
0128;16
0129;10
0130;18
0131;18
0201;19
0202;17
0203;10
0204;18
0205;15
0206;19
0207;10
0208;18
0209;16
0210;14
0211;15
0212;15
0213;16
0214;16
0215;15
0216;16
0217;22
0218;10
0219;7
0220;11
0221;16
0222;14
0223;16
0224;14
0225;7
0226;17
0227;7
0228;17
0301;12
0302;14
0303;12
0304;16
0305;17
0306;16
0307;15
0308;15
0309;20
0310;19
0311;12
0312;12
0313;9
0314;22
0315;7
0316;16
0317;17
0318;17
0319;18
0320;10
0321;13
0322;7
0323;11
0324;10
0325;8
0326;13
0327;9
0328;12
0329;17
0330;15
0331;10
0401;16
0402;14
0403;9
0404;10
0405;15
0406;14
0407;17
0408;10
0409;12
0410;11
0411;15
0412;10
0413;15
0414;11
0415;9
0416;8
0417;12
0418;11
0419;13
0420;9
0421;13
0422;18
0423;13
0424;7
0425;9
0426;18
0427;10
0428;17
0429;15
0430;12
0501;11
0502;14
0503;11
0504;11
0505;9
0506;13
0507;16
0508;12
0509;13
0510;13
0511;12
0512;19
0513;7
0514;18
0515;11
0516;16
0517;15
0518;13
0519;11
0520;13
0521;16
0522;6
0523;9
0524;10
0525;10
0526;8
0527;11
0528;12
0529;17
0530;17
0531;10
0601;12
0602;14
0603;12
0604;9
0605;11
0606;10
0607;12
0608;6
0609;18
0610;17
0611;12
0612;16
0613;12
0614;18
0615;19
0616;14
0617;13
0618;10
0619;14
0620;17
0621;13
0622;13
0623;23
0624;19
0625;10
0626;6
0627;19
0628;14
0629;12
0630;14
0701;14
0702;14
0703;11
0704;12
0705;10
0706;8
0707;7
0708;3
0709;9
0710;6
0711;12
0712;14
0713;14
0714;11
0715;11
0716;9
0717;16
0718;11
0719;14
0720;14
0721;14
0722;11
0723;13
0724;9
0725;8
0726;17
0727;13
0728;14
0729;13
0730;18
0731;6
0801;10
0802;13
0803;9
0804;19
0805;15
0806;10
0807;11
0808;14
0809;16
0810;12
0811;7
0812;13
0813;21
0814;12
0815;11
0816;18
0817;14
0818;15
0819;19
0820;14
0821;11
0822;15
0823;3
0824;9
0825;12
0826;15
0827;10
0828;7
0829;11
0830;19
0831;15
0901;10
0902;16
0903;14
0904;12
0905;15
0906;9
0907;15
0908;8
0909;8
0910;15
0911;13
0912;10
0913;8
0914;9
0915;7
0916;11
0917;17
0918;11
0919;9
0920;7
0921;12
0922;12
0923;10
0924;9
0925;8
0926;16
0927;9
0928;12
0929;12
0930;10
1001;12
1002;17
1003;11
1004;9
1005;15
1006;10
1007;9
1008;17
1009;17
1010;8
1011;12
1012;15
1013;10
1014;13
1015;13
1016;9
1017;13
1018;16
1019;14
1020;13
1021;17
1022;14
1023;10
1024;10
1025;11
1026;9
1027;13
1028;11
1029;16
1030;14
1031;6
1101;20
1102;7
1103;13
1104;15
1105;16
1106;14
1107;15
1108;6
1109;13
1110;14
1111;13
1112;15
1113;12
1114;6
1115;15
1116;13
1117;11
1118;12
1119;16
1120;15
1121;14
1122;15
1123;7
1124;10
1125;13
1126;18
1127;17
1128;10
1129;11
1130;14
1201;12
1202;14
1203;9
1204;8
1205;9
1206;16
1207;13
1208;17
1209;19
1210;16
1211;15
1212;12
1213;15
1214;15
1215;16
1216;16
1217;11
1218;7
1219;9
1220;11
1221;16
1222;11
1223;18
1224;9
1225;13
1226;13
1227;22
1228;12
1229;12
1230;21
1231;18
