0101;12
0102;22
0103;21
0104;16
0105;18
0106;14
0107;21
0108;25
0109;21
0110;24
0111;23
0112;22
0113;19
0114;24
0115;20
0116;17
0117;29
0118;24
0119;30
0120;25
0121;24
0122;13
0123;15
0124;22
0125;20
0126;13
0127;17
0128;21
0129;26
0130;18
0131;15
0201;17
0202;16
0203;17
0204;22
0205;17
0206;24
0207;14
0208;18
0209;23
0210;8
0211;16
0212;25
0213;12
0214;18
0215;25
0216;14
0217;16
0218;22
0219;24
0220;26
0221;14
0222;16
0223;18
0224;15
0225;14
0226;17
0227;21
0228;20
0301;26
0302;22
0303;14
0304;21
0305;12
0306;16
0307;14
0308;20
0309;23
0310;21
0311;17
0312;10
0313;27
0314;11
0315;24
0316;16
0317;14
0318;14
0319;19
0320;15
0321;19
0322;16
0323;20
0324;22
0325;21
0326;24
0327;14
0328;21
0329;17
0330;15
0331;15
0401;24
0402;22
0403;24
0404;22
0405;10
0406;15
0407;12
0408;13
0409;24
0410;14
0411;18
0412;14
0413;9
0414;17
0415;13
0416;13
0417;14
0418;14
0419;15
0420;16
0421;11
0422;16
0423;13
0424;17
0425;21
0426;16
0427;13
0428;19
0429;15
0430;13
0501;18
0502;23
0503;21
0504;23
0505;23
0506;13
0507;21
0508;18
0509;16
0510;19
0511;15
0512;20
0513;13
0514;17
0515;20
0516;15
0517;11
0518;14
0519;17
0520;14
0521;13
0522;18
0523;19
0524;18
0525;11
0526;12
0527;12
0528;15
0529;18
0530;18
0531;15
0601;16
0602;13
0603;18
0604;19
0605;18
0606;11
0607;14
0608;14
0609;18
0610;19
0611;12
0612;19
0613;15
0614;20
0615;14
0616;15
0617;16
0618;13
0619;22
0620;23
0621;19
0622;17
0623;25
0624;19
0625;10
0626;15
0627;15
0628;14
0629;18
0630;17
0701;18
0702;19
0703;21
0704;19
0705;15
0706;18
0707;12
0708;18
0709;13
0710;8
0711;25
0712;15
0713;22
0714;17
0715;13
0716;9
0717;9
0718;13
0719;8
0720;12
0721;11
0722;15
0723;17
0724;27
0725;17
0726;7
0727;7
0728;14
0729;16
0730;17
0731;17
0801;21
0802;20
0803;16
0804;19
0805;14
0806;16
0807;19
0808;17
0809;15
0810;22
0811;14
0812;9
0813;18
0814;19
0815;12
0816;20
0817;14
0818;12
0819;19
0820;19
0821;16
0822;14
0823;16
0824;8
0825;10
0826;18
0827;15
0828;13
0829;21
0830;15
0831;17
0901;17
0902;13
0903;14
0904;12
0905;17
0906;12
0907;13
0908;12
0909;13
0910;11
0911;15
0912;11
0913;14
0914;17
0915;14
0916;10
0917;14
0918;17
0919;22
0920;18
0921;15
0922;12
0923;15
0924;14
0925;22
0926;12
0927;15
0928;15
0929;12
0930;18
1001;10
1002;18
1003;21
1004;13
1005;20
1006;14
1007;17
1008;21
1009;16
1010;18
1011;13
1012;14
1013;12
1014;15
1015;17
1016;23
1017;18
1018;20
1019;15
1020;16
1021;14
1022;22
1023;10
1024;14
1025;17
1026;17
1027;13
1028;14
1029;15
1030;18
1031;11
1101;16
1102;20
1103;17
1104;12
1105;16
1106;14
1107;14
1108;18
1109;12
1110;18
1111;17
1112;16
1113;16
1114;11
1115;13
1116;25
1117;13
1118;14
1119;15
1120;11
1121;25
1122;21
1123;14
1124;21
1125;15
1126;9
1127;14
1128;10
1129;16
1130;21
1201;21
1202;27
1203;21
1204;12
1205;12
1206;10
1207;18
1208;21
1209;20
1210;14
1211;24
1212;18
1213;12
1214;20
1215;23
1216;21
1217;21
1218;18
1219;17
1220;16
1221;15
1222;22
1223;23
1224;23
1225;25
1226;19
1227;14
1228;24
1229;20
1230;17
1231;24
