0101;13
0102;22
0103;22
0104;18
0105;21
0106;23
0107;15
0108;9
0109;17
0110;11
0111;15
0112;14
0113;16
0114;17
0115;11
0116;19
0117;20
0118;19
0119;20
0120;16
0121;25
0122;15
0123;18
0124;18
0125;20
0126;19
0127;15
0128;23
0129;11
0130;20
0131;21
0201;17
0202;19
0203;18
0204;18
0205;15
0206;10
0207;19
0208;17
0209;9
0210;17
0211;23
0212;22
0213;18
0214;16
0215;8
0216;15
0217;14
0218;21
0219;13
0220;16
0221;13
0222;13
0223;11
0224;15
0225;18
0226;11
0227;16
0228;22
0301;16
0302;15
0303;9
0304;10
0305;17
0306;19
0307;10
0308;15
0309;13
0310;6
0311;12
0312;16
0313;11
0314;17
0315;13
0316;14
0317;16
0318;17
0319;8
0320;14
0321;14
0322;11
0323;19
0324;17
0325;10
0326;6
0327;12
0328;10
0329;19
0330;14
0331;16
0401;10
0402;14
0403;11
0404;12
0405;12
0406;13
0407;10
0408;10
0409;12
0410;8
0411;11
0412;13
0413;16
0414;10
0415;12
0416;21
0417;15
0418;13
0419;21
0420;17
0421;13
0422;10
0423;6
0424;15
0425;13
0426;8
0427;17
0428;17
0429;19
0430;12
0501;10
0502;13
0503;10
0504;16
0505;12
0506;8
0507;11
0508;4
0509;10
0510;12
0511;7
0512;12
0513;10
0514;8
0515;17
0516;16
0517;17
0518;11
0519;16
0520;14
0521;11
0522;9
0523;14
0524;15
0525;8
0526;15
0527;15
0528;12
0529;8
0530;18
0531;12
0601;15
0602;19
0603;17
0604;25
0605;4
0606;12
0607;9
0608;12
0609;11
0610;16
0611;16
0612;15
0613;13
0614;16
0615;18
0616;10
0617;16
0618;10
0619;12
0620;14
0621;14
0622;17
0623;9
0624;20
0625;14
0626;15
0627;11
0628;14
0629;8
0630;12
0701;18
0702;8
0703;8
0704;12
0705;12
0706;12
0707;6
0708;9
0709;10
0710;14
0711;13
0712;9
0713;8
0714;13
0715;13
0716;17
0717;10
0718;22
0719;13
0720;16
0721;9
0722;11
0723;11
0724;20
0725;12
0726;8
0727;12
0728;12
0729;11
0730;16
0731;12
0801;11
0802;16
0803;16
0804;13
0805;15
0806;12
0807;19
0808;8
0809;11
0810;15
0811;9
0812;17
0813;15
0814;16
0815;10
0816;18
0817;18
0818;10
0819;12
0820;12
0821;13
0822;12
0823;18
0824;20
0825;14
0826;5
0827;7
0828;9
0829;14
0830;6
0831;11
0901;11
0902;15
0903;16
0904;12
0905;14
0906;9
0907;11
0908;15
0909;8
0910;7
0911;11
0912;13
0913;12
0914;13
0915;12
0916;16
0917;8
0918;13
0919;12
0920;13
0921;10
0922;6
0923;9
0924;16
0925;15
0926;10
0927;15
0928;15
0929;8
0930;8
1001;18
1002;7
1003;20
1004;14
1005;14
1006;17
1007;13
1008;7
1009;13
1010;14
1011;14
1012;11
1013;10
1014;9
1015;12
1016;11
1017;11
1018;9
1019;10
1020;15
1021;14
1022;14
1023;18
1024;14
1025;17
1026;11
1027;19
1028;8
1029;16
1030;12
1031;8
1101;18
1102;14
1103;7
1104;15
1105;12
1106;16
1107;19
1108;10
1109;6
1110;9
1111;11
1112;10
1113;12
1114;12
1115;21
1116;11
1117;13
1118;5
1119;18
1120;14
1121;10
1122;17
1123;10
1124;16
1125;10
1126;11
1127;15
1128;9
1129;10
1130;11
1201;17
1202;8
1203;15
1204;12
1205;8
1206;18
1207;9
1208;13
1209;12
1210;12
1211;13
1212;10
1213;9
1214;18
1215;16
1216;16
1217;12
1218;16
1219;16
1220;23
1221;10
1222;11
1223;20
1224;11
1225;12
1226;13
1227;10
1228;11
1229;10
1230;17
1231;17
