0101;14
0102;10
0103;16
0104;15
0105;11
0106;13
0107;13
0108;17
0109;13
0110;22
0111;19
0112;10
0113;19
0114;13
0115;20
0116;18
0117;11
0118;15
0119;13
0120;10
0121;14
0122;11
0123;16
0124;9
0125;16
0126;24
0127;12
0128;15
0129;13
0130;13
0131;9
0201;18
0202;8
0203;14
0204;13
0205;13
0206;11
0207;12
0208;13
0209;15
0210;17
0211;10
0212;14
0213;24
0214;19
0215;9
0216;19
0217;20
0218;14
0219;11
0220;14
0221;15
0222;15
0223;17
0224;15
0225;17
0226;17
0227;15
0228;17
0301;16
0302;14
0303;13
0304;15
0305;14
0306;12
0307;10
0308;19
0309;10
0310;13
0311;16
0312;17
0313;14
0314;15
0315;15
0316;8
0317;11
0318;15
0319;15
0320;8
0321;13
0322;15
0323;17
0324;14
0325;18
0326;7
0327;13
0328;8
0329;16
0330;11
0331;17
0401;18
0402;19
0403;12
0404;21
0405;10
0406;12
0407;13
0408;15
0409;15
0410;9
0411;12
0412;12
0413;23
0414;9
0415;8
0416;22
0417;17
0418;16
0419;10
0420;16
0421;13
0422;12
0423;9
0424;8
0425;9
0426;19
0427;14
0428;8
0429;12
0430;18
0501;10
0502;14
0503;17
0504;17
0505;13
0506;17
0507;13
0508;13
0509;10
0510;11
0511;13
0512;11
0513;14
0514;14
0515;8
0516;15
0517;9
0518;9
0519;8
0520;13
0521;15
0522;8
0523;8
0524;15
0525;12
0526;12
0527;9
0528;8
0529;10
0530;12
0531;11
0601;12
0602;9
0603;11
0604;17
0605;15
0606;14
0607;9
0608;6
0609;8
0610;16
0611;14
0612;21
0613;19
0614;11
0615;11
0616;11
0617;14
0618;14
0619;21
0620;24
0621;14
0622;19
0623;11
0624;12
0625;14
0626;14
0627;20
0628;12
0629;9
0630;8
0701;10
0702;8
0703;10
0704;9
0705;12
0706;15
0707;7
0708;18
0709;8
0710;13
0711;12
0712;8
0713;15
0714;15
0715;13
0716;14
0717;5
0718;13
0719;15
0720;13
0721;18
0722;12
0723;10
0724;17
0725;8
0726;5
0727;15
0728;8
0729;14
0730;12
0731;9
0801;13
0802;12
0803;12
0804;13
0805;12
0806;11
0807;13
0808;12
0809;10
0810;9
0811;9
0812;10
0813;18
0814;11
0815;13
0816;16
0817;11
0818;17
0819;8
0820;14
0821;10
0822;8
0823;14
0824;10
0825;14
0826;9
0827;16
0828;12
0829;16
0830;18
0831;16
0901;13
0902;16
0903;4
0904;18
0905;16
0906;10
0907;13
0908;9
0909;9
0910;11
0911;11
0912;14
0913;16
0914;10
0915;10
0916;11
0917;12
0918;10
0919;17
0920;9
0921;9
0922;10
0923;15
0924;13
0925;13
0926;11
0927;11
0928;14
0929;16
0930;12
1001;18
1002;14
1003;15
1004;15
1005;9
1006;11
1007;15
1008;12
1009;16
1010;16
1011;14
1012;15
1013;15
1014;9
1015;9
1016;12
1017;12
1018;12
1019;13
1020;14
1021;13
1022;13
1023;15
1024;10
1025;16
1026;11
1027;17
1028;12
1029;6
1030;3
1031;16
1101;15
1102;13
1103;11
1104;13
1105;12
1106;15
1107;17
1108;15
1109;10
1110;12
1111;14
1112;14
1113;9
1114;14
1115;16
1116;11
1117;15
1118;16
1119;14
1120;9
1121;14
1122;16
1123;17
1124;13
1125;14
1126;7
1127;15
1128;10
1129;17
1130;2
1201;13
1202;13
1203;15
1204;6
1205;8
1206;17
1207;15
1208;20
1209;11
1210;18
1211;20
1212;8
1213;16
1214;15
1215;18
1216;14
1217;19
1218;21
1219;14
1220;8
1221;15
1222;19
1223;15
1224;12
1225;17
1226;28
1227;13
1228;14
1229;13
1230;12
1231;13
