0101;12
0102;13
0103;10
0104;14
0105;11
0106;22
0107;16
0108;17
0109;15
0110;16
0111;12
0112;19
0113;11
0114;21
0115;18
0116;19
0117;17
0118;15
0119;10
0120;9
0121;17
0122;12
0123;12
0124;12
0125;16
0126;12
0127;14
0128;23
0129;9
0130;18
0131;17
0201;14
0202;13
0203;17
0204;17
0205;19
0206;17
0207;5
0208;18
0209;13
0210;15
0211;10
0212;10
0213;13
0214;14
0215;16
0216;9
0217;15
0218;9
0219;16
0220;10
0221;7
0222;9
0223;7
0224;7
0225;12
0226;11
0227;11
0228;9
0301;12
0302;11
0303;7
0304;12
0305;13
0306;6
0307;11
0308;18
0309;13
0310;14
0311;15
0312;6
0313;9
0314;8
0315;9
0316;7
0317;6
0318;14
0319;6
0320;7
0321;6
0322;11
0323;9
0324;11
0325;4
0326;14
0327;12
0328;7
0329;6
0330;3
0331;11
0401;10
0402;15
0403;23
0404;11
0405;11
0406;5
0407;11
0408;10
0409;11
0410;16
0411;11
0412;10
0413;12
0414;12
0415;12
0416;13
0417;8
0418;10
0419;6
0420;11
0421;3
0422;10
0423;5
0424;12
0425;13
0426;6
0427;13
0428;11
0429;8
0430;2
0501;8
0502;9
0503;12
0504;13
0505;11
0506;8
0507;11
0508;7
0509;6
0510;7
0511;10
0512;10
0513;7
0514;12
0515;8
0516;12
0517;5
0518;10
0519;10
0520;13
0521;7
0522;13
0523;9
0524;12
0525;10
0526;6
0527;7
0528;5
0529;13
0530;8
0531;6
0601;14
0602;9
0603;11
0604;9
0605;9
0606;12
0607;6
0608;10
0609;14
0610;7
0611;12
0612;5
0613;10
0614;11
0615;9
0616;11
0617;11
0618;15
0619;12
0620;8
0621;6
0622;16
0623;8
0624;8
0625;11
0626;9
0627;12
0628;9
0629;15
0630;10
0701;7
0702;13
0703;16
0704;10
0705;12
0706;6
0707;13
0708;6
0709;13
0710;9
0711;7
0712;11
0713;10
0714;8
0715;10
0716;14
0717;10
0718;2
0719;6
0720;9
0721;12
0722;15
0723;9
0724;11
0725;13
0726;7
0727;8
0728;15
0729;18
0730;13
0731;7
0801;12
0802;8
0803;5
0804;10
0805;6
0806;4
0807;5
0808;10
0809;18
0810;13
0811;10
0812;12
0813;9
0814;9
0815;16
0816;6
0817;9
0818;13
0819;16
0820;13
0821;7
0822;9
0823;12
0824;11
0825;6
0826;7
0827;12
0828;8
0829;7
0830;6
0831;7
0901;9
0902;8
0903;9
0904;7
0905;7
0906;7
0907;9
0908;12
0909;13
0910;9
0911;8
0912;7
0913;9
0914;9
0915;9
0916;6
0917;11
0918;8
0919;10
0920;8
0921;11
0922;7
0923;12
0924;7
0925;9
0926;8
0927;4
0928;4
0929;5
0930;6
1001;11
1002;10
1003;18
1004;5
1005;6
1006;11
1007;12
1008;10
1009;12
1010;16
1011;12
1012;20
1013;14
1014;16
1015;5
1016;9
1017;9
1018;13
1019;8
1020;11
1021;18
1022;7
1023;7
1024;9
1025;5
1026;8
1027;16
1028;4
1029;10
1030;8
1031;10
1101;9
1102;3
1103;8
1104;12
1105;9
1106;12
1107;8
1108;7
1109;14
1110;12
1111;6
1112;21
1113;3
1114;10
1115;9
1116;12
1117;14
1118;7
1119;11
1120;9
1121;12
1122;9
1123;10
1124;10
1125;11
1126;9
1127;11
1128;12
1129;9
1130;7
1201;8
1202;13
1203;8
1204;14
1205;8
1206;11
1207;4
1208;11
1209;12
1210;12
1211;11
1212;8
1213;9
1214;10
1215;1
1216;11
1217;9
1218;12
1219;13
1220;10
1221;9
1222;7
1223;17
1224;11
1225;12
1226;15
1227;13
1228;11
1229;8
1230;10
1231;14
