0101;32
0102;28
0103;40
0104;45
0105;32
0106;42
0107;36
0108;27
0109;28
0110;41
0111;35
0112;27
0113;31
0114;38
0115;38
0116;40
0117;32
0118;34
0119;41
0120;46
0121;44
0122;29
0123;44
0124;41
0125;35
0126;38
0127;35
0128;33
0129;31
0130;39
0131;38
0201;33
0202;31
0203;43
0204;28
0205;34
0206;34
0207;29
0208;28
0209;26
0210;32
0211;26
0212;38
0213;41
0214;26
0215;24
0216;31
0217;28
0218;33
0219;34
0220;29
0221;35
0222;24
0223;32
0224;34
0225;42
0226;33
0227;21
0228;21
0301;32
0302;29
0303;21
0304;21
0305;37
0306;30
0307;19
0308;39
0309;29
0310;28
0311;22
0312;24
0313;33
0314;22
0315;24
0316;34
0317;26
0318;33
0319;27
0320;32
0321;28
0322;24
0323;25
0324;21
0325;21
0326;33
0327;24
0328;37
0329;37
0330;33
0331;31
0401;30
0402;27
0403;29
0404;27
0405;22
0406;23
0407;29
0408;34
0409;30
0410;34
0411;29
0412;30
0413;24
0414;30
0415;23
0416;42
0417;38
0418;25
0419;22
0420;21
0421;35
0422;30
0423;26
0424;24
0425;22
0426;31
0427;24
0428;31
0429;36
0430;19
0501;26
0502;23
0503;33
0504;38
0505;25
0506;32
0507;26
0508;37
0509;28
0510;31
0511;26
0512;14
0513;26
0514;35
0515;25
0516;29
0517;27
0518;32
0519;15
0520;24
0521;29
0522;27
0523;23
0524;34
0525;22
0526;25
0527;27
0528;24
0529;37
0530;26
0531;27
0601;24
0602;18
0603;24
0604;33
0605;31
0606;22
0607;20
0608;21
0609;24
0610;25
0611;36
0612;27
0613;21
0614;20
0615;24
0616;19
0617;30
0618;42
0619;26
0620;25
0621;35
0622;16
0623;25
0624;14
0625;21
0626;31
0627;24
0628;24
0629;27
0630;20
0701;25
0702;31
0703;32
0704;26
0705;29
0706;14
0707;29
0708;20
0709;39
0710;30
0711;21
0712;28
0713;22
0714;21
0715;26
0716;17
0717;20
0718;28
0719;20
0720;33
0721;24
0722;27
0723;24
0724;30
0725;28
0726;24
0727;29
0728;33
0729;36
0730;40
0731;26
0801;23
0802;24
0803;20
0804;13
0805;26
0806;36
0807;24
0808;27
0809;21
0810;16
0811;18
0812;20
0813;29
0814;23
0815;21
0816;19
0817;29
0818;18
0819;27
0820;24
0821;25
0822;17
0823;19
0824;17
0825;21
0826;27
0827;17
0828;31
0829;26
0830;24
0831;18
0901;22
0902;20
0903;28
0904;23
0905;27
0906;16
0907;23
0908;25
0909;24
0910;22
0911;23
0912;24
0913;23
0914;22
0915;32
0916;26
0917;27
0918;25
0919;30
0920;35
0921;28
0922;12
0923;23
0924;21
0925;29
0926;30
0927;22
0928;26
0929;34
0930;25
1001;26
1002;35
1003;26
1004;23
1005;18
1006;22
1007;29
1008;36
1009;23
1010;30
1011;37
1012;25
1013;30
1014;28
1015;21
1016;14
1017;26
1018;18
1019;28
1020;25
1021;34
1022;35
1023;33
1024;24
1025;27
1026;26
1027;28
1028;28
1029;31
1030;26
1031;29
1101;25
1102;34
1103;32
1104;30
1105;31
1106;26
1107;35
1108;33
1109;33
1110;31
1111;21
1112;36
1113;26
1114;22
1115;26
1116;28
1117;25
1118;28
1119;17
1120;23
1121;35
1122;29
1123;23
1124;25
1125;28
1126;25
1127;22
1128;26
1129;29
1130;20
1201;28
1202;32
1203;24
1204;22
1205;29
1206;24
1207;25
1208;23
1209;35
1210;17
1211;23
1212;28
1213;36
1214;19
1215;36
1216;35
1217;44
1218;30
1219;25
1220;23
1221;35
1222;32
1223;26
1224;35
1225;25
1226;33
1227;25
1228;28
1229;31
1230;31
1231;19
