0101;29
0102;20
0103;22
0104;21
0105;26
0106;26
0107;24
0108;30
0109;31
0110;23
0111;24
0112;21
0113;29
0114;29
0115;20
0116;26
0117;21
0118;19
0119;20
0120;28
0121;27
0122;18
0123;16
0124;22
0125;24
0126;21
0127;14
0128;30
0129;20
0130;21
0131;18
0201;31
0202;19
0203;21
0204;21
0205;24
0206;18
0207;20
0208;16
0209;13
0210;12
0211;18
0212;26
0213;21
0214;27
0215;21
0216;35
0217;11
0218;15
0219;13
0220;29
0221;20
0222;20
0223;27
0224;19
0225;23
0226;14
0227;31
0228;15
0301;18
0302;27
0303;15
0304;21
0305;21
0306;18
0307;18
0308;26
0309;21
0310;17
0311;21
0312;22
0313;25
0314;16
0315;24
0316;15
0317;16
0318;19
0319;18
0320;12
0321;13
0322;16
0323;20
0324;17
0325;23
0326;19
0327;16
0328;17
0329;19
0330;22
0331;15
0401;16
0402;20
0403;14
0404;18
0405;18
0406;23
0407;17
0408;16
0409;16
0410;21
0411;24
0412;29
0413;18
0414;14
0415;16
0416;26
0417;19
0418;19
0419;16
0420;18
0421;17
0422;16
0423;16
0424;21
0425;15
0426;15
0427;22
0428;19
0429;25
0430;13
0501;24
0502;23
0503;20
0504;20
0505;10
0506;19
0507;14
0508;22
0509;13
0510;13
0511;19
0512;16
0513;17
0514;18
0515;16
0516;12
0517;26
0518;20
0519;14
0520;14
0521;20
0522;18
0523;21
0524;21
0525;21
0526;12
0527;13
0528;18
0529;16
0530;15
0531;15
0601;24
0602;18
0603;18
0604;18
0605;14
0606;11
0607;23
0608;15
0609;19
0610;24
0611;17
0612;14
0613;19
0614;21
0615;21
0616;8
0617;18
0618;24
0619;18
0620;12
0621;22
0622;9
0623;14
0624;14
0625;18
0626;14
0627;18
0628;13
0629;20
0630;20
0701;11
0702;12
0703;16
0704;17
0705;13
0706;19
0707;14
0708;17
0709;19
0710;16
0711;15
0712;14
0713;16
0714;21
0715;15
0716;20
0717;15
0718;11
0719;20
0720;19
0721;14
0722;18
0723;14
0724;22
0725;15
0726;19
0727;17
0728;22
0729;20
0730;17
0731;18
0801;10
0802;19
0803;15
0804;15
0805;12
0806;23
0807;12
0808;20
0809;18
0810;14
0811;13
0812;16
0813;16
0814;17
0815;12
0816;22
0817;15
0818;15
0819;28
0820;11
0821;14
0822;20
0823;10
0824;19
0825;22
0826;16
0827;10
0828;30
0829;18
0830;13
0831;14
0901;10
0902;13
0903;20
0904;15
0905;16
0906;15
0907;15
0908;24
0909;20
0910;13
0911;15
0912;21
0913;15
0914;13
0915;24
0916;17
0917;11
0918;30
0919;12
0920;26
0921;14
0922;12
0923;14
0924;21
0925;17
0926;14
0927;25
0928;19
0929;17
0930;21
1001;23
1002;14
1003;25
1004;14
1005;13
1006;14
1007;22
1008;18
1009;14
1010;16
1011;18
1012;21
1013;16
1014;10
1015;23
1016;22
1017;17
1018;18
1019;21
1020;24
1021;15
1022;19
1023;16
1024;13
1025;15
1026;21
1027;25
1028;13
1029;20
1030;20
1031;18
1101;20
1102;26
1103;16
1104;11
1105;13
1106;18
1107;16
1108;19
1109;22
1110;17
1111;21
1112;18
1113;21
1114;17
1115;21
1116;27
1117;22
1118;16
1119;19
1120;14
1121;14
1122;12
1123;16
1124;17
1125;15
1126;11
1127;16
1128;22
1129;18
1130;16
1201;16
1202;16
1203;21
1204;22
1205;18
1206;20
1207;14
1208;16
1209;15
1210;18
1211;19
1212;19
1213;19
1214;25
1215;19
1216;15
1217;15
1218;24
1219;21
1220;23
1221;23
1222;19
1223;17
1224;22
1225;17
1226;22
1227;21
1228;22
1229;15
1230;8
1231;30
