0101;2
0105;2
0107;1
0115;1
0118;1
0120;1
0122;1
0124;1
0127;1
0128;1
0130;1
0202;1
0204;1
0207;1
0210;3
0211;1
0214;2
0216;3
0217;1
0221;1
0224;1
0225;1
0226;2
0227;2
0306;1
0307;2
0309;1
0315;1
0317;2
0319;1
0320;1
0321;1
0326;1
0401;2
0402;1
0403;1
0410;1
0411;2
0412;1
0414;2
0415;1
0416;1
0421;1
0422;1
0423;2
0424;1
0501;1
0502;1
0509;2
0512;1
0515;1
0518;1
0519;2
0520;1
0521;1
0523;1
0528;1
0602;1
0603;1
0606;1
0609;1
0611;1
0614;1
0618;1
0621;1
0626;1
0627;1
0629;1
0630;1
0703;2
0709;1
0711;1
0717;2
0721;1
0722;1
0726;1
0731;1
0801;1
0802;2
0804;1
0807;1
0810;1
0811;1
0816;1
0824;2
0826;1
0904;1
0905;2
0908;1
0910;1
0911;1
0912;1
0914;1
0923;1
0927;1
1001;1
1009;1
1011;2
1012;1
1018;1
1025;1
1027;1
1029;1
1030;1
1105;1
1106;1
1111;1
1126;1
1130;2
1201;1
1207;1
1211;1
1214;1
1216;1
1217;1
1218;1
1221;1
1229;1
1230;1
