0101;11
0102;24
0103;12
0104;19
0105;10
0106;21
0107;16
0108;5
0109;18
0110;16
0111;19
0112;12
0113;11
0114;11
0115;13
0116;8
0117;9
0118;12
0119;13
0120;14
0121;16
0122;16
0123;15
0124;21
0125;7
0126;13
0127;11
0128;9
0129;9
0130;9
0131;13
0201;9
0202;23
0203;11
0204;17
0205;11
0206;18
0207;9
0208;14
0209;12
0210;9
0211;21
0212;10
0213;13
0214;9
0215;12
0216;13
0217;12
0218;10
0219;15
0220;13
0221;13
0222;8
0223;10
0224;13
0225;10
0226;14
0227;10
0228;8
0301;10
0302;15
0303;9
0304;13
0305;17
0306;18
0307;13
0308;16
0309;8
0310;13
0311;9
0312;14
0313;10
0314;12
0315;14
0316;9
0317;5
0318;12
0319;10
0320;4
0321;11
0322;10
0323;13
0324;10
0325;11
0326;15
0327;16
0328;11
0329;20
0330;9
0331;10
0401;11
0402;17
0403;9
0404;13
0405;6
0406;9
0407;12
0408;16
0409;11
0410;8
0411;8
0412;9
0413;5
0414;14
0415;21
0416;6
0417;15
0418;16
0419;11
0420;7
0421;12
0422;7
0423;11
0424;8
0425;7
0426;6
0427;13
0428;12
0429;12
0430;11
0501;9
0502;12
0503;18
0504;12
0505;8
0506;13
0507;11
0508;8
0509;8
0510;18
0511;7
0512;14
0513;15
0514;9
0515;14
0516;11
0517;7
0518;11
0519;11
0520;11
0521;8
0522;5
0523;13
0524;8
0525;5
0526;12
0527;14
0528;10
0529;13
0530;14
0531;9
0601;8
0602;6
0603;8
0604;11
0605;6
0606;15
0607;12
0608;15
0609;6
0610;16
0611;13
0612;10
0613;7
0614;13
0615;11
0616;7
0617;10
0618;7
0619;10
0620;14
0621;12
0622;8
0623;9
0624;9
0625;9
0626;11
0627;12
0628;13
0629;17
0630;9
0701;10
0702;13
0703;6
0704;11
0705;16
0706;12
0707;17
0708;9
0709;13
0710;11
0711;6
0712;15
0713;4
0714;7
0715;10
0716;17
0717;5
0718;11
0719;6
0720;12
0721;18
0722;9
0723;11
0724;13
0725;11
0726;10
0727;21
0728;12
0729;13
0730;12
0731;13
0801;8
0802;11
0803;12
0804;14
0805;13
0806;12
0807;13
0808;18
0809;15
0810;12
0811;10
0812;14
0813;12
0814;13
0815;6
0816;7
0817;16
0818;9
0819;10
0820;9
0821;7
0822;14
0823;9
0824;8
0825;11
0826;18
0827;9
0828;7
0829;6
0830;12
0831;4
0901;10
0902;12
0903;11
0904;10
0905;12
0906;5
0907;9
0908;15
0909;10
0910;14
0911;18
0912;16
0913;9
0914;10
0915;10
0916;6
0917;11
0918;7
0919;10
0920;12
0921;11
0922;12
0923;8
0924;11
0925;8
0926;8
0927;7
0928;14
0929;16
0930;9
1001;7
1002;15
1003;9
1004;14
1005;15
1006;9
1007;9
1008;12
1009;17
1010;11
1011;9
1012;14
1013;5
1014;12
1015;14
1016;11
1017;11
1018;15
1019;11
1020;15
1021;10
1022;13
1023;9
1024;10
1025;11
1026;11
1027;14
1028;12
1029;9
1030;7
1031;9
1101;9
1102;7
1103;12
1104;9
1105;11
1106;10
1107;21
1108;11
1109;16
1110;14
1111;8
1112;11
1113;14
1114;11
1115;16
1116;12
1117;7
1118;10
1119;13
1120;15
1121;14
1122;7
1123;9
1124;16
1125;19
1126;11
1127;13
1128;12
1129;15
1130;11
1201;8
1202;9
1203;11
1204;11
1205;9
1206;15
1207;12
1208;12
1209;10
1210;14
1211;8
1212;9
1213;8
1214;13
1215;9
1216;11
1217;15
1218;12
1219;13
1220;14
1221;10
1222;11
1223;18
1224;8
1225;17
1226;12
1227;13
1228;17
1229;4
1230;9
1231;12
