0101;11
0102;9
0103;13
0104;7
0105;12
0106;13
0107;11
0108;10
0109;15
0110;10
0111;5
0112;7
0113;12
0114;7
0115;6
0116;12
0117;7
0118;12
0119;7
0120;10
0121;8
0122;13
0123;6
0124;4
0125;8
0126;5
0127;5
0128;10
0129;10
0130;8
0131;7
0201;10
0202;11
0203;9
0204;8
0205;5
0206;14
0207;3
0208;4
0209;9
0210;10
0211;10
0212;8
0213;9
0214;11
0215;5
0216;5
0217;11
0218;10
0219;9
0220;7
0221;13
0222;9
0223;10
0224;5
0225;8
0226;3
0227;11
0228;13
0301;9
0302;10
0303;7
0304;5
0305;6
0306;9
0307;9
0308;9
0309;3
0310;8
0311;8
0312;11
0313;5
0314;5
0315;15
0316;12
0317;7
0318;11
0319;7
0320;10
0321;12
0322;8
0323;8
0324;13
0325;5
0326;12
0327;12
0328;8
0329;9
0330;8
0331;4
0401;4
0402;12
0403;4
0404;8
0405;3
0406;5
0407;5
0408;9
0409;8
0410;8
0411;8
0412;6
0413;2
0414;8
0415;8
0416;9
0417;5
0418;10
0419;8
0420;4
0421;4
0422;2
0423;7
0424;10
0425;5
0426;5
0427;7
0428;5
0429;7
0430;7
0501;4
0502;8
0503;8
0504;6
0505;11
0506;4
0507;5
0508;6
0509;7
0510;10
0511;8
0512;4
0513;6
0514;10
0515;9
0516;7
0517;10
0518;5
0519;8
0520;5
0521;9
0522;9
0523;13
0524;8
0525;7
0526;7
0527;4
0528;6
0529;4
0530;6
0531;4
0601;5
0602;7
0603;7
0604;6
0605;6
0606;12
0607;7
0608;11
0609;11
0610;7
0611;11
0612;7
0613;8
0614;3
0615;4
0616;4
0617;5
0618;7
0619;10
0620;6
0621;5
0622;7
0623;7
0624;5
0625;2
0626;3
0627;9
0628;7
0629;2
0630;8
0701;6
0702;8
0703;2
0704;6
0705;9
0706;5
0707;10
0708;1
0709;5
0710;6
0711;4
0712;8
0713;8
0714;8
0715;3
0716;8
0717;14
0718;7
0719;5
0720;9
0721;12
0722;8
0723;4
0724;7
0725;4
0726;10
0727;6
0728;8
0729;11
0730;5
0731;6
0801;5
0802;4
0803;7
0804;10
0805;2
0806;7
0807;5
0808;7
0809;6
0810;6
0811;5
0812;5
0813;6
0814;7
0815;9
0816;10
0817;6
0818;3
0819;4
0820;5
0821;4
0822;4
0823;9
0824;7
0825;10
0826;5
0827;7
0828;2
0829;6
0830;15
0831;6
0901;8
0902;5
0903;10
0904;9
0905;2
0906;8
0907;4
0908;4
0909;9
0910;8
0911;6
0912;9
0913;4
0914;7
0915;4
0916;3
0917;5
0918;5
0919;3
0920;4
0921;2
0922;9
0923;5
0924;6
0925;7
0926;10
0927;12
0928;4
0929;7
0930;9
1001;14
1002;6
1003;6
1004;8
1005;7
1006;6
1007;4
1008;6
1009;9
1010;11
1011;8
1012;4
1013;8
1014;6
1015;8
1016;8
1017;9
1018;7
1019;5
1020;8
1021;3
1022;6
1023;8
1024;9
1025;7
1026;14
1027;9
1028;6
1029;2
1030;8
1031;9
1101;5
1102;5
1103;10
1104;5
1105;4
1106;5
1107;5
1108;6
1109;8
1110;10
1111;9
1112;10
1113;7
1114;9
1115;11
1116;10
1117;10
1118;8
1119;9
1120;7
1121;6
1122;8
1123;8
1124;6
1125;2
1126;8
1127;4
1128;12
1129;12
1130;4
1201;16
1202;8
1203;11
1204;8
1205;6
1206;4
1207;9
1208;8
1209;6
1210;6
1211;11
1212;8
1213;7
1214;4
1215;7
1216;8
1217;6
1218;10
1219;4
1220;14
1221;10
1222;9
1223;10
1224;10
1225;4
1226;7
1227;7
1228;10
1229;6
1230;11
1231;8
