0101;17
0102;16
0103;23
0104;12
0105;17
0106;21
0107;23
0108;24
0109;28
0110;17
0111;17
0112;22
0113;18
0114;19
0115;13
0116;21
0117;19
0118;20
0119;15
0120;18
0121;19
0122;16
0123;16
0124;17
0125;17
0126;20
0127;13
0128;21
0129;14
0130;17
0131;15
0201;19
0202;25
0203;23
0204;13
0205;25
0206;23
0207;13
0208;21
0209;21
0210;10
0211;21
0212;17
0213;17
0214;25
0215;21
0216;13
0217;23
0218;19
0219;19
0220;17
0221;16
0222;20
0223;10
0224;14
0225;19
0226;14
0227;19
0228;17
0301;10
0302;28
0303;20
0304;23
0305;15
0306;17
0307;22
0308;25
0309;19
0310;18
0311;15
0312;9
0313;17
0314;12
0315;18
0316;13
0317;16
0318;12
0319;20
0320;14
0321;18
0322;17
0323;15
0324;12
0325;20
0326;23
0327;20
0328;18
0329;15
0330;18
0331;15
0401;15
0402;19
0403;12
0404;18
0405;28
0406;26
0407;16
0408;23
0409;18
0410;16
0411;22
0412;16
0413;18
0414;11
0415;21
0416;13
0417;21
0418;12
0419;20
0420;18
0421;10
0422;15
0423;20
0424;19
0425;18
0426;15
0427;10
0428;19
0429;11
0430;12
0501;11
0502;11
0503;16
0504;12
0505;17
0506;17
0507;15
0508;19
0509;14
0510;13
0511;18
0512;17
0513;10
0514;15
0515;18
0516;13
0517;15
0518;22
0519;19
0520;22
0521;19
0522;18
0523;14
0524;12
0525;15
0526;18
0527;12
0528;15
0529;20
0530;20
0531;16
0601;16
0602;15
0603;15
0604;24
0605;17
0606;15
0607;11
0608;15
0609;15
0610;20
0611;14
0612;17
0613;15
0614;21
0615;15
0616;17
0617;9
0618;24
0619;22
0620;12
0621;15
0622;17
0623;13
0624;15
0625;22
0626;14
0627;24
0628;17
0629;7
0630;15
0701;20
0702;30
0703;14
0704;28
0705;15
0706;20
0707;14
0708;15
0709;18
0710;10
0711;26
0712;14
0713;14
0714;14
0715;25
0716;22
0717;18
0718;11
0719;16
0720;16
0721;19
0722;11
0723;19
0724;17
0725;19
0726;26
0727;18
0728;16
0729;20
0730;18
0731;21
0801;18
0802;8
0803;15
0804;10
0805;24
0806;15
0807;10
0808;23
0809;23
0810;15
0811;18
0812;21
0813;14
0814;20
0815;12
0816;9
0817;10
0818;15
0819;16
0820;22
0821;12
0822;10
0823;17
0824;16
0825;16
0826;13
0827;18
0828;9
0829;16
0830;12
0831;8
0901;13
0902;9
0903;20
0904;15
0905;12
0906;9
0907;19
0908;10
0909;15
0910;18
0911;19
0912;22
0913;17
0914;27
0915;24
0916;16
0917;20
0918;27
0919;12
0920;17
0921;13
0922;15
0923;17
0924;18
0925;12
0926;9
0927;20
0928;11
0929;11
0930;17
1001;16
1002;27
1003;27
1004;19
1005;17
1006;17
1007;19
1008;14
1009;17
1010;16
1011;21
1012;17
1013;25
1014;15
1015;20
1016;23
1017;10
1018;21
1019;17
1020;20
1021;13
1022;11
1023;20
1024;17
1025;24
1026;16
1027;10
1028;17
1029;15
1030;25
1031;12
1101;16
1102;26
1103;23
1104;17
1105;24
1106;24
1107;25
1108;16
1109;18
1110;9
1111;18
1112;19
1113;22
1114;25
1115;17
1116;23
1117;15
1118;19
1119;19
1120;14
1121;26
1122;18
1123;26
1124;10
1125;23
1126;18
1127;17
1128;11
1129;17
1130;20
1201;23
1202;11
1203;17
1204;23
1205;19
1206;13
1207;11
1208;11
1209;23
1210;24
1211;13
1212;13
1213;18
1214;10
1215;16
1216;16
1217;21
1218;13
1219;19
1220;10
1221;17
1222;20
1223;19
1224;20
1225;33
1226;24
1227;23
1228;24
1229;22
1230;25
1231;19
