0101;13
0102;15
0103;11
0104;9
0105;15
0106;11
0107;6
0108;9
0109;13
0110;12
0111;9
0112;4
0113;14
0114;10
0115;9
0116;11
0117;15
0118;7
0119;6
0120;9
0121;8
0122;9
0123;13
0124;6
0125;14
0126;10
0127;7
0128;8
0129;10
0130;8
0131;7
0201;8
0202;12
0203;5
0204;11
0205;15
0206;14
0207;14
0208;8
0209;12
0210;10
0211;10
0212;11
0213;16
0214;8
0215;10
0216;12
0217;12
0218;10
0219;6
0220;2
0221;9
0222;9
0223;7
0224;11
0225;4
0226;18
0227;6
0228;9
0301;15
0302;8
0303;8
0304;11
0305;6
0306;6
0307;8
0308;9
0309;9
0310;12
0311;9
0312;12
0313;5
0314;12
0315;10
0316;7
0317;10
0318;13
0319;5
0320;7
0321;10
0322;10
0323;6
0324;7
0325;10
0326;4
0327;8
0328;8
0329;13
0330;7
0331;14
0401;5
0402;12
0403;10
0404;7
0405;6
0406;15
0407;4
0408;10
0409;9
0410;10
0411;7
0412;9
0413;11
0414;7
0415;10
0416;10
0417;8
0418;5
0419;8
0420;6
0421;5
0422;10
0423;18
0424;7
0425;9
0426;9
0427;7
0428;8
0429;9
0430;8
0501;11
0502;9
0503;3
0504;12
0505;8
0506;13
0507;10
0508;9
0509;7
0510;9
0511;5
0512;16
0513;5
0514;10
0515;8
0516;5
0517;9
0518;14
0519;14
0520;6
0521;7
0522;9
0523;4
0524;9
0525;11
0526;10
0527;8
0528;6
0529;3
0530;8
0531;8
0601;12
0602;8
0603;10
0604;18
0605;7
0606;5
0607;8
0608;7
0609;10
0610;8
0611;7
0612;8
0613;8
0614;8
0615;7
0616;12
0617;8
0618;7
0619;7
0620;13
0621;7
0622;5
0623;12
0624;8
0625;12
0626;10
0627;5
0628;5
0629;6
0630;7
0701;11
0702;7
0703;9
0704;9
0705;7
0706;11
0707;15
0708;7
0709;7
0710;3
0711;7
0712;6
0713;6
0714;16
0715;5
0716;11
0717;11
0718;11
0719;12
0720;3
0721;10
0722;6
0723;10
0724;8
0725;10
0726;8
0727;8
0728;9
0729;8
0730;11
0731;9
0801;6
0802;5
0803;6
0804;10
0805;8
0806;9
0807;4
0808;4
0809;10
0810;9
0811;12
0812;8
0813;12
0814;8
0815;10
0816;8
0817;7
0818;7
0819;17
0820;9
0821;8
0822;11
0823;7
0824;6
0825;9
0826;3
0827;8
0828;12
0829;13
0830;6
0831;2
0901;14
0902;9
0903;4
0904;8
0905;6
0906;9
0907;5
0908;5
0909;4
0910;7
0911;11
0912;5
0913;7
0914;13
0915;6
0916;8
0917;4
0918;9
0919;7
0920;3
0921;8
0922;10
0923;12
0924;9
0925;11
0926;11
0927;15
0928;13
0929;8
0930;9
1001;9
1002;9
1003;8
1004;6
1005;10
1006;9
1007;9
1008;10
1009;7
1010;9
1011;5
1012;9
1013;5
1014;11
1015;15
1016;13
1017;5
1018;8
1019;9
1020;9
1021;8
1022;8
1023;10
1024;9
1025;6
1026;6
1027;5
1028;8
1029;4
1030;4
1031;9
1101;8
1102;11
1103;19
1104;14
1105;9
1106;5
1107;5
1108;9
1109;7
1110;8
1111;7
1112;6
1113;10
1114;11
1115;8
1116;9
1117;7
1118;6
1119;11
1120;8
1121;9
1122;14
1123;15
1124;5
1125;7
1126;9
1127;9
1128;12
1129;10
1130;10
1201;8
1202;8
1203;5
1204;8
1205;11
1206;10
1207;4
1208;13
1209;6
1210;13
1211;11
1212;11
1213;10
1214;11
1215;12
1216;5
1217;9
1218;10
1219;12
1220;8
1221;14
1222;10
1223;13
1224;7
1225;11
1226;12
1227;11
1228;12
1229;8
1230;12
1231;16
