0101;17
0102;7
0103;15
0104;13
0105;15
0106;18
0107;13
0108;10
0109;18
0110;17
0111;16
0112;21
0113;8
0114;9
0115;16
0116;12
0117;8
0118;11
0119;8
0120;12
0121;14
0122;7
0123;9
0124;12
0125;7
0126;9
0127;11
0128;10
0129;19
0130;15
0131;11
0201;7
0202;15
0203;6
0204;15
0205;8
0206;14
0207;14
0208;14
0209;5
0210;10
0211;12
0212;9
0213;11
0214;10
0215;22
0216;17
0217;15
0218;12
0219;18
0220;14
0221;10
0222;8
0223;20
0224;11
0225;6
0226;14
0227;12
0228;12
0301;7
0302;13
0303;16
0304;13
0305;10
0306;15
0307;10
0308;15
0309;10
0310;16
0311;12
0312;14
0313;11
0314;17
0315;21
0316;8
0317;20
0318;16
0319;9
0320;13
0321;13
0322;15
0323;14
0324;3
0325;14
0326;9
0327;12
0328;16
0329;15
0330;16
0331;9
0401;14
0402;13
0403;8
0404;19
0405;21
0406;18
0407;19
0408;14
0409;5
0410;10
0411;16
0412;13
0413;9
0414;10
0415;10
0416;13
0417;10
0418;16
0419;13
0420;14
0421;13
0422;10
0423;14
0424;13
0425;8
0426;8
0427;10
0428;8
0429;12
0430;6
0501;7
0502;15
0503;10
0504;10
0505;12
0506;8
0507;9
0508;8
0509;6
0510;13
0511;11
0512;3
0513;8
0514;11
0515;13
0516;10
0517;14
0518;10
0519;8
0520;16
0521;6
0522;12
0523;11
0524;11
0525;13
0526;11
0527;8
0528;9
0529;8
0530;14
0531;16
0601;8
0602;8
0603;14
0604;10
0605;10
0606;15
0607;12
0608;8
0609;13
0610;14
0611;7
0612;10
0613;8
0614;10
0615;12
0616;12
0617;9
0618;5
0619;13
0620;8
0621;15
0622;6
0623;7
0624;17
0625;15
0626;12
0627;13
0628;13
0629;12
0630;11
0701;10
0702;8
0703;9
0704;13
0705;10
0706;11
0707;5
0708;15
0709;4
0710;11
0711;11
0712;11
0713;6
0714;8
0715;14
0716;12
0717;9
0718;11
0719;6
0720;11
0721;16
0722;13
0723;12
0724;10
0725;12
0726;13
0727;13
0728;19
0729;5
0730;12
0731;8
0801;9
0802;10
0803;10
0804;15
0805;10
0806;6
0807;6
0808;13
0809;9
0810;11
0811;13
0812;7
0813;13
0814;8
0815;5
0816;5
0817;6
0818;11
0819;8
0820;10
0821;7
0822;10
0823;6
0824;9
0825;9
0826;14
0827;7
0828;10
0829;2
0830;9
0831;12
0901;16
0902;11
0903;14
0904;5
0905;20
0906;12
0907;8
0908;6
0909;10
0910;13
0911;12
0912;15
0913;8
0914;9
0915;13
0916;10
0917;12
0918;9
0919;6
0920;18
0921;11
0922;7
0923;11
0924;12
0925;13
0926;7
0927;12
0928;5
0929;14
0930;14
1001;14
1002;10
1003;11
1004;12
1005;15
1006;9
1007;9
1008;9
1009;12
1010;11
1011;15
1012;10
1013;7
1014;8
1015;14
1016;9
1017;9
1018;13
1019;14
1020;11
1021;14
1022;11
1023;12
1024;8
1025;12
1026;9
1027;15
1028;14
1029;9
1030;10
1031;9
1101;12
1102;12
1103;10
1104;7
1105;5
1106;13
1107;12
1108;8
1109;8
1110;11
1111;21
1112;12
1113;8
1114;15
1115;19
1116;14
1117;15
1118;17
1119;16
1120;10
1121;9
1122;13
1123;12
1124;11
1125;16
1126;12
1127;13
1128;8
1129;4
1130;7
1201;12
1202;13
1203;13
1204;7
1205;16
1206;6
1207;15
1208;11
1209;17
1210;7
1211;20
1212;15
1213;14
1214;11
1215;13
1216;16
1217;11
1218;10
1219;13
1220;9
1221;9
1222;15
1223;15
1224;16
1225;14
1226;8
1227;14
1228;14
1229;11
1230;11
1231;21
