0101;14
0102;25
0103;20
0104;24
0105;19
0106;17
0107;17
0108;19
0109;21
0110;14
0111;15
0112;31
0113;12
0114;19
0115;15
0116;14
0117;21
0118;21
0119;17
0120;13
0121;20
0122;19
0123;15
0124;16
0125;23
0126;18
0127;17
0128;12
0129;19
0130;21
0131;14
0201;22
0202;23
0203;19
0204;22
0205;14
0206;22
0207;18
0208;18
0209;22
0210;20
0211;9
0212;17
0213;17
0214;24
0215;26
0216;24
0217;21
0218;11
0219;17
0220;25
0221;14
0222;18
0223;12
0224;15
0225;24
0226;30
0227;20
0228;23
0301;16
0302;15
0303;19
0304;14
0305;12
0306;20
0307;16
0308;18
0309;19
0310;21
0311;16
0312;14
0313;13
0314;17
0315;23
0316;16
0317;14
0318;17
0319;12
0320;17
0321;17
0322;15
0323;10
0324;13
0325;17
0326;12
0327;16
0328;15
0329;17
0330;16
0331;19
0401;15
0402;16
0403;12
0404;18
0405;16
0406;19
0407;16
0408;21
0409;14
0410;18
0411;9
0412;20
0413;13
0414;18
0415;25
0416;25
0417;16
0418;21
0419;18
0420;15
0421;13
0422;7
0423;14
0424;12
0425;20
0426;16
0427;20
0428;16
0429;18
0430;17
0501;16
0502;17
0503;10
0504;16
0505;18
0506;11
0507;20
0508;16
0509;17
0510;17
0511;14
0512;8
0513;16
0514;17
0515;7
0516;15
0517;14
0518;16
0519;17
0520;17
0521;14
0522;11
0523;23
0524;11
0525;21
0526;20
0527;13
0528;8
0529;16
0530;12
0531;17
0601;17
0602;18
0603;9
0604;22
0605;9
0606;14
0607;22
0608;19
0609;16
0610;13
0611;15
0612;13
0613;11
0614;16
0615;15
0616;13
0617;12
0618;18
0619;16
0620;10
0621;13
0622;20
0623;8
0624;12
0625;19
0626;14
0627;15
0628;15
0629;16
0630;12
0701;10
0702;15
0703;13
0704;12
0705;8
0706;15
0707;16
0708;10
0709;15
0710;10
0711;13
0712;13
0713;16
0714;16
0715;13
0716;6
0717;15
0718;19
0719;14
0720;12
0721;11
0722;19
0723;25
0724;12
0725;14
0726;9
0727;12
0728;25
0729;19
0730;12
0731;18
0801;10
0802;17
0803;21
0804;24
0805;13
0806;14
0807;13
0808;14
0809;19
0810;7
0811;10
0812;13
0813;14
0814;20
0815;15
0816;14
0817;13
0818;17
0819;12
0820;21
0821;13
0822;8
0823;25
0824;21
0825;15
0826;21
0827;18
0828;13
0829;17
0830;16
0831;20
0901;20
0902;15
0903;15
0904;18
0905;13
0906;5
0907;15
0908;14
0909;12
0910;16
0911;24
0912;16
0913;15
0914;18
0915;11
0916;10
0917;18
0918;14
0919;10
0920;14
0921;12
0922;17
0923;10
0924;17
0925;14
0926;16
0927;10
0928;22
0929;18
0930;24
1001;19
1002;14
1003;18
1004;15
1005;18
1006;12
1007;16
1008;13
1009;18
1010;12
1011;15
1012;16
1013;17
1014;11
1015;12
1016;18
1017;11
1018;10
1019;16
1020;14
1021;12
1022;19
1023;13
1024;13
1025;23
1026;12
1027;11
1028;15
1029;22
1030;20
1031;8
1101;14
1102;23
1103;15
1104;19
1105;13
1106;14
1107;22
1108;15
1109;15
1110;19
1111;19
1112;18
1113;17
1114;19
1115;16
1116;23
1117;13
1118;17
1119;6
1120;26
1121;20
1122;27
1123;19
1124;13
1125;17
1126;14
1127;18
1128;16
1129;19
1130;17
1201;17
1202;13
1203;16
1204;12
1205;13
1206;23
1207;24
1208;17
1209;12
1210;20
1211;20
1212;24
1213;15
1214;21
1215;17
1216;14
1217;17
1218;16
1219;13
1220;20
1221;16
1222;11
1223;13
1224;14
1225;15
1226;20
1227;16
1228;26
1229;10
1230;20
1231;24
