0101;5
0102;7
0103;5
0104;4
0105;3
0106;2
0107;4
0108;10
0109;6
0110;6
0111;5
0112;8
0113;6
0114;5
0115;5
0116;6
0117;4
0118;7
0119;7
0120;7
0121;3
0122;6
0123;5
0124;1
0125;3
0126;8
0127;7
0128;7
0129;1
0130;5
0131;2
0201;2
0202;3
0203;5
0204;5
0205;5
0206;7
0207;6
0208;4
0209;3
0210;3
0211;7
0212;8
0213;8
0214;11
0215;4
0216;4
0217;5
0218;8
0219;4
0220;5
0221;4
0222;6
0223;8
0224;6
0225;6
0226;1
0227;5
0228;6
0301;3
0302;4
0303;3
0304;6
0305;4
0306;4
0307;12
0308;5
0309;5
0310;12
0311;6
0312;6
0313;2
0314;4
0315;10
0316;6
0317;3
0318;2
0319;3
0320;6
0321;11
0322;8
0323;5
0324;4
0325;3
0326;3
0327;3
0328;7
0329;6
0330;8
0331;8
0401;10
0402;9
0403;5
0404;8
0405;5
0406;2
0407;4
0408;4
0409;2
0410;5
0411;4
0412;3
0413;4
0414;4
0415;7
0416;3
0417;3
0418;7
0419;6
0420;8
0421;4
0422;6
0423;5
0424;10
0425;3
0426;5
0427;6
0428;2
0429;5
0430;1
0501;2
0502;9
0503;7
0504;5
0505;2
0506;6
0507;5
0508;6
0509;8
0510;7
0511;3
0512;3
0514;3
0515;7
0516;7
0517;5
0518;3
0519;3
0520;5
0521;4
0522;3
0523;5
0524;4
0525;7
0526;4
0527;6
0528;7
0529;6
0530;11
0531;1
0601;3
0602;4
0603;5
0604;9
0605;5
0606;4
0607;4
0608;7
0609;3
0610;4
0611;2
0612;4
0613;8
0614;3
0615;5
0616;5
0617;5
0618;4
0619;5
0620;3
0621;5
0622;4
0623;1
0624;4
0625;4
0626;4
0627;5
0628;3
0629;5
0630;5
0701;5
0702;7
0703;4
0704;5
0705;2
0706;6
0707;3
0708;7
0709;10
0710;6
0711;4
0712;3
0713;5
0714;5
0715;9
0716;3
0717;6
0718;7
0719;4
0720;2
0721;5
0722;10
0723;6
0724;2
0725;4
0726;1
0727;4
0728;8
0729;2
0730;7
0731;2
0801;4
0802;6
0803;6
0804;5
0805;5
0806;3
0807;5
0808;4
0809;5
0810;4
0811;2
0812;8
0813;5
0814;6
0815;3
0816;5
0817;7
0818;3
0819;4
0820;5
0821;3
0822;2
0823;5
0824;5
0825;4
0826;5
0827;3
0828;8
0829;2
0830;2
0831;2
0901;4
0902;6
0903;4
0904;5
0905;5
0906;1
0907;5
0908;3
0909;4
0910;2
0911;5
0912;4
0913;5
0914;3
0915;4
0916;5
0917;5
0918;6
0919;3
0920;8
0921;2
0922;8
0924;4
0925;5
0926;1
0927;5
0928;3
0929;9
0930;3
1001;3
1002;6
1003;5
1004;5
1005;3
1006;5
1007;6
1008;3
1009;3
1010;5
1011;5
1012;3
1013;9
1014;8
1015;5
1016;5
1017;2
1018;4
1019;4
1020;8
1021;3
1022;4
1023;4
1024;2
1025;4
1026;7
1027;2
1028;7
1029;7
1030;5
1031;3
1101;5
1102;6
1103;4
1104;8
1105;2
1106;7
1107;6
1108;4
1109;4
1110;4
1111;2
1112;7
1113;6
1114;4
1115;10
1116;6
1117;9
1118;2
1119;8
1120;9
1121;6
1122;3
1123;6
1124;6
1125;8
1126;9
1127;10
1128;3
1129;2
1130;9
1201;2
1202;4
1203;5
1204;5
1205;9
1206;4
1207;6
1208;4
1209;6
1210;3
1211;6
1212;4
1213;6
1214;5
1215;5
1216;6
1217;4
1218;5
1219;6
1220;8
1221;6
1222;5
1223;4
1224;3
1225;7
1226;4
1227;3
1228;4
1229;1
1230;7
1231;4
