0101;13
0102;20
0103;11
0104;11
0105;12
0106;17
0107;22
0108;27
0109;9
0110;13
0111;20
0112;14
0113;15
0114;15
0115;16
0116;13
0117;13
0118;12
0119;23
0120;11
0121;12
0122;15
0123;19
0124;13
0125;19
0126;15
0127;20
0128;14
0129;19
0130;19
0131;19
0201;9
0202;16
0203;18
0204;11
0205;15
0206;21
0207;27
0208;19
0209;16
0210;15
0211;21
0212;20
0213;10
0214;14
0215;12
0216;14
0217;15
0218;13
0219;16
0220;14
0221;20
0222;14
0223;12
0224;15
0225;18
0226;20
0227;23
0228;14
0301;17
0302;15
0303;12
0304;19
0305;8
0306;14
0307;19
0308;13
0309;16
0310;7
0311;17
0312;16
0313;16
0314;12
0315;8
0316;16
0317;15
0318;18
0319;12
0320;19
0321;14
0322;17
0323;16
0324;16
0325;15
0326;16
0327;16
0328;24
0329;11
0330;8
0331;12
0401;19
0402;9
0403;16
0404;12
0405;8
0406;17
0407;20
0408;7
0409;17
0410;15
0411;12
0412;13
0413;15
0414;17
0415;19
0416;30
0417;14
0418;11
0419;18
0420;18
0421;17
0422;11
0423;17
0424;18
0425;10
0426;9
0427;19
0428;12
0429;12
0430;17
0501;6
0502;11
0503;13
0504;9
0505;14
0506;13
0507;12
0508;18
0509;11
0510;14
0511;12
0512;16
0513;15
0514;19
0515;17
0516;16
0517;12
0518;12
0519;18
0520;10
0521;10
0522;19
0523;13
0524;10
0525;14
0526;13
0527;9
0528;9
0529;13
0530;15
0531;12
0601;13
0602;10
0603;18
0604;20
0605;12
0606;5
0607;13
0608;9
0609;11
0610;16
0611;15
0612;13
0613;15
0614;9
0615;16
0616;13
0617;17
0618;8
0619;9
0620;21
0621;12
0622;9
0623;6
0624;15
0625;13
0626;16
0627;7
0628;8
0629;17
0630;16
0701;12
0702;11
0703;12
0704;12
0705;10
0706;10
0707;8
0708;19
0709;10
0710;14
0711;14
0712;12
0713;13
0714;18
0715;15
0716;16
0717;16
0718;16
0719;17
0720;12
0721;21
0722;19
0723;18
0724;13
0725;12
0726;13
0727;9
0728;15
0729;15
0730;13
0731;13
0801;17
0802;8
0803;11
0804;22
0805;16
0806;8
0807;11
0808;4
0809;13
0810;15
0811;15
0812;12
0813;14
0814;10
0815;19
0816;8
0817;12
0818;13
0819;15
0820;15
0821;11
0822;7
0823;16
0824;9
0825;20
0826;18
0827;12
0828;14
0829;9
0830;5
0831;17
0901;8
0902;14
0903;11
0904;18
0905;8
0906;7
0907;10
0908;8
0909;14
0910;9
0911;17
0912;12
0913;19
0914;7
0915;14
0916;10
0917;15
0918;12
0919;11
0920;17
0921;13
0922;18
0923;16
0924;14
0925;11
0926;10
0927;14
0928;21
0929;20
0930;10
1001;11
1002;14
1003;12
1004;18
1005;11
1006;18
1007;20
1008;17
1009;14
1010;14
1011;12
1012;24
1013;19
1014;8
1015;10
1016;26
1017;11
1018;12
1019;18
1020;13
1021;18
1022;16
1023;13
1024;20
1025;10
1026;24
1027;19
1028;13
1029;16
1030;12
1031;15
1101;18
1102;13
1103;15
1104;16
1105;13
1106;14
1107;13
1108;19
1109;12
1110;13
1111;15
1112;9
1113;9
1114;11
1115;14
1116;18
1117;16
1118;15
1119;16
1120;21
1121;16
1122;15
1123;15
1124;14
1125;16
1126;12
1127;15
1128;21
1129;20
1130;27
1201;21
1202;19
1203;18
1204;16
1205;10
1206;23
1207;13
1208;20
1209;13
1210;10
1211;15
1212;15
1213;13
1214;17
1215;9
1216;14
1217;14
1218;11
1219;14
1220;12
1221;6
1222;11
1223;13
1224;25
1225;15
1226;11
1227;9
1228;22
1229;11
1230;16
1231;13
