0101;12
0102;4
0103;9
0104;4
0105;16
0106;13
0107;7
0108;8
0109;4
0110;3
0111;7
0112;6
0113;3
0114;6
0115;13
0116;5
0117;7
0118;7
0119;8
0120;8
0121;3
0122;13
0123;6
0124;7
0125;7
0126;7
0127;3
0128;6
0129;3
0130;11
0131;5
0201;3
0202;6
0203;8
0204;11
0205;11
0206;7
0207;9
0208;7
0209;7
0210;10
0211;10
0212;10
0213;4
0214;5
0215;8
0216;9
0217;6
0218;6
0219;10
0220;10
0221;11
0222;9
0223;11
0224;5
0225;2
0226;9
0227;9
0228;8
0301;8
0302;2
0303;10
0304;8
0305;7
0306;5
0307;5
0308;6
0309;11
0310;8
0311;5
0312;7
0313;5
0314;3
0315;6
0316;7
0317;7
0318;19
0319;4
0320;9
0321;4
0322;10
0323;12
0324;2
0325;4
0326;6
0327;7
0328;8
0329;5
0330;8
0331;12
0401;6
0402;4
0403;5
0404;2
0405;5
0406;3
0407;8
0408;8
0409;4
0410;7
0411;11
0412;3
0413;17
0414;5
0415;12
0416;3
0417;6
0418;8
0419;12
0420;9
0421;7
0422;5
0423;3
0424;3
0425;9
0426;7
0427;8
0428;6
0429;4
0430;5
0501;4
0502;8
0503;6
0504;6
0505;6
0506;5
0507;6
0508;5
0509;8
0510;8
0511;9
0512;2
0513;6
0514;3
0515;8
0516;5
0517;7
0518;9
0519;4
0520;4
0521;3
0522;6
0523;7
0524;5
0525;5
0526;8
0527;5
0528;5
0529;6
0530;7
0531;5
0601;4
0602;7
0603;3
0604;8
0605;6
0606;6
0607;13
0608;7
0609;5
0610;10
0611;5
0612;5
0613;5
0614;8
0615;3
0616;4
0617;5
0618;5
0619;4
0620;3
0621;5
0622;6
0623;5
0624;2
0625;2
0626;1
0627;5
0628;5
0629;2
0630;6
0701;7
0702;5
0703;5
0704;7
0705;11
0706;3
0707;10
0708;8
0709;7
0710;8
0711;3
0712;4
0713;1
0714;10
0715;4
0716;8
0717;13
0718;6
0719;7
0720;11
0721;4
0722;5
0723;4
0724;6
0725;3
0726;4
0727;3
0728;3
0729;8
0730;6
0731;5
0802;9
0803;6
0804;5
0805;4
0806;5
0807;9
0808;6
0809;5
0810;4
0811;7
0812;4
0813;3
0814;7
0815;3
0816;9
0817;4
0818;8
0819;3
0820;2
0821;4
0822;10
0823;5
0824;9
0825;4
0826;11
0827;12
0828;5
0829;13
0830;5
0831;5
0901;4
0902;4
0903;1
0904;3
0905;6
0906;2
0907;9
0908;1
0909;7
0910;5
0911;6
0912;5
0913;10
0914;3
0915;11
0916;1
0917;6
0918;3
0919;7
0920;6
0921;8
0922;4
0923;8
0924;6
0925;6
0926;3
0927;3
0928;1
0929;7
0930;7
1001;6
1002;2
1003;5
1004;10
1005;6
1006;8
1007;7
1008;7
1009;6
1010;6
1011;3
1012;7
1013;3
1014;3
1015;4
1016;8
1017;7
1018;6
1019;5
1020;3
1021;5
1022;6
1023;4
1024;8
1025;6
1026;4
1027;3
1028;9
1029;6
1030;8
1031;9
1101;6
1102;6
1103;4
1104;3
1105;7
1106;4
1107;4
1108;4
1109;6
1110;8
1111;5
1112;3
1113;5
1114;12
1115;8
1116;10
1117;8
1118;8
1119;7
1120;6
1121;6
1122;9
1123;12
1124;6
1125;3
1126;9
1127;5
1128;6
1129;8
1130;4
1201;11
1202;10
1203;6
1204;1
1205;8
1206;7
1207;3
1208;8
1209;7
1210;7
1211;6
1212;9
1213;10
1214;3
1215;5
1216;6
1217;9
1218;7
1219;4
1220;9
1221;8
1222;5
1223;7
1224;8
1225;6
1226;13
1227;8
1228;7
1229;9
1230;13
1231;12
