0101;13
0102;14
0103;16
0104;12
0105;11
0106;8
0107;9
0108;5
0109;9
0110;10
0111;9
0112;10
0113;11
0114;10
0115;15
0116;8
0117;15
0118;14
0119;6
0120;13
0121;8
0122;9
0123;5
0124;7
0125;15
0126;10
0127;8
0128;16
0129;9
0130;6
0131;11
0201;5
0202;12
0203;16
0204;10
0205;12
0206;14
0207;17
0208;10
0209;7
0210;8
0211;11
0212;5
0213;10
0214;12
0215;10
0216;8
0217;11
0218;8
0219;9
0220;9
0221;9
0222;10
0223;6
0224;13
0225;13
0226;7
0227;12
0228;6
0301;11
0302;10
0303;3
0304;14
0305;13
0306;9
0307;9
0308;6
0309;9
0310;7
0311;13
0312;6
0313;8
0314;6
0315;9
0316;9
0317;14
0318;7
0319;5
0320;9
0321;5
0322;8
0323;6
0324;16
0325;7
0326;6
0327;14
0328;7
0329;10
0330;8
0331;10
0401;8
0402;8
0403;8
0404;5
0405;10
0406;8
0407;6
0408;8
0409;10
0410;9
0411;11
0412;10
0413;8
0414;11
0415;12
0416;10
0417;7
0418;12
0419;7
0420;4
0421;6
0422;9
0423;10
0424;7
0425;5
0426;9
0427;11
0428;9
0429;13
0430;7
0501;9
0502;9
0503;11
0504;7
0505;7
0506;10
0507;3
0508;9
0509;11
0510;14
0511;3
0512;11
0513;9
0514;11
0515;7
0516;4
0517;5
0518;4
0519;8
0520;2
0521;11
0522;6
0523;12
0524;11
0525;10
0526;6
0527;11
0528;11
0529;18
0530;14
0531;5
0601;10
0602;2
0603;7
0604;14
0605;11
0606;13
0607;11
0608;5
0609;5
0610;10
0611;6
0612;9
0613;9
0614;10
0615;7
0616;6
0617;9
0618;7
0619;15
0620;7
0621;7
0622;5
0623;6
0624;8
0625;10
0626;10
0627;5
0628;9
0629;12
0630;11
0701;6
0702;6
0703;8
0704;8
0705;7
0706;8
0707;13
0708;10
0709;15
0710;13
0711;7
0712;8
0713;8
0714;10
0715;11
0716;5
0717;6
0718;5
0719;6
0720;12
0721;9
0722;9
0723;10
0724;7
0725;5
0726;8
0727;6
0728;11
0729;4
0730;11
0731;16
0801;7
0802;4
0803;12
0804;4
0805;10
0806;8
0807;8
0808;14
0809;6
0810;10
0811;9
0812;7
0813;6
0814;7
0815;7
0816;15
0817;9
0818;7
0819;8
0820;7
0821;6
0822;9
0823;10
0824;13
0825;11
0826;11
0827;13
0828;12
0829;14
0830;8
0831;11
0901;9
0902;5
0903;12
0904;10
0905;6
0906;9
0907;11
0908;10
0909;7
0910;7
0911;3
0912;13
0913;9
0914;8
0915;10
0916;11
0917;12
0918;15
0919;15
0920;7
0921;6
0922;11
0923;9
0924;9
0925;9
0926;6
0927;14
0928;15
0929;10
0930;4
1001;13
1002;11
1003;10
1004;8
1005;11
1006;5
1007;11
1008;15
1009;10
1010;10
1011;6
1012;8
1013;11
1014;9
1015;7
1016;14
1017;11
1018;9
1019;10
1020;6
1021;8
1022;9
1023;14
1024;8
1025;6
1026;7
1027;7
1028;10
1029;6
1030;3
1031;2
1101;10
1102;11
1103;17
1104;8
1105;11
1106;14
1107;14
1108;4
1109;11
1110;9
1111;10
1112;11
1113;7
1114;7
1115;5
1116;15
1117;7
1118;6
1119;10
1120;10
1121;11
1122;5
1123;11
1124;10
1125;11
1126;10
1127;10
1128;8
1129;7
1130;8
1201;6
1202;5
1203;10
1204;13
1205;10
1206;5
1207;3
1208;6
1209;3
1210;8
1211;15
1212;9
1213;7
1214;7
1215;13
1216;7
1217;14
1218;14
1219;10
1220;14
1221;11
1222;14
1223;6
1224;9
1225;14
1226;11
1227;5
1228;8
1229;12
1230;12
1231;7
