0101;25
0102;21
0103;24
0104;19
0105;17
0106;22
0107;12
0108;14
0109;19
0110;33
0111;28
0112;27
0113;20
0114;26
0115;16
0116;19
0117;22
0118;23
0119;25
0120;18
0121;17
0122;21
0123;19
0124;30
0125;17
0126;26
0127;28
0128;23
0129;26
0130;22
0131;25
0201;24
0202;22
0203;18
0204;23
0205;15
0206;24
0207;19
0208;27
0209;23
0210;22
0211;22
0212;15
0213;17
0214;25
0215;24
0216;25
0217;24
0218;27
0219;27
0220;27
0221;25
0222;20
0223;29
0224;20
0225;18
0226;22
0227;28
0228;16
0301;24
0302;20
0303;16
0304;15
0305;14
0306;19
0307;15
0308;19
0309;27
0310;17
0311;21
0312;21
0313;27
0314;17
0315;18
0316;17
0317;20
0318;18
0319;21
0320;20
0321;25
0322;12
0323;27
0324;20
0325;16
0326;27
0327;20
0328;22
0329;21
0330;20
0331;18
0401;19
0402;19
0403;16
0404;21
0405;21
0406;23
0407;26
0408;25
0409;13
0410;18
0411;16
0412;33
0413;17
0414;18
0415;26
0416;18
0417;17
0418;10
0419;18
0420;21
0421;21
0422;18
0423;17
0424;19
0425;23
0426;19
0427;23
0428;16
0429;16
0430;18
0501;18
0502;20
0503;13
0504;19
0505;16
0506;23
0507;18
0508;23
0509;12
0510;18
0511;18
0512;18
0513;13
0514;23
0515;25
0516;17
0517;14
0518;26
0519;31
0520;25
0521;16
0522;16
0523;18
0524;13
0525;16
0526;23
0527;14
0528;20
0529;13
0530;22
0531;21
0601;16
0602;11
0603;22
0604;24
0605;17
0606;18
0607;24
0608;13
0609;21
0610;16
0611;13
0612;25
0613;23
0614;21
0615;22
0616;15
0617;11
0618;9
0619;20
0620;13
0621;20
0622;26
0623;13
0624;14
0625;16
0626;18
0627;17
0628;12
0629;10
0630;22
0701;17
0702;24
0703;18
0704;14
0705;14
0706;21
0707;11
0708;20
0709;17
0710;22
0711;16
0712;15
0713;18
0714;22
0715;17
0716;28
0717;24
0718;20
0719;21
0720;19
0721;17
0722;18
0723;22
0724;17
0725;12
0726;21
0727;22
0728;14
0729;16
0730;17
0731;13
0801;18
0802;21
0803;16
0804;17
0805;22
0806;18
0807;24
0808;21
0809;19
0810;13
0811;24
0812;20
0813;11
0814;23
0815;18
0816;19
0817;15
0818;15
0819;23
0820;14
0821;15
0822;17
0823;21
0824;21
0825;19
0826;23
0827;18
0828;14
0829;10
0830;16
0831;13
0901;23
0902;6
0903;27
0904;10
0905;22
0906;22
0907;19
0908;21
0909;22
0910;13
0911;18
0912;9
0913;19
0914;19
0915;17
0916;26
0917;16
0918;18
0919;20
0920;26
0921;15
0922;27
0923;26
0924;16
0925;12
0926;25
0927;11
0928;18
0929;20
0930;23
1001;19
1002;21
1003;25
1004;23
1005;20
1006;21
1007;25
1008;21
1009;23
1010;25
1011;28
1012;10
1013;22
1014;19
1015;16
1016;18
1017;21
1018;14
1019;15
1020;28
1021;14
1022;19
1023;17
1024;28
1025;31
1026;22
1027;12
1028;14
1029;26
1030;29
1031;15
1101;19
1102;23
1103;20
1104;21
1105;28
1106;19
1107;26
1108;16
1109;26
1110;21
1111;13
1112;20
1113;18
1114;18
1115;14
1116;10
1117;26
1118;28
1119;23
1120;22
1121;16
1122;32
1123;24
1124;25
1125;17
1126;29
1127;27
1128;20
1129;22
1130;24
1201;16
1202;14
1203;29
1204;22
1205;30
1206;21
1207;25
1208;13
1209;30
1210;19
1211;17
1212;20
1213;13
1214;21
1215;23
1216;25
1217;15
1218;18
1219;22
1220;16
1221;26
1222;29
1223;18
1224;20
1225;17
1226;22
1227;23
1228;26
1229;29
1230;26
1231;29
