0101;4
0102;5
0103;4
0104;9
0105;10
0106;8
0107;6
0108;6
0109;3
0110;6
0111;5
0112;4
0113;8
0114;1
0115;9
0116;8
0117;7
0118;6
0119;6
0120;9
0121;6
0122;7
0123;7
0124;3
0125;5
0126;9
0127;5
0128;3
0129;10
0130;5
0131;5
0201;2
0202;4
0203;7
0204;5
0205;2
0206;6
0207;9
0208;3
0209;3
0210;9
0211;8
0212;8
0213;3
0214;9
0215;6
0216;6
0217;5
0218;7
0219;7
0220;4
0221;9
0222;4
0223;7
0224;5
0225;6
0226;8
0227;8
0228;7
0301;6
0302;7
0303;6
0304;7
0305;4
0306;10
0307;10
0308;5
0309;6
0310;4
0311;5
0312;5
0313;4
0314;5
0315;4
0316;9
0318;4
0319;2
0320;5
0321;3
0322;8
0323;6
0324;4
0325;7
0326;8
0327;6
0328;5
0329;2
0330;3
0331;4
0401;9
0402;4
0403;11
0404;2
0405;7
0406;4
0407;3
0408;3
0409;6
0410;8
0411;5
0412;3
0413;5
0414;10
0415;3
0416;7
0417;5
0418;4
0419;3
0420;6
0421;2
0422;10
0423;7
0424;4
0425;6
0426;4
0427;7
0428;4
0429;7
0430;3
0501;8
0502;7
0503;11
0504;3
0505;2
0506;2
0507;8
0508;3
0509;7
0510;3
0511;9
0512;6
0513;3
0514;3
0515;7
0516;4
0517;14
0518;4
0519;5
0520;6
0521;4
0522;8
0523;3
0524;2
0525;4
0526;7
0527;6
0528;6
0529;5
0530;5
0531;11
0601;5
0602;4
0603;5
0604;7
0605;6
0606;2
0607;2
0608;6
0609;5
0610;2
0611;4
0612;7
0613;5
0614;6
0615;6
0616;2
0617;5
0618;2
0619;2
0620;7
0621;3
0622;2
0623;2
0624;4
0625;7
0626;4
0627;8
0628;5
0629;7
0630;4
0701;7
0702;4
0703;1
0704;8
0705;2
0706;4
0707;3
0708;6
0709;4
0710;4
0711;4
0712;10
0713;4
0714;6
0715;11
0716;6
0717;6
0718;5
0719;8
0720;8
0721;3
0722;3
0723;3
0724;2
0725;6
0726;3
0727;3
0728;3
0729;5
0730;8
0731;4
0801;7
0802;6
0803;4
0804;6
0805;6
0808;4
0809;6
0810;3
0811;1
0812;5
0813;5
0814;4
0815;6
0816;9
0817;4
0818;4
0819;4
0820;7
0821;5
0822;3
0823;3
0824;4
0825;6
0826;4
0827;7
0828;8
0829;4
0830;6
0831;5
0901;2
0902;9
0903;4
0904;5
0905;4
0906;3
0907;5
0908;10
0909;1
0910;6
0911;3
0912;4
0913;3
0914;7
0915;3
0916;8
0917;3
0918;8
0919;6
0920;6
0921;6
0922;7
0923;6
0924;9
0925;3
0926;4
0927;8
0928;5
0929;5
0930;5
1001;5
1002;2
1003;7
1004;3
1005;4
1006;6
1007;2
1008;3
1009;6
1010;4
1011;1
1012;6
1013;6
1014;3
1015;9
1016;3
1017;4
1018;3
1019;4
1020;5
1021;6
1022;9
1023;9
1024;2
1025;7
1026;5
1027;4
1028;6
1029;9
1030;5
1031;5
1101;1
1102;3
1103;7
1104;5
1105;9
1106;6
1107;8
1108;4
1109;2
1110;8
1111;8
1112;5
1113;5
1114;2
1115;3
1116;3
1117;4
1118;5
1119;8
1120;4
1121;9
1122;14
1123;9
1124;9
1125;5
1126;14
1127;5
1128;12
1129;5
1130;12
1201;3
1202;5
1203;10
1204;8
1205;4
1206;3
1207;7
1208;5
1209;7
1210;5
1211;7
1212;3
1213;7
1214;6
1215;8
1216;4
1217;3
1218;6
1219;6
1220;8
1221;8
1222;4
1223;9
1224;15
1225;7
1226;6
1227;4
1228;4
1229;5
1230;8
1231;7
