0101;29
0102;17
0103;17
0104;20
0105;12
0106;13
0107;13
0108;18
0109;18
0110;12
0111;16
0112;13
0113;29
0114;18
0115;10
0116;11
0117;18
0118;19
0119;16
0120;24
0121;14
0122;14
0123;20
0124;12
0125;19
0126;18
0127;13
0128;15
0129;11
0130;16
0131;21
0201;21
0202;27
0203;19
0204;16
0205;15
0206;15
0207;15
0208;14
0209;16
0210;18
0211;18
0212;18
0213;16
0214;12
0215;13
0216;21
0217;17
0218;15
0219;12
0220;12
0221;15
0222;12
0223;12
0224;15
0225;18
0226;13
0227;21
0228;22
0301;16
0302;15
0303;24
0304;16
0305;10
0306;17
0307;14
0308;16
0309;10
0310;13
0311;10
0312;15
0313;16
0314;13
0315;20
0316;18
0317;12
0318;10
0319;21
0320;19
0321;20
0322;17
0323;15
0324;18
0325;10
0326;11
0327;5
0328;14
0329;12
0330;13
0331;17
0401;15
0402;28
0403;13
0404;13
0405;10
0406;16
0407;20
0408;16
0409;20
0410;22
0411;11
0412;9
0413;10
0414;15
0415;17
0416;19
0417;14
0418;15
0419;11
0420;11
0421;18
0422;14
0423;18
0424;7
0425;10
0426;13
0427;21
0428;4
0429;16
0430;11
0501;7
0502;13
0503;13
0504;11
0505;9
0506;17
0507;9
0508;17
0509;9
0510;12
0511;16
0512;17
0513;14
0514;14
0515;10
0516;7
0517;9
0518;18
0519;24
0520;13
0521;10
0522;14
0523;16
0524;11
0525;12
0526;22
0527;17
0528;18
0529;14
0530;18
0531;13
0601;15
0602;16
0603;13
0604;18
0605;17
0606;17
0607;8
0608;14
0609;20
0610;10
0611;22
0612;16
0613;8
0614;12
0615;10
0616;13
0617;15
0618;11
0619;25
0620;16
0621;12
0622;12
0623;19
0624;12
0625;15
0626;19
0627;13
0628;11
0629;17
0630;21
0701;13
0702;15
0703;12
0704;18
0705;13
0706;13
0707;8
0708;14
0709;9
0710;10
0711;14
0712;11
0713;18
0714;16
0715;17
0716;19
0717;12
0718;11
0719;15
0720;13
0721;13
0722;8
0723;10
0724;6
0725;13
0726;16
0727;14
0728;11
0729;18
0730;9
0731;8
0801;13
0802;14
0803;14
0804;10
0805;10
0806;10
0807;11
0808;12
0809;12
0810;19
0811;15
0812;15
0813;20
0814;14
0815;17
0816;11
0817;7
0818;11
0819;9
0820;20
0821;16
0822;16
0823;16
0824;13
0825;12
0826;14
0827;13
0828;14
0829;11
0830;10
0831;12
0901;18
0902;14
0903;13
0904;14
0905;14
0906;20
0907;9
0908;13
0909;10
0910;12
0911;11
0912;10
0913;14
0914;17
0915;14
0916;9
0917;10
0918;13
0919;15
0920;12
0921;6
0922;13
0923;15
0924;10
0925;11
0926;27
0927;7
0928;17
0929;14
0930;15
1001;15
1002;14
1003;14
1004;17
1005;23
1006;15
1007;14
1008;11
1009;20
1010;16
1011;18
1012;17
1013;16
1014;18
1015;17
1016;23
1017;14
1018;13
1019;16
1020;9
1021;11
1022;16
1023;16
1024;16
1025;17
1026;15
1027;13
1028;16
1029;14
1030;14
1031;14
1101;22
1102;8
1103;14
1104;14
1105;12
1106;17
1107;15
1108;13
1109;19
1110;16
1111;12
1112;9
1113;14
1114;15
1115;9
1116;10
1117;16
1118;10
1119;21
1120;19
1121;9
1122;17
1123;18
1124;9
1125;14
1126;13
1127;12
1128;17
1129;17
1130;17
1201;17
1202;13
1203;20
1204;19
1205;20
1206;19
1207;17
1208;12
1209;20
1210;14
1211;26
1212;18
1213;14
1214;21
1215;10
1216;23
1217;16
1218;10
1219;17
1220;20
1221;13
1222;22
1223;18
1224;20
1225;13
1226;17
1227;12
1228;19
1229;26
1230;12
1231;11
