0101;5
0102;4
0103;4
0104;5
0105;6
0106;7
0107;6
0108;7
0109;4
0110;3
0111;6
0112;10
0113;1
0114;7
0115;5
0116;2
0117;5
0118;5
0119;6
0120;7
0121;2
0122;7
0123;4
0124;9
0125;8
0126;8
0127;4
0128;10
0129;5
0130;5
0131;4
0201;11
0202;8
0203;4
0204;10
0205;7
0206;6
0207;6
0208;4
0209;5
0210;10
0211;5
0212;6
0213;8
0214;8
0215;3
0216;5
0217;6
0218;7
0219;9
0220;4
0221;8
0222;8
0223;2
0224;4
0225;5
0226;6
0227;5
0228;6
0301;6
0302;10
0303;8
0304;3
0305;7
0306;10
0307;5
0308;10
0309;7
0310;9
0311;4
0312;4
0313;5
0314;6
0315;7
0316;3
0317;5
0318;4
0319;5
0320;5
0321;5
0322;4
0323;1
0324;9
0325;2
0326;5
0327;2
0328;6
0329;4
0330;7
0331;3
0401;3
0402;4
0403;6
0404;4
0405;2
0406;3
0407;9
0408;3
0409;6
0410;8
0411;4
0412;4
0414;8
0415;3
0416;4
0417;3
0418;9
0419;7
0420;4
0421;6
0422;7
0423;7
0424;5
0425;10
0426;3
0427;9
0428;3
0429;3
0430;7
0501;8
0502;2
0503;5
0504;6
0505;6
0506;7
0507;4
0508;5
0509;2
0510;1
0511;4
0512;1
0513;2
0514;1
0515;4
0516;3
0517;4
0518;2
0519;10
0520;5
0521;3
0522;1
0523;1
0524;1
0525;4
0526;1
0527;4
0528;4
0529;5
0530;2
0531;5
0601;5
0602;3
0603;3
0604;7
0605;6
0606;2
0607;3
0608;5
0609;2
0610;1
0611;10
0612;7
0613;4
0614;5
0615;6
0616;5
0617;6
0618;5
0619;2
0620;6
0621;6
0622;1
0623;3
0624;3
0625;5
0626;3
0627;6
0628;6
0629;7
0630;3
0701;8
0702;5
0703;3
0704;6
0705;4
0706;4
0707;7
0708;6
0709;6
0710;1
0712;7
0713;5
0714;6
0715;4
0716;6
0717;4
0718;7
0719;4
0720;4
0721;1
0722;4
0723;2
0724;2
0725;6
0726;4
0727;3
0728;5
0729;5
0730;5
0731;5
0801;3
0802;6
0803;2
0804;5
0805;3
0806;5
0807;4
0808;5
0809;3
0810;3
0811;4
0812;3
0813;5
0814;5
0815;8
0816;7
0817;4
0818;2
0819;3
0820;5
0821;2
0822;2
0823;6
0824;5
0825;4
0826;7
0827;9
0828;7
0829;5
0830;3
0831;7
0901;3
0902;1
0903;7
0904;1
0905;2
0906;4
0907;5
0908;3
0909;5
0910;2
0911;5
0912;5
0913;4
0914;5
0915;6
0916;6
0917;2
0918;3
0919;4
0920;2
0921;1
0922;3
0923;6
0924;4
0925;4
0926;3
0927;6
0928;1
0929;5
1001;3
1002;4
1003;7
1004;8
1005;3
1006;4
1007;11
1008;2
1009;4
1010;4
1011;7
1012;3
1013;5
1014;7
1015;6
1016;3
1017;4
1018;7
1019;6
1020;2
1021;8
1022;4
1023;4
1024;3
1025;4
1026;9
1027;4
1028;3
1029;4
1030;8
1031;8
1101;7
1102;10
1103;6
1104;3
1105;8
1106;7
1107;5
1108;11
1109;6
1110;5
1111;4
1112;3
1113;7
1114;7
1115;3
1116;2
1117;6
1118;4
1119;8
1120;5
1121;5
1122;10
1123;10
1124;5
1125;6
1126;6
1127;5
1128;1
1129;3
1130;2
1202;3
1203;6
1204;3
1205;7
1206;6
1207;8
1208;6
1209;5
1210;9
1211;4
1212;6
1213;8
1214;6
1215;7
1216;5
1217;3
1218;3
1219;5
1220;4
1221;6
1222;5
1223;3
1224;5
1225;3
1226;4
1227;10
1228;7
1229;2
1230;5
1231;10
