0101;13
0102;13
0103;16
0104;18
0105;15
0106;16
0107;11
0108;25
0109;12
0110;19
0111;14
0112;19
0113;15
0114;11
0115;19
0116;14
0117;9
0118;17
0119;16
0120;14
0121;22
0122;14
0123;20
0124;17
0125;10
0126;22
0127;20
0128;24
0129;12
0130;12
0131;15
0201;7
0202;19
0203;14
0204;15
0205;16
0206;20
0207;13
0208;20
0209;14
0210;12
0211;15
0212;17
0213;9
0214;10
0215;16
0216;16
0217;16
0218;10
0219;18
0220;14
0221;13
0222;15
0223;11
0224;12
0225;17
0226;16
0227;10
0228;13
0301;8
0302;18
0303;12
0304;16
0305;16
0306;12
0307;17
0308;19
0309;13
0310;9
0311;12
0312;14
0313;10
0314;13
0315;15
0316;16
0317;7
0318;16
0319;17
0320;12
0321;16
0322;17
0323;16
0324;10
0325;17
0326;14
0327;14
0328;14
0329;9
0330;7
0331;8
0401;10
0402;7
0403;8
0404;12
0405;16
0406;13
0407;19
0408;13
0409;15
0410;19
0411;18
0412;7
0413;22
0414;15
0415;14
0416;13
0417;14
0418;10
0419;14
0420;10
0421;19
0422;20
0423;24
0424;14
0425;14
0426;15
0427;8
0428;12
0429;8
0430;13
0501;15
0502;10
0503;8
0504;4
0505;12
0506;15
0507;16
0508;11
0509;15
0510;5
0511;14
0512;14
0513;5
0514;13
0515;11
0516;10
0517;20
0518;19
0519;9
0520;8
0521;13
0522;12
0523;16
0524;11
0525;15
0526;11
0527;20
0528;13
0529;15
0530;13
0531;12
0601;15
0602;10
0603;13
0604;15
0605;14
0606;11
0607;16
0608;17
0609;9
0610;13
0611;11
0612;13
0613;13
0614;11
0615;14
0616;7
0617;11
0618;11
0619;11
0620;8
0621;19
0622;8
0623;16
0624;11
0625;6
0626;10
0627;7
0628;8
0629;10
0630;10
0701;15
0702;7
0703;18
0704;18
0705;8
0706;12
0707;12
0708;13
0709;14
0710;17
0711;5
0712;13
0713;14
0714;19
0715;17
0716;10
0717;11
0718;12
0719;13
0720;11
0721;14
0722;11
0723;20
0724;11
0725;11
0726;9
0727;17
0728;11
0729;9
0730;11
0731;17
0801;14
0802;16
0803;10
0804;16
0805;11
0806;14
0807;13
0808;17
0809;13
0810;9
0811;11
0812;10
0813;10
0814;15
0815;12
0816;7
0817;17
0818;10
0819;10
0820;14
0821;9
0822;18
0823;14
0824;15
0825;11
0826;16
0827;11
0828;8
0829;10
0830;15
0831;11
0901;15
0902;10
0903;11
0904;14
0905;9
0906;14
0907;15
0908;15
0909;12
0910;6
0911;10
0912;15
0913;10
0914;9
0915;14
0916;12
0917;10
0918;11
0919;17
0920;17
0921;11
0922;13
0923;16
0924;15
0925;10
0926;11
0927;8
0928;8
0929;14
0930;10
1001;13
1002;13
1003;10
1004;12
1005;15
1006;17
1007;15
1008;7
1009;14
1010;16
1011;9
1012;10
1013;15
1014;12
1015;13
1016;14
1017;18
1018;19
1019;9
1020;10
1021;15
1022;15
1023;18
1024;12
1025;19
1026;9
1027;7
1028;13
1029;11
1030;11
1031;11
1101;12
1102;11
1103;12
1104;16
1105;10
1106;13
1107;18
1108;17
1109;13
1110;12
1111;17
1112;19
1113;16
1114;21
1115;15
1116;16
1117;17
1118;9
1119;16
1120;19
1121;14
1122;12
1123;13
1124;14
1125;17
1126;12
1127;13
1128;9
1129;4
1130;17
1201;7
1202;9
1203;15
1204;14
1205;14
1206;13
1207;14
1208;5
1209;12
1210;15
1211;19
1212;14
1213;17
1214;10
1215;17
1216;16
1217;10
1218;18
1219;11
1220;14
1221;13
1222;12
1223;13
1224;19
1225;13
1226;10
1227;16
1228;15
1229;13
1230;17
1231;18
