0101;21
0102;20
0103;20
0104;17
0105;21
0106;17
0107;22
0108;15
0109;13
0110;19
0111;25
0112;13
0113;11
0114;18
0115;22
0116;14
0117;25
0118;15
0119;6
0120;15
0121;18
0122;13
0123;24
0124;20
0125;15
0126;14
0127;12
0128;14
0129;17
0130;19
0131;17
0201;21
0202;15
0203;15
0204;16
0205;6
0206;19
0207;13
0208;17
0209;18
0210;18
0211;18
0212;19
0213;17
0214;12
0215;15
0216;18
0217;11
0218;18
0219;16
0220;19
0221;12
0222;19
0223;21
0224;17
0225;14
0226;18
0227;18
0228;14
0301;11
0302;12
0303;17
0304;12
0305;11
0306;22
0307;15
0308;19
0309;20
0310;18
0311;13
0312;14
0313;14
0314;13
0315;13
0316;18
0317;12
0318;17
0319;12
0320;9
0321;17
0322;10
0323;15
0324;15
0325;13
0326;16
0327;12
0328;6
0329;14
0330;13
0331;19
0401;8
0402;15
0403;20
0404;8
0405;15
0406;15
0407;18
0408;9
0409;15
0410;17
0411;20
0412;14
0413;14
0414;12
0415;15
0416;14
0417;14
0418;15
0419;11
0420;7
0421;13
0422;15
0423;11
0424;13
0425;13
0426;13
0427;17
0428;16
0429;13
0430;14
0501;12
0502;18
0503;12
0504;11
0505;17
0506;12
0507;13
0508;16
0509;6
0510;19
0511;14
0512;12
0513;11
0514;20
0515;14
0516;11
0517;14
0518;7
0519;18
0520;11
0521;21
0522;16
0523;10
0524;17
0525;13
0526;12
0527;12
0528;10
0529;13
0530;16
0531;11
0601;12
0602;12
0603;12
0604;8
0605;17
0606;16
0607;20
0608;15
0609;7
0610;5
0611;16
0612;17
0613;15
0614;9
0615;9
0616;16
0617;11
0618;12
0619;15
0620;18
0621;7
0622;15
0623;17
0624;10
0625;17
0626;12
0627;12
0628;16
0629;15
0630;18
0701;16
0702;15
0703;15
0704;8
0705;9
0706;14
0707;5
0708;14
0709;12
0710;16
0711;16
0712;10
0713;19
0714;18
0715;16
0716;15
0717;22
0718;14
0719;14
0720;10
0721;14
0722;14
0723;7
0724;10
0725;14
0726;8
0727;22
0728;16
0729;13
0730;10
0731;9
0801;15
0802;15
0803;11
0804;12
0805;13
0806;9
0807;20
0808;9
0809;12
0810;9
0811;9
0812;13
0813;14
0814;11
0815;8
0816;9
0817;15
0818;14
0819;7
0820;19
0821;16
0822;13
0823;12
0824;19
0825;16
0826;15
0827;10
0828;14
0829;15
0830;12
0831;18
0901;11
0902;14
0903;11
0904;12
0905;14
0906;15
0907;16
0908;17
0909;13
0910;14
0911;11
0912;17
0913;15
0914;6
0915;14
0916;13
0917;22
0918;18
0919;15
0920;11
0921;17
0922;15
0923;15
0924;10
0925;11
0926;15
0927;14
0928;13
0929;13
0930;13
1001;13
1002;16
1003;17
1004;21
1005;16
1006;15
1007;13
1008;11
1009;23
1010;8
1011;14
1012;12
1013;19
1014;17
1015;12
1016;13
1017;19
1018;15
1019;15
1020;16
1021;12
1022;12
1023;14
1024;8
1025;9
1026;15
1027;15
1028;17
1029;15
1030;14
1031;12
1101;18
1102;18
1103;19
1104;5
1105;12
1106;21
1107;18
1108;18
1109;11
1110;16
1111;14
1112;17
1113;14
1114;15
1115;14
1116;16
1117;18
1118;14
1119;11
1120;15
1121;19
1122;17
1123;15
1124;26
1125;18
1126;16
1127;16
1128;14
1129;10
1130;22
1201;14
1202;12
1203;14
1204;15
1205;11
1206;14
1207;19
1208;13
1209;20
1210;14
1211;6
1212;10
1213;22
1214;14
1215;17
1216;17
1217;19
1218;19
1219;11
1220;12
1221;14
1222;12
1223;14
1224;10
1225;18
1226;25
1227;16
1228;13
1229;17
1230;19
1231;12
