0101;8
0102;8
0103;13
0104;11
0105;10
0106;13
0107;3
0108;9
0109;5
0110;10
0111;10
0112;7
0113;10
0114;9
0115;8
0116;8
0117;2
0118;12
0119;9
0120;10
0121;8
0122;10
0123;3
0124;11
0125;9
0126;6
0127;10
0128;4
0129;6
0130;9
0131;8
0201;8
0202;10
0203;9
0204;13
0205;15
0206;7
0207;6
0208;10
0209;3
0210;8
0211;7
0212;13
0213;8
0214;3
0215;9
0216;7
0217;10
0218;4
0219;6
0220;7
0221;6
0222;15
0223;4
0224;11
0225;8
0226;6
0227;11
0228;7
0301;17
0302;9
0303;11
0304;9
0305;6
0306;7
0307;3
0308;13
0309;11
0310;7
0311;7
0312;5
0313;9
0314;9
0315;9
0316;6
0317;7
0318;6
0319;6
0320;6
0321;7
0322;8
0323;7
0324;3
0325;3
0326;8
0327;7
0328;7
0329;12
0330;15
0331;8
0401;13
0402;6
0403;6
0404;6
0405;7
0406;13
0407;5
0408;10
0409;11
0410;15
0411;8
0412;8
0413;7
0414;10
0415;10
0416;7
0417;7
0418;3
0419;8
0420;5
0421;7
0422;7
0423;6
0424;6
0425;9
0426;11
0427;10
0428;2
0429;7
0430;6
0501;7
0502;14
0503;8
0504;8
0505;5
0506;9
0507;7
0508;9
0509;9
0510;11
0511;13
0512;6
0513;5
0514;8
0515;7
0516;9
0517;10
0518;3
0519;7
0520;3
0521;8
0522;7
0523;10
0524;9
0525;10
0526;7
0527;12
0528;8
0529;10
0530;10
0531;11
0601;11
0602;6
0603;10
0604;8
0605;5
0606;7
0607;10
0608;7
0609;8
0610;4
0611;5
0612;4
0613;6
0614;5
0615;4
0616;6
0617;7
0618;8
0619;6
0620;6
0621;3
0622;13
0623;6
0624;5
0625;6
0626;7
0627;9
0628;10
0629;1
0630;5
0701;6
0702;6
0703;7
0704;5
0705;10
0706;9
0707;6
0708;9
0709;5
0710;6
0711;7
0712;6
0713;9
0714;9
0715;10
0716;3
0717;8
0718;2
0719;6
0720;5
0721;8
0722;3
0723;4
0724;7
0725;8
0726;12
0727;12
0728;3
0729;12
0730;6
0731;7
0801;11
0802;9
0803;9
0804;10
0805;7
0806;15
0807;6
0808;4
0809;6
0810;7
0811;9
0812;5
0813;8
0814;5
0815;5
0816;8
0817;7
0818;11
0819;11
0820;4
0821;8
0822;9
0823;10
0824;3
0825;11
0826;7
0827;17
0828;12
0829;8
0830;5
0831;7
0901;7
0902;14
0903;7
0904;6
0905;4
0906;7
0907;6
0908;6
0909;3
0910;5
0911;5
0912;13
0913;4
0914;6
0915;9
0916;7
0917;2
0918;9
0919;5
0920;11
0921;9
0922;8
0923;4
0924;7
0925;9
0926;9
0927;11
0928;8
0929;11
0930;8
1001;9
1002;6
1003;7
1004;8
1005;10
1006;12
1007;4
1008;4
1009;10
1010;7
1011;10
1012;7
1013;9
1014;11
1015;12
1016;4
1017;12
1018;11
1019;6
1020;8
1021;8
1022;6
1023;4
1024;7
1025;6
1026;11
1027;8
1028;6
1029;9
1030;9
1031;11
1101;7
1102;10
1103;7
1104;7
1105;5
1106;12
1107;10
1108;13
1109;3
1110;11
1111;4
1112;8
1113;7
1114;10
1115;8
1116;8
1117;10
1118;6
1119;8
1120;8
1121;11
1122;17
1123;6
1124;9
1125;10
1126;9
1127;4
1128;11
1129;6
1130;10
1201;6
1202;5
1203;9
1204;8
1205;3
1206;4
1207;11
1208;14
1209;11
1210;2
1211;5
1212;8
1213;5
1214;6
1215;11
1216;12
1217;7
1218;3
1219;13
1220;7
1221;7
1222;12
1223;6
1224;8
1225;13
1226;4
1227;5
1228;6
1229;8
1230;14
1231;4
