0101;17
0102;27
0103;14
0104;26
0105;13
0106;11
0107;17
0108;14
0109;19
0110;16
0111;20
0112;17
0113;19
0114;23
0115;12
0116;20
0117;15
0118;15
0119;11
0120;23
0121;20
0122;10
0123;11
0124;12
0125;19
0126;15
0127;18
0128;9
0129;15
0130;13
0131;14
0201;14
0202;18
0203;12
0204;13
0205;16
0206;24
0207;12
0208;19
0209;16
0210;18
0211;19
0212;17
0213;16
0214;16
0215;14
0216;21
0217;14
0218;16
0219;30
0220;15
0221;19
0222;11
0223;17
0224;13
0225;19
0226;13
0227;18
0228;14
0301;13
0302;22
0303;19
0304;12
0305;16
0306;23
0307;25
0308;21
0309;16
0310;14
0311;15
0312;19
0313;15
0314;31
0315;23
0316;14
0317;18
0318;18
0319;15
0320;13
0321;13
0322;23
0323;23
0324;28
0325;8
0326;16
0327;23
0328;13
0329;20
0330;17
0331;23
0401;17
0402;26
0403;24
0404;9
0405;16
0406;11
0407;22
0408;13
0409;23
0410;12
0411;10
0412;16
0413;14
0414;18
0415;12
0416;15
0417;15
0418;18
0419;16
0420;10
0421;10
0422;17
0423;17
0424;14
0425;7
0426;16
0427;15
0428;19
0429;17
0430;21
0501;8
0502;9
0503;20
0504;15
0505;10
0506;7
0507;11
0508;13
0509;25
0510;8
0511;14
0512;17
0513;19
0514;15
0515;22
0516;18
0517;13
0518;12
0519;21
0520;14
0521;14
0522;18
0523;13
0524;20
0525;19
0526;10
0527;17
0528;13
0529;9
0530;18
0531;9
0601;14
0602;13
0603;15
0604;12
0605;18
0606;13
0607;14
0608;11
0609;20
0610;14
0611;13
0612;13
0613;17
0614;23
0615;14
0616;11
0617;12
0618;18
0619;15
0620;17
0621;12
0622;11
0623;9
0624;8
0625;19
0626;16
0627;13
0628;9
0629;14
0630;18
0701;17
0702;15
0703;17
0704;19
0705;14
0706;9
0707;14
0708;16
0709;18
0710;10
0711;16
0712;14
0713;18
0714;17
0715;17
0716;18
0717;17
0718;12
0719;16
0720;28
0721;19
0722;13
0723;17
0724;21
0725;8
0726;15
0727;16
0728;13
0729;17
0730;11
0731;15
0801;18
0802;12
0803;22
0804;13
0805;12
0806;14
0807;15
0808;10
0809;13
0810;11
0811;16
0812;15
0813;13
0814;13
0815;17
0816;16
0817;12
0818;11
0819;11
0820;21
0821;12
0822;9
0823;8
0824;15
0825;13
0826;16
0827;11
0828;15
0829;10
0830;9
0831;10
0901;15
0902;14
0903;9
0904;12
0905;16
0906;15
0907;10
0908;15
0909;19
0910;11
0911;16
0912;24
0913;12
0914;13
0915;16
0916;9
0917;11
0918;14
0919;15
0920;21
0921;10
0922;21
0923;15
0924;14
0925;10
0926;14
0927;7
0928;15
0929;15
0930;17
1001;9
1002;21
1003;15
1004;12
1005;10
1006;13
1007;9
1008;16
1009;16
1010;19
1011;19
1012;15
1013;15
1014;16
1015;18
1016;17
1017;21
1018;6
1019;19
1020;18
1021;13
1022;15
1023;17
1024;21
1025;16
1026;10
1027;17
1028;18
1029;16
1030;13
1031;14
1101;16
1102;15
1103;19
1104;19
1105;17
1106;20
1107;10
1108;20
1109;18
1110;18
1111;17
1112;14
1113;13
1114;14
1115;16
1116;21
1117;13
1118;18
1119;13
1120;22
1121;12
1122;21
1123;19
1124;15
1125;14
1126;17
1127;14
1128;27
1129;22
1130;14
1201;15
1202;14
1203;9
1204;16
1205;17
1206;25
1207;17
1208;23
1209;12
1210;15
1211;19
1212;23
1213;13
1214;15
1215;18
1216;17
1217;17
1218;14
1219;19
1220;15
1221;15
1222;12
1223;13
1224;18
1225;24
1226;14
1227;22
1228;26
1229;17
1230;24
1231;25
