0101;33
0102;47
0103;31
0104;46
0105;59
0106;36
0107;34
0108;35
0109;40
0110;39
0111;31
0112;44
0113;36
0114;30
0115;40
0116;58
0117;53
0118;30
0119;44
0120;45
0121;27
0122;36
0123;41
0124;33
0125;31
0126;33
0127;35
0128;42
0129;39
0130;36
0131;35
0201;39
0202;41
0203;40
0204;39
0205;49
0206;42
0207;38
0208;37
0209;36
0210;40
0211;45
0212;42
0213;42
0214;52
0215;41
0216;40
0217;36
0218;32
0219;40
0220;48
0221;33
0222;32
0223;32
0224;37
0225;43
0226;31
0227;40
0228;41
0301;37
0302;43
0303;38
0304;41
0305;35
0306;43
0307;34
0308;39
0309;38
0310;34
0311;23
0312;31
0313;34
0314;36
0315;41
0316;22
0317;27
0318;31
0319;49
0320;30
0321;36
0322;32
0323;32
0324;39
0325;33
0326;30
0327;42
0328;41
0329;35
0330;30
0331;23
0401;33
0402;36
0403;28
0404;27
0405;29
0406;28
0407;42
0408;21
0409;41
0410;35
0411;33
0412;37
0413;31
0414;35
0415;44
0416;43
0417;25
0418;39
0419;36
0420;43
0421;38
0422;29
0423;38
0424;26
0425;39
0426;34
0427;30
0428;29
0429;25
0430;33
0501;29
0502;41
0503;23
0504;34
0505;29
0506;36
0507;35
0508;39
0509;27
0510;32
0511;24
0512;40
0513;33
0514;23
0515;37
0516;24
0517;33
0518;30
0519;31
0520;33
0521;29
0522;28
0523;39
0524;40
0525;23
0526;31
0527;34
0528;25
0529;32
0530;35
0531;35
0601;30
0602;19
0603;35
0604;35
0605;31
0606;38
0607;29
0608;35
0609;38
0610;20
0611;33
0612;34
0613;30
0614;33
0615;32
0616;24
0617;25
0618;29
0619;34
0620;29
0621;30
0622;28
0623;28
0624;24
0625;30
0626;48
0627;45
0628;16
0629;27
0630;26
0701;37
0702;22
0703;20
0704;30
0705;32
0706;38
0707;45
0708;33
0709;38
0710;29
0711;26
0712;34
0713;31
0714;37
0715;28
0716;34
0717;25
0718;37
0719;33
0720;30
0721;28
0722;26
0723;27
0724;36
0725;32
0726;35
0727;37
0728;35
0729;40
0730;34
0731;39
0801;32
0802;30
0803;31
0804;22
0805;28
0806;40
0807;28
0808;27
0809;33
0810;24
0811;25
0812;32
0813;30
0814;39
0815;19
0816;19
0817;29
0818;27
0819;27
0820;29
0821;26
0822;31
0823;28
0824;26
0825;32
0826;39
0827;23
0828;29
0829;36
0830;25
0831;26
0901;34
0902;31
0903;30
0904;26
0905;37
0906;34
0907;24
0908;25
0909;28
0910;29
0911;33
0912;18
0913;36
0914;32
0915;31
0916;31
0917;24
0918;41
0919;43
0920;33
0921;42
0922;30
0923;34
0924;26
0925;24
0926;32
0927;32
0928;39
0929;32
0930;47
1001;28
1002;35
1003;28
1004;40
1005;31
1006;37
1007;30
1008;28
1009;26
1010;43
1011;31
1012;36
1013;34
1014;31
1015;41
1016;26
1017;42
1018;32
1019;24
1020;40
1021;38
1022;33
1023;40
1024;29
1025;35
1026;32
1027;46
1028;29
1029;36
1030;28
1031;39
1101;45
1102;34
1103;38
1104;35
1105;36
1106;34
1107;29
1108;44
1109;34
1110;45
1111;42
1112;40
1113;47
1114;40
1115;50
1116;49
1117;43
1118;29
1119;47
1120;31
1121;48
1122;44
1123;33
1124;32
1125;36
1126;43
1127;31
1128;40
1129;35
1130;47
1201;33
1202;31
1203;34
1204;33
1205;43
1206;31
1207;38
1208;44
1209;36
1210;34
1211;36
1212;35
1213;34
1214;46
1215;39
1216;46
1217;26
1218;47
1219;39
1220;33
1221;40
1222;36
1223;51
1224;40
1225;38
1226;50
1227;39
1228;32
1229;44
1230;40
1231;49
