0101;10
0102;28
0103;17
0104;15
0105;15
0106;23
0107;25
0108;17
0109;18
0110;17
0111;11
0112;20
0113;12
0114;14
0115;10
0116;12
0117;11
0118;19
0119;16
0120;13
0121;11
0122;15
0123;13
0124;12
0125;5
0126;24
0127;15
0128;16
0129;12
0130;13
0131;19
0201;27
0202;17
0203;15
0204;25
0205;18
0206;17
0207;13
0208;14
0209;18
0210;16
0211;13
0212;17
0213;17
0214;15
0215;13
0216;15
0217;18
0218;11
0219;12
0220;15
0221;17
0222;17
0223;8
0224;18
0225;9
0226;11
0227;9
0228;15
0301;16
0302;14
0303;15
0304;22
0305;12
0306;18
0307;13
0308;14
0309;11
0310;19
0311;17
0312;19
0313;12
0314;11
0315;18
0316;12
0317;11
0318;14
0319;17
0320;16
0321;14
0322;11
0323;10
0324;12
0325;13
0326;15
0327;16
0328;12
0329;18
0330;16
0331;10
0401;16
0402;15
0403;16
0404;13
0405;14
0406;10
0407;15
0408;16
0409;11
0410;15
0411;8
0412;18
0413;16
0414;15
0415;11
0416;12
0417;9
0418;13
0419;11
0420;7
0421;19
0422;9
0423;13
0424;13
0425;12
0426;12
0427;9
0428;6
0429;12
0430;16
0501;16
0502;14
0503;8
0504;6
0505;12
0506;13
0507;13
0508;12
0509;6
0510;16
0511;11
0512;15
0513;13
0514;14
0515;10
0516;10
0517;9
0518;10
0519;13
0520;18
0521;13
0522;21
0523;11
0524;11
0525;20
0526;14
0527;11
0528;17
0529;15
0530;17
0531;17
0601;10
0602;11
0603;9
0604;12
0605;22
0606;13
0607;8
0608;14
0609;20
0610;8
0611;18
0612;15
0613;21
0614;5
0615;17
0616;5
0617;12
0618;10
0619;16
0620;17
0621;8
0622;12
0623;15
0624;14
0625;13
0626;15
0627;4
0628;15
0629;18
0630;13
0701;14
0702;16
0703;16
0704;15
0705;10
0706;10
0707;8
0708;6
0709;17
0710;16
0711;18
0712;19
0713;16
0714;16
0715;9
0716;21
0717;7
0718;10
0719;14
0720;21
0721;12
0722;13
0723;7
0724;11
0725;8
0726;10
0727;18
0728;10
0729;18
0730;15
0731;14
0801;6
0802;17
0803;13
0804;11
0805;14
0806;13
0807;20
0808;21
0809;9
0810;18
0811;16
0812;14
0813;6
0814;13
0815;11
0816;17
0817;8
0818;7
0819;13
0820;11
0821;11
0822;14
0823;12
0824;10
0825;16
0826;15
0827;18
0828;24
0829;7
0830;10
0831;6
0901;15
0902;15
0903;19
0904;9
0905;10
0906;11
0907;13
0908;13
0909;15
0910;11
0911;11
0912;14
0913;12
0914;14
0915;8
0916;15
0917;12
0918;15
0919;12
0920;5
0921;18
0922;9
0923;18
0924;12
0925;10
0926;12
0927;13
0928;13
0929;13
0930;7
1001;15
1002;10
1003;17
1004;17
1005;18
1006;13
1007;10
1008;16
1009;12
1010;11
1011;8
1012;13
1013;9
1014;16
1015;15
1016;8
1017;20
1018;13
1019;11
1020;19
1021;13
1022;20
1023;15
1024;11
1025;7
1026;11
1027;17
1028;17
1029;15
1030;15
1031;18
1101;19
1102;11
1103;9
1104;22
1105;17
1106;12
1107;20
1108;15
1109;8
1110;17
1111;16
1112;18
1113;18
1114;12
1115;14
1116;16
1117;17
1118;18
1119;16
1120;13
1121;14
1122;13
1123;11
1124;11
1125;14
1126;15
1127;9
1128;19
1129;17
1130;15
1201;17
1202;9
1203;24
1204;16
1205;11
1206;16
1207;14
1208;15
1209;17
1210;15
1211;12
1212;13
1213;17
1214;16
1215;15
1216;18
1217;19
1218;13
1219;18
1220;9
1221;21
1222;15
1223;16
1224;21
1225;16
1226;18
1227;19
1228;22
1229;17
1230;25
1231;16
