0101;15
0102;15
0103;17
0104;14
0105;15
0106;12
0107;16
0108;14
0109;14
0110;18
0111;17
0112;20
0113;21
0114;15
0115;21
0116;10
0117;14
0118;20
0119;22
0120;17
0121;13
0122;18
0123;15
0124;15
0125;17
0126;14
0127;18
0128;11
0129;15
0130;16
0131;18
0201;19
0202;20
0203;18
0204;15
0205;17
0206;17
0207;16
0208;16
0209;14
0210;18
0211;16
0212;19
0213;15
0214;20
0215;14
0216;16
0217;22
0218;11
0219;20
0220;21
0221;13
0222;18
0223;19
0224;14
0225;12
0226;19
0227;8
0228;20
0301;17
0302;15
0303;25
0304;14
0305;17
0306;15
0307;16
0308;15
0309;19
0310;16
0311;18
0312;11
0313;14
0314;11
0315;22
0316;17
0317;18
0318;18
0319;17
0320;13
0321;17
0322;27
0323;12
0324;17
0325;13
0326;19
0327;26
0328;8
0329;19
0330;17
0331;13
0401;18
0402;17
0403;28
0404;17
0405;18
0406;12
0407;15
0408;14
0409;19
0410;15
0411;22
0412;20
0413;13
0414;17
0415;9
0416;21
0417;26
0418;13
0419;13
0420;18
0421;19
0422;10
0423;12
0424;15
0425;17
0426;14
0427;11
0428;15
0429;19
0430;18
0501;17
0502;14
0503;13
0504;7
0505;14
0506;12
0507;10
0508;17
0509;14
0510;20
0511;14
0512;15
0513;10
0514;17
0515;8
0516;18
0517;20
0518;17
0519;12
0520;10
0521;14
0522;15
0523;15
0524;17
0525;18
0526;8
0527;5
0528;11
0529;11
0530;13
0531;13
0601;14
0602;14
0603;10
0604;16
0605;20
0606;18
0607;16
0608;18
0609;21
0610;14
0611;14
0612;16
0613;16
0614;8
0615;15
0616;11
0617;14
0618;12
0619;19
0620;15
0621;16
0622;10
0623;6
0624;16
0625;23
0626;12
0627;15
0628;11
0629;14
0630;14
0701;25
0702;18
0703;13
0704;21
0705;15
0706;12
0707;11
0708;18
0709;20
0710;11
0711;11
0712;15
0713;12
0714;10
0715;13
0716;17
0717;15
0718;12
0719;13
0720;19
0721;9
0722;13
0723;15
0724;8
0725;15
0726;14
0727;16
0728;16
0729;15
0730;16
0731;13
0801;11
0802;11
0803;23
0804;20
0805;11
0806;13
0807;16
0808;11
0809;21
0810;12
0811;15
0812;15
0813;15
0814;14
0815;15
0816;15
0817;15
0818;18
0819;22
0820;17
0821;14
0822;14
0823;13
0824;18
0825;8
0826;13
0827;11
0828;11
0829;12
0830;10
0831;9
0901;18
0902;11
0903;10
0904;15
0905;6
0906;16
0907;17
0908;15
0909;7
0910;22
0911;14
0912;10
0913;10
0914;10
0915;14
0916;24
0917;14
0918;8
0919;9
0920;19
0921;13
0922;11
0923;17
0924;21
0925;12
0926;18
0927;14
0928;17
0929;13
0930;5
1001;21
1002;21
1003;23
1004;19
1005;9
1006;15
1007;20
1008;15
1009;16
1010;19
1011;15
1012;16
1013;20
1014;12
1015;10
1016;14
1017;11
1018;15
1019;10
1020;17
1021;20
1022;15
1023;15
1024;21
1025;17
1026;21
1027;14
1028;15
1029;19
1030;14
1031;18
1101;18
1102;18
1103;18
1104;22
1105;16
1106;15
1107;18
1108;16
1109;19
1110;18
1111;20
1112;12
1113;16
1114;18
1115;21
1116;11
1117;15
1118;12
1119;14
1120;8
1121;15
1122;25
1123;20
1124;17
1125;18
1126;12
1127;15
1128;15
1129;17
1130;14
1201;18
1202;24
1203;18
1204;18
1205;16
1206;14
1207;19
1208;15
1209;8
1210;21
1211;15
1212;13
1213;23
1214;12
1215;19
1216;20
1217;13
1218;11
1219;14
1220;12
1221;20
1222;18
1223;23
1224;22
1225;16
1226;10
1227;20
1228;29
1229;19
1230;16
1231;18
