0101;13
0102;16
0103;18
0104;15
0105;16
0106;15
0107;17
0108;17
0109;17
0110;16
0111;14
0112;19
0113;14
0114;19
0115;19
0116;15
0117;10
0118;15
0119;16
0120;11
0121;17
0122;20
0123;14
0124;13
0125;25
0126;20
0127;13
0128;13
0129;11
0130;7
0131;10
0201;14
0202;19
0203;14
0204;9
0205;16
0206;11
0207;12
0208;14
0209;17
0210;17
0211;13
0212;16
0213;13
0214;16
0215;20
0216;20
0217;16
0218;17
0219;19
0220;20
0221;21
0222;13
0223;17
0224;12
0225;12
0226;16
0227;12
0228;15
0301;20
0302;11
0303;15
0304;11
0305;14
0306;19
0307;11
0308;16
0309;18
0310;14
0311;13
0312;16
0313;19
0314;18
0315;11
0316;13
0317;9
0318;7
0319;14
0320;6
0321;19
0322;11
0323;19
0324;20
0325;17
0326;18
0327;11
0328;20
0329;7
0330;18
0331;19
0401;19
0402;14
0403;18
0404;10
0405;15
0406;9
0407;14
0408;19
0409;21
0410;17
0411;22
0412;16
0413;18
0414;12
0415;12
0416;14
0417;12
0418;8
0419;19
0420;16
0421;13
0422;18
0423;11
0424;16
0425;19
0426;12
0427;10
0428;14
0429;11
0430;16
0501;15
0502;12
0503;12
0504;16
0505;6
0506;9
0507;14
0508;13
0509;17
0510;10
0511;15
0512;10
0513;14
0514;9
0515;12
0516;9
0517;15
0518;15
0519;10
0520;18
0521;11
0522;18
0523;8
0524;19
0525;12
0526;11
0527;11
0528;8
0529;17
0530;13
0531;16
0601;11
0602;17
0603;14
0604;12
0605;17
0606;14
0607;17
0608;15
0609;11
0610;21
0611;22
0612;13
0613;10
0614;13
0615;15
0616;11
0617;15
0618;15
0619;13
0620;14
0621;11
0622;19
0623;17
0624;7
0625;18
0626;16
0627;13
0628;6
0629;11
0630;13
0701;9
0702;13
0703;10
0704;14
0705;17
0706;12
0707;10
0708;15
0709;15
0710;13
0711;12
0712;9
0713;15
0714;13
0715;17
0716;14
0717;13
0718;21
0719;13
0720;9
0721;15
0722;8
0723;15
0724;11
0725;18
0726;9
0727;15
0728;15
0729;9
0730;15
0731;14
0801;12
0802;14
0803;12
0804;12
0805;22
0806;17
0807;16
0808;10
0809;9
0810;11
0811;15
0812;16
0813;14
0814;14
0815;17
0816;14
0817;12
0818;19
0819;15
0820;21
0821;24
0822;14
0823;20
0824;13
0825;13
0826;10
0827;13
0828;6
0829;14
0830;17
0831;11
0901;18
0902;12
0903;12
0904;14
0905;12
0906;17
0907;19
0908;11
0909;21
0910;23
0911;15
0912;10
0913;13
0914;9
0915;9
0916;11
0917;12
0918;11
0919;20
0920;12
0921;10
0922;18
0923;22
0924;6
0925;15
0926;8
0927;16
0928;15
0929;19
0930;10
1001;18
1002;17
1003;24
1004;15
1005;16
1006;13
1007;19
1008;15
1009;14
1010;9
1011;9
1012;21
1013;15
1014;14
1015;17
1016;15
1017;13
1018;14
1019;13
1020;22
1021;21
1022;13
1023;14
1024;16
1025;16
1026;18
1027;12
1028;16
1029;20
1030;13
1031;11
1101;11
1102;15
1103;12
1104;12
1105;11
1106;19
1107;7
1108;18
1109;19
1110;15
1111;11
1112;15
1113;16
1114;27
1115;23
1116;12
1117;17
1118;16
1119;17
1120;15
1121;14
1122;17
1123;13
1124;9
1125;10
1126;18
1127;18
1128;17
1129;20
1130;12
1201;15
1202;17
1203;14
1204;18
1205;10
1206;8
1207;18
1208;19
1209;17
1210;10
1211;12
1212;17
1213;22
1214;20
1215;27
1216;18
1217;21
1218;22
1219;21
1220;14
1221;18
1222;21
1223;13
1224;17
1225;17
1226;15
1227;10
1228;22
1229;13
1230;19
1231;15
