0101;7
0103;9
0104;5
0105;7
0106;2
0107;7
0108;5
0109;5
0110;6
0111;3
0112;5
0113;4
0114;4
0115;4
0116;4
0117;1
0118;9
0119;1
0120;6
0121;2
0122;2
0123;6
0124;2
0125;6
0126;5
0127;1
0128;6
0129;2
0130;2
0131;4
0201;6
0202;4
0203;3
0204;2
0205;3
0206;8
0207;4
0208;5
0209;1
0210;6
0211;1
0212;3
0213;5
0214;3
0215;2
0216;3
0217;8
0218;4
0219;3
0220;3
0221;4
0222;2
0223;2
0224;2
0225;4
0226;2
0227;4
0228;10
0301;4
0302;7
0303;2
0304;7
0305;3
0306;3
0307;1
0308;4
0310;2
0311;3
0312;4
0313;3
0314;2
0315;1
0316;2
0317;3
0318;1
0319;2
0320;5
0321;3
0322;8
0323;1
0324;7
0326;3
0327;5
0329;6
0330;1
0331;3
0401;9
0402;3
0403;2
0404;2
0405;6
0406;4
0407;5
0408;5
0410;1
0411;3
0412;1
0413;2
0414;3
0415;4
0417;1
0418;2
0419;2
0420;5
0421;4
0422;1
0423;5
0424;1
0425;6
0426;1
0427;1
0428;3
0429;3
0430;4
0501;4
0502;2
0503;5
0504;6
0505;3
0506;4
0507;3
0508;4
0509;3
0510;5
0511;4
0512;4
0513;1
0514;4
0515;3
0516;2
0518;4
0519;1
0520;6
0521;4
0522;4
0523;5
0525;2
0526;3
0527;3
0528;2
0529;4
0530;2
0531;2
0601;3
0602;2
0603;2
0604;3
0605;4
0606;2
0607;2
0608;4
0609;2
0610;2
0611;1
0612;4
0613;8
0614;4
0615;2
0616;2
0617;2
0618;4
0619;2
0620;5
0621;5
0622;6
0623;5
0624;3
0625;2
0626;3
0627;2
0628;5
0629;2
0630;3
0701;4
0702;4
0703;1
0704;2
0705;5
0706;3
0707;4
0708;3
0709;2
0710;4
0711;4
0712;2
0713;7
0714;3
0715;1
0716;3
0718;4
0719;5
0720;1
0721;2
0722;3
0723;3
0724;6
0725;5
0726;3
0727;3
0728;1
0729;3
0730;4
0731;3
0801;3
0803;4
0804;2
0805;4
0806;8
0807;1
0809;5
0810;4
0811;2
0812;2
0813;3
0814;2
0815;2
0816;2
0817;3
0818;3
0819;4
0820;6
0821;3
0822;2
0823;3
0824;3
0825;6
0826;3
0827;3
0828;3
0829;3
0830;4
0831;1
0901;4
0902;3
0903;1
0904;2
0905;2
0906;5
0907;2
0908;2
0909;3
0910;2
0911;3
0912;1
0913;2
0915;1
0916;5
0917;1
0918;1
0919;3
0920;5
0921;3
0923;1
0924;4
0925;7
0926;2
0927;6
0928;1
0929;4
0930;2
1001;1
1002;5
1003;2
1004;3
1005;6
1006;4
1007;2
1008;2
1009;3
1010;5
1012;1
1013;1
1014;2
1015;2
1016;5
1017;3
1018;4
1020;4
1021;4
1022;2
1023;4
1024;4
1025;2
1026;5
1027;4
1028;8
1029;4
1030;2
1031;6
1101;4
1102;2
1103;3
1104;2
1105;4
1106;2
1107;5
1108;4
1110;2
1111;6
1112;2
1113;3
1114;2
1115;5
1116;1
1117;4
1118;1
1119;2
1120;4
1121;4
1122;8
1123;4
1124;4
1125;4
1126;1
1127;3
1128;3
1129;2
1130;1
1201;4
1202;2
1203;4
1204;5
1205;2
1206;5
1207;6
1208;2
1209;2
1210;5
1211;3
1212;2
1213;4
1214;1
1215;5
1216;5
1217;7
1218;3
1219;3
1220;1
1221;4
1222;3
1223;2
1225;6
1226;3
1227;6
1228;2
1229;2
1230;6
1231;6
