0101;21
0102;23
0103;23
0104;29
0105;28
0106;25
0107;19
0108;22
0109;16
0110;31
0111;32
0112;17
0113;29
0114;19
0115;23
0116;15
0117;26
0118;18
0119;19
0120;15
0121;23
0122;22
0123;16
0124;25
0125;21
0126;12
0127;17
0128;27
0129;24
0130;18
0131;16
0201;21
0202;24
0203;22
0204;29
0205;26
0206;23
0207;19
0208;14
0209;21
0210;30
0211;21
0212;22
0213;23
0214;16
0215;20
0216;25
0217;26
0218;18
0219;17
0220;23
0221;19
0222;18
0223;18
0224;26
0225;28
0226;10
0227;17
0228;26
0301;24
0302;19
0303;26
0304;24
0305;21
0306;17
0307;15
0308;26
0309;22
0310;17
0311;21
0312;9
0313;21
0314;25
0315;12
0316;16
0317;27
0318;27
0319;17
0320;15
0321;20
0322;25
0323;21
0324;21
0325;15
0326;24
0327;19
0328;14
0329;28
0330;24
0331;17
0401;18
0402;19
0403;16
0404;19
0405;17
0406;27
0407;17
0408;24
0409;22
0410;24
0411;27
0412;19
0413;18
0414;19
0415;25
0416;18
0417;17
0418;17
0419;21
0420;23
0421;15
0422;21
0423;16
0424;21
0425;19
0426;23
0427;24
0428;15
0429;17
0430;17
0501;21
0502;19
0503;18
0504;20
0505;9
0506;24
0507;16
0508;16
0509;26
0510;14
0511;20
0512;12
0513;29
0514;18
0515;21
0516;26
0517;14
0518;18
0519;21
0520;14
0521;16
0522;16
0523;10
0524;13
0525;20
0526;17
0527;18
0528;22
0529;10
0530;21
0531;17
0601;18
0602;21
0603;17
0604;15
0605;16
0606;15
0607;24
0608;16
0609;14
0610;21
0611;18
0612;15
0613;18
0614;20
0615;22
0616;15
0617;13
0618;15
0619;28
0620;24
0621;13
0622;16
0623;16
0624;22
0625;21
0626;22
0627;15
0628;17
0629;23
0630;14
0701;12
0702;24
0703;22
0704;20
0705;21
0706;18
0707;22
0708;15
0709;14
0710;14
0711;15
0712;15
0713;13
0714;11
0715;26
0716;20
0717;20
0718;20
0719;19
0720;17
0721;9
0722;21
0723;12
0724;13
0725;22
0726;20
0727;17
0728;13
0729;18
0730;14
0731;19
0801;10
0802;20
0803;31
0804;18
0805;26
0806;18
0807;9
0808;11
0809;9
0810;22
0811;17
0812;14
0813;15
0814;22
0815;22
0816;9
0817;27
0818;17
0819;16
0820;19
0821;17
0822;16
0823;13
0824;15
0825;16
0826;14
0827;25
0828;16
0829;15
0830;23
0831;14
0901;19
0902;17
0903;16
0904;26
0905;17
0906;18
0907;21
0908;18
0909;17
0910;18
0911;22
0912;14
0913;26
0914;25
0915;20
0916;17
0917;18
0918;22
0919;20
0920;25
0921;15
0922;15
0923;17
0924;13
0925;26
0926;18
0927;17
0928;24
0929;18
0930;21
1001;25
1002;23
1003;22
1004;31
1005;24
1006;23
1007;31
1008;22
1009;17
1010;18
1011;20
1012;17
1013;18
1014;16
1015;19
1016;23
1017;25
1018;23
1019;20
1020;18
1021;22
1022;17
1023;13
1024;21
1025;24
1026;29
1027;18
1028;25
1029;26
1030;20
1031;26
1101;13
1102;26
1103;18
1104;19
1105;28
1106;12
1107;24
1108;17
1109;23
1110;16
1111;29
1112;22
1113;27
1114;15
1115;22
1116;17
1117;27
1118;31
1119;19
1120;11
1121;16
1122;24
1123;16
1124;28
1125;16
1126;13
1127;23
1128;30
1129;20
1130;25
1201;15
1202;28
1203;25
1204;14
1205;27
1206;15
1207;31
1208;21
1209;17
1210;11
1211;22
1212;17
1213;20
1214;24
1215;23
1216;19
1217;21
1218;25
1219;18
1220;34
1221;27
1222;20
1223;21
1224;27
1225;22
1226;27
1227;28
1228;20
1229;24
1230;18
1231;19
