0101;30
0102;19
0103;22
0104;23
0105;28
0106;29
0107;28
0108;31
0109;27
0110;19
0111;32
0112;31
0113;31
0114;25
0115;33
0116;32
0117;28
0118;30
0119;25
0120;20
0121;18
0122;20
0123;29
0124;23
0125;28
0126;21
0127;24
0128;36
0129;28
0130;30
0131;34
0201;24
0202;21
0203;28
0204;19
0205;27
0206;27
0207;23
0208;34
0209;20
0210;27
0211;26
0212;30
0213;26
0214;29
0215;32
0216;26
0217;28
0218;28
0219;19
0220;33
0221;23
0222;19
0223;21
0224;23
0225;13
0226;23
0227;27
0228;24
0301;21
0302;17
0303;29
0304;20
0305;16
0306;16
0307;12
0308;22
0309;18
0310;21
0311;20
0312;24
0313;27
0314;20
0315;24
0316;17
0317;27
0318;38
0319;23
0320;36
0321;23
0322;14
0323;32
0324;35
0325;20
0326;33
0327;28
0328;22
0329;30
0330;28
0331;27
0401;29
0402;30
0403;24
0404;21
0405;18
0406;22
0407;18
0408;19
0409;19
0410;27
0411;23
0412;20
0413;22
0414;20
0415;26
0416;21
0417;21
0418;17
0419;22
0420;19
0421;17
0422;16
0423;18
0424;24
0425;19
0426;20
0427;28
0428;18
0429;14
0430;25
0501;19
0502;25
0503;21
0504;20
0505;19
0506;20
0507;19
0508;27
0509;14
0510;26
0511;18
0512;24
0513;16
0514;23
0515;26
0516;19
0517;20
0518;19
0519;31
0520;22
0521;23
0522;24
0523;16
0524;27
0525;26
0526;17
0527;18
0528;29
0529;24
0530;17
0531;21
0601;28
0602;19
0603;16
0604;30
0605;23
0606;21
0607;28
0608;24
0609;18
0610;17
0611;21
0612;24
0613;21
0614;19
0615;13
0616;30
0617;14
0618;23
0619;26
0620;25
0621;13
0622;17
0623;18
0624;22
0625;20
0626;23
0627;18
0628;21
0629;21
0630;19
0701;12
0702;25
0703;21
0704;18
0705;13
0706;17
0707;19
0708;20
0709;27
0710;21
0711;16
0712;19
0713;22
0714;30
0715;19
0716;24
0717;27
0718;25
0719;21
0720;17
0721;16
0722;22
0723;21
0724;23
0725;9
0726;25
0727;27
0728;23
0729;20
0730;20
0731;21
0801;28
0802;23
0803;19
0804;13
0805;26
0806;23
0807;14
0808;21
0809;20
0810;15
0811;18
0812;18
0813;22
0814;25
0815;23
0816;18
0817;18
0818;13
0819;19
0820;18
0821;17
0822;19
0823;19
0824;25
0825;16
0826;28
0827;25
0828;19
0829;22
0830;13
0831;21
0901;19
0902;25
0903;19
0904;26
0905;24
0906;28
0907;17
0908;26
0909;12
0910;17
0911;30
0912;21
0913;23
0914;24
0915;24
0916;14
0917;27
0918;14
0919;16
0920;17
0921;14
0922;12
0923;19
0924;25
0925;22
0926;21
0927;16
0928;23
0929;25
0930;18
1001;15
1002;24
1003;21
1004;24
1005;24
1006;29
1007;22
1008;28
1009;25
1010;24
1011;22
1012;25
1013;18
1014;20
1015;19
1016;18
1017;30
1018;23
1019;25
1020;22
1021;17
1022;31
1023;21
1024;21
1025;35
1026;28
1027;23
1028;31
1029;25
1030;25
1031;25
1101;23
1102;20
1103;19
1104;22
1105;27
1106;19
1107;23
1108;26
1109;16
1110;20
1111;23
1112;32
1113;28
1114;21
1115;18
1116;22
1117;27
1118;24
1119;26
1120;18
1121;27
1122;33
1123;20
1124;34
1125;25
1126;20
1127;16
1128;23
1129;26
1130;30
1201;22
1202;17
1203;13
1204;21
1205;27
1206;23
1207;24
1208;22
1209;18
1210;39
1211;31
1212;26
1213;29
1214;23
1215;43
1216;24
1217;17
1218;24
1219;31
1220;27
1221;26
1222;30
1223;20
1224;32
1225;19
1226;21
1227;32
1228;19
1229;22
1230;30
1231;27
