0101;9
0102;21
0103;25
0104;16
0105;20
0106;18
0107;26
0108;13
0109;30
0110;27
0111;13
0112;25
0113;20
0114;12
0115;19
0116;24
0117;25
0118;18
0119;17
0120;9
0121;25
0122;22
0123;12
0124;17
0125;25
0126;17
0127;13
0128;20
0129;18
0130;19
0131;14
0201;17
0202;12
0203;19
0204;21
0205;20
0206;18
0207;20
0208;25
0209;23
0210;19
0211;20
0212;17
0213;15
0214;17
0215;17
0216;16
0217;25
0218;18
0219;18
0220;16
0221;21
0222;27
0223;29
0224;17
0225;19
0226;14
0227;19
0228;18
0301;17
0302;19
0303;27
0304;17
0305;17
0306;17
0307;25
0308;24
0309;16
0310;21
0311;19
0312;19
0313;20
0314;19
0315;16
0316;19
0317;14
0318;23
0319;11
0320;26
0321;16
0322;13
0323;17
0324;26
0325;19
0326;13
0327;20
0328;17
0329;15
0330;17
0331;19
0401;19
0402;20
0403;19
0404;15
0405;13
0406;16
0407;23
0408;18
0409;11
0410;17
0411;19
0412;22
0413;14
0414;22
0415;21
0416;21
0417;20
0418;16
0419;11
0420;14
0421;16
0422;17
0423;14
0424;23
0425;26
0426;22
0427;23
0428;27
0429;13
0430;16
0501;18
0502;21
0503;18
0504;19
0505;15
0506;18
0507;17
0508;13
0509;21
0510;17
0511;13
0512;19
0513;25
0514;16
0515;12
0516;16
0517;17
0518;13
0519;15
0520;12
0521;13
0522;12
0523;13
0524;13
0525;14
0526;20
0527;15
0528;18
0529;15
0530;7
0531;13
0601;19
0602;8
0603;20
0604;21
0605;15
0606;14
0607;16
0608;24
0609;12
0610;16
0611;23
0612;19
0613;17
0614;18
0615;16
0616;12
0617;15
0618;17
0619;19
0620;16
0621;13
0622;18
0623;20
0624;19
0625;18
0626;19
0627;21
0628;16
0629;18
0630;16
0701;11
0702;15
0703;18
0704;25
0705;16
0706;16
0707;15
0708;13
0709;17
0710;21
0711;16
0712;12
0713;14
0714;20
0715;20
0716;25
0717;19
0718;17
0719;16
0720;18
0721;21
0722;19
0723;10
0724;17
0725;17
0726;12
0727;23
0728;9
0729;19
0730;16
0731;20
0801;17
0802;16
0803;13
0804;14
0805;17
0806;17
0807;16
0808;20
0809;13
0810;17
0811;15
0812;27
0813;15
0814;15
0815;19
0816;19
0817;7
0818;18
0819;15
0820;21
0821;13
0822;22
0823;16
0824;14
0825;20
0826;17
0827;21
0828;24
0829;13
0830;12
0831;15
0901;26
0902;20
0903;19
0904;14
0905;17
0906;13
0907;17
0908;20
0909;20
0910;13
0911;13
0912;17
0913;23
0914;25
0915;12
0916;10
0917;16
0918;22
0919;16
0920;16
0921;12
0922;13
0923;25
0924;19
0925;15
0926;21
0927;16
0928;13
0929;13
0930;20
1001;22
1002;16
1003;17
1004;18
1005;21
1006;18
1007;15
1008;24
1009;12
1010;14
1011;19
1012;19
1013;15
1014;25
1015;18
1016;20
1017;14
1018;19
1019;26
1020;18
1021;17
1022;24
1023;17
1024;18
1025;16
1026;19
1027;15
1028;13
1029;21
1030;25
1031;20
1101;16
1102;21
1103;19
1104;13
1105;19
1106;18
1107;22
1108;27
1109;15
1110;15
1111;22
1112;20
1113;28
1114;17
1115;20
1116;23
1117;18
1118;17
1119;17
1120;19
1121;18
1122;25
1123;14
1124;7
1125;16
1126;22
1127;15
1128;19
1129;22
1130;24
1201;22
1202;23
1203;22
1204;12
1205;18
1206;26
1207;26
1208;22
1209;12
1210;21
1211;19
1212;15
1213;14
1214;18
1215;18
1216;21
1217;30
1218;15
1219;20
1220;18
1221;17
1222;18
1223;23
1224;18
1225;24
1226;29
1227;25
1228;21
1229;24
1230;25
1231;31
