0101;6
0102;5
0103;6
0104;8
0105;9
0106;14
0107;10
0108;7
0109;7
0110;9
0111;8
0112;8
0113;8
0114;7
0115;9
0116;5
0117;10
0118;5
0119;20
0120;9
0121;12
0122;10
0123;6
0124;8
0125;11
0126;9
0127;5
0128;5
0129;4
0130;6
0131;7
0201;4
0202;10
0203;10
0204;8
0205;14
0206;7
0207;14
0208;10
0209;6
0210;7
0211;7
0212;11
0213;11
0214;12
0215;11
0216;8
0217;8
0218;9
0219;11
0220;11
0221;14
0222;11
0223;8
0224;7
0225;11
0226;4
0227;8
0228;6
0301;7
0302;11
0303;8
0304;9
0305;6
0306;14
0307;9
0308;8
0309;8
0310;5
0311;9
0312;8
0313;10
0314;2
0315;8
0316;12
0317;7
0318;6
0319;9
0320;9
0321;9
0322;1
0323;9
0324;2
0325;13
0326;5
0327;5
0328;13
0329;8
0330;13
0331;5
0401;9
0402;9
0403;7
0404;9
0405;2
0406;13
0407;12
0408;7
0409;6
0410;5
0411;12
0412;10
0413;11
0414;10
0415;6
0416;9
0417;11
0418;7
0419;12
0420;8
0421;7
0422;6
0423;4
0424;7
0425;2
0426;3
0427;6
0428;8
0429;7
0430;4
0501;13
0502;5
0503;11
0504;8
0505;7
0506;9
0507;10
0508;6
0509;10
0510;13
0511;4
0512;4
0513;4
0514;5
0515;10
0516;5
0517;12
0518;8
0519;6
0520;6
0521;6
0522;8
0523;8
0524;9
0525;9
0526;4
0527;3
0528;10
0529;11
0530;10
0531;3
0601;11
0602;8
0603;9
0604;4
0605;4
0606;10
0607;6
0608;12
0609;4
0610;8
0611;8
0612;3
0613;2
0614;4
0615;5
0616;8
0617;14
0618;10
0619;12
0620;10
0621;7
0622;11
0623;8
0624;11
0625;11
0626;4
0627;12
0628;9
0629;13
0630;7
0701;12
0702;8
0703;8
0704;8
0705;12
0706;5
0707;8
0708;3
0709;8
0710;4
0711;11
0712;11
0713;5
0714;7
0715;4
0716;5
0717;11
0718;9
0719;3
0720;7
0721;5
0722;8
0723;6
0724;13
0725;5
0726;12
0727;5
0728;4
0729;8
0730;8
0731;4
0801;6
0802;15
0803;9
0804;4
0805;9
0806;10
0807;11
0808;6
0809;11
0810;11
0811;8
0812;8
0813;5
0814;5
0815;6
0816;8
0817;7
0818;17
0819;9
0820;2
0821;9
0822;7
0823;11
0824;11
0825;8
0826;13
0827;6
0828;13
0829;8
0830;10
0831;6
0901;12
0902;9
0903;5
0904;8
0905;5
0906;4
0907;7
0908;8
0909;11
0910;6
0911;6
0912;10
0913;10
0914;8
0915;6
0916;8
0917;9
0918;7
0919;13
0920;6
0921;12
0922;3
0923;9
0924;7
0925;5
0926;10
0927;4
0928;7
0929;8
0930;10
1001;8
1002;7
1003;14
1004;18
1005;7
1006;9
1007;11
1008;4
1009;6
1010;7
1011;7
1012;9
1013;11
1014;2
1015;9
1016;7
1017;9
1018;9
1019;9
1020;10
1021;10
1022;14
1023;7
1024;6
1025;10
1026;6
1027;10
1028;10
1029;7
1030;11
1031;7
1101;8
1102;8
1103;11
1104;7
1105;10
1106;12
1107;6
1108;6
1109;13
1110;11
1111;8
1112;11
1113;9
1114;6
1115;6
1116;9
1117;13
1118;5
1119;3
1120;10
1121;2
1122;11
1123;6
1124;7
1125;9
1126;15
1127;6
1128;5
1129;12
1130;6
1201;4
1202;1
1203;5
1204;11
1205;8
1206;6
1207;8
1208;10
1209;6
1210;3
1211;9
1212;5
1213;6
1214;6
1215;8
1216;6
1217;7
1218;10
1219;6
1220;9
1221;13
1222;8
1223;8
1224;9
1225;7
1226;9
1227;5
1228;4
1229;9
1230;4
1231;10
