0101;45
0102;35
0103;44
0104;38
0105;47
0106;42
0107;47
0108;53
0109;57
0110;48
0111;40
0112;43
0113;35
0114;50
0115;38
0116;51
0117;45
0118;32
0119;45
0120;30
0121;44
0122;32
0123;36
0124;35
0125;41
0126;41
0127;36
0128;39
0129;39
0130;36
0131;48
0201;45
0202;33
0203;34
0204;36
0205;22
0206;36
0207;43
0208;48
0209;42
0210;35
0211;23
0212;31
0213;37
0214;57
0215;31
0216;34
0217;34
0218;42
0219;31
0220;45
0221;35
0222;38
0223;42
0224;41
0225;33
0226;36
0227;35
0228;47
0301;41
0302;44
0303;43
0304;30
0305;36
0306;29
0307;36
0308;34
0309;42
0310;35
0311;41
0312;35
0313;37
0314;42
0315;48
0316;43
0317;34
0318;37
0319;22
0320;45
0321;29
0322;37
0323;26
0324;41
0325;31
0326;37
0327;29
0328;30
0329;29
0330;36
0331;36
0401;41
0402;26
0403;31
0404;26
0405;40
0406;31
0407;32
0408;29
0409;31
0410;28
0411;28
0412;36
0413;35
0414;32
0415;35
0416;48
0417;40
0418;27
0419;34
0420;31
0421;35
0422;34
0423;22
0424;30
0425;35
0426;32
0427;36
0428;40
0429;26
0430;24
0501;32
0502;35
0503;29
0504;32
0505;33
0506;32
0507;28
0508;29
0509;40
0510;23
0511;35
0512;32
0513;30
0514;37
0515;26
0516;25
0517;25
0518;32
0519;32
0520;29
0521;32
0522;31
0523;30
0524;32
0525;23
0526;32
0527;29
0528;30
0529;33
0530;30
0531;40
0601;32
0602;34
0603;29
0604;25
0605;27
0606;31
0607;23
0608;25
0609;31
0610;31
0611;25
0612;22
0613;26
0614;29
0615;35
0616;43
0617;35
0618;23
0619;27
0620;28
0621;39
0622;34
0623;32
0624;38
0625;23
0626;35
0627;28
0628;30
0629;28
0630;29
0701;38
0702;41
0703;31
0704;30
0705;28
0706;31
0707;28
0708;39
0709;32
0710;30
0711;37
0712;35
0713;38
0714;26
0715;26
0716;38
0717;30
0718;32
0719;29
0720;36
0721;34
0722;25
0723;25
0724;37
0725;47
0726;40
0727;23
0728;29
0729;32
0730;39
0731;33
0801;38
0802;31
0803;31
0804;41
0805;39
0806;33
0807;35
0808;47
0809;36
0810;42
0811;29
0812;29
0813;30
0814;26
0815;28
0816;35
0817;44
0818;34
0819;39
0820;34
0821;34
0822;33
0823;36
0824;32
0825;31
0826;28
0827;34
0828;37
0829;30
0830;29
0831;26
0901;41
0902;24
0903;31
0904;32
0905;28
0906;25
0907;19
0908;39
0909;32
0910;35
0911;33
0912;39
0913;27
0914;41
0915;33
0916;22
0917;43
0918;35
0919;42
0920;19
0921;22
0922;29
0923;25
0924;29
0925;24
0926;34
0927;41
0928;34
0929;41
0930;39
1001;28
1002;34
1003;29
1004;35
1005;35
1006;33
1007;35
1008;30
1009;35
1010;34
1011;31
1012;35
1013;29
1014;23
1015;25
1016;39
1017;20
1018;30
1019;34
1020;35
1021;30
1022;36
1023;35
1024;29
1025;34
1026;36
1027;28
1028;30
1029;26
1030;29
1031;31
1101;31
1102;32
1103;34
1104;38
1105;40
1106;32
1107;39
1108;30
1109;21
1110;28
1111;37
1112;34
1113;38
1114;33
1115;37
1116;25
1117;37
1118;34
1119;21
1120;36
1121;37
1122;31
1123;27
1124;34
1125;39
1126;28
1127;30
1128;32
1129;35
1130;26
1201;34
1202;32
1203;20
1204;24
1205;30
1206;42
1207;38
1208;26
1209;30
1210;25
1211;30
1212;31
1213;31
1214;38
1215;41
1216;26
1217;39
1218;29
1219;27
1220;42
1221;37
1222;38
1223;33
1224;28
1225;40
1226;31
1227;42
1228;22
1229;33
1230;28
1231;35
