0101;14
0102;10
0103;9
0104;9
0105;14
0106;11
0107;13
0108;11
0109;16
0110;9
0111;5
0112;13
0113;7
0114;6
0115;9
0116;3
0117;7
0118;12
0119;8
0120;10
0121;9
0122;8
0123;10
0124;6
0125;5
0126;6
0127;12
0128;10
0129;4
0130;9
0131;14
0201;9
0202;9
0203;4
0204;13
0205;7
0206;5
0207;8
0208;7
0209;8
0210;4
0211;9
0212;6
0213;6
0214;12
0215;7
0216;6
0217;10
0218;12
0219;8
0220;4
0221;9
0222;5
0223;11
0224;5
0225;8
0226;8
0227;7
0228;12
0301;7
0302;6
0303;6
0304;10
0305;6
0306;9
0307;11
0308;6
0309;6
0310;7
0311;10
0312;1
0313;8
0314;8
0315;7
0316;8
0317;5
0318;5
0319;9
0320;13
0321;2
0322;8
0323;9
0324;10
0325;7
0326;5
0327;8
0328;4
0329;7
0330;9
0331;4
0401;5
0402;3
0403;6
0404;6
0405;9
0406;5
0407;4
0408;9
0409;9
0410;4
0411;11
0412;13
0413;10
0414;8
0415;7
0416;7
0417;10
0418;5
0419;7
0420;4
0421;9
0422;14
0423;4
0424;8
0425;11
0426;4
0427;3
0428;1
0429;7
0430;7
0501;8
0502;4
0503;5
0504;7
0505;8
0506;9
0507;4
0508;6
0509;5
0510;6
0511;6
0512;9
0513;2
0514;2
0515;4
0516;3
0517;8
0518;4
0519;2
0520;11
0521;12
0522;7
0523;5
0524;7
0525;4
0526;4
0527;8
0528;3
0529;2
0530;4
0531;6
0601;3
0602;3
0603;5
0604;9
0605;7
0606;6
0607;8
0608;7
0609;4
0610;7
0611;11
0612;12
0613;6
0614;11
0615;7
0616;12
0617;7
0618;3
0619;6
0620;7
0621;9
0622;8
0623;7
0624;9
0625;9
0626;8
0627;7
0628;10
0629;9
0630;2
0701;7
0702;9
0703;11
0704;10
0705;10
0706;6
0707;6
0708;4
0709;7
0710;7
0711;6
0712;4
0713;7
0714;7
0715;7
0716;8
0717;4
0718;9
0719;8
0720;4
0721;8
0722;4
0723;8
0724;6
0725;2
0726;10
0727;16
0728;11
0729;10
0730;5
0731;10
0801;9
0802;4
0803;11
0804;6
0805;8
0806;9
0807;3
0808;3
0809;5
0810;4
0811;2
0812;8
0813;3
0814;6
0815;6
0816;6
0817;7
0818;5
0819;4
0820;2
0821;6
0822;10
0823;6
0824;7
0825;6
0826;8
0827;10
0828;8
0829;10
0830;5
0831;6
0901;3
0902;3
0903;3
0904;4
0905;8
0906;6
0907;4
0908;9
0909;7
0910;4
0911;6
0912;12
0913;10
0914;8
0915;9
0916;4
0917;3
0918;7
0919;5
0920;2
0921;7
0922;3
0923;5
0924;4
0925;4
0926;5
0927;8
0928;8
0929;4
0930;7
1001;3
1002;11
1003;4
1004;7
1005;8
1006;9
1007;5
1008;7
1009;8
1010;6
1011;6
1012;9
1013;6
1014;14
1015;10
1016;2
1017;5
1018;7
1019;12
1020;11
1021;7
1022;4
1023;5
1024;7
1025;9
1026;10
1027;6
1028;3
1029;7
1030;3
1031;5
1101;4
1102;7
1103;10
1104;3
1105;3
1106;11
1107;11
1108;6
1109;10
1110;8
1111;3
1112;8
1113;7
1114;7
1115;10
1116;6
1117;6
1118;5
1119;4
1120;14
1121;8
1122;12
1123;6
1124;2
1125;6
1126;5
1127;3
1128;6
1129;10
1130;5
1201;6
1202;9
1203;9
1204;6
1205;6
1206;14
1207;14
1208;5
1209;8
1210;4
1211;7
1212;8
1213;5
1214;7
1215;4
1216;5
1217;7
1218;8
1219;9
1220;7
1221;6
1222;10
1223;6
1224;6
1225;18
1226;10
1227;11
1228;3
1229;12
1230;7
1231;9
