0101;7
0102;14
0103;12
0104;5
0105;12
0106;6
0107;10
0108;17
0109;7
0110;4
0111;6
0112;8
0113;8
0114;9
0115;4
0116;12
0117;10
0118;11
0119;7
0120;14
0121;15
0122;10
0123;4
0124;12
0125;10
0126;7
0127;11
0128;4
0129;9
0130;12
0131;8
0201;17
0202;8
0203;9
0204;11
0205;8
0206;13
0207;8
0208;6
0209;8
0210;5
0211;7
0212;8
0213;11
0214;9
0215;13
0216;8
0217;11
0218;8
0219;18
0220;9
0221;11
0222;4
0223;14
0224;10
0225;13
0226;11
0227;10
0228;7
0301;9
0302;12
0303;12
0304;4
0305;7
0306;3
0307;11
0308;8
0309;8
0310;10
0311;9
0312;7
0313;9
0314;8
0315;7
0316;12
0317;8
0318;8
0319;15
0320;9
0321;7
0322;10
0323;7
0324;10
0325;17
0326;8
0327;9
0328;9
0329;7
0330;6
0331;7
0401;7
0402;8
0403;7
0404;13
0405;14
0406;5
0407;6
0408;11
0409;16
0410;13
0411;10
0412;7
0413;14
0414;6
0415;7
0416;8
0417;5
0418;9
0419;9
0420;7
0421;5
0422;10
0423;11
0424;5
0425;6
0426;5
0427;8
0428;5
0429;9
0430;10
0501;11
0502;7
0503;7
0504;6
0505;8
0506;4
0507;11
0508;8
0509;9
0510;10
0511;8
0512;4
0513;5
0514;5
0515;10
0516;9
0517;7
0518;5
0519;6
0520;13
0521;7
0522;5
0523;6
0524;12
0525;9
0526;11
0527;11
0528;7
0529;6
0530;7
0531;11
0601;7
0602;9
0603;9
0604;8
0605;13
0606;11
0607;6
0608;4
0609;7
0610;2
0611;12
0612;5
0613;8
0614;7
0615;7
0616;9
0617;5
0618;13
0619;8
0620;4
0621;9
0622;5
0623;10
0624;7
0625;12
0626;14
0627;7
0628;7
0629;9
0630;6
0701;8
0702;14
0703;5
0704;7
0705;12
0706;2
0707;7
0708;7
0709;3
0710;12
0711;5
0712;12
0713;10
0714;8
0715;3
0716;13
0717;9
0718;7
0719;4
0720;5
0721;8
0722;6
0723;6
0724;5
0725;8
0726;8
0727;10
0728;6
0729;9
0730;11
0731;5
0801;16
0802;7
0803;6
0804;12
0805;8
0806;9
0807;16
0808;9
0809;4
0810;9
0811;8
0812;4
0813;10
0814;8
0815;11
0816;9
0817;8
0818;8
0819;2
0820;6
0821;7
0822;8
0823;4
0824;7
0825;7
0826;9
0827;8
0828;6
0829;7
0830;8
0831;6
0901;15
0902;8
0903;10
0904;9
0905;15
0906;2
0907;9
0908;10
0909;5
0910;12
0911;10
0912;13
0913;8
0914;8
0915;5
0916;12
0917;2
0918;6
0919;4
0920;10
0921;9
0922;5
0923;6
0924;9
0925;10
0926;8
0927;6
0928;10
0929;5
0930;7
1001;7
1002;9
1003;6
1004;4
1005;13
1006;3
1007;8
1008;6
1009;12
1010;16
1011;6
1012;5
1013;11
1014;5
1015;11
1016;4
1017;4
1018;7
1019;12
1020;10
1021;5
1022;7
1023;9
1024;8
1025;7
1026;12
1027;11
1028;9
1029;6
1030;3
1031;6
1101;5
1102;7
1103;8
1104;9
1105;12
1106;10
1107;3
1108;5
1109;6
1110;7
1111;6
1112;9
1113;6
1114;6
1115;14
1116;12
1117;6
1118;6
1119;10
1120;4
1121;9
1122;7
1123;11
1124;9
1125;4
1126;10
1127;5
1128;10
1129;9
1130;8
1201;7
1202;6
1203;8
1204;6
1205;9
1206;4
1207;7
1208;7
1209;5
1210;11
1211;12
1212;11
1213;7
1214;14
1215;5
1216;6
1217;10
1218;7
1219;6
1220;5
1221;7
1222;12
1223;6
1224;9
1225;8
1226;9
1227;6
1228;14
1229;7
1230;5
1231;7
