0101;19
0102;13
0103;14
0104;18
0105;15
0106;12
0107;13
0108;10
0109;16
0110;18
0111;12
0112;15
0113;20
0114;14
0115;11
0116;11
0117;15
0118;11
0119;13
0120;18
0121;10
0122;15
0123;14
0124;11
0125;20
0126;16
0127;17
0128;22
0129;15
0130;12
0131;18
0201;16
0202;6
0203;22
0204;15
0205;22
0206;11
0207;12
0208;17
0209;11
0210;14
0211;10
0212;18
0213;12
0214;14
0215;10
0216;12
0217;7
0218;16
0219;14
0220;9
0221;13
0222;14
0223;10
0224;13
0225;11
0226;17
0227;8
0228;14
0301;11
0302;11
0303;17
0304;13
0305;15
0306;19
0307;17
0308;12
0309;21
0310;11
0311;14
0312;18
0313;13
0314;11
0315;7
0316;13
0317;12
0318;7
0319;12
0320;11
0321;6
0322;11
0323;10
0324;14
0325;9
0326;13
0327;17
0328;14
0329;8
0330;9
0331;8
0401;13
0402;8
0403;12
0404;9
0405;17
0406;15
0407;11
0408;18
0409;14
0410;13
0411;14
0412;6
0413;13
0414;4
0415;18
0416;16
0417;12
0418;8
0419;7
0420;12
0421;22
0422;10
0423;10
0424;10
0425;14
0426;9
0427;18
0428;18
0429;6
0430;17
0501;14
0502;18
0503;9
0504;10
0505;10
0506;15
0507;17
0508;14
0509;9
0510;7
0511;13
0512;11
0513;18
0514;13
0515;7
0516;7
0517;15
0518;6
0519;8
0520;10
0521;11
0522;8
0523;12
0524;7
0525;7
0526;13
0527;10
0528;8
0529;11
0530;15
0531;11
0601;10
0602;5
0603;11
0604;16
0605;10
0606;11
0607;17
0608;18
0609;9
0610;19
0611;11
0612;9
0613;15
0614;6
0615;12
0616;14
0617;14
0618;9
0619;16
0620;15
0621;20
0622;15
0623;7
0624;7
0625;21
0626;8
0627;20
0628;11
0629;13
0630;17
0701;17
0702;10
0703;17
0704;20
0705;8
0706;14
0707;17
0708;8
0709;13
0710;12
0711;15
0712;10
0713;14
0714;13
0715;13
0716;13
0717;23
0718;16
0719;11
0720;12
0721;11
0722;7
0723;10
0724;13
0725;14
0726;20
0727;14
0728;15
0729;12
0730;17
0731;16
0801;15
0802;10
0803;11
0804;16
0805;13
0806;13
0807;9
0808;11
0809;7
0810;12
0811;11
0812;9
0813;11
0814;10
0815;9
0816;10
0817;14
0818;4
0819;8
0820;17
0821;16
0822;15
0823;11
0824;3
0825;14
0826;14
0827;11
0828;19
0829;7
0830;8
0831;9
0901;13
0902;17
0903;10
0904;12
0905;9
0906;11
0907;15
0908;18
0909;10
0910;16
0911;13
0912;12
0913;19
0914;5
0915;10
0916;15
0917;11
0918;17
0919;12
0920;6
0921;10
0922;13
0923;12
0924;10
0925;15
0926;12
0927;6
0928;20
0929;12
0930;13
1001;11
1002;16
1003;21
1004;11
1005;9
1006;16
1007;13
1008;14
1009;12
1010;10
1011;13
1012;10
1013;8
1014;7
1015;15
1016;10
1017;11
1018;16
1019;14
1020;16
1021;17
1022;13
1023;6
1024;15
1025;13
1026;12
1027;14
1028;11
1029;12
1030;17
1031;12
1101;10
1102;12
1103;14
1104;12
1105;10
1106;15
1107;13
1108;12
1109;12
1110;13
1111;12
1112;12
1113;15
1114;13
1115;11
1116;11
1117;9
1118;11
1119;7
1120;13
1121;9
1122;8
1123;6
1124;12
1125;8
1126;9
1127;11
1128;11
1129;8
1130;10
1201;11
1202;13
1203;16
1204;7
1205;14
1206;12
1207;16
1208;17
1209;17
1210;13
1211;11
1212;13
1213;15
1214;16
1215;9
1216;14
1217;15
1218;13
1219;12
1220;9
1221;18
1222;11
1223;11
1224;12
1225;20
1226;15
1227;14
1228;13
1229;6
1230;7
1231;7
