0101;32
0102;25
0103;25
0104;46
0105;36
0106;44
0107;41
0108;19
0109;41
0110;37
0111;30
0112;22
0113;21
0114;33
0115;36
0116;24
0117;31
0118;35
0119;29
0120;31
0121;22
0122;41
0123;35
0124;26
0125;24
0126;30
0127;31
0128;26
0129;23
0130;42
0131;19
0201;33
0202;30
0203;17
0204;30
0205;23
0206;26
0207;32
0208;35
0209;36
0210;23
0211;22
0212;30
0213;20
0214;32
0215;28
0216;28
0217;22
0218;28
0219;30
0220;32
0221;23
0222;26
0223;23
0224;37
0225;32
0226;32
0227;20
0228;35
0301;37
0302;19
0303;29
0304;24
0305;27
0306;29
0307;16
0308;24
0309;29
0310;23
0311;22
0312;30
0313;29
0314;23
0315;25
0316;23
0317;30
0318;30
0319;20
0320;38
0321;35
0322;31
0323;25
0324;21
0325;35
0326;30
0327;26
0328;25
0329;31
0330;25
0331;19
0401;30
0402;28
0403;23
0404;27
0405;28
0406;24
0407;18
0408;19
0409;29
0410;30
0411;32
0412;24
0413;20
0414;23
0415;27
0416;25
0417;24
0418;22
0419;25
0420;25
0421;30
0422;29
0423;29
0424;24
0425;25
0426;24
0427;25
0428;27
0429;18
0430;16
0501;23
0502;22
0503;16
0504;30
0505;37
0506;28
0507;26
0508;26
0509;20
0510;35
0511;22
0512;23
0513;31
0514;31
0515;31
0516;37
0517;28
0518;25
0519;29
0520;24
0521;19
0522;27
0523;25
0524;30
0525;29
0526;22
0527;23
0528;23
0529;24
0530;24
0531;30
0601;29
0602;33
0603;29
0604;26
0605;15
0606;23
0607;24
0608;26
0609;14
0610;14
0611;17
0612;24
0613;24
0614;27
0615;28
0616;17
0617;23
0618;35
0619;28
0620;23
0621;27
0622;23
0623;19
0624;25
0625;24
0626;23
0627;22
0628;23
0629;35
0630;34
0701;16
0702;25
0703;30
0704;28
0705;26
0706;25
0707;28
0708;22
0709;22
0710;26
0711;28
0712;27
0713;23
0714;18
0715;26
0716;32
0717;20
0718;26
0719;22
0720;28
0721;20
0722;18
0723;33
0724;22
0725;27
0726;20
0727;23
0728;18
0729;26
0730;32
0731;28
0801;22
0802;20
0803;19
0804;22
0805;26
0806;20
0807;22
0808;18
0809;27
0810;34
0811;19
0812;12
0813;29
0814;16
0815;25
0816;43
0817;21
0818;14
0819;30
0820;23
0821;26
0822;28
0823;25
0824;17
0825;25
0826;21
0827;27
0828;12
0829;24
0830;22
0831;17
0901;23
0902;19
0903;20
0904;28
0905;26
0906;29
0907;22
0908;17
0909;23
0910;22
0911;22
0912;22
0913;28
0914;24
0915;16
0916;23
0917;23
0918;27
0919;24
0920;32
0921;30
0922;32
0923;24
0924;22
0925;28
0926;24
0927;26
0928;34
0929;22
0930;31
1001;27
1002;23
1003;29
1004;26
1005;32
1006;20
1007;23
1008;20
1009;39
1010;24
1011;33
1012;33
1013;32
1014;24
1015;31
1016;20
1017;32
1018;25
1019;21
1020;28
1021;31
1022;22
1023;30
1024;34
1025;31
1026;30
1027;20
1028;22
1029;23
1030;32
1031;35
1101;14
1102;26
1103;25
1104;23
1105;25
1106;24
1107;39
1108;34
1109;22
1110;31
1111;21
1112;28
1113;28
1114;32
1115;21
1116;32
1117;28
1118;23
1119;29
1120;30
1121;25
1122;26
1123;24
1124;29
1125;31
1126;30
1127;22
1128;28
1129;24
1130;17
1201;27
1202;23
1203;27
1204;16
1205;16
1206;24
1207;29
1208;18
1209;28
1210;33
1211;21
1212;30
1213;29
1214;20
1215;29
1216;28
1217;17
1218;25
1219;26
1220;31
1221;34
1222;21
1223;28
1224;22
1225;20
1226;30
1227;31
1228;32
1229;23
1230;40
1231;37
