0101;9
0102;3
0103;7
0104;8
0105;5
0106;7
0107;8
0108;5
0109;9
0110;3
0111;4
0112;4
0113;5
0114;10
0115;6
0116;2
0117;4
0118;8
0119;6
0120;7
0121;8
0122;9
0123;7
0124;4
0125;5
0126;4
0127;8
0128;2
0129;9
0130;5
0131;7
0201;3
0202;5
0203;10
0204;10
0205;9
0206;8
0207;2
0208;5
0209;7
0210;5
0211;5
0212;5
0213;8
0214;2
0215;3
0216;2
0217;4
0218;6
0219;5
0220;3
0221;8
0222;4
0223;4
0224;4
0225;6
0226;3
0227;8
0228;1
0301;6
0302;4
0303;4
0304;4
0305;6
0306;5
0307;6
0308;7
0309;4
0310;3
0311;8
0312;4
0313;5
0314;3
0315;5
0316;4
0317;3
0318;7
0319;5
0320;1
0321;4
0322;7
0323;2
0324;5
0325;8
0326;4
0327;5
0328;10
0329;3
0330;7
0331;2
0401;4
0402;7
0403;4
0404;7
0405;5
0406;6
0408;4
0409;5
0410;5
0411;7
0412;5
0413;7
0414;3
0415;9
0416;6
0417;5
0418;9
0419;6
0420;8
0421;3
0422;4
0423;6
0424;7
0425;5
0426;9
0427;6
0428;5
0429;7
0430;6
0501;2
0502;4
0503;3
0504;6
0505;6
0506;5
0507;8
0508;5
0509;5
0510;12
0511;7
0512;8
0513;4
0514;2
0515;5
0516;5
0517;3
0518;8
0519;6
0520;3
0521;4
0522;5
0523;5
0524;2
0525;5
0526;5
0527;8
0528;8
0529;2
0530;4
0531;6
0601;6
0602;7
0603;7
0604;6
0605;3
0606;2
0607;11
0608;5
0609;8
0610;5
0611;4
0612;4
0613;8
0614;3
0615;9
0616;7
0617;2
0618;6
0619;3
0620;4
0621;5
0622;2
0623;6
0624;6
0625;6
0626;6
0627;2
0628;7
0629;3
0630;6
0701;4
0702;4
0703;3
0704;2
0706;7
0707;7
0708;3
0709;5
0710;2
0711;7
0712;2
0713;5
0714;5
0715;7
0716;3
0717;10
0718;3
0719;7
0720;6
0721;4
0722;6
0723;6
0724;5
0725;3
0726;3
0727;5
0728;3
0729;4
0730;4
0731;8
0801;6
0802;6
0803;3
0804;4
0805;7
0806;8
0807;2
0808;6
0809;7
0810;6
0811;5
0812;7
0813;8
0814;1
0815;7
0816;8
0817;6
0818;5
0819;10
0820;6
0821;2
0822;5
0823;6
0824;2
0825;4
0826;2
0827;5
0828;4
0829;3
0830;6
0831;5
0901;2
0902;5
0903;1
0904;6
0905;2
0906;7
0907;6
0908;3
0909;2
0910;2
0911;2
0912;7
0913;1
0914;4
0915;4
0916;3
0917;8
0918;3
0919;7
0920;4
0921;9
0922;7
0923;2
0924;5
0925;8
0926;6
0927;3
0928;5
0929;7
0930;1
1001;5
1002;3
1003;8
1004;3
1005;1
1006;3
1007;5
1008;6
1009;4
1010;3
1011;1
1012;7
1013;3
1014;2
1015;6
1016;6
1017;3
1018;3
1019;9
1020;5
1021;3
1022;7
1023;4
1024;9
1025;6
1026;4
1027;5
1028;4
1029;6
1030;2
1031;2
1101;5
1102;6
1103;2
1104;2
1105;7
1106;3
1107;3
1108;3
1109;4
1110;3
1111;9
1112;5
1113;3
1114;8
1115;6
1116;6
1117;4
1118;7
1119;3
1120;3
1121;4
1122;3
1123;4
1124;3
1125;9
1126;7
1127;2
1128;6
1129;6
1130;11
1201;5
1202;8
1203;5
1204;4
1205;8
1206;4
1207;11
1208;4
1209;9
1210;9
1211;4
1212;5
1213;7
1214;6
1215;4
1216;3
1217;5
1218;6
1219;6
1220;10
1221;4
1222;4
1223;6
1224;3
1225;8
1226;8
1227;6
1228;7
1229;6
1230;8
1231;7
