0101;6
0102;6
0103;5
0104;10
0105;13
0106;7
0107;7
0108;9
0109;10
0110;8
0111;6
0112;14
0113;5
0114;6
0115;8
0116;6
0117;9
0118;8
0119;12
0120;5
0121;11
0122;12
0123;8
0124;7
0125;8
0126;10
0127;7
0128;14
0129;9
0130;14
0131;3
0201;9
0202;6
0203;4
0204;13
0205;9
0206;5
0207;6
0208;14
0209;10
0210;11
0211;4
0212;6
0213;11
0214;6
0215;10
0216;6
0217;7
0218;3
0219;8
0220;7
0221;6
0222;5
0223;12
0224;7
0225;5
0226;6
0227;6
0228;13
0301;10
0302;5
0303;5
0304;15
0305;8
0306;4
0307;5
0308;10
0309;3
0310;5
0311;2
0312;7
0313;8
0314;7
0315;9
0316;7
0317;7
0318;17
0319;7
0320;10
0321;9
0322;6
0323;3
0324;6
0325;5
0326;8
0327;2
0328;5
0329;11
0330;6
0331;11
0401;8
0402;5
0403;7
0404;15
0405;6
0406;7
0407;8
0408;4
0409;6
0410;8
0411;8
0412;6
0413;5
0414;5
0415;14
0416;4
0417;4
0418;5
0419;3
0420;4
0421;4
0422;3
0423;4
0424;5
0425;8
0426;11
0427;3
0428;13
0429;10
0430;5
0501;11
0502;7
0503;7
0504;5
0505;6
0506;9
0507;12
0508;4
0509;7
0510;8
0511;12
0512;10
0513;5
0514;6
0515;10
0516;5
0517;8
0518;5
0519;1
0520;6
0521;4
0522;7
0523;11
0524;12
0525;11
0526;4
0527;4
0528;6
0529;6
0530;7
0531;5
0601;10
0602;6
0603;2
0604;7
0605;5
0606;9
0607;7
0608;7
0609;9
0610;12
0611;4
0612;3
0613;7
0614;6
0615;11
0616;9
0617;4
0618;9
0619;5
0620;4
0621;4
0622;8
0623;7
0624;13
0625;11
0626;5
0627;7
0628;8
0629;10
0630;4
0701;7
0702;15
0703;9
0704;6
0705;8
0706;7
0707;3
0708;8
0709;3
0710;6
0711;8
0712;10
0713;8
0714;7
0715;3
0716;8
0717;10
0718;12
0719;5
0720;2
0721;3
0722;8
0723;6
0724;10
0725;4
0726;7
0727;9
0728;4
0729;7
0730;6
0731;10
0801;4
0802;7
0803;5
0804;11
0805;12
0806;6
0807;3
0808;11
0809;6
0810;4
0811;13
0812;9
0813;10
0814;9
0815;11
0816;7
0817;5
0818;8
0819;4
0820;4
0821;7
0822;9
0823;6
0824;7
0825;8
0826;6
0827;2
0828;2
0829;7
0830;8
0831;8
0901;10
0902;8
0903;9
0904;3
0905;4
0906;10
0907;8
0908;8
0909;6
0910;6
0911;10
0912;10
0913;7
0914;5
0915;4
0916;7
0917;9
0918;14
0919;8
0920;5
0921;7
0922;4
0923;13
0924;5
0925;7
0926;10
0927;12
0928;3
0929;7
0930;12
1001;11
1002;8
1003;9
1004;8
1005;7
1006;8
1007;1
1008;5
1009;4
1010;11
1011;6
1012;6
1013;3
1014;7
1015;6
1016;6
1017;8
1018;5
1019;4
1020;6
1021;5
1022;8
1023;5
1024;14
1025;6
1026;10
1027;7
1028;12
1029;4
1030;6
1031;9
1101;8
1102;4
1103;2
1104;9
1105;10
1106;4
1107;6
1108;11
1109;10
1110;5
1111;7
1112;6
1113;9
1114;2
1115;3
1116;8
1117;5
1118;3
1119;6
1120;9
1121;5
1122;12
1123;3
1124;5
1125;4
1126;8
1127;10
1128;7
1129;9
1130;6
1201;3
1202;3
1203;8
1204;5
1205;8
1206;5
1207;7
1208;9
1209;3
1210;11
1211;5
1212;10
1213;6
1214;6
1215;8
1216;10
1217;7
1218;7
1219;9
1220;11
1221;11
1222;6
1223;6
1224;7
1225;12
1226;8
1227;9
1228;13
1229;3
1230;7
1231;9
