0101;5
0102;5
0103;7
0104;3
0105;12
0106;13
0107;8
0108;5
0109;7
0110;10
0111;7
0112;17
0113;9
0114;2
0115;8
0116;4
0117;3
0118;9
0119;13
0120;6
0121;5
0122;8
0123;5
0124;2
0125;6
0126;10
0127;6
0128;7
0129;8
0130;6
0131;10
0201;4
0202;8
0203;8
0204;8
0205;6
0206;9
0207;5
0208;5
0209;9
0210;7
0211;10
0212;9
0213;7
0214;7
0215;5
0216;10
0217;6
0218;5
0219;5
0220;11
0221;5
0222;5
0223;8
0224;6
0225;5
0226;6
0227;6
0228;9
0301;5
0302;8
0303;8
0304;6
0305;4
0306;12
0307;9
0308;6
0309;3
0310;4
0311;4
0312;6
0313;5
0314;7
0315;5
0316;4
0317;6
0318;5
0319;7
0320;4
0321;7
0322;11
0323;2
0324;6
0325;7
0326;10
0327;6
0328;3
0329;5
0330;4
0331;6
0401;9
0402;5
0403;6
0404;6
0405;10
0406;11
0407;5
0408;7
0409;2
0410;6
0411;6
0412;10
0413;4
0414;5
0415;1
0416;11
0417;2
0418;7
0419;6
0420;10
0421;5
0422;6
0423;8
0424;5
0425;11
0426;5
0427;5
0428;11
0429;5
0430;6
0501;8
0502;7
0503;5
0504;6
0505;7
0506;3
0507;3
0508;6
0509;4
0510;6
0511;6
0512;2
0513;9
0514;4
0515;2
0516;10
0517;7
0518;5
0519;5
0520;6
0521;7
0522;3
0523;7
0524;5
0525;6
0526;5
0527;6
0528;8
0529;7
0530;6
0531;11
0601;5
0602;4
0603;5
0604;4
0605;9
0606;3
0607;4
0608;5
0609;4
0610;7
0611;7
0612;6
0613;7
0614;3
0615;7
0616;10
0617;6
0618;5
0619;3
0620;9
0621;5
0622;7
0623;6
0624;3
0625;10
0626;11
0627;3
0628;7
0629;6
0630;4
0701;3
0702;7
0703;13
0704;9
0705;7
0706;7
0707;5
0708;5
0709;5
0710;6
0711;9
0712;8
0713;8
0714;11
0715;5
0716;5
0717;5
0718;5
0719;1
0720;3
0721;7
0722;2
0723;8
0724;6
0725;5
0726;1
0727;8
0728;9
0729;4
0730;7
0731;3
0801;7
0802;3
0803;4
0804;8
0805;9
0806;7
0807;6
0808;9
0809;6
0810;5
0811;8
0812;6
0813;4
0814;3
0815;5
0816;5
0817;6
0818;4
0819;7
0820;5
0821;7
0822;11
0823;7
0824;6
0825;5
0826;5
0827;5
0828;9
0829;4
0830;3
0831;1
0901;8
0902;8
0903;2
0904;2
0905;5
0906;7
0907;10
0908;12
0909;2
0910;6
0911;5
0912;1
0913;8
0914;10
0915;11
0916;4
0917;1
0918;7
0919;5
0920;10
0921;5
0922;5
0923;6
0924;4
0925;4
0926;4
0927;8
0928;11
0929;7
0930;7
1001;11
1002;8
1003;8
1004;6
1005;5
1006;4
1007;10
1008;4
1009;10
1010;9
1011;1
1012;6
1013;7
1014;2
1015;4
1016;5
1017;4
1018;8
1019;4
1020;7
1021;7
1022;4
1023;10
1024;5
1025;4
1026;5
1027;4
1028;6
1029;5
1030;4
1031;5
1101;5
1102;5
1103;7
1104;6
1105;7
1106;6
1107;5
1108;9
1109;5
1110;8
1111;5
1112;5
1113;11
1114;8
1115;8
1116;6
1117;8
1118;4
1119;6
1120;6
1121;7
1122;5
1123;6
1124;5
1125;8
1126;6
1127;2
1128;6
1129;2
1130;12
1201;3
1202;6
1203;9
1204;5
1205;7
1206;5
1207;5
1208;10
1209;10
1210;4
1211;7
1212;5
1213;4
1214;7
1215;9
1216;4
1217;5
1218;8
1219;9
1220;8
1221;7
1222;8
1223;2
1224;4
1225;8
1226;4
1227;4
1228;11
1229;10
1230;8
1231;9
