0101;10
0102;9
0103;6
0104;12
0105;9
0106;15
0107;18
0108;14
0109;7
0110;7
0111;4
0112;13
0113;8
0114;9
0115;15
0116;11
0117;7
0118;4
0119;13
0120;8
0121;2
0122;4
0123;13
0124;14
0125;15
0126;9
0127;10
0128;4
0129;7
0130;10
0131;16
0201;7
0202;12
0203;8
0204;12
0205;10
0206;7
0207;7
0208;11
0209;12
0210;11
0211;6
0212;12
0213;9
0214;9
0215;6
0216;6
0217;15
0218;10
0219;5
0220;8
0221;14
0222;11
0223;14
0224;6
0225;5
0226;6
0227;12
0228;10
0301;9
0302;12
0303;12
0304;10
0305;7
0306;7
0307;8
0308;9
0309;11
0310;8
0311;7
0312;4
0313;8
0314;9
0315;4
0316;8
0317;11
0318;6
0319;5
0320;10
0321;9
0322;8
0323;14
0324;7
0325;10
0326;4
0327;7
0328;6
0329;10
0330;11
0331;3
0401;10
0402;2
0403;11
0404;11
0405;11
0406;4
0407;3
0408;8
0409;11
0410;12
0411;11
0412;10
0413;8
0414;9
0415;9
0416;8
0417;16
0418;10
0419;7
0420;12
0421;12
0422;9
0423;9
0424;15
0425;18
0426;4
0427;7
0428;9
0429;9
0430;6
0501;9
0502;9
0503;10
0504;13
0505;9
0506;8
0507;8
0508;5
0509;17
0510;6
0511;8
0512;8
0513;8
0514;8
0515;5
0516;5
0517;13
0518;10
0519;12
0520;8
0521;5
0522;6
0523;7
0524;8
0525;13
0526;8
0527;9
0528;8
0529;8
0530;13
0531;9
0601;7
0602;15
0603;10
0604;9
0605;6
0606;15
0607;9
0608;13
0609;3
0610;7
0611;5
0612;10
0613;5
0614;7
0615;5
0616;8
0617;10
0618;10
0619;11
0620;6
0621;4
0622;6
0623;9
0624;6
0625;9
0626;7
0627;10
0628;7
0629;13
0630;7
0701;8
0702;11
0703;13
0704;8
0705;11
0706;9
0707;4
0708;6
0709;6
0710;8
0711;7
0712;12
0713;7
0714;10
0715;5
0716;10
0717;13
0718;11
0719;12
0720;8
0721;7
0722;11
0723;6
0724;10
0725;7
0726;14
0727;6
0728;11
0729;10
0730;11
0731;9
0801;5
0802;11
0803;11
0804;10
0805;6
0806;9
0807;11
0808;7
0809;13
0810;13
0811;7
0812;8
0813;4
0814;7
0815;8
0816;6
0817;17
0818;5
0819;6
0820;9
0821;6
0822;11
0823;11
0824;7
0825;9
0826;4
0827;4
0828;8
0829;5
0830;14
0831;12
0901;8
0902;11
0903;6
0904;9
0905;6
0906;6
0907;7
0908;8
0909;11
0910;8
0911;10
0912;6
0913;7
0914;8
0915;6
0916;11
0917;7
0918;10
0919;9
0920;2
0921;5
0922;7
0923;9
0924;8
0925;17
0926;17
0927;17
0928;11
0929;5
0930;5
1001;11
1002;11
1003;8
1004;5
1005;3
1006;12
1007;1
1008;13
1009;7
1010;6
1011;10
1012;15
1013;4
1014;12
1015;13
1016;17
1017;8
1018;6
1019;7
1020;10
1021;5
1022;1
1023;10
1024;16
1025;12
1026;9
1027;5
1028;10
1029;9
1030;4
1031;5
1101;13
1102;15
1103;11
1104;7
1105;13
1106;6
1107;20
1108;9
1109;10
1110;6
1111;8
1112;13
1113;7
1114;15
1115;13
1116;8
1117;8
1118;14
1119;14
1120;9
1121;12
1122;13
1123;6
1124;12
1125;7
1126;8
1127;8
1128;9
1129;9
1130;15
1201;8
1202;12
1203;11
1204;7
1205;10
1206;5
1207;9
1208;12
1209;3
1210;10
1211;9
1212;11
1213;9
1214;9
1215;15
1216;14
1217;5
1218;9
1219;6
1220;15
1221;11
1222;4
1223;7
1224;10
1225;10
1226;7
1227;9
1228;14
1229;6
1230;9
1231;10
