0101;4
0102;4
0103;8
0104;12
0105;11
0106;4
0107;6
0108;7
0109;7
0110;10
0111;9
0112;4
0113;6
0114;7
0115;1
0116;5
0117;5
0118;7
0119;7
0120;7
0121;6
0122;4
0123;5
0124;10
0125;8
0126;5
0127;9
0128;8
0129;10
0130;4
0131;9
0201;4
0202;7
0203;5
0204;8
0205;7
0206;5
0207;5
0208;6
0209;7
0210;5
0211;2
0212;6
0213;11
0214;8
0215;6
0216;9
0217;5
0218;9
0219;7
0220;1
0221;4
0222;5
0223;3
0224;5
0225;4
0226;6
0227;7
0228;6
0301;5
0302;4
0303;7
0304;7
0305;10
0306;8
0307;7
0308;2
0309;8
0310;9
0311;6
0312;4
0313;6
0314;5
0315;7
0316;3
0317;9
0318;4
0319;6
0320;2
0321;4
0322;5
0323;5
0324;4
0325;6
0326;2
0327;5
0328;3
0329;5
0330;7
0331;4
0401;7
0402;6
0403;7
0404;7
0405;11
0406;6
0407;3
0408;5
0409;10
0410;6
0411;7
0412;3
0413;4
0414;5
0415;8
0416;8
0417;9
0418;6
0419;11
0420;9
0421;3
0422;6
0423;4
0424;8
0425;3
0426;6
0427;5
0428;11
0429;5
0430;7
0501;8
0502;4
0503;4
0504;8
0505;8
0506;9
0507;3
0508;6
0509;5
0510;6
0511;1
0512;4
0513;4
0514;8
0515;9
0516;8
0517;6
0518;5
0519;5
0520;4
0521;7
0522;4
0523;8
0524;4
0525;7
0526;3
0527;7
0528;5
0529;5
0530;6
0531;3
0601;3
0602;3
0603;6
0604;4
0605;4
0606;4
0607;2
0608;6
0609;10
0610;3
0611;6
0612;3
0613;2
0614;5
0615;3
0616;10
0617;6
0618;3
0619;9
0620;6
0621;7
0622;8
0623;5
0624;4
0625;7
0626;3
0627;10
0628;4
0629;5
0630;4
0701;8
0702;8
0703;7
0704;4
0705;8
0706;6
0707;7
0708;4
0709;7
0710;5
0711;4
0712;12
0713;6
0714;13
0715;6
0716;6
0717;4
0718;2
0719;7
0720;4
0721;6
0722;10
0723;4
0724;4
0725;4
0726;5
0727;5
0728;8
0729;8
0730;6
0731;8
0801;6
0802;6
0803;7
0804;8
0805;8
0806;8
0807;5
0808;11
0809;9
0810;2
0811;9
0812;9
0813;6
0814;3
0815;3
0816;6
0817;7
0818;8
0819;8
0820;5
0821;7
0822;7
0823;5
0824;1
0825;9
0826;9
0827;4
0828;4
0829;2
0830;4
0831;6
0901;8
0902;1
0903;7
0904;5
0905;3
0906;5
0907;8
0908;10
0909;3
0910;6
0911;3
0912;4
0913;8
0914;9
0915;3
0916;7
0917;9
0918;4
0919;4
0920;9
0921;7
0922;7
0923;1
0924;2
0925;10
0926;2
0927;6
0928;2
0929;10
0930;9
1001;4
1002;6
1003;5
1004;5
1005;7
1006;5
1007;6
1008;8
1009;6
1010;8
1011;4
1012;5
1013;6
1014;4
1015;6
1016;7
1017;5
1018;4
1019;3
1020;4
1021;3
1022;2
1023;3
1024;5
1025;6
1026;3
1027;7
1028;4
1029;7
1030;9
1031;7
1101;2
1102;4
1103;5
1104;6
1105;3
1106;5
1107;7
1108;7
1109;4
1110;11
1111;3
1112;2
1113;3
1114;5
1115;9
1116;6
1117;4
1118;6
1119;9
1120;4
1121;6
1122;7
1123;4
1124;7
1125;7
1126;7
1127;4
1128;9
1129;7
1130;5
1201;10
1202;4
1203;6
1204;6
1205;5
1206;7
1207;7
1208;2
1209;8
1210;3
1211;7
1212;4
1213;7
1214;7
1215;3
1216;6
1217;11
1218;5
1219;7
1220;2
1221;8
1222;7
1223;6
1224;8
1225;12
1226;8
1227;7
1228;6
1229;9
1230;2
1231;12
