0101;19
0102;21
0103;15
0104;27
0105;14
0106;16
0107;22
0108;21
0109;15
0110;14
0111;13
0112;13
0113;14
0114;17
0115;12
0116;11
0117;17
0118;11
0119;14
0120;12
0121;21
0122;13
0123;12
0124;12
0125;17
0126;14
0127;17
0128;16
0129;16
0130;10
0131;10
0201;15
0202;17
0203;13
0204;13
0205;16
0206;16
0207;12
0208;15
0209;17
0210;13
0211;12
0212;19
0213;15
0214;14
0215;12
0216;9
0217;14
0218;14
0219;12
0220;16
0221;11
0222;16
0223;14
0224;15
0225;12
0226;25
0227;12
0228;13
0301;12
0302;14
0303;10
0304;18
0305;12
0306;14
0307;17
0308;13
0309;18
0310;17
0311;18
0312;14
0313;16
0314;11
0315;13
0316;13
0317;12
0318;13
0319;14
0320;22
0321;16
0322;12
0323;8
0324;10
0325;6
0326;13
0327;13
0328;18
0329;15
0330;11
0331;10
0401;12
0402;9
0403;8
0404;20
0405;8
0406;9
0407;12
0408;10
0409;11
0410;17
0411;8
0412;13
0413;17
0414;9
0415;10
0416;8
0417;15
0418;15
0419;18
0420;12
0421;10
0422;22
0423;15
0424;16
0425;14
0426;9
0427;13
0428;17
0429;15
0430;11
0501;4
0502;12
0503;17
0504;18
0505;10
0506;13
0507;8
0508;13
0509;15
0510;9
0511;19
0512;13
0513;12
0514;13
0515;14
0516;10
0517;9
0518;15
0519;10
0520;12
0521;15
0522;22
0523;6
0524;23
0525;13
0526;12
0527;11
0528;14
0529;22
0530;18
0531;19
0601;22
0602;7
0603;11
0604;13
0605;9
0606;13
0607;11
0608;15
0609;8
0610;6
0611;5
0612;13
0613;20
0614;8
0615;19
0616;8
0617;15
0618;16
0619;10
0620;9
0621;11
0622;13
0623;14
0624;14
0625;21
0626;15
0627;8
0628;11
0629;10
0630;12
0701;11
0702;19
0703;20
0704;17
0705;16
0706;14
0707;12
0708;14
0709;26
0710;14
0711;15
0712;15
0713;17
0714;12
0715;7
0716;19
0717;15
0718;13
0719;12
0720;9
0721;20
0722;15
0723;20
0724;20
0725;14
0726;12
0727;21
0728;15
0729;13
0730;9
0731;10
0801;15
0802;12
0803;16
0804;21
0805;19
0806;15
0807;15
0808;19
0809;11
0810;15
0811;25
0812;8
0813;11
0814;7
0815;11
0816;13
0817;12
0818;14
0819;10
0820;10
0821;12
0822;12
0823;7
0824;11
0825;13
0826;9
0827;24
0828;13
0829;10
0830;8
0831;11
0901;10
0902;13
0903;16
0904;11
0905;14
0906;13
0907;17
0908;7
0909;12
0910;8
0911;16
0912;13
0913;21
0914;18
0915;11
0916;2
0917;8
0918;15
0919;18
0920;25
0921;9
0922;8
0923;12
0924;6
0925;16
0926;16
0927;20
0928;6
0929;11
0930;16
1001;9
1002;13
1003;20
1004;12
1005;8
1006;11
1007;12
1008;14
1009;15
1010;9
1011;11
1012;17
1013;14
1014;9
1015;15
1016;10
1017;12
1018;12
1019;10
1020;15
1021;13
1022;15
1023;13
1024;14
1025;15
1026;16
1027;11
1028;10
1029;17
1030;10
1031;13
1101;15
1102;19
1103;17
1104;10
1105;14
1106;9
1107;11
1108;9
1109;12
1110;9
1111;12
1112;12
1113;12
1114;17
1115;13
1116;12
1117;17
1118;23
1119;13
1120;16
1121;21
1122;12
1123;16
1124;11
1125;18
1126;11
1127;15
1128;15
1129;14
1130;16
1201;13
1202;12
1203;7
1204;11
1205;12
1206;10
1207;13
1208;10
1209;9
1210;12
1211;17
1212;14
1213;19
1214;13
1215;11
1216;16
1217;17
1218;11
1219;20
1220;18
1221;26
1222;13
1223;14
1224;11
1225;19
1226;8
1227;14
1228;11
1229;8
1230;12
1231;9
