0101;4
0102;8
0103;5
0104;10
0105;6
0106;4
0107;9
0108;8
0109;5
0110;4
0111;5
0112;2
0113;10
0114;10
0115;8
0116;4
0117;2
0118;8
0119;3
0120;7
0121;7
0122;2
0123;6
0124;6
0125;6
0126;4
0127;9
0128;15
0129;5
0130;10
0131;4
0201;6
0202;6
0203;6
0204;8
0205;5
0206;3
0207;5
0208;7
0209;7
0210;3
0211;5
0212;5
0213;3
0214;7
0215;5
0216;3
0217;6
0218;4
0219;4
0220;3
0221;7
0222;3
0223;5
0224;6
0225;11
0226;2
0227;3
0228;5
0301;2
0302;3
0303;4
0304;6
0305;3
0306;1
0307;5
0308;2
0309;8
0310;2
0311;3
0312;5
0313;5
0314;2
0315;5
0316;7
0317;3
0318;2
0319;4
0320;3
0321;3
0322;6
0323;8
0324;7
0325;6
0326;7
0327;2
0328;5
0329;6
0330;5
0331;2
0401;5
0402;5
0403;9
0404;8
0405;7
0406;1
0407;5
0408;6
0409;2
0410;5
0411;2
0412;7
0413;4
0414;5
0415;11
0416;5
0417;3
0418;7
0419;9
0420;3
0421;7
0422;3
0423;4
0424;5
0425;6
0426;6
0427;5
0428;8
0429;9
0430;6
0501;5
0502;3
0503;4
0504;3
0505;5
0506;5
0507;1
0508;7
0509;5
0510;5
0511;5
0512;6
0513;2
0514;6
0516;8
0517;3
0518;3
0519;7
0520;8
0521;4
0522;3
0523;1
0524;4
0525;3
0526;3
0527;5
0528;6
0529;3
0530;2
0531;6
0601;4
0602;4
0603;4
0604;2
0605;10
0606;3
0607;3
0608;6
0609;1
0610;3
0611;2
0612;4
0613;1
0614;8
0615;4
0616;9
0617;7
0618;3
0619;10
0620;3
0621;1
0622;1
0623;4
0624;5
0625;10
0626;1
0627;5
0628;2
0630;3
0701;7
0702;4
0703;3
0704;4
0705;4
0706;6
0707;3
0708;8
0709;1
0710;4
0711;3
0712;6
0713;7
0714;7
0715;8
0716;7
0717;6
0718;6
0719;7
0720;1
0721;4
0722;3
0723;2
0724;4
0725;9
0726;4
0727;5
0728;4
0729;4
0730;6
0731;6
0801;7
0802;4
0803;6
0804;2
0805;6
0806;3
0807;8
0808;6
0809;6
0810;5
0811;5
0812;6
0813;5
0814;6
0815;1
0816;4
0817;5
0818;2
0819;7
0820;4
0821;8
0822;8
0823;7
0824;8
0825;3
0826;4
0827;3
0828;1
0829;5
0830;10
0831;1
0901;9
0902;3
0903;2
0904;6
0905;5
0906;3
0907;4
0908;9
0909;10
0910;5
0911;8
0912;6
0913;4
0914;7
0915;2
0916;3
0917;7
0918;3
0919;5
0920;5
0921;7
0922;6
0923;4
0924;5
0925;6
0926;3
0927;9
0928;2
0929;4
0930;8
1001;10
1002;7
1003;5
1004;5
1005;4
1006;7
1007;4
1008;4
1009;8
1010;3
1011;5
1012;7
1013;3
1014;2
1015;5
1016;4
1017;4
1018;5
1019;6
1020;3
1021;7
1022;1
1023;11
1024;7
1025;5
1026;4
1027;1
1028;7
1029;5
1030;4
1031;8
1101;4
1102;4
1103;6
1104;2
1105;6
1106;5
1107;6
1108;7
1109;3
1110;4
1111;3
1112;1
1113;4
1114;5
1115;5
1116;3
1117;6
1118;6
1119;1
1120;4
1121;8
1122;6
1123;2
1124;5
1125;5
1126;6
1127;3
1128;1
1129;4
1130;4
1201;5
1202;4
1204;5
1205;3
1206;2
1207;4
1208;4
1209;5
1210;7
1211;6
1212;6
1213;4
1214;6
1215;10
1216;5
1217;3
1218;4
1219;7
1220;4
1221;6
1222;7
1223;6
1224;14
1225;4
1226;6
1227;7
1228;2
1229;9
1230;8
1231;8
