0101;12
0102;15
0103;15
0104;12
0105;14
0106;12
0107;20
0108;11
0109;20
0110;16
0111;14
0112;19
0113;19
0114;12
0115;14
0116;14
0117;11
0118;15
0119;11
0120;10
0121;13
0122;19
0123;7
0124;12
0125;18
0126;4
0127;14
0128;10
0129;13
0130;13
0131;11
0201;11
0202;11
0203;11
0204;11
0205;12
0206;10
0207;11
0208;15
0209;13
0210;13
0211;7
0212;12
0213;10
0214;9
0215;17
0216;6
0217;13
0218;14
0219;7
0220;10
0221;12
0222;13
0223;12
0224;14
0225;11
0226;20
0227;13
0228;10
0301;19
0302;8
0303;10
0304;9
0305;7
0306;9
0307;8
0308;12
0309;17
0310;13
0311;14
0312;14
0313;13
0314;9
0315;8
0316;6
0317;8
0318;11
0319;10
0320;5
0321;15
0322;11
0323;12
0324;14
0325;11
0326;15
0327;12
0328;8
0329;19
0330;7
0331;14
0401;11
0402;14
0403;6
0404;8
0405;11
0406;8
0407;12
0408;8
0409;17
0410;9
0411;7
0412;15
0413;14
0414;7
0415;11
0416;13
0417;18
0418;17
0419;16
0420;13
0421;13
0422;10
0423;13
0424;14
0425;13
0426;11
0427;11
0428;9
0429;12
0430;7
0501;3
0502;15
0503;9
0504;11
0505;10
0506;14
0507;8
0508;10
0509;20
0510;6
0511;8
0512;15
0513;10
0514;8
0515;12
0516;12
0517;8
0518;9
0519;13
0520;15
0521;10
0522;12
0523;9
0524;14
0525;9
0526;10
0527;8
0528;15
0529;16
0530;11
0531;8
0601;19
0602;10
0603;14
0604;11
0605;18
0606;11
0607;11
0608;9
0609;12
0610;9
0611;10
0612;8
0613;12
0614;20
0615;9
0616;8
0617;16
0618;9
0619;7
0620;15
0621;8
0622;14
0623;11
0624;10
0625;12
0626;13
0627;10
0628;12
0629;20
0630;13
0701;14
0702;18
0703;11
0704;12
0705;9
0706;15
0707;9
0708;10
0709;8
0710;9
0711;11
0712;14
0713;16
0714;8
0715;11
0716;6
0717;7
0718;13
0719;8
0720;5
0721;11
0722;14
0723;10
0724;13
0725;13
0726;20
0727;11
0728;17
0729;13
0730;16
0731;4
0801;11
0802;16
0803;10
0804;12
0805;14
0806;12
0807;10
0808;9
0809;12
0810;9
0811;7
0812;12
0813;5
0814;14
0815;9
0816;12
0817;8
0818;11
0819;10
0820;13
0821;16
0822;10
0823;16
0824;16
0825;14
0826;15
0827;17
0828;12
0829;12
0830;11
0831;7
0901;8
0902;12
0903;12
0904;6
0905;8
0906;8
0907;13
0908;7
0909;12
0910;13
0911;11
0912;9
0913;13
0914;18
0915;9
0916;12
0917;6
0918;12
0919;16
0920;20
0921;12
0922;10
0923;17
0924;14
0925;6
0926;8
0927;11
0928;7
0929;14
0930;6
1001;20
1002;10
1003;9
1004;12
1005;14
1006;10
1007;11
1008;14
1009;11
1010;13
1011;11
1012;14
1013;12
1014;8
1015;10
1016;16
1017;7
1018;10
1019;13
1020;16
1021;13
1022;10
1023;12
1024;6
1025;7
1026;9
1027;13
1028;10
1029;20
1030;10
1031;13
1101;12
1102;13
1103;13
1104;12
1105;9
1106;9
1107;17
1108;14
1109;16
1110;13
1111;12
1112;13
1113;8
1114;12
1115;8
1116;12
1117;13
1118;10
1119;10
1120;8
1121;10
1122;8
1123;22
1124;14
1125;9
1126;9
1127;7
1128;11
1129;12
1130;13
1201;18
1202;12
1203;9
1204;12
1205;6
1206;10
1207;10
1208;14
1209;13
1210;16
1211;11
1212;7
1213;13
1214;11
1215;14
1216;16
1217;16
1218;11
1219;16
1220;18
1221;5
1222;8
1223;9
1224;15
1225;13
1226;15
1227;12
1228;15
1229;9
1230;17
1231;7
