0101;15
0102;19
0103;14
0104;16
0105;18
0106;20
0107;10
0108;18
0109;20
0110;12
0111;18
0112;16
0113;24
0114;13
0115;13
0116;21
0117;15
0118;17
0119;22
0120;10
0121;11
0122;17
0123;16
0124;15
0125;11
0126;16
0127;15
0128;11
0129;16
0130;9
0131;15
0201;17
0202;23
0203;11
0204;17
0205;17
0206;17
0207;16
0208;7
0209;21
0210;10
0211;14
0212;20
0213;13
0214;12
0215;15
0216;13
0217;17
0218;18
0219;15
0220;13
0221;8
0222;17
0223;13
0224;14
0225;13
0226;18
0227;13
0228;12
0301;16
0302;13
0303;18
0304;19
0305;15
0306;7
0307;12
0308;12
0309;19
0310;15
0311;12
0312;13
0313;11
0314;14
0315;14
0316;7
0317;13
0318;13
0319;17
0320;15
0321;11
0322;13
0323;12
0324;13
0325;18
0326;17
0327;8
0328;12
0329;12
0330;12
0331;13
0401;21
0402;6
0403;15
0404;14
0405;12
0406;6
0407;14
0408;11
0409;16
0410;12
0411;17
0412;12
0413;11
0414;19
0415;15
0416;26
0417;16
0418;14
0419;12
0420;11
0421;9
0422;13
0423;15
0424;17
0425;18
0426;9
0427;12
0428;17
0429;18
0430;17
0501;15
0502;14
0503;18
0504;11
0505;17
0506;14
0507;16
0508;19
0509;7
0510;16
0511;7
0512;17
0513;20
0514;16
0515;10
0516;13
0517;8
0518;9
0519;10
0520;13
0521;10
0522;18
0523;19
0524;8
0525;16
0526;13
0527;11
0528;6
0529;9
0530;18
0531;17
0601;11
0602;14
0603;10
0604;10
0605;17
0606;23
0607;13
0608;14
0609;13
0610;10
0611;12
0612;17
0613;7
0614;15
0615;15
0616;12
0617;14
0618;16
0619;13
0620;8
0621;18
0622;9
0623;7
0624;15
0625;14
0626;9
0627;13
0628;14
0629;14
0630;8
0701;16
0702;13
0703;14
0704;17
0705;19
0706;13
0707;15
0708;7
0709;11
0710;17
0711;8
0712;23
0713;16
0714;14
0715;8
0716;11
0717;12
0718;10
0719;19
0720;19
0721;9
0722;23
0723;13
0724;17
0725;16
0726;15
0727;15
0728;11
0729;17
0730;17
0731;15
0801;14
0802;13
0803;12
0804;20
0805;19
0806;23
0807;11
0808;20
0809;18
0810;15
0811;9
0812;11
0813;12
0814;9
0815;11
0816;13
0817;8
0818;14
0819;16
0820;19
0821;6
0822;20
0823;16
0824;14
0825;11
0826;9
0827;14
0828;7
0829;8
0830;11
0831;10
0901;12
0902;15
0903;10
0904;15
0905;13
0906;12
0907;15
0908;13
0909;15
0910;18
0911;13
0912;16
0913;15
0914;18
0915;17
0916;12
0917;10
0918;16
0919;15
0920;16
0921;15
0922;11
0923;24
0924;17
0925;18
0926;15
0927;13
0928;12
0929;12
0930;12
1001;11
1002;12
1003;13
1004;17
1005;10
1006;16
1007;10
1008;11
1009;10
1010;10
1011;16
1012;11
1013;14
1014;19
1015;18
1016;14
1017;14
1018;10
1019;19
1020;8
1021;16
1022;20
1023;14
1024;24
1025;12
1026;18
1027;12
1028;13
1029;20
1030;12
1031;15
1101;18
1102;12
1103;11
1104;16
1105;13
1106;9
1107;16
1108;12
1109;19
1110;8
1111;16
1112;24
1113;7
1114;12
1115;10
1116;20
1117;16
1118;12
1119;21
1120;11
1121;15
1122;13
1123;16
1124;13
1125;7
1126;13
1127;20
1128;17
1129;21
1130;16
1201;13
1202;19
1203;20
1204;13
1205;10
1206;14
1207;13
1208;15
1209;18
1210;12
1211;11
1212;8
1213;24
1214;12
1215;9
1216;12
1217;16
1218;14
1219;10
1220;12
1221;9
1222;20
1223;11
1224;13
1225;13
1226;20
1227;10
1228;17
1229;19
1230;16
1231;18
