0101;24
0102;13
0103;18
0104;28
0105;13
0106;29
0107;22
0108;17
0109;18
0110;20
0111;24
0112;13
0113;18
0114;20
0115;12
0116;17
0117;22
0118;20
0119;18
0120;25
0121;13
0122;22
0123;26
0124;31
0125;23
0126;25
0127;21
0128;17
0129;17
0130;28
0131;19
0201;20
0202;17
0203;17
0204;17
0205;23
0206;24
0207;14
0208;9
0209;20
0210;20
0211;21
0212;17
0213;9
0214;16
0215;13
0216;23
0217;21
0218;19
0219;20
0220;17
0221;18
0222;20
0223;22
0224;17
0225;28
0226;17
0227;14
0228;19
0301;22
0302;23
0303;22
0304;19
0305;19
0306;13
0307;16
0308;16
0309;26
0310;12
0311;28
0312;23
0313;22
0314;16
0315;14
0316;19
0317;15
0318;25
0319;24
0320;16
0321;15
0322;18
0323;23
0324;17
0325;20
0326;9
0327;20
0328;24
0329;31
0330;14
0331;12
0401;25
0402;15
0403;11
0404;20
0405;17
0406;20
0407;19
0408;20
0409;19
0410;18
0411;18
0412;17
0413;20
0414;15
0415;15
0416;17
0417;20
0418;12
0419;18
0420;20
0421;17
0422;17
0423;21
0424;16
0425;21
0426;20
0427;16
0428;18
0429;15
0430;15
0501;15
0502;29
0503;20
0504;23
0505;19
0506;19
0507;28
0508;14
0509;20
0510;13
0511;29
0512;14
0513;22
0514;10
0515;14
0516;16
0517;21
0518;9
0519;26
0520;28
0521;18
0522;20
0523;21
0524;16
0525;26
0526;13
0527;21
0528;17
0529;15
0530;21
0531;20
0601;17
0602;13
0603;15
0604;19
0605;17
0606;18
0607;18
0608;24
0609;24
0610;17
0611;14
0612;17
0613;13
0614;25
0615;21
0616;15
0617;19
0618;13
0619;20
0620;8
0621;10
0622;26
0623;13
0624;14
0625;14
0626;21
0627;21
0628;14
0629;14
0630;18
0701;14
0702;13
0703;19
0704;29
0705;26
0706;16
0707;13
0708;23
0709;23
0710;21
0711;10
0712;18
0713;18
0714;18
0715;19
0716;25
0717;16
0718;15
0719;21
0720;21
0721;19
0722;16
0723;27
0724;18
0725;14
0726;20
0727;22
0728;29
0729;26
0730;24
0731;18
0801;18
0802;13
0803;21
0804;22
0805;32
0806;25
0807;23
0808;17
0809;12
0810;17
0811;16
0812;14
0813;14
0814;11
0815;21
0816;13
0817;15
0818;15
0819;17
0820;20
0821;20
0822;15
0823;12
0824;20
0825;21
0826;17
0827;20
0828;11
0829;18
0830;21
0831;14
0901;16
0902;22
0903;15
0904;14
0905;19
0906;20
0907;20
0908;14
0909;15
0910;16
0911;19
0912;25
0913;15
0914;17
0915;13
0916;19
0917;20
0918;16
0919;21
0920;19
0921;13
0922;18
0923;11
0924;11
0925;22
0926;23
0927;12
0928;15
0929;16
0930;24
1001;13
1002;20
1003;10
1004;18
1005;13
1006;19
1007;14
1008;27
1009;19
1010;11
1011;17
1012;19
1013;16
1014;15
1015;23
1016;21
1017;12
1018;21
1019;14
1020;25
1021;13
1022;23
1023;21
1024;17
1025;14
1026;27
1027;21
1028;16
1029;22
1030;20
1031;20
1101;16
1102;19
1103;11
1104;17
1105;26
1106;15
1107;15
1108;15
1109;13
1110;22
1111;22
1112;24
1113;27
1114;17
1115;10
1116;18
1117;22
1118;21
1119;20
1120;20
1121;13
1122;17
1123;15
1124;14
1125;18
1126;16
1127;13
1128;17
1129;16
1130;12
1201;19
1202;22
1203;15
1204;17
1205;23
1206;14
1207;21
1208;19
1209;16
1210;16
1211;26
1212;14
1213;21
1214;19
1215;18
1216;22
1217;21
1218;20
1219;21
1220;12
1221;22
1222;14
1223;21
1224;22
1225;20
1226;21
1227;30
1228;25
1229;13
1230;22
1231;17
