0101;34
0102;39
0103;45
0104;35
0105;38
0106;33
0107;42
0108;41
0109;48
0110;32
0111;45
0112;44
0113;42
0114;26
0115;36
0116;39
0117;37
0118;36
0119;42
0120;38
0121;33
0122;34
0123;25
0124;35
0125;38
0126;33
0127;35
0128;43
0129;28
0130;31
0131;25
0201;23
0202;41
0203;35
0204;37
0205;28
0206;40
0207;39
0208;50
0209;28
0210;42
0211;30
0212;40
0213;31
0214;43
0215;44
0216;28
0217;38
0218;33
0219;36
0220;33
0221;49
0222;39
0223;39
0224;37
0225;35
0226;34
0227;33
0228;33
0301;34
0302;29
0303;36
0304;47
0305;35
0306;29
0307;34
0308;30
0309;51
0310;40
0311;33
0312;35
0313;28
0314;35
0315;39
0316;34
0317;31
0318;38
0319;36
0320;29
0321;34
0322;33
0323;37
0324;42
0325;31
0326;33
0327;37
0328;37
0329;36
0330;28
0331;26
0401;43
0402;26
0403;37
0404;42
0405;37
0406;45
0407;31
0408;36
0409;32
0410;32
0411;37
0412;32
0413;23
0414;42
0415;36
0416;37
0417;33
0418;43
0419;51
0420;49
0421;36
0422;26
0423;38
0424;37
0425;42
0426;28
0427;42
0428;24
0429;36
0430;25
0501;33
0502;35
0503;38
0504;25
0505;27
0506;33
0507;44
0508;22
0509;35
0510;30
0511;33
0512;22
0513;34
0514;21
0515;41
0516;54
0517;34
0518;19
0519;32
0520;29
0521;33
0522;39
0523;26
0524;22
0525;36
0526;32
0527;34
0528;28
0529;39
0530;36
0531;24
0601;33
0602;32
0603;39
0604;35
0605;34
0606;31
0607;29
0608;36
0609;39
0610;37
0611;36
0612;33
0613;31
0614;29
0615;32
0616;41
0617;32
0618;32
0619;31
0620;34
0621;33
0622;30
0623;36
0624;39
0625;44
0626;28
0627;31
0628;25
0629;42
0630;32
0701;30
0702;41
0703;46
0704;22
0705;33
0706;25
0707;44
0708;25
0709;32
0710;31
0711;35
0712;23
0713;50
0714;31
0715;29
0716;30
0717;30
0718;32
0719;33
0720;36
0721;23
0722;37
0723;30
0724;35
0725;37
0726;36
0727;32
0728;42
0729;33
0730;43
0731;38
0801;36
0802;25
0803;40
0804;30
0805;43
0806;36
0807;37
0808;39
0809;47
0810;42
0811;28
0812;34
0813;34
0814;28
0815;42
0816;32
0817;39
0818;28
0819;47
0820;33
0821;35
0822;43
0823;33
0824;44
0825;41
0826;37
0827;31
0828;28
0829;39
0830;34
0831;36
0901;35
0902;26
0903;31
0904;31
0905;25
0906;35
0907;37
0908;31
0909;22
0910;22
0911;31
0912;25
0913;34
0914;28
0915;35
0916;25
0917;38
0918;33
0919;28
0920;27
0921;37
0922;38
0923;35
0924;38
0925;35
0926;38
0927;39
0928;53
0929;41
0930;24
1001;31
1002;30
1003;26
1004;36
1005;36
1006;50
1007;40
1008;46
1009;29
1010;36
1011;32
1012;33
1013;45
1014;38
1015;26
1016;45
1017;37
1018;35
1019;27
1020;39
1021;38
1022;29
1023;23
1024;44
1025;44
1026;30
1027;39
1028;40
1029;28
1030;35
1031;39
1101;38
1102;37
1103;46
1104;32
1105;34
1106;32
1107;32
1108;35
1109;41
1110;36
1111;28
1112;38
1113;31
1114;34
1115;31
1116;41
1117;37
1118;36
1119;38
1120;31
1121;32
1122;41
1123;32
1124;33
1125;34
1126;32
1127;48
1128;34
1129;37
1130;31
1201;35
1202;36
1203;28
1204;28
1205;37
1206;26
1207;42
1208;32
1209;35
1210;38
1211;30
1212;32
1213;33
1214;30
1215;36
1216;25
1217;35
1218;32
1219;44
1220;46
1221;31
1222;48
1223;32
1224;36
1225;39
1226;40
1227;41
1228;48
1229;41
1230;44
1231;38
