0101;39
0102;36
0103;34
0104;35
0105;30
0106;54
0107;54
0108;43
0109;34
0110;52
0111;51
0112;54
0113;40
0114;42
0115;42
0116;30
0117;39
0118;39
0119;38
0120;33
0121;27
0122;26
0123;35
0124;40
0125;39
0126;42
0127;42
0128;32
0129;33
0130;45
0131;42
0201;25
0202;42
0203;40
0204;42
0205;33
0206;35
0207;41
0208;34
0209;36
0210;32
0211;49
0212;34
0213;34
0214;49
0215;46
0216;43
0217;46
0218;37
0219;45
0220;29
0221;45
0222;50
0223;34
0224;45
0225;39
0226;42
0227;41
0228;37
0301;38
0302;35
0303;36
0304;49
0305;38
0306;40
0307;36
0308;28
0309;39
0310;36
0311;48
0312;24
0313;39
0314;37
0315;42
0316;36
0317;32
0318;37
0319;37
0320;44
0321;31
0322;43
0323;46
0324;34
0325;42
0326;32
0327;33
0328;34
0329;21
0330;39
0331;27
0401;36
0402;39
0403;34
0404;38
0405;39
0406;28
0407;23
0408;33
0409;36
0410;44
0411;38
0412;37
0413;35
0414;40
0415;35
0416;45
0417;33
0418;38
0419;41
0420;35
0421;33
0422;37
0423;30
0424;29
0425;34
0426;28
0427;31
0428;37
0429;42
0430;34
0501;30
0502;29
0503;37
0504;41
0505;33
0506;41
0507;32
0508;20
0509;38
0510;44
0511;35
0512;44
0513;39
0514;35
0515;37
0516;42
0517;28
0518;25
0519;34
0520;34
0521;36
0522;36
0523;35
0524;39
0525;33
0526;39
0527;33
0528;39
0529;37
0530;35
0531;47
0601;36
0602;35
0603;32
0604;34
0605;27
0606;33
0607;25
0608;32
0609;40
0610;40
0611;34
0612;39
0613;36
0614;32
0615;33
0616;32
0617;39
0618;35
0619;39
0620;40
0621;30
0622;34
0623;29
0624;34
0625;24
0626;40
0627;36
0628;37
0629;35
0630;60
0701;59
0702;42
0703;55
0704;67
0705;73
0706;44
0707;39
0708;35
0709;46
0710;53
0711;48
0712;47
0713;51
0714;49
0715;60
0716;32
0717;41
0718;55
0719;32
0720;40
0721;60
0722;50
0723;55
0724;45
0725;53
0726;41
0727;58
0728;69
0729;39
0730;54
0731;27
0801;30
0802;40
0803;22
0804;35
0805;42
0806;43
0807;28
0808;56
0809;38
0810;44
0811;38
0812;29
0813;29
0814;33
0815;27
0816;37
0817;29
0818;29
0819;32
0820;34
0821;41
0822;40
0823;34
0824;38
0825;32
0826;31
0827;20
0828;27
0829;31
0830;28
0831;32
0901;34
0902;32
0903;37
0904;31
0905;36
0906;31
0907;34
0908;45
0909;34
0910;28
0911;44
0912;37
0913;33
0914;32
0915;38
0916;30
0917;32
0918;32
0919;36
0920;43
0921;46
0922;38
0923;42
0924;45
0925;30
0926;32
0927;26
0928;29
0929;34
0930;36
1001;28
1002;26
1003;35
1004;41
1005;31
1006;27
1007;37
1008;22
1009;26
1010;36
1011;40
1012;30
1013;33
1014;39
1015;37
1016;36
1017;39
1018;36
1019;32
1020;37
1021;31
1022;37
1023;32
1024;31
1025;34
1026;33
1027;32
1028;33
1029;38
1030;35
1031;41
1101;33
1102;38
1103;41
1104;21
1105;44
1106;32
1107;47
1108;46
1109;30
1110;44
1111;26
1112;33
1113;20
1114;27
1115;33
1116;38
1117;50
1118;33
1119;28
1120;31
1121;39
1122;30
1123;34
1124;26
1125;29
1126;29
1127;29
1128;30
1129;44
1130;33
1201;36
1202;39
1203;27
1204;29
1205;31
1206;38
1207;42
1208;33
1209;46
1210;39
1211;34
1212;38
1213;36
1214;32
1215;30
1216;28
1217;39
1218;37
1219;39
1220;31
1221;37
1222;40
1223;39
1224;31
1225;36
1226;33
1227;38
1228;41
1229;36
1230;45
1231;35
