0101;9
0102;11
0103;10
0104;6
0105;3
0106;6
0107;8
0108;3
0109;8
0110;9
0111;7
0112;3
0113;6
0114;12
0115;3
0116;4
0117;8
0118;7
0119;6
0120;4
0121;6
0122;7
0123;7
0124;3
0125;8
0126;5
0127;4
0128;5
0129;2
0130;5
0131;3
0201;5
0202;8
0203;3
0204;4
0205;4
0206;1
0207;4
0208;3
0209;7
0210;5
0211;8
0212;6
0213;3
0214;3
0215;2
0216;6
0218;6
0219;5
0220;3
0221;9
0222;7
0223;4
0224;7
0225;9
0226;8
0227;9
0228;5
0301;7
0302;6
0303;7
0304;8
0305;7
0306;6
0307;10
0308;4
0309;2
0310;8
0311;5
0312;7
0313;4
0314;6
0315;4
0316;5
0317;5
0318;3
0319;4
0320;7
0321;3
0322;7
0323;1
0324;5
0325;8
0326;5
0327;2
0328;5
0329;5
0330;3
0331;8
0401;10
0402;5
0403;7
0404;9
0405;6
0406;9
0407;9
0408;7
0409;2
0410;7
0411;2
0412;5
0413;5
0414;7
0415;8
0416;2
0417;5
0418;7
0419;2
0420;2
0421;5
0422;2
0423;9
0424;7
0425;4
0426;9
0427;11
0428;8
0429;5
0430;6
0501;7
0502;5
0503;2
0504;5
0505;10
0506;4
0507;3
0508;6
0509;5
0510;4
0511;4
0512;6
0513;6
0514;6
0515;5
0516;7
0517;3
0518;2
0519;4
0520;5
0521;4
0522;5
0523;10
0524;6
0525;5
0526;4
0527;7
0528;5
0529;3
0530;3
0531;2
0601;7
0602;4
0603;3
0604;1
0605;4
0606;6
0607;5
0608;5
0609;7
0610;7
0611;2
0612;6
0613;8
0614;5
0615;5
0616;5
0617;9
0618;1
0619;4
0620;7
0621;3
0622;6
0623;5
0624;4
0625;8
0626;7
0627;6
0628;2
0629;5
0630;3
0701;12
0702;5
0703;5
0704;5
0705;7
0706;5
0707;7
0708;6
0709;8
0710;6
0711;4
0712;6
0713;5
0714;5
0715;6
0716;5
0717;8
0718;4
0719;4
0720;3
0721;3
0722;7
0723;2
0724;8
0725;6
0726;8
0727;4
0728;7
0729;3
0730;5
0731;3
0801;3
0802;8
0803;6
0804;3
0805;4
0806;13
0807;7
0808;4
0809;8
0810;7
0811;10
0812;3
0813;10
0814;3
0815;6
0816;3
0817;7
0818;6
0819;5
0820;8
0821;3
0822;7
0823;6
0824;6
0825;2
0826;5
0827;1
0828;2
0829;5
0830;5
0831;5
0901;3
0902;2
0903;3
0904;4
0905;6
0907;6
0908;5
0909;2
0910;2
0911;7
0912;5
0913;2
0914;6
0915;2
0916;6
0917;6
0918;3
0919;8
0920;4
0921;4
0922;7
0923;4
0924;7
0925;6
0926;7
0927;7
0928;11
0929;8
0930;9
1001;8
1002;3
1003;4
1004;9
1005;3
1006;8
1007;4
1008;7
1009;6
1010;4
1011;7
1012;7
1013;3
1014;6
1015;8
1016;1
1017;9
1018;5
1019;4
1020;6
1021;2
1022;7
1023;4
1024;6
1025;4
1026;7
1027;3
1028;3
1029;5
1030;5
1031;7
1101;3
1102;4
1103;4
1104;5
1105;3
1106;7
1107;5
1108;2
1109;7
1110;4
1111;7
1112;3
1113;6
1114;5
1115;2
1116;3
1117;5
1118;7
1119;5
1120;7
1121;5
1122;5
1123;5
1124;3
1125;6
1126;8
1127;4
1128;6
1129;4
1130;3
1201;4
1202;7
1203;4
1204;8
1205;5
1206;5
1207;2
1208;5
1209;5
1210;6
1211;6
1212;4
1213;2
1214;5
1215;6
1216;4
1217;7
1218;5
1219;6
1220;4
1221;5
1222;5
1223;5
1224;8
1225;5
1226;5
1227;7
1228;8
1229;3
1230;2
1231;4
