0101;29
0102;21
0103;22
0104;25
0105;28
0106;30
0107;22
0108;22
0109;28
0110;29
0111;27
0112;42
0113;28
0114;20
0115;27
0116;18
0117;29
0118;20
0119;25
0120;20
0121;23
0122;24
0123;18
0124;19
0125;18
0126;18
0127;27
0128;34
0129;25
0130;21
0131;23
0201;21
0202;21
0203;31
0204;26
0205;25
0206;22
0207;25
0208;30
0209;24
0210;19
0211;21
0212;30
0213;22
0214;18
0215;20
0216;38
0217;23
0218;27
0219;25
0220;29
0221;24
0222;30
0223;25
0224;19
0225;31
0226;25
0227;21
0228;26
0301;31
0302;25
0303;28
0304;25
0305;29
0306;19
0307;27
0308;35
0309;19
0310;19
0311;22
0312;24
0313;21
0314;31
0315;17
0316;23
0317;26
0318;17
0319;21
0320;24
0321;21
0322;26
0323;14
0324;16
0325;32
0326;21
0327;22
0328;23
0329;27
0330;22
0331;15
0401;17
0402;17
0403;21
0404;21
0405;28
0406;29
0407;18
0408;19
0409;20
0410;18
0411;17
0412;17
0413;19
0414;24
0415;29
0416;19
0417;31
0418;25
0419;19
0420;22
0421;25
0422;25
0423;22
0424;26
0425;22
0426;23
0427;22
0428;18
0429;31
0430;22
0501;15
0502;19
0503;13
0504;15
0505;26
0506;16
0507;17
0508;21
0509;21
0510;18
0511;21
0512;19
0513;13
0514;16
0515;20
0516;23
0517;17
0518;18
0519;19
0520;27
0521;20
0522;20
0523;20
0524;28
0525;25
0526;17
0527;20
0528;23
0529;24
0530;11
0531;25
0601;18
0602;23
0603;11
0604;28
0605;14
0606;22
0607;24
0608;21
0609;14
0610;22
0611;16
0612;14
0613;19
0614;21
0615;21
0616;25
0617;20
0618;17
0619;21
0620;24
0621;21
0622;20
0623;23
0624;23
0625;22
0626;13
0627;20
0628;18
0629;29
0630;20
0701;11
0702;12
0703;24
0704;22
0705;17
0706;20
0707;21
0708;26
0709;22
0710;15
0711;16
0712;24
0713;25
0714;30
0715;19
0716;13
0717;14
0718;23
0719;21
0720;20
0721;19
0722;24
0723;19
0724;25
0725;24
0726;16
0727;21
0728;20
0729;19
0730;15
0731;24
0801;24
0802;16
0803;23
0804;19
0805;25
0806;14
0807;20
0808;20
0809;15
0810;20
0811;27
0812;18
0813;13
0814;24
0815;21
0816;18
0817;17
0818;16
0819;18
0820;18
0821;24
0822;20
0823;23
0824;17
0825;15
0826;18
0827;25
0828;25
0829;19
0830;22
0831;29
0901;17
0902;27
0903;19
0904;24
0905;28
0906;17
0907;18
0908;22
0909;16
0910;27
0911;24
0912;15
0913;13
0914;26
0915;23
0916;24
0917;21
0918;19
0919;19
0920;23
0921;23
0922;21
0923;21
0924;20
0925;33
0926;17
0927;22
0928;25
0929;27
0930;19
1001;23
1002;18
1003;23
1004;19
1005;29
1006;18
1007;29
1008;27
1009;39
1010;29
1011;11
1012;25
1013;19
1014;19
1015;22
1016;13
1017;19
1018;13
1019;33
1020;23
1021;31
1022;34
1023;18
1024;23
1025;18
1026;13
1027;25
1028;21
1029;18
1030;24
1031;16
1101;24
1102;24
1103;25
1104;22
1105;23
1106;18
1107;25
1108;23
1109;22
1110;26
1111;20
1112;18
1113;23
1114;16
1115;31
1116;11
1117;18
1118;23
1119;24
1120;24
1121;27
1122;27
1123;12
1124;28
1125;15
1126;21
1127;21
1128;30
1129;22
1130;25
1201;15
1202;35
1203;21
1204;22
1205;24
1206;21
1207;21
1208;20
1209;33
1210;26
1211;19
1212;28
1213;15
1214;17
1215;25
1216;15
1217;22
1218;24
1219;23
1220;34
1221;18
1222;13
1223;21
1224;24
1225;23
1226;27
1227;22
1228;28
1229;28
1230;22
1231;20
