0101;9
0102;10
0103;9
0104;20
0105;10
0106;8
0107;10
0108;8
0109;7
0110;12
0111;10
0112;17
0113;11
0114;11
0115;7
0116;10
0117;15
0118;12
0119;4
0120;12
0121;10
0122;11
0123;8
0124;11
0125;14
0126;11
0127;12
0128;12
0129;4
0130;9
0131;7
0201;6
0202;12
0203;11
0204;9
0205;11
0206;12
0207;13
0208;9
0209;4
0210;8
0211;13
0212;12
0213;12
0214;17
0215;8
0216;6
0217;12
0218;11
0219;12
0220;11
0221;8
0222;8
0223;12
0224;10
0225;12
0226;12
0227;6
0228;5
0301;10
0302;6
0303;10
0304;11
0305;15
0306;8
0307;8
0308;8
0309;11
0310;11
0311;8
0312;5
0313;12
0314;12
0315;11
0316;12
0317;13
0318;6
0319;9
0320;9
0321;10
0322;10
0323;11
0324;6
0325;5
0326;6
0327;6
0328;12
0329;11
0330;9
0331;5
0401;11
0402;5
0403;8
0404;5
0405;9
0406;7
0407;8
0408;12
0409;9
0410;7
0411;8
0412;17
0413;8
0414;8
0415;7
0416;12
0417;6
0418;9
0419;8
0420;8
0421;15
0422;10
0423;9
0424;14
0425;8
0426;10
0427;15
0428;8
0429;8
0430;7
0501;7
0502;12
0503;5
0504;8
0505;6
0506;10
0507;9
0508;5
0509;13
0510;6
0511;13
0512;7
0513;10
0514;12
0515;1
0516;11
0517;9
0518;8
0519;9
0520;8
0521;2
0522;8
0523;10
0524;4
0525;7
0526;9
0527;3
0528;9
0529;8
0530;13
0531;7
0601;6
0602;8
0603;6
0604;9
0605;13
0606;6
0607;8
0608;8
0609;10
0610;3
0611;10
0612;9
0613;5
0614;12
0615;12
0616;10
0617;7
0618;13
0619;7
0620;8
0621;9
0622;7
0623;7
0624;17
0625;5
0626;8
0627;10
0628;9
0629;7
0630;8
0701;8
0702;8
0703;7
0704;3
0705;8
0706;5
0707;5
0708;10
0709;9
0710;7
0711;9
0712;16
0713;7
0714;7
0715;5
0716;10
0717;6
0718;12
0719;9
0720;11
0721;10
0722;10
0723;14
0724;12
0725;8
0726;6
0727;7
0728;9
0729;9
0730;13
0731;7
0801;10
0802;3
0803;9
0804;7
0805;9
0806;8
0807;7
0808;8
0809;8
0810;7
0811;10
0812;4
0813;7
0814;11
0815;7
0816;4
0817;9
0818;9
0819;8
0820;11
0821;12
0822;2
0823;9
0824;6
0825;12
0826;5
0827;6
0828;5
0829;12
0830;7
0831;12
0901;5
0902;7
0903;8
0904;7
0905;10
0906;8
0907;15
0908;7
0909;10
0910;11
0911;6
0912;10
0913;5
0914;11
0915;13
0916;10
0917;7
0918;7
0919;10
0920;9
0921;14
0922;5
0923;10
0924;9
0925;5
0926;10
0927;14
0928;12
0929;8
0930;7
1001;5
1002;10
1003;4
1004;7
1005;11
1006;11
1007;6
1008;11
1009;9
1010;9
1011;8
1012;4
1013;12
1014;12
1015;7
1016;7
1017;10
1018;9
1019;13
1020;7
1021;10
1022;7
1023;10
1024;6
1025;13
1026;6
1027;8
1028;7
1029;8
1030;11
1031;4
1101;11
1102;8
1103;9
1104;6
1105;12
1106;9
1107;9
1108;10
1109;10
1110;8
1111;11
1112;8
1113;11
1114;5
1115;12
1116;9
1117;2
1118;13
1119;9
1120;9
1121;7
1122;10
1123;6
1124;11
1125;8
1126;13
1127;4
1128;14
1129;9
1130;10
1201;14
1202;6
1203;7
1204;9
1205;12
1206;4
1207;7
1208;11
1209;5
1210;8
1211;4
1212;10
1213;10
1214;14
1215;12
1216;6
1217;10
1218;14
1219;14
1220;6
1221;10
1222;12
1223;11
1224;11
1225;9
1226;13
1227;10
1228;11
1229;6
1230;9
1231;10
