0101;32
0102;37
0103;36
0104;29
0105;27
0106;31
0107;35
0108;27
0109;30
0110;36
0111;36
0112;23
0113;31
0114;30
0115;34
0116;32
0117;26
0118;27
0119;35
0120;33
0121;30
0122;36
0123;43
0124;26
0125;26
0126;34
0127;34
0128;27
0129;26
0130;36
0131;24
0201;30
0202;26
0203;33
0204;29
0205;27
0206;23
0207;29
0208;29
0209;35
0210;32
0211;25
0212;23
0213;31
0214;25
0215;36
0216;36
0217;32
0218;41
0219;31
0220;36
0221;36
0222;23
0223;39
0224;35
0225;28
0226;35
0227;30
0228;32
0301;23
0302;26
0303;24
0304;26
0305;40
0306;33
0307;23
0308;40
0309;39
0310;39
0311;22
0312;29
0313;30
0314;29
0315;27
0316;29
0317;38
0318;29
0319;31
0320;36
0321;29
0322;23
0323;29
0324;22
0325;25
0326;23
0327;15
0328;28
0329;29
0330;41
0331;30
0401;21
0402;27
0403;20
0404;33
0405;27
0406;25
0407;32
0408;31
0409;22
0410;24
0411;30
0412;22
0413;36
0414;24
0415;29
0416;19
0417;17
0418;34
0419;33
0420;25
0421;35
0422;34
0423;27
0424;22
0425;26
0426;22
0427;27
0428;33
0429;28
0430;39
0501;16
0502;29
0503;29
0504;35
0505;27
0506;29
0507;33
0508;34
0509;21
0510;19
0511;26
0512;31
0513;27
0514;24
0515;27
0516;31
0517;28
0518;27
0519;29
0520;34
0521;14
0522;24
0523;30
0524;25
0525;29
0526;30
0527;23
0528;24
0529;28
0530;26
0531;27
0601;36
0602;28
0603;20
0604;30
0605;28
0606;29
0607;27
0608;30
0609;21
0610;30
0611;28
0612;24
0613;29
0614;34
0615;35
0616;31
0617;40
0618;24
0619;31
0620;25
0621;18
0622;31
0623;25
0624;21
0625;35
0626;23
0627;16
0628;39
0629;33
0630;24
0701;39
0702;34
0703;34
0704;29
0705;21
0706;14
0707;25
0708;29
0709;24
0710;18
0711;29
0712;40
0713;32
0714;25
0715;24
0716;30
0717;22
0718;30
0719;33
0720;24
0721;23
0722;22
0723;23
0724;37
0725;25
0726;22
0727;32
0728;24
0729;30
0730;28
0731;18
0801;40
0802;30
0803;25
0804;30
0805;20
0806;36
0807;24
0808;25
0809;21
0810;27
0811;22
0812;22
0813;17
0814;18
0815;20
0816;22
0817;21
0818;23
0819;28
0820;18
0821;22
0822;25
0823;28
0824;27
0825;26
0826;18
0827;22
0828;24
0829;28
0830;27
0831;21
0901;28
0902;27
0903;18
0904;30
0905;21
0906;24
0907;26
0908;21
0909;19
0910;32
0911;25
0912;24
0913;20
0914;29
0915;33
0916;27
0917;35
0918;22
0919;36
0920;33
0921;36
0922;28
0923;35
0924;35
0925;27
0926;31
0927;26
0928;26
0929;38
0930;36
1001;31
1002;25
1003;36
1004;25
1005;38
1006;31
1007;31
1008;33
1009;30
1010;45
1011;33
1012;27
1013;34
1014;26
1015;42
1016;32
1017;26
1018;26
1019;25
1020;21
1021;35
1022;31
1023;33
1024;25
1025;35
1026;29
1027;37
1028;32
1029;30
1030;26
1031;16
1101;29
1102;22
1103;27
1104;27
1105;30
1106;24
1107;26
1108;25
1109;32
1110;31
1111;27
1112;33
1113;19
1114;21
1115;25
1116;30
1117;23
1118;30
1119;36
1120;25
1121;27
1122;28
1123;41
1124;23
1125;35
1126;36
1127;21
1128;22
1129;39
1130;29
1201;17
1202;20
1203;22
1204;38
1205;36
1206;30
1207;31
1208;26
1209;34
1210;24
1211;26
1212;30
1213;26
1214;32
1215;18
1216;29
1217;29
1218;28
1219;33
1220;22
1221;28
1222;26
1223;33
1224;26
1225;33
1226;36
1227;29
1228;42
1229;36
1230;37
1231;24
