0101;35
0102;32
0103;33
0104;38
0105;43
0106;23
0107;35
0108;29
0109;30
0110;24
0111;37
0112;28
0113;29
0114;29
0115;28
0116;18
0117;35
0118;27
0119;25
0120;23
0121;25
0122;33
0123;21
0124;38
0125;23
0126;40
0127;30
0128;30
0129;33
0130;33
0131;30
0201;32
0202;28
0203;27
0204;23
0205;19
0206;30
0207;19
0208;27
0209;29
0210;31
0211;34
0212;19
0213;35
0214;35
0215;32
0216;29
0217;29
0218;32
0219;31
0220;37
0221;20
0222;33
0223;23
0224;26
0225;28
0226;33
0227;29
0228;21
0301;26
0302;31
0303;27
0304;31
0305;26
0306;22
0307;32
0308;35
0309;34
0310;27
0311;33
0312;26
0313;21
0314;25
0315;23
0316;24
0317;26
0318;31
0319;33
0320;19
0321;32
0322;31
0323;27
0324;31
0325;25
0326;22
0327;16
0328;22
0329;34
0330;21
0331;39
0401;18
0402;28
0403;28
0404;34
0405;21
0406;20
0407;23
0408;33
0409;23
0410;31
0411;18
0412;23
0413;24
0414;32
0415;28
0416;23
0417;27
0418;25
0419;22
0420;36
0421;37
0422;22
0423;27
0424;26
0425;26
0426;21
0427;22
0428;26
0429;25
0430;31
0501;23
0502;23
0503;29
0504;24
0505;31
0506;26
0507;18
0508;21
0509;25
0510;22
0511;22
0512;24
0513;22
0514;32
0515;20
0516;19
0517;25
0518;26
0519;25
0520;22
0521;31
0522;30
0523;25
0524;20
0525;26
0526;41
0527;31
0528;25
0529;33
0530;20
0531;25
0601;28
0602;25
0603;30
0604;27
0605;25
0606;22
0607;25
0608;22
0609;28
0610;25
0611;26
0612;29
0613;19
0614;29
0615;25
0616;29
0617;42
0618;32
0619;20
0620;20
0621;20
0622;16
0623;32
0624;32
0625;35
0626;21
0627;25
0628;26
0629;29
0630;29
0701;30
0702;30
0703;26
0704;25
0705;24
0706;28
0707;28
0708;27
0709;28
0710;35
0711;30
0712;24
0713;42
0714;24
0715;22
0716;27
0717;29
0718;18
0719;23
0720;21
0721;23
0722;27
0723;21
0724;42
0725;24
0726;26
0727;26
0728;23
0729;24
0730;19
0731;27
0801;23
0802;24
0803;30
0804;34
0805;40
0806;24
0807;18
0808;23
0809;29
0810;22
0811;28
0812;20
0813;16
0814;18
0815;22
0816;23
0817;21
0818;23
0819;21
0820;18
0821;32
0822;24
0823;21
0824;24
0825;20
0826;35
0827;25
0828;21
0829;26
0830;18
0831;26
0901;33
0902;17
0903;22
0904;31
0905;25
0906;31
0907;26
0908;28
0909;27
0910;27
0911;28
0912;26
0913;29
0914;26
0915;19
0916;23
0917;23
0918;25
0919;27
0920;30
0921;30
0922;31
0923;24
0924;29
0925;18
0926;34
0927;28
0928;30
0929;17
0930;22
1001;24
1002;18
1003;30
1004;20
1005;24
1006;27
1007;28
1008;27
1009;28
1010;29
1011;25
1012;30
1013;26
1014;36
1015;20
1016;27
1017;19
1018;17
1019;26
1020;27
1021;26
1022;37
1023;27
1024;31
1025;29
1026;22
1027;21
1028;21
1029;20
1030;35
1031;26
1101;29
1102;27
1103;22
1104;30
1105;22
1106;24
1107;24
1108;22
1109;20
1110;32
1111;33
1112;27
1113;22
1114;32
1115;32
1116;36
1117;33
1118;21
1119;30
1120;33
1121;23
1122;23
1123;21
1124;21
1125;24
1126;35
1127;14
1128;18
1129;35
1130;20
1201;17
1202;28
1203;28
1204;24
1205;35
1206;22
1207;31
1208;31
1209;27
1210;30
1211;35
1212;30
1213;22
1214;21
1215;26
1216;23
1217;31
1218;26
1219;30
1220;35
1221;25
1222;27
1223;29
1224;37
1225;23
1226;24
1227;31
1228;32
1229;22
1230;40
1231;26
