0101;15
0102;15
0103;15
0104;8
0105;11
0106;12
0107;17
0108;13
0109;12
0110;10
0111;11
0112;18
0113;9
0114;12
0115;12
0116;6
0117;21
0118;16
0119;11
0120;17
0121;12
0122;19
0123;16
0124;11
0125;16
0126;14
0127;7
0128;9
0129;10
0130;11
0131;6
0201;11
0202;19
0203;11
0204;12
0205;9
0206;11
0207;10
0208;20
0209;6
0210;13
0211;6
0212;13
0213;9
0214;14
0215;10
0216;11
0217;10
0218;13
0219;8
0220;8
0221;11
0222;10
0223;10
0224;15
0225;10
0226;9
0227;12
0228;8
0301;16
0302;6
0303;10
0304;11
0305;12
0306;14
0307;9
0308;9
0309;5
0310;11
0311;6
0312;10
0313;10
0314;15
0315;6
0316;13
0317;13
0318;12
0319;9
0320;11
0321;9
0322;11
0323;10
0324;15
0325;13
0326;13
0327;14
0328;7
0329;16
0330;5
0331;12
0401;8
0402;14
0403;6
0404;10
0405;11
0406;12
0407;6
0408;9
0409;12
0410;12
0411;15
0412;8
0413;7
0414;7
0415;4
0416;13
0417;6
0418;8
0419;7
0420;9
0421;7
0422;4
0423;6
0424;19
0425;11
0426;10
0427;10
0428;10
0429;6
0430;8
0501;10
0502;10
0503;10
0504;12
0505;2
0506;13
0507;5
0508;9
0509;5
0510;10
0511;10
0512;10
0513;12
0514;11
0515;13
0516;18
0517;12
0518;15
0519;9
0520;15
0521;10
0522;6
0523;9
0524;7
0525;7
0526;7
0527;12
0528;5
0529;13
0530;10
0531;8
0601;12
0602;9
0603;9
0604;11
0605;15
0606;7
0607;13
0608;5
0609;10
0610;14
0611;17
0612;6
0613;19
0614;7
0615;8
0616;5
0617;7
0618;4
0619;9
0620;11
0621;8
0622;14
0623;12
0624;5
0625;6
0626;13
0627;7
0628;9
0629;10
0630;8
0701;10
0702;7
0703;5
0704;9
0705;12
0706;6
0707;10
0708;12
0709;12
0710;6
0711;15
0712;14
0713;9
0714;10
0715;7
0716;7
0717;12
0718;5
0719;6
0720;8
0721;11
0722;8
0723;7
0724;11
0725;8
0726;4
0727;13
0728;10
0729;11
0730;11
0731;10
0801;12
0802;14
0803;13
0804;6
0805;7
0806;10
0807;6
0808;7
0809;10
0810;9
0811;5
0812;7
0813;14
0814;7
0815;9
0816;10
0817;12
0818;9
0819;6
0820;18
0821;9
0822;13
0823;13
0824;11
0825;14
0826;12
0827;8
0828;8
0829;10
0830;17
0831;10
0901;10
0902;7
0903;8
0904;15
0905;5
0906;10
0907;13
0908;5
0909;6
0910;9
0911;13
0912;7
0913;10
0914;11
0915;11
0916;7
0917;11
0918;8
0919;8
0920;8
0921;6
0922;7
0923;9
0924;12
0925;5
0926;9
0927;5
0928;12
0929;8
0930;12
1001;12
1002;10
1003;15
1004;9
1005;6
1006;4
1007;11
1008;5
1009;10
1010;11
1011;17
1012;7
1013;10
1014;7
1015;13
1016;12
1017;12
1018;8
1019;12
1020;11
1021;7
1022;10
1023;15
1024;11
1025;15
1026;11
1027;13
1028;13
1029;12
1030;9
1031;10
1101;11
1102;16
1103;14
1104;9
1105;12
1106;8
1107;10
1108;7
1109;6
1110;11
1111;6
1112;11
1113;11
1114;7
1115;9
1116;11
1117;8
1118;8
1119;11
1120;14
1121;9
1122;9
1123;16
1124;17
1125;15
1126;8
1127;7
1128;8
1129;6
1130;9
1201;11
1202;10
1203;9
1204;8
1205;8
1206;8
1207;8
1208;8
1209;9
1210;14
1211;8
1212;17
1213;14
1214;14
1215;9
1216;11
1217;7
1218;15
1219;11
1220;14
1221;6
1222;13
1223;9
1224;6
1225;14
1226;11
1227;7
1228;10
1229;9
1230;11
1231;12
