0101;17
0102;18
0103;22
0104;23
0105;10
0106;15
0107;19
0108;15
0109;11
0110;9
0111;19
0112;21
0113;10
0114;15
0115;14
0116;13
0117;23
0118;16
0119;18
0120;15
0121;13
0122;17
0123;11
0124;15
0125;8
0126;22
0127;15
0128;13
0129;15
0130;16
0131;14
0201;12
0202;13
0203;16
0204;13
0205;11
0206;11
0207;19
0208;15
0209;10
0210;19
0211;11
0212;17
0213;13
0214;12
0215;14
0216;14
0217;11
0218;17
0219;12
0220;19
0221;10
0222;22
0223;17
0224;17
0225;20
0226;10
0227;9
0228;13
0301;7
0302;8
0303;14
0304;11
0305;10
0306;15
0307;11
0308;11
0309;18
0310;12
0311;15
0312;19
0313;14
0314;15
0315;15
0316;17
0317;10
0318;11
0319;14
0320;18
0321;11
0322;16
0323;24
0324;21
0325;14
0326;11
0327;16
0328;9
0329;14
0330;10
0331;19
0401;10
0402;15
0403;17
0404;13
0405;11
0406;8
0407;22
0408;20
0409;11
0410;13
0411;9
0412;16
0413;13
0414;12
0415;15
0416;18
0417;17
0418;18
0419;24
0420;12
0421;13
0422;9
0423;11
0424;23
0425;15
0426;13
0427;11
0428;9
0429;11
0430;17
0501;12
0502;16
0503;17
0504;8
0505;12
0506;10
0507;12
0508;14
0509;15
0510;15
0511;11
0512;11
0513;12
0514;10
0515;19
0516;9
0517;17
0518;11
0519;17
0520;8
0521;12
0522;9
0523;15
0524;15
0525;7
0526;11
0527;12
0528;15
0529;9
0530;11
0531;15
0601;15
0602;11
0603;14
0604;10
0605;11
0606;10
0607;10
0608;14
0609;14
0610;12
0611;14
0612;17
0613;8
0614;10
0615;11
0616;12
0617;17
0618;16
0619;8
0620;12
0621;7
0622;12
0623;13
0624;10
0625;12
0626;12
0627;10
0628;17
0629;18
0630;12
0701;14
0702;10
0703;14
0704;24
0705;11
0706;14
0707;17
0708;10
0709;12
0710;11
0711;15
0712;13
0713;14
0714;13
0715;18
0716;13
0717;10
0718;13
0719;16
0720;12
0721;14
0722;21
0723;11
0724;13
0725;16
0726;12
0727;7
0728;10
0729;19
0730;13
0731;13
0801;6
0802;13
0803;20
0804;15
0805;6
0806;9
0807;18
0808;12
0809;5
0810;14
0811;5
0812;18
0813;14
0814;15
0815;11
0816;15
0817;20
0818;11
0819;13
0820;7
0821;11
0822;9
0823;14
0824;14
0825;12
0826;12
0827;9
0828;11
0829;7
0830;13
0831;10
0901;12
0902;13
0903;17
0904;10
0905;10
0906;14
0907;9
0908;9
0909;17
0910;25
0911;11
0912;12
0913;17
0914;13
0915;18
0916;15
0917;11
0918;16
0919;8
0920;11
0921;11
0922;10
0923;15
0924;11
0925;13
0926;22
0927;2
0928;9
0929;15
0930;11
1001;17
1002;11
1003;9
1004;13
1005;18
1006;15
1007;11
1008;12
1009;17
1010;19
1011;14
1012;9
1013;18
1014;17
1015;14
1016;13
1017;8
1018;19
1019;11
1020;14
1021;17
1022;12
1023;19
1024;19
1025;22
1026;15
1027;11
1028;25
1029;10
1030;12
1031;15
1101;15
1102;13
1103;21
1104;12
1105;20
1106;25
1107;13
1108;9
1109;14
1110;11
1111;16
1112;17
1113;7
1114;11
1115;16
1116;9
1117;24
1118;18
1119;16
1120;11
1121;15
1122;18
1123;13
1124;10
1125;16
1126;16
1127;19
1128;16
1129;2
1130;17
1201;14
1202;10
1203;12
1204;7
1205;20
1206;16
1207;12
1208;17
1209;18
1210;20
1211;11
1212;17
1213;10
1214;18
1215;16
1216;24
1217;12
1218;12
1219;19
1220;16
1221;20
1222;10
1223;15
1224;18
1225;17
1226;7
1227;15
1228;18
1229;19
1230;12
1231;12
