0101;19
0102;28
0103;19
0104;26
0105;24
0106;26
0107;23
0108;26
0109;23
0110;20
0111;19
0112;22
0113;20
0114;16
0115;12
0116;21
0117;23
0118;27
0119;23
0120;21
0121;18
0122;11
0123;20
0124;17
0125;19
0126;19
0127;14
0128;16
0129;16
0130;21
0131;19
0201;19
0202;25
0203;18
0204;17
0205;21
0206;19
0207;26
0208;16
0209;20
0210;25
0211;21
0212;18
0213;13
0214;18
0215;12
0216;24
0217;22
0218;20
0219;19
0220;27
0221;20
0222;24
0223;13
0224;15
0225;17
0226;18
0227;20
0228;20
0301;15
0302;18
0303;19
0304;17
0305;21
0306;21
0307;18
0308;13
0309;21
0310;15
0311;15
0312;12
0313;20
0314;16
0315;11
0316;24
0317;17
0318;15
0319;19
0320;13
0321;18
0322;18
0323;31
0324;20
0325;18
0326;18
0327;23
0328;13
0329;16
0330;14
0331;14
0401;19
0402;12
0403;19
0404;18
0405;17
0406;19
0407;15
0408;15
0409;28
0410;20
0411;12
0412;13
0413;14
0414;15
0415;19
0416;26
0417;17
0418;20
0419;16
0420;20
0421;21
0422;15
0423;12
0424;12
0425;12
0426;26
0427;16
0428;23
0429;10
0430;14
0501;19
0502;19
0503;16
0504;15
0505;10
0506;20
0507;10
0508;19
0509;22
0510;24
0511;16
0512;16
0513;23
0514;16
0515;21
0516;16
0517;14
0518;15
0519;22
0520;14
0521;18
0522;22
0523;16
0524;12
0525;12
0526;16
0527;14
0528;22
0529;21
0530;15
0531;17
0601;18
0602;17
0603;14
0604;11
0605;21
0606;16
0607;24
0608;19
0609;18
0610;15
0611;25
0612;16
0613;26
0614;21
0615;25
0616;17
0617;12
0618;15
0619;17
0620;23
0621;18
0622;14
0623;15
0624;12
0625;19
0626;20
0627;24
0628;20
0629;19
0630;15
0701;16
0702;20
0703;14
0704;21
0705;19
0706;15
0707;16
0708;14
0709;14
0710;20
0711;19
0712;17
0713;17
0714;13
0715;15
0716;12
0717;16
0718;16
0719;17
0720;17
0721;22
0722;21
0723;14
0724;9
0725;18
0726;12
0727;16
0728;17
0729;22
0730;15
0731;22
0801;16
0802;19
0803;21
0804;21
0805;16
0806;15
0807;16
0808;15
0809;18
0810;18
0811;19
0812;16
0813;13
0814;23
0815;15
0816;15
0817;17
0818;20
0819;17
0820;15
0821;16
0822;21
0823;17
0824;22
0825;13
0826;20
0827;20
0828;9
0829;22
0830;14
0831;19
0901;20
0902;15
0903;23
0904;13
0905;12
0906;23
0907;18
0908;17
0909;14
0910;21
0911;17
0912;18
0913;24
0914;21
0915;21
0916;14
0917;22
0918;13
0919;20
0920;27
0921;15
0922;15
0923;12
0924;21
0925;14
0926;20
0927;9
0928;15
0929;19
0930;13
1001;21
1002;22
1003;18
1004;21
1005;17
1006;16
1007;13
1008;21
1009;26
1010;18
1011;13
1012;14
1013;18
1014;9
1015;10
1016;25
1017;24
1018;13
1019;18
1020;15
1021;20
1022;16
1023;23
1024;20
1025;14
1026;16
1027;20
1028;16
1029;22
1030;8
1031;24
1101;18
1102;11
1103;22
1104;23
1105;19
1106;24
1107;23
1108;22
1109;10
1110;16
1111;20
1112;18
1113;16
1114;19
1115;20
1116;19
1117;11
1118;20
1119;17
1120;25
1121;12
1122;16
1123;11
1124;24
1125;17
1126;11
1127;14
1128;16
1129;20
1130;11
1201;24
1202;34
1203;27
1204;23
1205;23
1206;18
1207;15
1208;22
1209;15
1210;17
1211;16
1212;22
1213;17
1214;17
1215;22
1216;17
1217;15
1218;29
1219;35
1220;19
1221;21
1222;19
1223;15
1224;18
1225;23
1226;14
1227;22
1228;19
1229;13
1230;15
1231;18
