0101;9
0102;4
0103;5
0104;7
0105;8
0106;4
0107;1
0108;11
0109;6
0110;3
0111;6
0112;5
0113;8
0114;7
0115;5
0116;4
0117;4
0118;5
0119;5
0120;1
0121;7
0122;5
0123;8
0124;4
0125;5
0126;7
0127;6
0128;3
0129;9
0130;7
0131;6
0201;6
0202;4
0203;2
0204;7
0205;5
0206;5
0207;6
0208;5
0209;5
0210;4
0211;7
0212;4
0213;9
0214;5
0215;10
0216;2
0217;11
0218;2
0219;7
0220;3
0221;6
0222;4
0223;10
0224;8
0225;7
0226;5
0227;3
0228;9
0301;5
0302;5
0303;2
0304;8
0305;6
0306;5
0307;6
0308;8
0309;7
0310;5
0311;4
0312;3
0313;5
0314;9
0315;6
0316;5
0317;3
0318;9
0319;4
0320;4
0321;6
0322;6
0323;3
0324;6
0325;4
0326;9
0327;6
0328;3
0329;8
0330;7
0331;4
0401;8
0402;3
0403;5
0404;8
0405;4
0406;8
0407;5
0408;2
0409;6
0410;4
0411;5
0412;1
0413;10
0414;3
0415;7
0416;3
0417;6
0418;5
0419;7
0420;9
0421;5
0422;4
0423;10
0424;4
0425;7
0426;4
0427;3
0428;7
0429;4
0430;6
0501;7
0502;4
0503;3
0504;4
0505;5
0506;7
0507;2
0508;7
0509;1
0510;5
0511;5
0512;2
0513;7
0514;7
0515;2
0516;5
0517;5
0518;5
0519;5
0520;4
0521;7
0522;8
0523;3
0524;8
0525;2
0526;6
0527;8
0528;3
0529;6
0530;4
0531;2
0601;9
0602;6
0603;3
0604;4
0605;2
0606;2
0607;4
0608;2
0609;6
0610;3
0611;8
0612;4
0613;5
0614;4
0615;2
0616;4
0617;3
0618;9
0619;4
0620;2
0621;3
0622;3
0623;3
0624;4
0625;5
0626;6
0627;5
0628;5
0629;4
0630;4
0701;6
0702;8
0703;6
0704;4
0705;1
0706;7
0707;4
0708;6
0709;5
0710;6
0711;2
0712;5
0713;6
0714;3
0715;6
0717;5
0718;4
0719;4
0720;5
0721;4
0722;8
0723;3
0724;4
0725;5
0726;6
0727;1
0728;2
0729;9
0730;10
0731;2
0801;10
0802;5
0803;6
0804;4
0805;1
0806;2
0807;5
0808;5
0809;2
0810;6
0811;3
0812;6
0813;3
0814;4
0815;2
0816;2
0817;4
0818;3
0819;4
0820;5
0821;5
0822;8
0823;10
0824;6
0825;8
0826;1
0827;4
0828;2
0829;6
0830;1
0831;7
0901;6
0902;2
0903;4
0904;7
0905;7
0906;7
0907;5
0908;4
0909;8
0910;6
0911;6
0912;5
0913;5
0914;6
0915;1
0916;1
0917;4
0918;4
0919;5
0920;2
0921;5
0922;8
0923;5
0924;6
0925;13
0926;5
0927;6
0928;2
0929;6
0930;4
1001;1
1002;10
1003;2
1004;5
1005;6
1006;2
1007;4
1008;4
1009;3
1010;3
1011;9
1012;5
1013;8
1014;6
1015;7
1016;1
1017;6
1018;2
1019;6
1020;4
1021;11
1022;2
1023;6
1024;10
1025;8
1026;6
1027;7
1028;5
1029;9
1030;7
1031;7
1101;4
1102;6
1103;6
1104;8
1105;5
1106;6
1107;4
1108;8
1109;1
1110;4
1111;6
1112;2
1113;2
1114;8
1115;4
1116;4
1117;6
1118;4
1119;7
1120;6
1121;4
1122;2
1123;8
1124;2
1125;7
1126;8
1127;5
1128;7
1129;7
1130;6
1201;6
1202;6
1203;5
1204;5
1205;4
1206;3
1207;3
1208;3
1209;6
1210;7
1211;3
1212;4
1213;4
1214;6
1215;3
1216;2
1217;1
1218;7
1219;3
1220;6
1221;11
1222;10
1223;6
1224;3
1225;6
1226;4
1227;11
1228;8
1229;9
1230;8
1231;4
