0101;28
0102;22
0103;21
0104;23
0105;22
0106;26
0107;16
0108;17
0109;15
0110;16
0111;22
0112;17
0113;20
0114;21
0115;12
0116;25
0117;16
0118;9
0119;19
0120;22
0121;13
0122;25
0123;20
0124;19
0125;21
0126;16
0127;17
0128;14
0129;25
0130;18
0131;16
0201;18
0202;17
0203;22
0204;23
0205;13
0206;21
0207;24
0208;26
0209;24
0210;14
0211;18
0212;12
0213;20
0214;19
0215;12
0216;16
0217;20
0218;21
0219;18
0220;15
0221;26
0222;11
0223;11
0224;22
0225;24
0226;24
0227;21
0228;23
0301;24
0302;18
0303;32
0304;12
0305;22
0306;19
0307;21
0308;21
0309;21
0310;19
0311;16
0312;8
0313;20
0314;19
0315;16
0316;31
0317;26
0318;23
0319;16
0320;16
0321;19
0322;9
0323;19
0324;30
0325;9
0326;15
0327;18
0328;8
0329;12
0330;23
0331;23
0401;16
0402;23
0403;26
0404;19
0405;18
0406;21
0407;21
0408;24
0409;28
0410;8
0411;15
0412;13
0413;12
0414;16
0415;18
0416;22
0417;21
0418;17
0419;18
0420;21
0421;26
0422;20
0423;23
0424;10
0425;14
0426;16
0427;15
0428;16
0429;18
0430;20
0501;23
0502;20
0503;16
0504;14
0505;20
0506;18
0507;19
0508;23
0509;11
0510;16
0511;15
0512;18
0513;13
0514;17
0515;11
0516;23
0517;12
0518;13
0519;12
0520;15
0521;11
0522;25
0523;18
0524;7
0525;18
0526;14
0527;15
0528;14
0529;11
0530;17
0531;19
0601;13
0602;16
0603;21
0604;12
0605;12
0606;19
0607;11
0608;11
0609;20
0610;14
0611;20
0612;12
0613;18
0614;20
0615;20
0616;15
0617;17
0618;8
0619;13
0620;18
0621;11
0622;13
0623;23
0624;12
0625;13
0626;18
0627;22
0628;22
0629;11
0630;18
0701;13
0702;23
0703;11
0704;19
0705;19
0706;18
0707;16
0708;21
0709;17
0710;11
0711;9
0712;18
0713;17
0714;12
0715;19
0716;14
0717;15
0718;11
0719;21
0720;20
0721;16
0722;14
0723;17
0724;16
0725;17
0726;19
0727;13
0728;12
0729;21
0730;15
0731;26
0801;21
0802;13
0803;18
0804;8
0805;14
0806;12
0807;19
0808;14
0809;14
0810;11
0811;21
0812;8
0813;9
0814;13
0815;17
0816;16
0817;16
0818;14
0819;12
0820;17
0821;18
0822;13
0823;17
0824;21
0825;19
0826;24
0827;17
0828;18
0829;8
0830;19
0831;14
0901;14
0902;14
0903;20
0904;18
0905;11
0906;18
0907;20
0908;13
0909;24
0910;14
0911;20
0912;13
0913;17
0914;20
0915;14
0916;17
0917;24
0918;19
0919;23
0920;13
0921;14
0922;10
0923;19
0924;15
0925;17
0926;14
0927;13
0928;11
0929;18
0930;31
1001;14
1002;10
1003;13
1004;19
1005;14
1006;18
1007;11
1008;16
1009;16
1010;13
1011;19
1012;16
1013;17
1014;17
1015;20
1016;17
1017;14
1018;13
1019;19
1020;25
1021;14
1022;23
1023;18
1024;19
1025;23
1026;18
1027;16
1028;23
1029;11
1030;19
1031;20
1101;18
1102;24
1103;21
1104;19
1105;18
1106;17
1107;17
1108;15
1109;20
1110;13
1111;17
1112;21
1113;15
1114;14
1115;17
1116;18
1117;15
1118;17
1119;13
1120;8
1121;26
1122;26
1123;14
1124;18
1125;17
1126;20
1127;21
1128;15
1129;17
1130;21
1201;25
1202;20
1203;14
1204;16
1205;21
1206;14
1207;25
1208;16
1209;18
1210;13
1211;18
1212;21
1213;18
1214;23
1215;19
1216;18
1217;20
1218;19
1219;28
1220;22
1221;19
1222;29
1223;18
1224;17
1225;13
1226;18
1227;22
1228;19
1229;21
1230;17
1231;19
