0101;8
0102;6
0103;6
0104;3
0105;8
0106;6
0107;2
0108;7
0109;5
0110;4
0111;2
0112;9
0113;7
0114;9
0115;6
0116;4
0117;8
0118;1
0119;6
0120;5
0121;3
0122;8
0123;3
0124;2
0125;8
0126;2
0127;6
0128;7
0129;7
0130;4
0131;7
0201;5
0202;4
0203;5
0204;7
0205;8
0206;6
0207;6
0208;10
0209;9
0210;7
0211;4
0212;6
0213;8
0214;2
0215;5
0216;5
0217;3
0218;12
0219;4
0220;4
0221;5
0222;5
0223;6
0224;6
0225;7
0226;5
0227;5
0228;7
0301;9
0302;6
0303;9
0304;4
0305;4
0306;4
0307;11
0308;9
0309;2
0310;9
0311;1
0312;7
0313;3
0314;6
0315;9
0316;6
0317;8
0318;5
0319;7
0320;3
0321;3
0322;7
0323;6
0324;8
0325;7
0326;4
0327;6
0328;9
0329;10
0330;7
0331;8
0401;3
0402;6
0403;1
0404;5
0405;5
0406;5
0407;7
0408;6
0409;4
0410;5
0411;4
0412;7
0413;6
0414;4
0415;5
0416;10
0417;6
0418;4
0419;3
0420;6
0421;4
0422;8
0423;3
0424;6
0425;1
0426;5
0427;2
0428;6
0429;9
0430;6
0501;9
0502;8
0503;7
0504;3
0505;7
0506;5
0507;6
0508;2
0509;3
0510;3
0511;5
0512;6
0513;5
0514;9
0515;8
0516;2
0517;2
0518;5
0519;6
0520;6
0521;8
0522;5
0523;2
0524;4
0525;7
0526;4
0527;2
0528;2
0529;4
0530;4
0531;4
0601;5
0602;13
0603;5
0604;3
0605;3
0606;3
0607;6
0608;6
0609;3
0610;3
0611;7
0612;3
0613;4
0614;4
0615;1
0616;2
0617;5
0618;5
0619;3
0620;4
0621;6
0622;8
0623;2
0624;2
0625;5
0626;3
0627;5
0628;6
0629;5
0630;7
0701;3
0702;6
0703;4
0704;7
0705;7
0706;3
0707;4
0708;4
0709;6
0710;8
0711;7
0712;5
0713;4
0714;5
0715;3
0716;5
0717;3
0718;1
0719;6
0720;5
0721;4
0722;1
0723;5
0724;8
0725;11
0726;3
0727;5
0728;4
0729;2
0730;1
0731;4
0801;8
0802;8
0803;5
0804;5
0805;5
0806;2
0807;8
0808;3
0809;4
0810;7
0811;3
0812;2
0813;4
0814;3
0815;2
0816;8
0817;5
0818;5
0819;2
0820;5
0821;5
0822;6
0823;3
0824;3
0825;4
0826;9
0827;5
0828;1
0829;4
0830;11
0831;6
0901;5
0902;4
0903;8
0904;9
0906;2
0907;4
0908;9
0909;9
0910;6
0911;5
0912;7
0913;5
0914;7
0915;2
0916;6
0917;6
0918;8
0919;4
0920;5
0921;8
0922;3
0923;9
0924;5
0925;3
0926;5
0927;6
0928;4
0929;1
0930;2
1001;3
1002;10
1003;4
1004;4
1005;6
1006;6
1007;10
1008;4
1010;6
1011;6
1012;5
1013;2
1014;2
1015;6
1016;7
1017;10
1018;5
1019;3
1020;4
1021;11
1022;10
1023;10
1024;5
1025;10
1026;5
1027;4
1028;7
1029;3
1030;7
1031;9
1100;1
1101;8
1102;8
1103;6
1104;2
1105;5
1106;5
1107;4
1108;8
1109;5
1110;6
1111;1
1112;4
1113;6
1114;4
1115;5
1116;5
1117;8
1118;4
1119;8
1120;7
1121;5
1123;4
1124;2
1125;3
1126;5
1127;4
1128;4
1129;2
1130;6
1201;11
1202;4
1203;3
1204;2
1205;1
1206;5
1207;2
1208;2
1209;9
1210;5
1211;3
1212;2
1213;7
1214;3
1215;4
1216;8
1217;3
1218;2
1219;7
1220;6
1221;6
1222;6
1223;9
1224;3
1225;5
1226;8
1227;6
1228;5
1229;2
1230;6
1231;2
