0101;30
0102;36
0103;24
0104;39
0105;44
0106;27
0107;18
0108;32
0109;28
0110;38
0111;30
0112;37
0113;22
0114;16
0115;25
0116;29
0117;30
0118;31
0119;33
0120;39
0121;31
0122;24
0123;34
0124;33
0125;40
0126;26
0127;26
0128;30
0129;34
0130;40
0131;31
0201;29
0202;25
0203;36
0204;31
0205;35
0206;24
0207;31
0208;26
0209;33
0210;31
0211;32
0212;45
0213;25
0214;29
0215;24
0216;35
0217;25
0218;34
0219;23
0220;20
0221;23
0222;29
0223;31
0224;24
0225;28
0226;24
0227;24
0228;33
0301;26
0302;24
0303;27
0304;23
0305;28
0306;26
0307;33
0308;34
0309;21
0310;37
0311;30
0312;29
0313;19
0314;26
0315;33
0316;29
0317;19
0318;20
0319;26
0320;23
0321;21
0322;25
0323;27
0324;24
0325;26
0326;22
0327;24
0328;37
0329;29
0330;30
0331;24
0401;27
0402;20
0403;23
0404;25
0405;31
0406;31
0407;27
0408;34
0409;22
0410;26
0411;32
0412;32
0413;23
0414;16
0415;23
0416;30
0417;18
0418;28
0419;22
0420;26
0421;21
0422;29
0423;30
0424;30
0425;38
0426;29
0427;28
0428;27
0429;27
0430;23
0501;37
0502;30
0503;26
0504;21
0505;30
0506;31
0507;34
0508;32
0509;16
0510;31
0511;37
0512;23
0513;30
0514;23
0515;24
0516;25
0517;37
0518;30
0519;22
0520;18
0521;25
0522;31
0523;19
0524;37
0525;30
0526;27
0527;30
0528;22
0529;26
0530;25
0531;32
0601;23
0602;23
0603;20
0604;25
0605;20
0606;26
0607;30
0608;27
0609;28
0610;21
0611;24
0612;24
0613;32
0614;39
0615;32
0616;25
0617;30
0618;31
0619;21
0620;23
0621;32
0622;23
0623;20
0624;32
0625;18
0626;22
0627;26
0628;29
0629;35
0630;24
0701;24
0702;22
0703;28
0704;34
0705;34
0706;33
0707;33
0708;24
0709;28
0710;21
0711;34
0712;23
0713;27
0714;33
0715;30
0716;31
0717;27
0718;26
0719;22
0720;22
0721;25
0722;32
0723;26
0724;22
0725;18
0726;22
0727;21
0728;17
0729;22
0730;31
0731;28
0801;28
0802;35
0803;27
0804;21
0805;19
0806;16
0807;25
0808;22
0809;23
0810;17
0811;23
0812;32
0813;28
0814;26
0815;24
0816;23
0817;25
0818;28
0819;18
0820;15
0821;33
0822;23
0823;34
0824;32
0825;26
0826;25
0827;17
0828;33
0829;22
0830;24
0831;32
0901;40
0902;18
0903;35
0904;22
0905;23
0906;21
0907;25
0908;25
0909;41
0910;25
0911;19
0912;21
0913;25
0914;31
0915;21
0916;22
0917;30
0918;24
0919;19
0920;20
0921;22
0922;20
0923;20
0924;28
0925;26
0926;24
0927;26
0928;11
0929;27
0930;31
1001;30
1002;20
1003;27
1004;25
1005;43
1006;22
1007;23
1008;18
1009;23
1010;28
1011;22
1012;28
1013;24
1014;27
1015;27
1016;30
1017;26
1018;43
1019;25
1020;20
1021;30
1022;31
1023;22
1024;27
1025;29
1026;34
1027;35
1028;27
1029;33
1030;30
1031;27
1101;25
1102;31
1103;24
1104;30
1105;21
1106;28
1107;30
1108;29
1109;24
1110;29
1111;27
1112;21
1113;26
1114;27
1115;27
1116;30
1117;27
1118;31
1119;33
1120;35
1121;24
1122;22
1123;27
1124;28
1125;32
1126;23
1127;26
1128;22
1129;29
1130;41
1201;38
1202;21
1203;33
1204;35
1205;25
1206;26
1207;22
1208;35
1209;29
1210;34
1211;29
1212;32
1213;30
1214;18
1215;35
1216;24
1217;27
1218;29
1219;30
1220;24
1221;25
1222;39
1223;28
1224;23
1225;32
1226;28
1227;31
1228;36
1229;32
1230;24
1231;34
