0101;23
0102;20
0103;23
0104;25
0105;31
0106;29
0107;33
0108;19
0109;33
0110;23
0111;29
0112;22
0113;21
0114;31
0115;36
0116;16
0117;18
0118;22
0119;26
0120;23
0121;16
0122;29
0123;21
0124;18
0125;19
0126;21
0127;21
0128;22
0129;21
0130;29
0131;21
0201;30
0202;29
0203;29
0204;20
0205;22
0206;20
0207;23
0208;26
0209;34
0210;18
0211;25
0212;26
0213;28
0214;17
0215;26
0216;20
0217;22
0218;20
0219;21
0220;25
0221;35
0222;21
0223;22
0224;19
0225;19
0226;30
0227;29
0228;24
0301;22
0302;23
0303;15
0304;19
0305;17
0306;28
0307;16
0308;32
0309;28
0310;15
0311;25
0312;27
0313;12
0314;28
0315;24
0316;16
0317;23
0318;26
0319;17
0320;23
0321;31
0322;18
0323;24
0324;17
0325;20
0326;20
0327;17
0328;26
0329;21
0330;20
0331;13
0401;30
0402;22
0403;28
0404;16
0405;24
0406;21
0407;22
0408;24
0409;22
0410;20
0411;22
0412;26
0413;24
0414;20
0415;10
0416;24
0417;20
0418;15
0419;22
0420;25
0421;25
0422;19
0423;24
0424;18
0425;18
0426;20
0427;24
0428;19
0429;24
0430;33
0501;21
0502;20
0503;30
0504;30
0505;21
0506;23
0507;15
0508;12
0509;20
0510;16
0511;22
0512;23
0513;21
0514;18
0515;23
0516;13
0517;19
0518;21
0519;21
0520;17
0521;12
0522;25
0523;20
0524;14
0525;23
0526;20
0527;11
0528;28
0529;24
0530;28
0531;20
0601;24
0602;16
0603;15
0604;26
0605;16
0606;23
0607;17
0608;12
0609;26
0610;22
0611;20
0612;22
0613;24
0614;27
0615;18
0616;22
0617;18
0618;19
0619;12
0620;25
0621;32
0622;29
0623;22
0624;16
0625;20
0626;27
0627;28
0628;20
0629;26
0630;19
0701;22
0702;20
0703;26
0704;23
0705;23
0706;20
0707;19
0708;20
0709;19
0710;22
0711;21
0712;22
0713;22
0714;18
0715;22
0716;24
0717;21
0718;25
0719;21
0720;19
0721;13
0722;17
0723;17
0724;8
0725;19
0726;17
0727;23
0728;26
0729;28
0730;27
0731;18
0801;21
0802;18
0803;27
0804;21
0805;25
0806;21
0807;18
0808;14
0809;23
0810;18
0811;16
0812;18
0813;26
0814;16
0815;25
0816;24
0817;17
0818;20
0819;25
0820;20
0821;21
0822;28
0823;21
0824;23
0825;18
0826;20
0827;21
0828;20
0829;19
0830;16
0831;18
0901;17
0902;33
0903;10
0904;18
0905;19
0906;16
0907;26
0908;16
0909;23
0910;24
0911;14
0912;22
0913;23
0914;22
0915;12
0916;17
0917;25
0918;22
0919;21
0920;24
0921;16
0922;16
0923;21
0924;20
0925;17
0926;10
0927;13
0928;23
0929;25
0930;20
1001;22
1002;17
1003;19
1004;25
1005;22
1006;22
1007;17
1008;22
1009;21
1010;16
1011;15
1012;21
1013;17
1014;27
1015;18
1016;25
1017;20
1018;18
1019;13
1020;15
1021;24
1022;21
1023;17
1024;27
1025;17
1026;30
1027;21
1028;24
1029;17
1030;18
1031;31
1101;24
1102;20
1103;19
1104;25
1105;15
1106;19
1107;27
1108;25
1109;17
1110;18
1111;14
1112;30
1113;22
1114;29
1115;22
1116;12
1117;17
1118;9
1119;17
1120;24
1121;20
1122;23
1123;24
1124;20
1125;28
1126;18
1127;22
1128;21
1129;25
1130;25
1201;21
1202;22
1203;32
1204;23
1205;24
1206;20
1207;27
1208;23
1209;25
1210;10
1211;15
1212;25
1213;27
1214;25
1215;21
1216;20
1217;29
1218;26
1219;23
1220;25
1221;22
1222;17
1223;29
1224;32
1225;24
1226;24
1227;29
1228;29
1229;21
1230;24
1231;23
