0101;16
0102;25
0103;19
0104;18
0105;20
0106;22
0107;18
0108;18
0109;11
0110;15
0111;20
0112;12
0113;18
0114;18
0115;25
0116;16
0117;10
0118;11
0119;16
0120;19
0121;23
0122;19
0123;10
0124;16
0125;11
0126;26
0127;18
0128;15
0129;23
0130;17
0131;14
0201;22
0202;17
0203;21
0204;18
0205;19
0206;10
0207;24
0208;19
0209;19
0210;20
0211;14
0212;17
0213;17
0214;20
0215;16
0216;15
0217;17
0218;13
0219;18
0220;7
0221;16
0222;14
0223;11
0224;9
0225;18
0226;11
0227;16
0228;25
0301;22
0302;13
0303;12
0304;17
0305;10
0306;14
0307;15
0308;13
0309;14
0310;16
0311;13
0312;7
0313;21
0314;13
0315;24
0316;17
0317;12
0318;18
0319;13
0320;18
0321;13
0322;12
0323;14
0324;19
0325;16
0326;15
0327;13
0328;13
0329;23
0330;10
0331;21
0401;11
0402;13
0403;17
0404;10
0405;20
0406;11
0407;17
0408;15
0409;15
0410;12
0411;14
0412;21
0413;14
0414;7
0415;9
0416;13
0417;16
0418;18
0419;21
0420;15
0421;12
0422;26
0423;15
0424;16
0425;17
0426;18
0427;7
0428;15
0429;15
0430;10
0501;17
0502;17
0503;19
0504;15
0505;19
0506;18
0507;14
0508;12
0509;14
0510;11
0511;16
0512;14
0513;11
0514;18
0515;17
0516;9
0517;16
0518;11
0519;12
0520;19
0521;14
0522;20
0523;9
0524;12
0525;12
0526;22
0527;12
0528;14
0529;12
0530;16
0531;15
0601;5
0602;14
0603;12
0604;10
0605;15
0606;10
0607;21
0608;6
0609;14
0610;16
0611;13
0612;16
0613;17
0614;14
0615;9
0616;17
0617;15
0618;17
0619;7
0620;13
0621;12
0622;17
0623;13
0624;12
0625;11
0626;9
0627;18
0628;26
0629;15
0630;10
0701;8
0702;13
0703;17
0704;22
0705;23
0706;21
0707;13
0708;12
0709;14
0710;17
0711;13
0712;17
0713;12
0714;13
0715;11
0716;12
0717;9
0718;11
0719;10
0720;11
0721;14
0722;17
0723;18
0724;21
0725;10
0726;15
0727;10
0728;18
0729;19
0730;11
0731;13
0801;16
0802;13
0803;11
0804;12
0805;14
0806;11
0807;13
0808;6
0809;13
0810;7
0811;12
0812;16
0813;16
0814;14
0815;11
0816;19
0817;11
0818;7
0819;16
0820;15
0821;15
0822;17
0823;16
0824;17
0825;14
0826;14
0827;14
0828;12
0829;10
0830;19
0831;11
0901;10
0902;18
0903;15
0904;11
0905;12
0906;7
0907;15
0908;4
0909;15
0910;24
0911;15
0912;16
0913;14
0914;11
0915;23
0916;15
0917;13
0918;17
0919;17
0920;9
0921;14
0922;13
0923;12
0924;19
0925;15
0926;8
0927;13
0928;19
0929;19
0930;9
1001;16
1002;18
1003;13
1004;9
1005;17
1006;15
1007;18
1008;12
1009;16
1010;13
1011;8
1012;14
1013;18
1014;22
1015;15
1016;12
1017;12
1018;13
1019;14
1020;24
1021;12
1022;17
1023;10
1024;13
1025;11
1026;12
1027;11
1028;14
1029;16
1030;17
1031;18
1101;13
1102;7
1103;19
1104;16
1105;24
1106;19
1107;12
1108;13
1109;12
1110;14
1111;19
1112;12
1113;17
1114;17
1115;14
1116;17
1117;7
1118;12
1119;16
1120;8
1121;12
1122;21
1123;14
1124;15
1125;14
1126;21
1127;16
1128;15
1129;19
1130;16
1201;15
1202;8
1203;14
1204;12
1205;11
1206;14
1207;17
1208;10
1209;12
1210;7
1211;12
1212;10
1213;24
1214;15
1215;14
1216;11
1217;17
1218;22
1219;22
1220;16
1221;13
1222;18
1223;17
1224;11
1225;14
1226;17
1227;19
1228;15
1229;12
1230;21
1231;16
