0101;20
0102;14
0103;20
0104;26
0105;30
0106;21
0107;18
0108;12
0109;29
0110;25
0111;24
0112;25
0113;17
0114;17
0115;19
0116;17
0117;18
0118;25
0119;12
0120;19
0121;23
0122;19
0123;19
0124;18
0125;22
0126;32
0127;22
0128;25
0129;24
0130;21
0131;24
0201;18
0202;15
0203;27
0204;28
0205;27
0206;28
0207;18
0208;20
0209;27
0210;24
0211;17
0212;11
0213;17
0214;21
0215;24
0216;20
0217;31
0218;23
0219;23
0220;23
0221;21
0222;21
0223;26
0224;23
0225;16
0226;9
0227;9
0228;24
0301;17
0302;14
0303;24
0304;22
0305;22
0306;20
0307;25
0308;15
0309;24
0310;12
0311;28
0312;18
0313;16
0314;16
0315;18
0316;25
0317;12
0318;20
0319;7
0320;24
0321;24
0322;17
0323;18
0324;18
0325;24
0326;17
0327;22
0328;26
0329;20
0330;16
0331;17
0401;16
0402;14
0403;19
0404;24
0405;19
0406;16
0407;21
0408;23
0409;25
0410;18
0411;30
0412;21
0413;15
0414;25
0415;16
0416;10
0417;19
0418;18
0419;23
0420;14
0421;24
0422;16
0423;16
0424;17
0425;17
0426;22
0427;22
0428;22
0429;23
0430;16
0501;18
0502;23
0503;20
0504;19
0505;19
0506;16
0507;20
0508;16
0509;21
0510;17
0511;12
0512;10
0513;22
0514;16
0515;14
0516;13
0517;21
0518;24
0519;15
0520;10
0521;19
0522;19
0523;12
0524;11
0525;22
0526;21
0527;14
0528;20
0529;18
0530;12
0531;23
0601;18
0602;11
0603;19
0604;13
0605;17
0606;25
0607;24
0608;17
0609;17
0610;26
0611;14
0612;13
0613;15
0614;22
0615;17
0616;28
0617;13
0618;19
0619;15
0620;18
0621;22
0622;22
0623;17
0624;14
0625;23
0626;20
0627;17
0628;20
0629;22
0630;17
0701;16
0702;14
0703;14
0704;22
0705;19
0706;9
0707;23
0708;19
0709;23
0710;18
0711;24
0712;19
0713;17
0714;16
0715;22
0716;15
0717;9
0718;14
0719;16
0720;18
0721;17
0722;9
0723;20
0724;19
0725;13
0726;11
0727;11
0728;21
0729;15
0730;12
0731;25
0801;14
0802;20
0803;11
0804;13
0805;25
0806;25
0807;20
0808;19
0809;16
0810;18
0811;19
0812;15
0813;18
0814;10
0815;18
0816;15
0817;13
0818;23
0819;19
0820;19
0821;13
0822;14
0823;18
0824;20
0825;12
0826;16
0827;15
0828;15
0829;13
0830;15
0831;19
0901;14
0902;21
0903;14
0904;16
0905;25
0906;18
0907;17
0908;22
0909;22
0910;16
0911;13
0912;16
0913;20
0914;18
0915;22
0916;23
0917;20
0918;22
0919;14
0920;18
0921;18
0922;20
0923;17
0924;14
0925;23
0926;25
0927;10
0928;23
0929;18
0930;22
1001;18
1002;17
1003;22
1004;20
1005;18
1006;25
1007;14
1008;24
1009;25
1010;31
1011;25
1012;21
1013;21
1014;23
1015;26
1016;21
1017;27
1018;18
1019;22
1020;24
1021;18
1022;19
1023;24
1024;16
1025;23
1026;32
1027;23
1028;17
1029;29
1030;27
1031;17
1101;21
1102;28
1103;14
1104;20
1105;15
1106;17
1107;13
1108;12
1109;28
1110;26
1111;17
1112;24
1113;21
1114;19
1115;18
1116;22
1117;18
1118;29
1119;23
1120;25
1121;25
1122;22
1123;22
1124;23
1125;20
1126;18
1127;17
1128;20
1129;30
1130;23
1201;24
1202;18
1203;21
1204;23
1205;21
1206;23
1207;28
1208;20
1209;17
1210;18
1211;21
1212;21
1213;17
1214;12
1215;21
1216;29
1217;24
1218;21
1219;22
1220;18
1221;28
1222;26
1223;20
1224;22
1225;22
1226;26
1227;27
1228;30
1229;24
1230;22
1231;26
