0101;14
0102;10
0103;6
0104;10
0105;12
0106;16
0107;14
0108;9
0109;19
0110;10
0111;6
0112;14
0113;11
0114;12
0115;10
0116;7
0117;9
0118;6
0119;7
0120;9
0121;10
0122;11
0123;11
0124;11
0125;11
0126;17
0127;8
0128;10
0129;16
0130;12
0131;7
0201;11
0202;11
0203;10
0204;7
0205;11
0206;14
0207;12
0208;14
0209;12
0210;7
0211;17
0212;10
0213;14
0214;11
0215;12
0216;13
0217;8
0218;6
0219;12
0220;13
0221;9
0222;11
0223;12
0224;12
0225;18
0226;10
0227;5
0228;11
0301;7
0302;18
0303;5
0304;4
0305;8
0306;9
0307;11
0308;7
0309;10
0310;4
0311;10
0312;7
0313;3
0314;7
0315;15
0316;9
0317;7
0318;8
0319;8
0320;12
0321;6
0322;11
0323;10
0324;11
0325;8
0326;11
0327;6
0328;7
0329;11
0330;8
0331;10
0401;8
0402;5
0403;8
0404;8
0405;7
0406;5
0407;13
0408;9
0409;15
0410;9
0411;8
0412;8
0413;19
0414;11
0415;7
0416;5
0417;11
0418;13
0419;11
0420;10
0421;11
0422;8
0423;10
0424;9
0425;7
0426;5
0427;18
0428;12
0429;18
0430;6
0501;6
0502;10
0503;10
0504;6
0505;7
0506;14
0507;15
0508;8
0509;9
0510;10
0511;5
0512;4
0513;8
0514;5
0515;4
0516;8
0517;14
0518;7
0519;13
0520;13
0521;12
0522;10
0523;9
0524;15
0525;6
0526;7
0527;7
0528;11
0529;7
0530;17
0531;10
0601;2
0602;10
0603;6
0604;4
0605;11
0606;13
0607;4
0608;8
0609;7
0610;6
0611;13
0612;4
0613;3
0614;2
0615;7
0616;7
0617;7
0618;6
0619;8
0620;12
0621;6
0622;7
0623;10
0624;7
0625;8
0626;6
0627;18
0628;7
0629;9
0630;6
0701;6
0702;5
0703;8
0704;12
0705;9
0706;8
0707;6
0708;11
0709;6
0710;10
0711;10
0712;10
0713;8
0714;8
0715;6
0716;10
0717;3
0718;10
0719;10
0720;9
0721;10
0722;11
0723;5
0724;5
0725;9
0726;5
0727;6
0728;6
0729;6
0730;13
0731;13
0801;11
0802;15
0803;7
0804;8
0805;14
0806;6
0807;15
0808;6
0809;10
0810;12
0811;8
0812;8
0813;10
0814;14
0815;13
0816;13
0817;8
0818;9
0819;4
0820;14
0821;11
0822;8
0823;6
0824;6
0825;11
0826;11
0827;6
0828;6
0829;10
0830;8
0831;21
0901;10
0902;12
0903;8
0904;7
0905;8
0906;11
0907;9
0908;2
0909;7
0910;8
0911;9
0912;9
0913;11
0914;7
0915;5
0916;13
0917;8
0918;9
0919;8
0920;5
0921;11
0922;9
0923;2
0924;4
0925;11
0926;7
0927;1
0928;5
0929;10
0930;7
1001;9
1002;8
1003;14
1004;13
1005;12
1006;9
1007;14
1008;5
1009;7
1010;14
1011;9
1012;5
1013;8
1014;5
1015;14
1016;10
1017;5
1018;10
1019;12
1020;16
1021;6
1022;6
1023;12
1024;16
1025;8
1026;7
1027;12
1028;9
1029;14
1030;10
1031;9
1101;14
1102;7
1103;6
1104;11
1105;10
1106;11
1107;8
1108;12
1109;7
1110;12
1111;8
1112;13
1113;12
1114;10
1115;11
1116;8
1117;6
1118;15
1119;8
1120;6
1121;13
1122;8
1123;8
1124;12
1125;6
1126;19
1127;7
1128;13
1129;18
1130;14
1201;11
1202;4
1203;11
1204;15
1205;9
1206;7
1207;10
1208;16
1209;9
1210;7
1211;11
1212;9
1213;10
1214;11
1215;9
1216;13
1217;10
1218;11
1219;7
1220;14
1221;16
1222;11
1223;11
1224;7
1225;11
1226;11
1227;11
1228;6
1229;17
1230;14
1231;6
