0101;6
0102;3
0103;6
0104;12
0105;7
0106;6
0107;6
0108;5
0109;3
0110;8
0111;9
0112;5
0113;10
0114;5
0115;4
0116;7
0117;3
0118;8
0119;6
0120;7
0121;6
0122;5
0123;7
0124;7
0125;6
0126;4
0127;10
0128;4
0129;7
0130;3
0131;6
0201;5
0202;3
0203;5
0204;9
0205;8
0206;7
0207;12
0208;9
0209;4
0210;10
0211;4
0212;5
0213;3
0214;7
0215;7
0216;5
0217;5
0218;8
0219;4
0220;5
0221;5
0222;7
0223;2
0224;8
0225;10
0226;7
0227;5
0228;8
0301;6
0302;5
0303;1
0304;8
0305;6
0306;4
0307;5
0308;3
0309;6
0310;7
0311;4
0312;8
0313;6
0314;6
0315;7
0316;4
0317;4
0318;4
0319;6
0320;4
0321;6
0322;3
0323;7
0324;10
0325;13
0326;5
0327;4
0328;3
0329;8
0330;1
0331;4
0401;4
0402;3
0403;4
0404;7
0405;5
0406;3
0407;12
0408;3
0409;6
0410;6
0411;7
0412;7
0413;4
0414;6
0415;5
0416;2
0417;5
0418;4
0419;5
0420;5
0421;3
0422;4
0423;6
0424;7
0425;3
0426;7
0427;4
0428;2
0429;12
0430;7
0501;8
0502;3
0503;5
0504;6
0505;4
0506;7
0507;3
0508;4
0509;5
0510;4
0511;7
0512;8
0513;8
0514;9
0515;5
0516;5
0517;9
0518;4
0519;3
0520;3
0521;6
0522;3
0523;5
0524;7
0525;6
0526;8
0527;9
0528;7
0529;14
0530;7
0531;3
0601;3
0602;3
0603;9
0604;7
0605;3
0606;5
0607;7
0608;5
0609;3
0610;7
0611;3
0612;5
0613;3
0614;10
0615;6
0616;4
0617;7
0618;1
0619;5
0620;2
0621;3
0622;8
0623;3
0624;3
0625;6
0626;9
0627;5
0628;7
0629;3
0630;5
0701;9
0702;2
0703;6
0704;9
0705;2
0706;8
0707;7
0708;3
0709;7
0710;7
0711;6
0712;4
0713;7
0714;3
0715;7
0716;2
0717;4
0718;3
0719;4
0720;5
0721;4
0722;8
0723;1
0724;3
0725;5
0726;9
0727;3
0728;7
0729;8
0730;7
0731;2
0801;3
0802;4
0803;3
0804;2
0805;7
0806;9
0807;8
0808;6
0809;5
0810;7
0811;2
0812;8
0813;2
0814;5
0815;5
0816;3
0817;2
0818;11
0819;5
0820;2
0821;6
0822;9
0823;7
0824;6
0825;4
0826;6
0827;2
0828;2
0829;6
0830;5
0831;5
0901;7
0902;2
0903;8
0904;6
0905;2
0906;4
0907;10
0908;9
0909;5
0910;10
0911;4
0912;2
0913;7
0914;3
0915;4
0916;8
0917;6
0918;2
0919;10
0920;5
0921;3
0922;8
0923;6
0924;8
0925;8
0926;3
0928;4
0929;6
0930;9
1001;2
1002;4
1003;3
1004;7
1005;4
1006;4
1007;4
1008;5
1009;4
1010;5
1011;7
1012;3
1013;5
1014;6
1015;3
1016;3
1017;7
1018;5
1019;3
1020;8
1021;7
1022;2
1023;5
1024;8
1025;4
1026;6
1027;4
1028;3
1029;5
1030;7
1031;4
1101;9
1102;6
1103;4
1104;2
1105;4
1106;5
1107;5
1108;6
1109;1
1110;4
1111;5
1112;5
1113;3
1114;3
1115;5
1116;10
1117;2
1118;3
1119;4
1120;5
1121;6
1122;5
1123;6
1124;5
1125;4
1126;5
1127;6
1128;4
1129;3
1130;9
1201;8
1202;6
1204;4
1205;6
1206;6
1207;6
1208;3
1209;8
1210;4
1211;7
1212;7
1213;4
1214;9
1215;6
1216;4
1217;2
1218;5
1219;8
1220;3
1221;4
1222;9
1223;6
1224;7
1225;7
1226;7
1227;7
1228;3
1229;5
1230;2
1231;10
