0000;1
0101;38
0102;40
0103;45
0104;32
0105;34
0106;37
0107;38
0108;22
0109;34
0110;23
0111;39
0112;36
0113;21
0114;26
0115;33
0116;28
0117;34
0118;34
0119;30
0120;29
0121;28
0122;31
0123;26
0124;39
0125;31
0126;38
0127;22
0128;32
0129;33
0130;24
0131;41
0201;28
0202;32
0203;25
0204;38
0205;30
0206;29
0207;31
0208;29
0209;27
0210;29
0211;28
0212;29
0213;25
0214;29
0215;25
0216;23
0217;41
0218;27
0219;37
0220;34
0221;36
0222;32
0223;29
0224;34
0225;27
0226;27
0227;28
0228;25
0300;1
0301;22
0302;22
0303;29
0304;38
0305;22
0306;27
0307;24
0308;26
0309;28
0310;27
0311;24
0312;31
0313;24
0314;37
0315;26
0316;31
0317;28
0318;38
0319;30
0320;21
0321;21
0322;20
0323;24
0324;22
0325;30
0326;24
0327;20
0328;23
0329;26
0330;27
0331;25
0401;29
0402;24
0403;26
0404;24
0405;30
0406;26
0407;27
0408;27
0409;25
0410;33
0411;34
0412;30
0413;30
0414;35
0415;28
0416;29
0417;27
0418;33
0419;30
0420;28
0421;29
0422;29
0423;23
0424;27
0425;26
0426;27
0427;26
0428;26
0429;34
0430;25
0501;35
0502;35
0503;24
0504;37
0505;21
0506;28
0507;31
0508;26
0509;40
0510;32
0511;20
0512;27
0513;23
0514;30
0515;29
0516;27
0517;20
0518;33
0519;27
0520;30
0521;29
0522;21
0523;38
0524;23
0525;24
0526;28
0527;29
0528;25
0529;29
0530;23
0531;27
0601;25
0602;29
0603;20
0604;35
0605;29
0606;31
0607;28
0608;28
0609;20
0610;23
0611;21
0612;16
0613;24
0614;35
0615;24
0616;25
0617;28
0618;23
0619;37
0620;24
0621;20
0622;31
0623;32
0624;26
0625;26
0626;22
0627;40
0628;33
0629;21
0630;30
0701;27
0702;24
0703;21
0704;21
0705;27
0706;30
0707;23
0708;32
0709;17
0710;22
0711;29
0712;34
0713;19
0714;33
0715;32
0716;17
0717;29
0718;28
0719;29
0720;29
0721;31
0722;25
0723;27
0724;25
0725;24
0726;30
0727;27
0728;24
0729;22
0730;45
0731;37
0801;27
0802;29
0803;27
0804;26
0805;35
0806;26
0807;26
0808;27
0809;26
0810;34
0811;26
0812;32
0813;29
0814;30
0815;27
0816;29
0817;28
0818;26
0819;35
0820;20
0821;26
0822;34
0823;28
0824;26
0825;26
0826;24
0827;31
0828;27
0829;33
0830;19
0831;25
0901;27
0902;21
0903;21
0904;19
0905;28
0906;32
0907;22
0908;27
0909;31
0910;29
0911;26
0912;27
0913;33
0914;10
0915;28
0916;24
0917;26
0918;19
0919;23
0920;24
0921;28
0922;19
0923;31
0924;26
0925;22
0926;13
0927;22
0928;21
0929;27
0930;30
1001;39
1002;18
1003;38
1004;25
1005;34
1006;35
1007;27
1008;31
1009;22
1010;23
1011;25
1012;30
1013;33
1014;29
1015;25
1016;31
1017;18
1018;22
1019;26
1020;29
1021;22
1022;33
1023;22
1024;31
1025;34
1026;25
1027;26
1028;38
1029;28
1030;29
1031;38
1101;22
1102;19
1103;26
1104;37
1105;27
1106;30
1107;37
1108;39
1109;23
1110;40
1111;25
1112;31
1113;24
1114;32
1115;30
1116;25
1117;32
1118;31
1119;29
1120;26
1121;30
1122;27
1123;24
1124;21
1125;35
1126;34
1127;31
1128;29
1129;26
1130;25
1201;31
1202;36
1203;26
1204;22
1205;33
1206;31
1207;24
1208;36
1209;32
1210;25
1211;31
1212;25
1213;28
1214;35
1215;34
1216;30
1217;32
1218;36
1219;28
1220;26
1221;25
1222;28
1223;41
1224;25
1225;27
1226;20
1227;30
1228;37
1229;26
1230;29
1231;38
