0101;9
0102;2
0103;6
0104;7
0105;3
0106;4
0107;4
0108;8
0109;7
0110;2
0111;12
0112;13
0113;2
0114;5
0115;8
0116;5
0117;7
0118;11
0119;11
0120;5
0121;7
0122;4
0123;3
0124;1
0125;7
0126;5
0127;9
0128;8
0129;8
0130;9
0131;5
0201;4
0202;12
0203;5
0204;4
0205;9
0206;6
0207;11
0208;2
0209;7
0210;4
0212;8
0213;11
0214;4
0215;6
0216;3
0217;6
0218;4
0219;3
0220;6
0221;7
0222;4
0223;8
0224;9
0225;5
0226;6
0227;2
0228;7
0301;7
0302;6
0303;2
0304;4
0305;6
0306;2
0307;3
0308;3
0309;6
0310;9
0311;6
0312;2
0313;7
0314;7
0315;6
0316;8
0317;2
0318;4
0319;7
0320;3
0321;4
0322;2
0323;7
0324;1
0325;2
0326;8
0327;2
0328;3
0329;3
0330;9
0331;8
0401;8
0402;3
0403;5
0404;4
0405;4
0406;11
0407;6
0408;3
0409;9
0410;3
0411;8
0412;5
0413;5
0414;4
0415;4
0416;2
0417;2
0418;3
0419;17
0420;6
0421;5
0422;3
0423;8
0424;6
0425;9
0426;4
0427;5
0428;6
0429;3
0430;4
0501;4
0502;5
0503;7
0504;7
0505;1
0506;3
0507;4
0508;2
0509;6
0510;5
0511;7
0512;7
0513;4
0514;2
0515;5
0516;4
0517;5
0518;4
0519;4
0520;4
0521;3
0522;3
0523;3
0524;9
0525;8
0526;3
0527;8
0528;4
0529;4
0530;4
0531;4
0601;5
0602;3
0603;6
0604;7
0605;6
0606;3
0607;2
0608;3
0609;4
0610;5
0611;5
0612;2
0613;8
0614;4
0615;2
0616;6
0617;6
0618;10
0619;3
0620;4
0621;4
0622;8
0623;5
0624;4
0625;3
0626;3
0627;3
0628;10
0629;3
0630;2
0701;1
0702;5
0703;4
0704;3
0705;6
0706;4
0707;5
0708;3
0709;8
0710;8
0711;3
0712;4
0713;3
0714;8
0715;13
0716;4
0717;4
0718;5
0719;5
0720;8
0721;3
0722;3
0723;6
0724;6
0725;4
0726;5
0727;7
0728;5
0729;6
0730;3
0731;1
0801;2
0802;6
0803;10
0804;3
0805;5
0806;6
0807;2
0808;4
0809;5
0810;5
0811;5
0812;2
0813;4
0814;3
0815;2
0816;2
0817;6
0818;4
0819;7
0820;5
0821;2
0822;5
0823;4
0824;6
0825;4
0826;4
0827;7
0828;3
0829;5
0830;5
0831;6
0901;7
0902;4
0903;5
0904;5
0905;4
0906;5
0907;2
0908;3
0909;5
0910;5
0911;8
0912;4
0913;8
0914;7
0915;6
0916;5
0917;3
0918;2
0919;4
0920;7
0921;2
0922;7
0923;5
0924;2
0925;6
0926;3
0927;2
0928;5
0929;1
0930;4
1001;2
1002;2
1003;1
1004;5
1005;5
1006;4
1007;5
1008;5
1009;3
1010;5
1011;3
1012;6
1013;6
1014;6
1015;5
1016;8
1017;6
1018;6
1019;4
1020;7
1021;7
1022;6
1023;3
1024;4
1025;5
1026;9
1027;3
1028;7
1029;7
1030;8
1031;8
1101;6
1102;6
1103;10
1104;5
1105;4
1106;2
1107;4
1108;4
1109;7
1110;6
1111;3
1112;7
1113;1
1114;6
1115;5
1116;1
1117;3
1118;1
1119;6
1120;7
1121;1
1122;7
1123;3
1124;4
1125;3
1126;4
1127;5
1128;2
1129;3
1130;4
1201;3
1202;7
1203;5
1204;7
1205;8
1206;8
1207;10
1208;6
1209;4
1210;3
1211;5
1212;7
1213;5
1214;6
1215;5
1216;8
1217;8
1218;7
1219;1
1220;9
1221;4
1222;8
1223;7
1224;3
1225;12
1226;5
1227;4
1228;2
1229;4
1230;10
1231;4
