0101;11
0102;10
0103;5
0104;12
0105;8
0106;10
0107;8
0108;10
0109;11
0110;7
0111;11
0112;8
0113;14
0114;5
0115;4
0116;9
0117;13
0118;5
0119;10
0120;11
0121;5
0122;4
0123;6
0124;8
0125;9
0126;10
0127;4
0128;10
0129;1
0130;11
0131;11
0201;8
0202;9
0203;5
0204;6
0205;6
0206;16
0207;4
0208;8
0209;5
0210;11
0211;11
0212;3
0213;9
0214;7
0215;10
0216;8
0217;5
0218;4
0219;11
0220;4
0221;2
0222;4
0223;8
0224;7
0225;7
0226;7
0227;3
0228;7
0301;7
0302;5
0303;9
0304;9
0305;5
0306;9
0307;5
0308;7
0309;7
0310;3
0311;12
0312;5
0313;6
0314;5
0315;7
0316;5
0317;5
0318;9
0319;6
0320;8
0321;10
0322;12
0323;9
0324;5
0325;8
0326;9
0327;5
0328;4
0329;7
0330;12
0331;1
0401;6
0402;8
0403;4
0404;6
0405;2
0406;7
0407;8
0408;11
0409;7
0410;5
0411;5
0412;5
0413;10
0414;4
0415;3
0416;7
0417;3
0418;11
0419;3
0420;6
0421;11
0422;5
0423;5
0424;4
0425;7
0426;8
0427;7
0428;6
0429;5
0430;1
0501;6
0502;4
0503;4
0504;10
0505;7
0506;5
0507;5
0508;3
0509;12
0510;7
0511;8
0512;10
0513;7
0514;3
0515;5
0516;5
0517;8
0518;9
0519;7
0520;6
0521;2
0522;13
0523;8
0524;10
0525;6
0526;5
0527;6
0528;4
0529;6
0530;3
0531;9
0601;4
0602;11
0603;7
0604;9
0605;6
0606;6
0607;3
0608;6
0609;3
0610;6
0611;7
0612;9
0613;6
0614;8
0615;9
0616;6
0617;9
0618;6
0619;4
0620;5
0621;7
0622;7
0623;5
0624;2
0625;2
0626;4
0627;8
0628;7
0629;9
0630;7
0701;3
0702;2
0703;5
0704;10
0705;2
0706;8
0707;10
0708;7
0709;8
0710;7
0711;5
0712;5
0714;7
0715;6
0716;1
0717;5
0718;4
0719;5
0720;2
0721;6
0722;7
0723;3
0724;8
0725;6
0726;4
0727;5
0728;8
0729;8
0730;7
0731;6
0801;5
0802;9
0803;13
0804;7
0805;9
0806;7
0807;6
0808;4
0809;8
0810;4
0811;11
0812;5
0813;5
0814;8
0815;7
0816;10
0817;5
0818;11
0819;9
0820;9
0821;10
0822;7
0823;13
0824;11
0825;8
0826;4
0827;7
0828;6
0829;1
0830;6
0831;10
0901;5
0902;7
0903;4
0904;12
0905;4
0906;7
0907;5
0908;13
0909;10
0910;7
0911;6
0912;4
0913;3
0914;4
0915;3
0916;6
0917;10
0918;9
0919;7
0920;6
0921;5
0922;8
0923;5
0924;7
0925;5
0926;12
0927;4
0928;5
0929;5
0930;10
1001;9
1002;9
1003;9
1004;3
1005;2
1006;8
1007;7
1008;7
1009;7
1010;7
1011;4
1012;7
1013;12
1014;5
1015;6
1016;7
1017;9
1018;6
1019;5
1020;9
1021;9
1022;8
1023;5
1024;6
1025;9
1026;4
1027;7
1028;1
1029;5
1030;5
1031;12
1101;4
1102;8
1103;7
1104;3
1105;7
1106;10
1107;4
1108;9
1109;11
1110;7
1111;6
1112;15
1113;6
1114;9
1115;5
1116;8
1117;5
1118;6
1119;5
1120;7
1121;7
1122;6
1123;9
1124;9
1125;9
1126;6
1127;3
1128;10
1129;6
1130;7
1201;2
1202;7
1203;7
1204;8
1205;9
1206;7
1207;7
1208;4
1209;6
1210;7
1211;8
1212;8
1213;5
1214;8
1215;12
1216;7
1217;6
1218;8
1219;5
1220;8
1221;11
1222;8
1223;8
1224;6
1225;8
1226;7
1227;9
1228;9
1229;5
1230;6
1231;11
