0101;22
0102;22
0103;22
0104;34
0105;19
0106;24
0107;27
0108;23
0109;34
0110;28
0111;24
0112;21
0113;37
0114;30
0115;29
0116;33
0117;28
0118;20
0119;27
0120;22
0121;22
0122;24
0123;30
0124;29
0125;25
0126;23
0127;21
0128;33
0129;31
0130;32
0131;20
0201;27
0202;24
0203;25
0204;22
0205;23
0206;24
0207;27
0208;33
0209;26
0210;25
0211;22
0212;30
0213;27
0214;27
0215;25
0216;36
0217;29
0218;22
0219;25
0220;22
0221;26
0222;27
0223;35
0224;18
0225;24
0226;24
0227;19
0228;30
0301;30
0302;37
0303;31
0304;25
0305;29
0306;31
0307;23
0308;24
0309;19
0310;20
0311;20
0312;20
0313;30
0314;27
0315;15
0316;20
0317;36
0318;26
0319;15
0320;11
0321;36
0322;27
0323;15
0324;25
0325;22
0326;30
0327;28
0328;39
0329;24
0330;20
0331;21
0401;31
0402;28
0403;28
0404;20
0405;16
0406;22
0407;19
0408;28
0409;24
0410;20
0411;15
0412;29
0413;30
0414;16
0415;16
0416;24
0417;22
0418;32
0419;27
0420;28
0421;18
0422;24
0423;25
0424;17
0425;22
0426;32
0427;29
0428;37
0429;26
0430;24
0501;27
0502;18
0503;13
0504;26
0505;30
0506;26
0507;29
0508;25
0509;23
0510;28
0511;23
0512;28
0513;20
0514;31
0515;25
0516;16
0517;23
0518;22
0519;28
0520;27
0521;17
0522;18
0523;20
0524;23
0525;15
0526;22
0527;24
0528;21
0529;29
0530;27
0531;27
0601;19
0602;16
0603;16
0604;26
0605;19
0606;19
0607;28
0608;22
0609;14
0610;18
0611;24
0612;14
0613;17
0614;29
0615;19
0616;21
0617;20
0618;22
0619;21
0620;22
0621;15
0622;23
0623;25
0624;22
0625;20
0626;24
0627;25
0628;32
0629;27
0630;18
0701;21
0702;21
0703;22
0704;25
0705;19
0706;22
0707;14
0708;12
0709;17
0710;25
0711;23
0712;20
0713;33
0714;14
0715;17
0716;16
0717;26
0718;18
0719;25
0720;25
0721;19
0722;23
0723;18
0724;14
0725;31
0726;17
0727;20
0728;22
0729;23
0730;32
0731;14
0801;28
0802;22
0803;24
0804;18
0805;27
0806;31
0807;24
0808;23
0809;19
0810;21
0811;22
0812;18
0813;25
0814;27
0815;18
0816;24
0817;24
0818;28
0819;21
0820;24
0821;23
0822;18
0823;33
0824;23
0825;21
0826;27
0827;20
0828;23
0829;21
0830;22
0831;13
0901;16
0902;18
0903;25
0904;28
0905;20
0906;15
0907;15
0908;24
0909;23
0910;24
0911;25
0912;14
0913;26
0914;20
0915;19
0916;20
0917;22
0918;19
0919;19
0920;20
0921;23
0922;12
0923;25
0924;13
0925;18
0926;14
0927;19
0928;14
0929;27
0930;18
1001;21
1002;32
1003;29
1004;21
1005;21
1006;19
1007;25
1008;25
1009;26
1010;24
1011;21
1012;27
1013;26
1014;19
1015;27
1016;13
1017;36
1018;31
1019;27
1020;14
1021;20
1022;24
1023;26
1024;22
1025;23
1026;20
1027;18
1028;29
1029;27
1030;34
1031;15
1101;26
1102;25
1103;20
1104;22
1105;22
1106;29
1107;20
1108;34
1109;28
1110;32
1111;13
1112;24
1113;21
1114;18
1115;23
1116;23
1117;28
1118;23
1119;24
1120;29
1121;20
1122;20
1123;25
1124;27
1125;30
1126;22
1127;17
1128;28
1129;28
1130;25
1201;27
1202;21
1203;15
1204;22
1205;37
1206;28
1207;22
1208;21
1209;28
1210;31
1211;26
1212;26
1213;33
1214;27
1215;30
1216;28
1217;33
1218;33
1219;19
1220;30
1221;21
1222;38
1223;28
1224;32
1225;37
1226;21
1227;30
1228;32
1229;23
1230;27
1231;31
