0101;8
0102;16
0103;8
0104;14
0105;4
0106;11
0107;9
0108;14
0109;10
0110;11
0111;15
0112;7
0113;11
0114;9
0115;5
0116;8
0117;8
0118;11
0119;8
0120;5
0121;6
0122;5
0123;6
0124;5
0125;3
0126;13
0127;7
0128;8
0129;9
0130;10
0131;16
0201;5
0202;6
0203;6
0204;11
0205;7
0206;6
0207;7
0208;11
0209;5
0210;9
0211;9
0212;12
0213;9
0214;2
0215;13
0216;8
0217;3
0218;4
0219;8
0220;7
0221;10
0222;8
0223;6
0224;5
0225;9
0226;4
0227;6
0228;10
0301;4
0302;6
0303;5
0304;11
0305;7
0306;11
0307;4
0308;8
0309;12
0310;12
0311;10
0312;7
0313;8
0314;10
0315;6
0316;10
0317;11
0318;5
0319;8
0320;5
0321;5
0322;8
0323;11
0324;11
0325;5
0326;6
0327;3
0328;7
0329;8
0330;9
0331;8
0401;7
0402;7
0403;10
0404;6
0405;10
0406;6
0407;11
0408;10
0409;6
0410;13
0411;7
0412;10
0413;7
0414;4
0415;6
0416;5
0417;4
0418;9
0419;7
0420;9
0421;3
0422;10
0423;8
0424;8
0425;9
0426;7
0427;7
0428;10
0429;11
0430;10
0501;8
0502;11
0503;7
0504;6
0505;11
0506;9
0507;9
0508;10
0509;7
0510;8
0511;7
0512;5
0513;5
0514;4
0515;2
0516;7
0517;6
0518;6
0519;5
0520;6
0521;3
0522;8
0523;11
0524;8
0525;5
0526;9
0527;6
0528;4
0529;10
0530;4
0531;6
0601;5
0602;9
0603;6
0604;12
0605;9
0606;7
0607;7
0608;5
0609;7
0610;8
0611;8
0612;7
0613;9
0614;9
0615;11
0616;3
0617;6
0618;10
0619;4
0620;7
0621;1
0622;6
0623;9
0624;4
0625;7
0626;8
0627;12
0628;8
0629;10
0630;4
0701;10
0702;7
0703;8
0704;3
0705;10
0706;7
0707;6
0708;9
0709;11
0710;5
0711;9
0712;8
0713;7
0714;4
0715;4
0716;8
0717;14
0718;7
0719;9
0720;5
0721;3
0722;3
0723;5
0724;6
0725;7
0726;9
0727;9
0728;7
0729;10
0730;3
0731;12
0801;12
0802;4
0803;8
0804;14
0805;3
0806;11
0807;6
0808;7
0809;4
0810;9
0811;9
0812;8
0813;8
0814;4
0815;7
0816;7
0817;10
0818;9
0819;5
0820;3
0821;7
0822;3
0823;5
0824;5
0825;6
0826;13
0827;6
0828;6
0829;12
0830;8
0831;6
0901;7
0902;8
0903;10
0904;7
0905;7
0906;8
0907;6
0908;12
0909;8
0910;11
0911;9
0912;6
0913;13
0914;8
0915;3
0916;7
0917;5
0918;8
0919;8
0920;8
0921;8
0922;7
0923;11
0924;12
0925;6
0926;5
0927;6
0928;4
0929;7
0930;7
1001;7
1002;6
1003;3
1004;8
1005;4
1006;5
1007;6
1008;9
1009;3
1010;4
1011;8
1012;4
1013;8
1014;9
1015;8
1016;8
1017;9
1018;2
1019;6
1020;11
1021;6
1022;7
1023;7
1024;7
1025;7
1026;12
1027;5
1028;6
1029;13
1030;10
1031;12
1101;8
1102;7
1103;4
1104;7
1105;9
1106;3
1107;9
1108;10
1109;10
1110;8
1111;6
1112;6
1113;7
1114;8
1115;10
1116;9
1117;9
1118;9
1119;5
1120;10
1121;5
1122;8
1123;9
1124;9
1125;11
1126;8
1127;13
1128;9
1129;8
1130;12
1201;6
1202;8
1203;7
1204;12
1205;7
1206;9
1207;7
1208;9
1209;14
1210;10
1211;7
1212;7
1213;13
1214;8
1215;9
1216;4
1217;15
1218;8
1219;10
1220;3
1221;13
1222;9
1223;7
1224;8
1225;11
1226;7
1227;11
1228;6
1229;9
1230;6
1231;10
