0101;25
0102;16
0103;16
0104;30
0105;18
0106;20
0107;31
0108;22
0109;19
0110;24
0111;31
0112;20
0113;22
0114;22
0115;17
0116;19
0117;17
0118;18
0119;21
0120;21
0121;12
0122;20
0123;18
0124;16
0125;12
0126;17
0127;27
0128;21
0129;23
0130;10
0131;20
0201;16
0202;21
0203;18
0204;21
0205;18
0206;17
0207;15
0208;28
0209;28
0210;27
0211;21
0212;25
0213;19
0214;25
0215;21
0216;28
0217;22
0218;28
0219;12
0220;18
0221;19
0222;22
0223;20
0224;17
0225;19
0226;21
0227;21
0228;19
0301;24
0302;22
0303;22
0304;13
0305;21
0306;16
0307;19
0308;23
0309;24
0310;19
0311;21
0312;22
0313;13
0314;20
0315;17
0316;18
0317;20
0318;20
0319;20
0320;11
0321;19
0322;19
0323;21
0324;22
0325;17
0326;23
0327;19
0328;25
0329;18
0330;21
0331;21
0401;19
0402;19
0403;19
0404;17
0405;20
0406;21
0407;15
0408;13
0409;21
0410;18
0411;22
0412;18
0413;20
0414;19
0415;21
0416;14
0417;21
0418;16
0419;15
0420;15
0421;21
0422;19
0423;21
0424;25
0425;9
0426;21
0427;16
0428;24
0429;21
0430;16
0501;17
0502;13
0503;17
0504;19
0505;17
0506;21
0507;21
0508;21
0509;12
0510;22
0511;23
0512;15
0513;14
0514;19
0515;11
0516;20
0517;18
0518;12
0519;15
0520;18
0521;16
0522;17
0523;18
0524;23
0525;15
0526;14
0527;15
0528;16
0529;17
0530;17
0531;12
0601;18
0602;7
0603;20
0604;23
0605;19
0606;15
0607;10
0608;16
0609;19
0610;17
0611;24
0612;11
0613;15
0614;14
0615;13
0616;17
0617;22
0618;16
0619;17
0620;19
0621;20
0622;20
0623;15
0624;13
0625;13
0626;16
0627;18
0628;11
0629;12
0630;17
0701;16
0702;14
0703;24
0704;23
0705;17
0706;14
0707;23
0708;13
0709;14
0710;26
0711;17
0712;20
0713;22
0714;16
0715;15
0716;15
0717;15
0718;18
0719;16
0720;16
0721;17
0722;10
0723;14
0724;13
0725;17
0726;15
0727;9
0728;17
0729;16
0730;22
0731;19
0801;20
0802;18
0803;20
0804;27
0805;20
0806;23
0807;7
0808;22
0809;17
0810;25
0811;20
0812;15
0813;20
0814;17
0815;16
0816;19
0817;14
0818;15
0819;15
0820;20
0821;21
0822;20
0823;19
0824;12
0825;15
0826;18
0827;13
0828;17
0829;21
0830;17
0831;7
0901;17
0902;13
0903;19
0904;28
0905;6
0906;15
0907;18
0908;15
0909;17
0910;14
0911;19
0912;20
0913;27
0914;12
0915;19
0916;22
0917;17
0918;16
0919;13
0920;20
0921;19
0922;16
0923;15
0924;16
0925;14
0926;17
0927;15
0928;9
0929;23
0930;9
1001;19
1002;11
1003;21
1004;17
1005;22
1006;14
1007;18
1008;18
1009;12
1010;26
1011;12
1012;22
1013;21
1014;19
1015;16
1016;15
1017;15
1018;13
1019;16
1020;21
1021;25
1022;20
1023;25
1024;19
1025;15
1026;27
1027;17
1028;19
1029;17
1030;19
1031;18
1101;19
1102;16
1103;23
1104;13
1105;17
1106;24
1107;18
1108;12
1109;12
1110;18
1111;14
1112;12
1113;15
1114;17
1115;17
1116;16
1117;15
1118;16
1119;19
1120;21
1121;16
1122;16
1123;15
1124;21
1125;18
1126;18
1127;20
1128;25
1129;22
1130;23
1201;20
1202;20
1203;16
1204;19
1205;14
1206;13
1207;21
1208;17
1209;31
1210;19
1211;21
1212;15
1213;18
1214;19
1215;24
1216;18
1217;23
1218;19
1219;21
1220;12
1221;25
1222;16
1223;16
1224;15
1225;17
1226;19
1227;22
1228;21
1229;18
1230;17
1231;13
