0101;23
0102;26
0103;23
0104;12
0105;10
0106;20
0107;17
0108;15
0109;23
0110;22
0111;15
0112;21
0113;18
0114;19
0115;22
0116;18
0117;17
0118;22
0119;18
0120;15
0121;13
0122;28
0123;17
0124;21
0125;15
0126;19
0127;19
0128;16
0129;26
0130;11
0131;10
0201;15
0202;26
0203;28
0204;18
0205;15
0206;20
0207;16
0208;25
0209;14
0210;19
0211;13
0212;21
0213;13
0214;23
0215;15
0216;23
0217;21
0218;18
0219;31
0220;23
0221;13
0222;24
0223;14
0224;14
0225;10
0226;24
0227;17
0228;19
0301;12
0302;13
0303;18
0304;21
0305;25
0306;22
0307;13
0308;9
0309;12
0310;16
0311;14
0312;18
0313;13
0314;16
0315;22
0316;30
0317;23
0318;22
0319;20
0320;13
0321;17
0322;14
0323;15
0324;12
0325;17
0326;13
0327;10
0328;14
0329;21
0330;20
0331;16
0401;12
0402;17
0403;15
0404;14
0405;12
0406;18
0407;10
0408;11
0409;16
0410;16
0411;19
0412;12
0413;16
0414;18
0415;19
0416;15
0417;19
0418;13
0419;19
0420;16
0421;10
0422;14
0423;22
0424;18
0425;14
0426;10
0427;16
0428;14
0429;10
0430;15
0501;17
0502;19
0503;19
0504;16
0505;20
0506;22
0507;20
0508;7
0509;17
0510;7
0511;21
0512;18
0513;17
0514;11
0515;15
0516;15
0517;17
0518;12
0519;19
0520;20
0521;22
0522;12
0523;22
0524;20
0525;12
0526;9
0527;13
0528;18
0529;16
0530;12
0531;17
0601;14
0602;15
0603;20
0604;20
0605;14
0606;20
0607;16
0608;12
0609;8
0610;12
0611;13
0612;8
0613;7
0614;14
0615;25
0616;14
0617;16
0618;22
0619;25
0620;7
0621;16
0622;19
0623;12
0624;12
0625;15
0626;9
0627;15
0628;17
0629;22
0630;17
0701;14
0702;15
0703;9
0704;13
0705;13
0706;11
0707;13
0708;6
0709;20
0710;10
0711;9
0712;16
0713;19
0714;17
0715;8
0716;17
0717;20
0718;13
0719;12
0720;12
0721;13
0722;22
0723;15
0724;9
0725;19
0726;18
0727;15
0728;11
0729;14
0730;16
0731;17
0801;22
0802;8
0803;12
0804;20
0805;26
0806;11
0807;19
0808;25
0809;20
0810;13
0811;15
0812;18
0813;21
0814;19
0815;15
0816;12
0817;11
0818;14
0819;18
0820;14
0821;22
0822;20
0823;19
0824;17
0825;14
0826;17
0827;10
0828;16
0829;20
0830;14
0831;15
0901;12
0902;17
0903;14
0904;14
0905;9
0906;14
0907;15
0908;14
0909;10
0910;22
0911;14
0912;20
0913;15
0914;14
0915;15
0916;12
0917;14
0918;11
0919;11
0920;20
0921;20
0922;11
0923;22
0924;15
0925;12
0926;10
0927;13
0928;10
0929;12
0930;16
1001;21
1002;24
1003;19
1004;12
1005;19
1006;15
1007;12
1008;20
1009;11
1010;16
1011;14
1012;13
1013;12
1014;14
1015;14
1016;7
1017;17
1018;17
1019;21
1020;18
1021;21
1022;19
1023;18
1024;24
1025;13
1026;9
1027;26
1028;13
1029;23
1030;12
1031;24
1101;16
1102;16
1103;11
1104;24
1105;17
1106;13
1107;18
1108;18
1109;22
1110;19
1111;20
1112;32
1113;20
1114;12
1115;15
1116;19
1117;16
1118;17
1119;24
1120;17
1121;14
1122;20
1123;21
1124;9
1125;10
1126;14
1127;15
1128;18
1129;14
1130;16
1201;19
1202;16
1203;22
1204;22
1205;18
1206;22
1207;20
1208;19
1209;18
1210;22
1211;17
1212;17
1213;14
1214;18
1215;21
1216;20
1217;20
1218;18
1219;16
1220;13
1221;15
1222;18
1223;22
1224;16
1225;20
1226;26
1227;19
1228;32
1229;16
1230;13
1231;18
