0101;11
0102;9
0103;7
0104;11
0105;4
0106;14
0107;9
0108;6
0109;13
0110;4
0111;9
0112;12
0113;10
0114;6
0115;6
0116;8
0117;9
0118;9
0119;7
0120;5
0121;5
0122;7
0123;4
0124;5
0125;6
0126;10
0127;6
0128;5
0129;4
0130;8
0131;5
0201;11
0202;2
0203;10
0204;3
0205;9
0206;6
0207;4
0208;4
0209;6
0210;5
0211;6
0212;5
0213;9
0214;10
0215;5
0216;6
0217;9
0218;7
0219;7
0220;5
0221;14
0222;8
0223;8
0224;5
0225;4
0226;1
0227;5
0228;6
0301;8
0302;8
0303;5
0304;5
0305;6
0306;7
0307;7
0308;5
0309;4
0310;8
0311;10
0312;7
0313;7
0314;9
0315;11
0316;13
0317;2
0318;8
0319;4
0320;9
0321;5
0322;4
0323;3
0324;6
0325;8
0326;4
0327;5
0328;5
0329;4
0330;3
0331;6
0401;5
0402;6
0403;4
0404;5
0405;4
0406;5
0407;11
0408;6
0409;7
0410;5
0411;4
0412;4
0413;3
0414;6
0415;4
0416;5
0417;4
0418;7
0419;10
0420;5
0421;5
0422;3
0423;6
0424;7
0425;5
0426;9
0427;5
0428;8
0429;3
0430;7
0501;8
0502;7
0503;5
0504;8
0505;4
0506;4
0507;3
0508;6
0509;3
0510;4
0511;8
0512;6
0513;14
0514;7
0515;10
0516;10
0517;10
0518;7
0519;8
0520;9
0521;9
0522;11
0523;8
0524;8
0525;9
0526;5
0527;5
0528;4
0529;6
0530;19
0531;15
0601;6
0602;8
0603;7
0604;8
0605;16
0606;10
0607;11
0608;6
0609;5
0610;12
0611;6
0612;10
0613;11
0614;9
0615;8
0616;9
0617;9
0618;8
0619;8
0620;8
0621;4
0622;11
0623;7
0624;9
0625;16
0626;9
0627;18
0628;10
0629;3
0630;4
0701;11
0702;13
0703;10
0704;10
0705;13
0706;11
0707;10
0708;9
0709;12
0710;11
0711;6
0712;15
0713;6
0714;8
0715;5
0716;10
0717;8
0718;11
0719;6
0720;7
0721;9
0722;15
0723;11
0724;10
0725;9
0726;5
0727;6
0728;8
0729;12
0730;9
0731;7
0801;9
0802;8
0803;12
0804;7
0805;8
0806;13
0807;6
0808;8
0809;12
0810;10
0811;14
0812;6
0813;11
0814;5
0815;9
0816;5
0817;10
0818;3
0819;6
0820;8
0821;7
0822;3
0823;9
0824;9
0825;10
0826;15
0827;4
0828;8
0829;5
0830;10
0831;10
0901;10
0902;6
0903;8
0904;14
0905;8
0906;7
0907;8
0908;8
0909;7
0910;10
0911;10
0912;6
0913;10
0914;7
0915;13
0916;6
0917;12
0918;10
0919;11
0920;7
0921;6
0922;4
0923;8
0924;9
0925;14
0926;6
0927;6
0928;8
0929;10
0930;8
1001;12
1002;5
1003;5
1004;8
1005;9
1006;7
1007;10
1008;10
1009;11
1010;7
1011;14
1012;10
1013;14
1014;8
1015;17
1016;10
1017;8
1018;9
1019;11
1020;6
1021;9
1022;13
1023;12
1024;13
1025;11
1026;15
1027;18
1028;13
1029;11
1030;9
1031;11
1101;7
1102;9
1103;6
1104;11
1105;8
1106;13
1107;12
1108;11
1109;9
1110;12
1111;5
1112;7
1113;8
1114;11
1115;9
1116;10
1117;13
1118;8
1119;12
1120;9
1121;12
1122;12
1123;10
1124;8
1125;8
1126;12
1127;10
1128;17
1129;11
1130;10
1201;9
1202;4
1203;11
1204;7
1205;11
1206;7
1207;10
1208;5
1209;13
1210;8
1211;2
1212;7
1213;7
1214;8
1215;10
1216;12
1217;11
1218;4
1219;14
1220;7
1221;11
1222;13
1223;10
1224;4
1225;12
1226;15
1227;8
1228;7
1229;6
1230;11
1231;11
