0101;5
0102;12
0103;11
0104;4
0105;7
0106;6
0107;2
0108;4
0109;7
0110;7
0111;6
0112;3
0113;12
0114;1
0115;8
0116;5
0117;9
0118;8
0119;6
0120;6
0121;2
0122;7
0123;7
0124;5
0125;10
0126;4
0127;9
0128;3
0129;13
0130;9
0131;6
0201;9
0202;5
0203;7
0204;4
0205;7
0206;12
0207;6
0208;6
0209;8
0210;5
0211;4
0212;5
0213;5
0214;7
0215;2
0216;7
0217;6
0218;7
0219;4
0220;9
0221;4
0222;5
0223;10
0224;4
0225;6
0226;9
0227;5
0228;9
0301;4
0302;6
0303;4
0304;7
0305;5
0306;6
0307;7
0308;3
0309;6
0310;2
0311;9
0312;2
0313;8
0314;6
0315;5
0316;8
0317;3
0318;6
0319;5
0320;2
0321;3
0322;9
0323;4
0324;6
0325;2
0326;7
0327;6
0328;5
0329;4
0330;3
0331;8
0401;4
0402;6
0403;4
0404;9
0405;6
0406;7
0407;5
0408;6
0409;5
0410;7
0411;8
0412;3
0413;6
0414;7
0415;2
0416;3
0417;7
0418;4
0419;9
0420;6
0421;2
0422;5
0423;3
0424;6
0425;6
0426;5
0427;10
0428;4
0429;6
0430;3
0501;4
0502;2
0503;3
0504;10
0505;5
0506;12
0507;5
0508;3
0509;6
0510;7
0511;6
0512;5
0513;1
0514;8
0515;4
0516;7
0517;4
0518;6
0519;4
0520;8
0522;10
0523;3
0524;4
0525;7
0526;5
0527;6
0528;9
0529;6
0530;5
0531;3
0601;6
0602;3
0603;5
0604;5
0605;6
0606;4
0607;7
0608;5
0609;5
0610;3
0611;3
0612;11
0613;5
0614;3
0615;4
0616;3
0617;3
0618;4
0619;6
0620;4
0621;8
0622;4
0623;3
0624;4
0625;4
0626;5
0627;5
0628;2
0629;4
0630;4
0701;4
0702;4
0703;2
0704;2
0705;5
0706;5
0707;2
0708;6
0709;5
0710;3
0711;7
0712;3
0713;3
0714;5
0715;4
0716;4
0717;6
0718;4
0719;6
0720;7
0721;6
0722;3
0723;4
0724;9
0725;5
0726;9
0727;10
0728;4
0729;4
0730;8
0731;7
0801;6
0802;3
0803;7
0804;6
0805;8
0806;9
0807;7
0808;6
0809;4
0810;7
0811;5
0812;2
0813;2
0814;4
0815;6
0816;5
0817;7
0818;7
0819;3
0820;3
0821;5
0822;10
0823;8
0824;7
0825;4
0826;8
0827;8
0828;5
0829;7
0830;8
0831;9
0901;3
0902;3
0903;4
0904;1
0905;4
0906;3
0907;4
0908;3
0909;4
0910;7
0911;5
0912;1
0913;5
0914;7
0915;6
0916;4
0917;4
0918;4
0919;1
0920;7
0921;4
0922;7
0923;4
0924;5
0925;4
0926;2
0927;3
0928;4
0929;5
0930;3
1001;4
1002;6
1003;4
1004;10
1005;2
1006;4
1007;8
1008;6
1009;9
1010;2
1011;5
1012;8
1013;7
1014;8
1015;2
1016;5
1017;6
1018;3
1019;2
1020;7
1021;10
1022;5
1023;12
1024;10
1025;4
1026;7
1027;5
1028;6
1029;4
1030;5
1031;5
1101;9
1102;4
1103;2
1104;8
1105;9
1106;3
1107;6
1108;7
1109;6
1110;4
1111;4
1112;1
1113;6
1114;3
1115;5
1116;9
1117;4
1118;7
1119;5
1120;5
1121;9
1122;7
1123;7
1124;7
1125;6
1126;4
1127;6
1128;3
1129;6
1130;8
1201;5
1202;7
1203;5
1204;11
1205;7
1206;6
1207;7
1208;6
1209;5
1210;3
1211;6
1212;6
1213;6
1214;9
1215;7
1216;8
1217;4
1218;4
1219;4
1220;8
1221;12
1222;7
1223;8
1224;5
1225;7
1226;10
1227;4
1228;6
1229;4
1230;6
1231;8
