0101;7
0102;15
0103;20
0104;7
0105;16
0106;21
0107;15
0108;11
0109;19
0110;14
0111;18
0112;11
0113;13
0114;19
0115;13
0116;11
0117;13
0118;12
0119;8
0120;15
0121;13
0122;23
0123;14
0124;13
0125;19
0126;15
0127;11
0128;18
0129;12
0130;12
0131;15
0201;9
0202;16
0203;14
0204;9
0205;12
0206;12
0207;9
0208;13
0209;10
0210;6
0211;15
0212;14
0213;13
0214;12
0215;15
0216;12
0217;18
0218;7
0219;10
0220;13
0221;15
0222;12
0223;15
0224;7
0225;17
0226;19
0227;21
0228;8
0301;14
0302;16
0303;14
0304;14
0305;20
0306;13
0307;9
0308;6
0309;16
0310;11
0311;13
0312;11
0313;13
0314;16
0315;13
0316;17
0317;12
0318;11
0319;10
0320;13
0321;7
0322;13
0323;13
0324;9
0325;12
0326;15
0327;9
0328;11
0329;14
0330;9
0331;11
0401;6
0402;13
0403;8
0404;12
0405;11
0406;16
0407;10
0408;8
0409;22
0410;8
0411;15
0412;18
0413;11
0414;10
0415;13
0416;11
0417;12
0418;14
0419;8
0420;13
0421;12
0422;8
0423;15
0424;14
0425;7
0426;14
0427;10
0428;12
0429;9
0430;11
0501;6
0502;17
0503;11
0504;5
0505;13
0506;13
0507;15
0508;14
0509;19
0510;12
0511;15
0512;13
0513;10
0514;16
0515;6
0516;15
0517;12
0518;9
0519;9
0520;6
0521;8
0522;14
0523;23
0524;8
0525;10
0526;15
0527;10
0528;16
0529;10
0530;12
0531;14
0601;10
0602;3
0603;14
0604;14
0605;21
0606;10
0607;14
0608;12
0609;12
0610;9
0611;10
0612;11
0613;10
0614;17
0615;11
0616;5
0617;11
0618;16
0619;13
0620;16
0621;12
0622;10
0623;17
0624;5
0625;12
0626;11
0627;12
0628;13
0629;8
0630;8
0701;11
0702;11
0703;10
0704;7
0705;15
0706;16
0707;10
0708;11
0709;9
0710;11
0711;12
0712;10
0713;16
0714;10
0715;8
0716;10
0717;8
0718;10
0719;11
0720;4
0721;12
0722;12
0723;7
0724;14
0725;15
0726;12
0727;14
0728;17
0729;15
0730;15
0731;14
0801;11
0802;19
0803;10
0804;9
0805;13
0806;12
0807;12
0808;11
0809;11
0810;9
0811;10
0812;7
0813;9
0814;12
0815;14
0816;10
0817;12
0818;7
0819;8
0820;17
0821;15
0822;12
0823;17
0824;15
0825;7
0826;1
0827;9
0828;8
0829;9
0830;12
0831;11
0901;11
0902;16
0903;10
0904;9
0905;9
0906;11
0907;8
0908;7
0909;12
0910;10
0911;9
0912;15
0913;9
0914;14
0915;12
0916;11
0917;9
0918;15
0919;10
0920;11
0921;16
0922;11
0923;13
0924;13
0925;7
0926;9
0927;8
0928;5
0929;14
0930;8
1001;9
1002;5
1003;15
1004;17
1005;10
1006;16
1007;17
1008;12
1009;13
1010;4
1011;11
1012;11
1013;13
1014;11
1015;12
1016;17
1017;11
1018;7
1019;13
1020;9
1021;17
1022;8
1023;14
1024;9
1025;15
1026;12
1027;13
1028;11
1029;12
1030;12
1031;11
1101;11
1102;15
1103;10
1104;16
1105;14
1106;12
1107;12
1108;9
1109;12
1110;16
1111;14
1112;18
1113;16
1114;19
1115;11
1116;12
1117;7
1118;14
1119;12
1120;16
1121;7
1122;12
1123;13
1124;12
1125;15
1126;11
1127;9
1128;23
1129;9
1130;11
1201;16
1202;17
1203;16
1204;13
1205;13
1206;17
1207;10
1208;13
1209;9
1210;15
1211;10
1212;14
1213;13
1214;8
1215;13
1216;7
1217;13
1218;12
1219;18
1220;11
1221;10
1222;11
1223;13
1224;12
1225;11
1226;14
1227;20
1228;14
1229;7
1230;8
1231;10
