0101;13
0102;12
0103;16
0104;28
0105;9
0106;10
0107;11
0108;15
0109;12
0110;16
0111;17
0112;8
0113;21
0114;19
0115;14
0116;12
0117;9
0118;11
0119;7
0120;16
0121;16
0122;12
0123;15
0124;13
0125;11
0126;13
0127;12
0128;11
0129;15
0130;13
0131;9
0201;13
0202;14
0203;13
0204;13
0205;11
0206;17
0207;14
0208;21
0209;15
0210;16
0211;12
0212;16
0213;21
0214;11
0215;10
0216;11
0217;10
0218;14
0219;13
0220;11
0221;15
0222;7
0223;16
0224;17
0225;17
0226;10
0227;11
0228;11
0301;10
0302;13
0303;16
0304;24
0305;12
0306;16
0307;8
0308;15
0309;12
0310;11
0311;9
0312;11
0313;10
0314;11
0315;14
0316;15
0317;19
0318;20
0319;8
0320;17
0321;8
0322;12
0323;15
0324;13
0325;13
0326;14
0327;12
0328;13
0329;15
0330;10
0331;9
0401;14
0402;9
0403;20
0404;8
0405;13
0406;11
0407;9
0408;10
0409;18
0410;15
0411;10
0412;8
0413;13
0414;10
0415;7
0416;14
0417;11
0418;19
0419;12
0420;12
0421;16
0422;15
0423;15
0424;8
0425;7
0426;21
0427;14
0428;11
0429;8
0430;11
0501;13
0502;9
0503;11
0504;13
0505;17
0506;11
0507;8
0508;15
0509;18
0510;10
0511;14
0512;16
0513;11
0514;13
0515;8
0516;20
0517;9
0518;10
0519;12
0520;13
0521;13
0522;12
0523;15
0524;10
0525;6
0526;9
0527;5
0528;12
0529;15
0530;17
0531;15
0601;12
0602;11
0603;15
0604;6
0605;10
0606;12
0607;12
0608;8
0609;4
0610;11
0611;11
0612;12
0613;7
0614;12
0615;10
0616;13
0617;10
0618;13
0619;8
0620;12
0621;12
0622;13
0623;4
0624;13
0625;12
0626;13
0627;12
0628;11
0629;13
0630;6
0701;15
0702;5
0703;10
0704;7
0705;19
0706;14
0707;7
0708;13
0709;11
0710;17
0711;14
0712;11
0713;8
0714;9
0715;11
0716;15
0717;16
0718;16
0719;8
0720;12
0721;16
0722;13
0723;12
0724;14
0725;11
0726;11
0727;9
0728;11
0729;12
0730;8
0731;13
0801;19
0802;10
0803;13
0804;9
0805;9
0806;19
0807;13
0808;14
0809;13
0810;16
0811;13
0812;7
0813;12
0814;12
0815;7
0816;8
0817;15
0818;21
0819;12
0820;5
0821;10
0822;18
0823;14
0824;13
0825;11
0826;15
0827;4
0828;16
0829;8
0830;12
0831;6
0901;5
0902;13
0903;20
0904;9
0905;8
0906;11
0907;9
0908;19
0909;8
0910;12
0911;11
0912;9
0913;11
0914;9
0915;10
0916;15
0917;7
0918;8
0919;14
0920;9
0921;13
0922;16
0923;15
0924;14
0925;13
0926;15
0927;7
0928;7
0929;13
0930;10
1001;10
1002;10
1003;15
1004;12
1005;18
1006;16
1007;15
1008;11
1009;5
1010;13
1011;16
1012;15
1013;21
1014;11
1015;15
1016;17
1017;13
1018;13
1019;19
1020;8
1021;9
1022;13
1023;10
1024;13
1025;17
1026;9
1027;14
1028;13
1029;11
1030;14
1031;8
1101;14
1102;6
1103;12
1104;10
1105;18
1106;10
1107;6
1108;13
1109;9
1110;9
1111;8
1112;15
1113;9
1114;10
1115;7
1116;20
1117;11
1118;19
1119;11
1120;9
1121;15
1122;15
1123;5
1124;13
1125;12
1126;16
1127;15
1128;16
1129;13
1130;9
1201;15
1202;19
1203;14
1204;14
1205;20
1206;15
1207;18
1208;15
1209;10
1210;17
1211;10
1212;8
1213;9
1214;14
1215;7
1216;13
1217;11
1218;14
1219;21
1220;18
1221;15
1222;11
1223;20
1224;13
1225;12
1226;13
1227;9
1228;11
1229;16
1230;12
1231;21
