0101;15
0102;16
0103;18
0104;13
0105;14
0106;14
0107;18
0108;12
0109;6
0110;9
0111;10
0112;8
0113;10
0114;13
0115;8
0116;6
0117;9
0118;12
0119;11
0120;11
0121;14
0122;8
0123;13
0124;10
0125;8
0126;13
0127;9
0128;11
0129;11
0130;18
0131;12
0201;10
0202;11
0203;12
0204;11
0205;15
0206;12
0207;7
0208;14
0209;2
0210;13
0211;17
0212;14
0213;12
0214;15
0215;18
0216;15
0217;11
0218;6
0219;15
0220;10
0221;13
0222;11
0223;15
0224;14
0225;9
0226;10
0227;12
0228;6
0301;17
0302;13
0303;11
0304;14
0305;6
0306;8
0307;10
0308;10
0309;7
0310;17
0311;16
0312;8
0313;11
0314;13
0315;9
0316;10
0317;16
0318;9
0319;9
0320;12
0321;11
0322;13
0323;13
0324;14
0325;12
0326;8
0327;13
0328;15
0329;7
0330;14
0331;12
0401;9
0402;13
0403;6
0404;15
0405;7
0406;3
0407;9
0408;6
0409;11
0410;8
0411;10
0412;16
0413;14
0414;3
0415;12
0416;8
0417;8
0418;13
0419;4
0420;9
0421;8
0422;12
0423;17
0424;12
0425;11
0426;8
0427;6
0428;14
0429;10
0430;13
0501;12
0502;11
0503;9
0504;7
0505;3
0506;5
0507;17
0508;14
0509;12
0510;10
0511;10
0512;8
0513;3
0514;9
0515;6
0516;13
0517;13
0518;7
0519;6
0520;7
0521;5
0522;7
0523;10
0524;12
0525;10
0526;7
0527;14
0528;9
0529;12
0530;12
0531;5
0601;12
0602;7
0603;7
0604;15
0605;8
0606;11
0607;15
0608;16
0609;5
0610;13
0611;12
0612;11
0613;3
0614;9
0615;8
0616;18
0617;12
0618;14
0619;4
0620;7
0621;5
0622;14
0623;7
0624;6
0625;4
0626;7
0627;12
0628;12
0629;17
0630;12
0701;7
0702;8
0703;11
0704;9
0705;13
0706;5
0707;8
0708;13
0709;8
0710;6
0711;13
0712;11
0713;10
0714;9
0715;7
0716;9
0717;3
0718;6
0719;10
0720;10
0721;11
0722;10
0723;11
0724;9
0725;11
0726;7
0727;8
0728;9
0729;12
0730;7
0731;13
0801;5
0802;7
0803;16
0804;10
0805;13
0806;7
0807;4
0808;8
0809;10
0810;8
0811;8
0812;10
0813;8
0814;11
0815;12
0816;8
0817;9
0818;4
0819;11
0820;10
0821;13
0822;16
0823;12
0824;11
0825;8
0826;9
0827;3
0828;17
0829;7
0830;7
0831;4
0901;11
0902;6
0903;13
0904;10
0905;5
0906;12
0907;9
0908;6
0909;7
0910;7
0911;10
0912;8
0913;13
0914;9
0915;10
0916;9
0917;7
0918;9
0919;8
0920;7
0921;14
0922;12
0923;9
0924;8
0925;4
0926;10
0927;9
0928;7
0929;9
0930;10
1001;10
1002;10
1003;10
1004;5
1005;8
1006;15
1007;9
1008;9
1009;9
1010;10
1011;10
1012;7
1013;13
1014;9
1015;6
1016;12
1017;7
1018;8
1019;9
1020;13
1021;9
1022;14
1023;11
1024;12
1025;15
1026;11
1027;12
1028;9
1029;13
1030;10
1031;7
1101;17
1102;7
1103;12
1104;9
1105;8
1106;5
1107;9
1108;14
1109;10
1110;10
1111;10
1112;12
1113;12
1114;9
1115;14
1116;8
1117;5
1118;16
1119;10
1120;7
1121;12
1122;8
1123;11
1124;9
1125;7
1126;4
1127;14
1128;12
1129;11
1130;14
1201;11
1202;12
1203;9
1204;11
1205;11
1206;12
1207;9
1208;12
1209;13
1210;12
1211;14
1212;12
1213;14
1214;6
1215;8
1216;9
1217;17
1218;9
1219;12
1220;12
1221;7
1222;8
1223;15
1224;14
1225;6
1226;12
1227;12
1228;11
1229;16
1230;11
1231;10
