0101;32
0102;48
0103;35
0104;29
0105;45
0106;48
0107;35
0108;31
0109;19
0110;43
0111;32
0112;38
0113;30
0114;41
0115;20
0116;33
0117;33
0118;32
0119;30
0120;31
0121;29
0122;17
0123;27
0124;37
0125;30
0126;27
0127;31
0128;31
0129;24
0130;29
0131;32
0201;41
0202;24
0203;31
0204;32
0205;29
0206;30
0207;30
0208;33
0209;34
0210;19
0211;29
0212;19
0213;29
0214;29
0215;30
0216;25
0217;19
0218;20
0219;23
0220;25
0221;27
0222;19
0223;23
0224;24
0225;20
0226;30
0227;29
0228;30
0301;34
0302;33
0303;31
0304;15
0305;20
0306;14
0307;24
0308;24
0309;33
0310;25
0311;35
0312;23
0313;29
0314;35
0315;31
0316;34
0317;24
0318;28
0319;24
0320;25
0321;25
0322;33
0323;20
0324;22
0325;21
0326;25
0327;19
0328;25
0329;32
0330;39
0331;28
0401;28
0402;19
0403;20
0404;17
0405;23
0406;31
0407;18
0408;23
0409;16
0410;21
0411;14
0412;26
0413;15
0414;19
0415;25
0416;25
0417;29
0418;29
0419;25
0420;13
0421;36
0422;22
0423;15
0424;16
0425;20
0426;29
0427;26
0428;23
0429;25
0430;19
0501;22
0502;28
0503;31
0504;18
0505;20
0506;27
0507;33
0508;24
0509;25
0510;40
0511;25
0512;23
0513;19
0514;21
0515;27
0516;17
0517;28
0518;23
0519;23
0520;24
0521;22
0522;16
0523;26
0524;20
0525;31
0526;30
0527;17
0528;23
0529;25
0530;33
0531;30
0601;18
0602;26
0603;24
0604;28
0605;32
0606;27
0607;20
0608;17
0609;24
0610;19
0611;32
0612;23
0613;24
0614;35
0615;27
0616;32
0617;20
0618;25
0619;29
0620;20
0621;29
0622;27
0623;22
0624;33
0625;28
0626;30
0627;40
0628;39
0629;24
0630;28
0701;20
0702;18
0703;21
0704;18
0705;17
0706;29
0707;24
0708;26
0709;29
0710;22
0711;32
0712;23
0713;31
0714;29
0715;15
0716;23
0717;22
0718;27
0719;20
0720;24
0721;19
0722;27
0723;33
0724;20
0725;23
0726;19
0727;27
0728;24
0729;26
0730;16
0731;23
0801;24
0802;39
0803;27
0804;33
0805;32
0806;22
0807;19
0808;19
0809;12
0810;25
0811;27
0812;32
0813;19
0814;12
0815;28
0816;23
0817;24
0818;23
0819;17
0820;19
0821;30
0822;23
0823;19
0824;25
0825;24
0826;27
0827;16
0828;18
0829;22
0830;21
0831;25
0901;26
0902;29
0903;22
0904;14
0905;34
0906;26
0907;22
0908;27
0909;27
0910;23
0911;18
0912;21
0913;31
0914;32
0915;28
0916;22
0917;32
0918;30
0919;31
0920;23
0921;19
0922;19
0923;26
0924;27
0925;27
0926;32
0927;23
0928;32
0929;26
0930;25
1001;24
1002;22
1003;21
1004;25
1005;25
1006;33
1007;21
1008;25
1009;32
1010;25
1011;31
1012;22
1013;35
1014;32
1015;25
1016;26
1017;38
1018;28
1019;35
1020;34
1021;30
1022;33
1023;26
1024;47
1025;25
1026;19
1027;30
1028;27
1029;38
1030;24
1031;26
1101;25
1102;18
1103;28
1104;28
1105;30
1106;19
1107;25
1108;24
1109;34
1110;27
1111;27
1112;30
1113;30
1114;35
1115;26
1116;27
1117;26
1118;23
1119;20
1120;27
1121;28
1122;41
1123;18
1124;29
1125;24
1126;25
1127;33
1128;19
1129;32
1130;28
1201;29
1202;26
1203;21
1204;38
1205;17
1206;27
1207;27
1208;28
1209;31
1210;25
1211;26
1212;41
1213;34
1214;24
1215;46
1216;27
1217;27
1218;26
1219;28
1220;30
1221;35
1222;27
1223;32
1224;31
1225;32
1226;37
1227;20
1228;32
1229;37
1230;37
1231;30
