0101;14
0102;23
0103;31
0104;31
0105;24
0106;33
0107;22
0108;19
0109;14
0110;17
0111;19
0112;26
0113;26
0114;23
0115;21
0116;19
0117;26
0118;24
0119;25
0120;17
0121;25
0122;20
0123;19
0124;20
0125;21
0126;19
0127;26
0128;15
0129;21
0130;21
0131;18
0201;21
0202;21
0203;21
0204;20
0205;16
0206;24
0207;25
0208;22
0209;27
0210;19
0211;24
0212;29
0213;18
0214;16
0215;21
0216;18
0217;18
0218;17
0219;24
0220;21
0221;25
0222;32
0223;16
0224;33
0225;18
0226;18
0227;16
0228;26
0301;18
0302;20
0303;16
0304;16
0305;17
0306;22
0307;20
0308;21
0309;21
0310;31
0311;20
0312;16
0313;16
0314;15
0315;22
0316;32
0317;18
0318;21
0319;23
0320;16
0321;16
0322;30
0323;25
0324;22
0325;13
0326;22
0327;19
0328;19
0329;16
0330;20
0331;15
0401;23
0402;20
0403;21
0404;17
0405;22
0406;17
0407;22
0408;15
0409;24
0410;14
0411;20
0412;22
0413;16
0414;15
0415;23
0416;22
0417;18
0418;16
0419;16
0420;17
0421;17
0422;22
0423;29
0424;20
0425;23
0426;24
0427;20
0428;23
0429;20
0430;9
0501;28
0502;19
0503;19
0504;17
0505;9
0506;19
0507;20
0508;22
0509;24
0510;22
0511;33
0512;14
0513;18
0514;13
0515;12
0516;14
0517;17
0518;21
0519;29
0520;14
0521;22
0522;13
0523;16
0524;13
0525;14
0526;10
0527;14
0528;18
0529;21
0530;18
0531;20
0601;16
0602;14
0603;17
0604;23
0605;18
0606;28
0607;21
0608;17
0609;18
0610;12
0611;25
0612;11
0613;18
0614;21
0615;19
0616;12
0617;16
0618;26
0619;12
0620;17
0621;21
0622;20
0623;20
0624;18
0625;26
0626;16
0627;22
0628;27
0629;27
0630;16
0701;17
0702;16
0703;8
0704;20
0705;24
0706;23
0707;24
0708;11
0709;20
0710;20
0711;27
0712;21
0713;19
0714;14
0715;11
0716;17
0717;19
0718;13
0719;15
0720;29
0721;19
0722;23
0723;11
0724;13
0725;13
0726;16
0727;21
0728;23
0729;14
0730;21
0731;10
0801;16
0802;22
0803;18
0804;14
0805;19
0806;18
0807;10
0808;20
0809;10
0810;13
0811;17
0812;19
0813;21
0814;9
0815;17
0816;17
0817;22
0818;15
0819;18
0820;22
0821;21
0822;18
0823;18
0824;14
0825;18
0826;12
0827;11
0828;18
0829;17
0830;17
0831;14
0901;16
0902;22
0903;30
0904;15
0905;11
0906;12
0907;13
0908;14
0909;14
0910;19
0911;21
0912;14
0913;14
0914;18
0915;17
0916;22
0917;19
0918;15
0919;22
0920;24
0921;21
0922;20
0923;22
0924;19
0925;22
0926;24
0927;14
0928;23
0929;23
0930;20
1001;13
1002;19
1003;18
1004;20
1005;12
1006;12
1007;27
1008;21
1009;23
1010;27
1011;16
1012;26
1013;14
1014;19
1015;14
1016;19
1017;22
1018;24
1019;21
1020;19
1021;21
1022;18
1023;17
1024;21
1025;21
1026;20
1027;23
1028;21
1029;17
1030;23
1031;13
1101;19
1102;17
1103;14
1104;25
1105;26
1106;20
1107;20
1108;25
1109;21
1110;19
1111;21
1112;21
1113;19
1114;20
1115;23
1116;18
1117;18
1118;26
1119;24
1120;18
1121;20
1122;29
1123;35
1124;26
1125;19
1126;20
1127;20
1128;17
1129;24
1130;16
1201;21
1202;26
1203;29
1204;18
1205;23
1206;19
1207;25
1208;29
1209;30
1210;24
1211;19
1212;33
1213;18
1214;19
1215;20
1216;24
1217;29
1218;23
1219;13
1220;20
1221;30
1222;24
1223;27
1224;27
1225;19
1226;24
1227;33
1228;30
1229;18
1230;25
1231;23
