0101;6
0102;12
0103;6
0104;3
0105;4
0106;11
0107;8
0108;10
0109;6
0110;3
0111;10
0112;10
0113;10
0114;7
0115;6
0116;12
0117;8
0118;8
0119;6
0120;4
0121;8
0122;7
0123;6
0124;4
0125;8
0126;6
0127;9
0128;3
0129;7
0130;3
0131;11
0201;4
0202;10
0203;4
0204;6
0205;9
0206;9
0207;6
0208;4
0209;9
0210;11
0211;12
0212;1
0213;7
0214;15
0215;2
0216;8
0217;7
0218;6
0219;4
0220;10
0221;11
0222;4
0223;3
0224;4
0225;8
0226;7
0227;8
0228;6
0301;9
0302;14
0303;6
0304;2
0305;7
0306;11
0307;8
0308;9
0309;7
0310;8
0311;8
0312;2
0313;11
0314;5
0315;16
0316;7
0317;8
0318;3
0319;8
0320;11
0321;8
0322;7
0323;9
0324;8
0325;11
0326;2
0327;13
0328;10
0329;6
0330;4
0331;6
0401;7
0402;12
0403;7
0404;10
0405;10
0406;9
0407;7
0408;7
0409;7
0410;9
0411;6
0412;9
0413;3
0414;6
0415;8
0416;8
0417;4
0418;6
0419;1
0420;14
0421;15
0422;9
0423;9
0424;16
0425;7
0426;11
0427;5
0428;7
0429;5
0430;4
0501;8
0502;10
0503;10
0504;9
0505;6
0506;4
0507;7
0508;6
0509;12
0510;8
0511;8
0512;10
0513;4
0514;6
0515;14
0516;2
0517;3
0518;15
0519;11
0520;9
0521;7
0522;3
0523;6
0524;5
0525;7
0526;8
0527;10
0528;7
0529;5
0530;7
0531;6
0601;4
0602;10
0603;15
0604;7
0605;9
0606;7
0607;10
0608;3
0609;8
0610;7
0611;7
0612;8
0613;4
0614;6
0615;6
0616;8
0617;11
0618;8
0619;6
0620;13
0621;8
0622;11
0623;8
0624;9
0625;9
0626;4
0627;8
0628;10
0629;8
0630;7
0701;6
0702;5
0703;9
0704;7
0705;6
0706;11
0707;11
0708;3
0709;6
0710;8
0711;11
0712;9
0713;11
0714;17
0715;9
0716;3
0717;13
0718;10
0719;11
0720;4
0721;10
0722;6
0723;11
0724;9
0725;2
0726;10
0727;5
0728;9
0729;13
0730;6
0731;10
0801;16
0802;11
0803;6
0804;9
0805;4
0806;3
0807;4
0808;9
0809;5
0810;8
0811;7
0812;4
0813;11
0814;6
0815;6
0816;7
0817;9
0818;6
0819;9
0820;6
0821;3
0822;10
0823;10
0824;6
0825;6
0826;5
0827;9
0828;9
0829;3
0830;6
0831;14
0901;12
0902;10
0903;5
0904;11
0905;9
0906;4
0907;8
0908;11
0909;1
0910;9
0911;7
0912;8
0913;7
0914;8
0915;7
0916;2
0917;6
0918;12
0919;11
0920;8
0921;4
0922;8
0923;7
0924;7
0925;7
0926;4
0927;4
0928;13
0929;3
0930;7
1001;4
1002;8
1003;10
1004;6
1005;4
1006;6
1007;7
1008;4
1009;8
1010;8
1011;6
1012;7
1013;7
1014;8
1015;5
1016;8
1017;8
1018;8
1019;6
1020;8
1021;8
1022;4
1023;2
1024;6
1025;10
1026;14
1027;10
1028;4
1029;10
1030;7
1031;6
1101;6
1102;9
1103;5
1104;8
1105;10
1106;2
1107;5
1108;4
1109;9
1110;5
1111;7
1112;6
1113;8
1114;4
1115;7
1116;2
1117;8
1118;5
1119;8
1120;4
1121;5
1122;7
1123;6
1124;7
1125;8
1126;6
1127;8
1128;6
1129;4
1130;7
1201;6
1202;9
1203;9
1204;6
1205;11
1206;7
1207;9
1208;3
1209;12
1210;5
1211;6
1212;4
1213;7
1214;8
1215;6
1216;4
1217;7
1218;11
1219;9
1220;6
1221;8
1222;5
1223;13
1224;8
1225;14
1226;11
1227;5
1228;6
1229;10
1230;5
1231;10
