0101;2
0102;1
0103;1
0105;2
0106;1
0107;2
0108;2
0109;2
0110;1
0111;4
0112;2
0113;3
0114;1
0115;2
0116;3
0117;2
0118;2
0120;3
0121;3
0122;2
0123;5
0124;1
0125;3
0126;2
0127;1
0128;5
0130;2
0131;1
0201;1
0202;2
0203;1
0204;3
0205;2
0206;4
0207;2
0208;7
0209;3
0210;4
0211;3
0212;2
0215;2
0216;1
0219;2
0220;1
0221;4
0222;2
0223;1
0224;1
0225;3
0226;5
0227;2
0228;1
0301;5
0302;4
0306;1
0307;1
0309;4
0310;5
0311;4
0312;3
0313;4
0314;2
0315;3
0316;2
0317;4
0319;3
0320;4
0321;3
0322;1
0324;4
0326;2
0328;1
0329;2
0330;3
0331;3
0401;1
0402;2
0404;4
0405;2
0406;4
0407;2
0408;2
0410;1
0411;2
0412;4
0413;5
0414;3
0415;6
0416;1
0417;5
0418;3
0419;1
0420;2
0421;1
0422;1
0423;1
0424;6
0426;2
0427;2
0428;1
0429;2
0430;3
0501;2
0502;2
0503;1
0504;4
0505;2
0506;4
0507;2
0508;3
0511;4
0513;2
0514;2
0515;3
0516;6
0517;1
0518;1
0519;4
0520;1
0522;2
0523;1
0524;1
0525;1
0526;1
0528;2
0529;2
0531;3
0601;5
0602;3
0603;2
0604;1
0606;4
0607;3
0608;1
0609;3
0612;2
0613;2
0614;4
0615;2
0616;2
0617;1
0618;2
0619;1
0620;2
0622;4
0623;2
0624;2
0625;1
0626;2
0627;1
0628;1
0629;2
0702;3
0703;2
0704;1
0705;2
0706;2
0708;1
0709;1
0710;3
0711;2
0712;2
0713;3
0714;1
0716;1
0717;5
0718;1
0719;2
0720;3
0721;1
0722;1
0725;4
0726;1
0727;2
0728;2
0730;3
0731;2
0801;1
0802;1
0803;3
0804;2
0805;1
0806;2
0807;2
0808;2
0809;2
0810;1
0811;1
0812;1
0813;3
0814;2
0815;2
0816;1
0817;1
0818;2
0821;2
0822;1
0823;1
0824;2
0825;4
0826;1
0828;1
0829;2
0830;3
0831;1
0902;2
0903;3
0904;4
0906;3
0908;2
0909;4
0910;2
0911;1
0912;2
0913;1
0914;2
0916;3
0917;3
0918;3
0919;1
0920;2
0921;2
0922;1
0923;1
0924;1
0925;2
0926;2
0928;2
0929;3
0930;2
1001;2
1002;4
1003;2
1004;1
1005;2
1006;4
1007;2
1008;1
1010;5
1011;2
1012;2
1013;3
1014;3
1017;3
1018;2
1020;1
1021;1
1022;4
1023;3
1024;1
1025;2
1027;3
1028;6
1029;2
1031;2
1101;1
1102;4
1103;2
1104;4
1106;3
1107;2
1109;1
1112;1
1115;1
1117;3
1118;2
1119;2
1120;2
1121;2
1122;1
1124;2
1125;3
1126;2
1127;4
1128;1
1129;4
1130;2
1201;1
1202;1
1203;1
1204;2
1205;3
1206;1
1208;4
1209;3
1211;1
1212;2
1213;2
1215;1
1217;1
1219;2
1220;4
1221;4
1222;1
1223;4
1224;2
1226;1
1227;1
1228;2
1231;4
