0101;5
0102;1
0103;3
0104;1
0105;1
0106;2
0107;3
0108;3
0109;1
0110;1
0111;2
0112;3
0113;5
0114;6
0115;1
0116;3
0117;6
0118;5
0119;2
0120;3
0121;1
0122;7
0123;3
0124;2
0125;1
0126;3
0127;3
0128;1
0129;4
0130;4
0131;2
0201;2
0202;4
0203;5
0204;1
0205;3
0206;4
0207;5
0208;5
0209;2
0210;2
0211;5
0212;1
0213;1
0214;2
0215;7
0216;5
0217;4
0218;4
0219;5
0220;6
0221;2
0222;1
0223;3
0224;3
0225;2
0226;3
0227;1
0228;2
0301;2
0302;4
0303;5
0304;3
0305;5
0306;4
0307;3
0308;3
0309;4
0310;7
0311;4
0312;1
0313;1
0314;1
0315;4
0316;3
0317;6
0318;2
0319;3
0321;1
0322;1
0323;5
0324;6
0325;4
0326;3
0327;6
0328;4
0329;5
0330;2
0331;2
0401;4
0402;2
0404;2
0405;2
0406;2
0407;5
0408;2
0409;2
0410;2
0411;1
0412;6
0413;4
0414;2
0416;1
0417;1
0418;1
0419;2
0420;1
0421;2
0422;1
0423;2
0424;3
0425;1
0427;1
0428;1
0429;1
0502;4
0503;1
0504;2
0505;1
0506;1
0507;2
0508;2
0509;1
0511;1
0512;1
0513;3
0515;2
0517;2
0518;3
0519;1
0520;2
0522;3
0523;2
0526;2
0527;3
0528;2
0529;2
0530;2
0531;2
0602;1
0603;1
0604;2
0607;1
0608;2
0609;2
0610;2
0612;1
0613;2
0614;1
0615;3
0616;2
0617;1
0620;1
0621;1
0623;1
0626;1
0629;1
0630;1
0701;4
0702;6
0703;2
0704;4
0705;4
0706;4
0707;3
0708;2
0709;6
0710;3
0712;4
0713;7
0714;2
0715;3
0716;4
0717;4
0718;7
0719;4
0720;4
0721;2
0722;3
0723;3
0724;3
0726;5
0727;3
0728;3
0729;4
0730;1
0731;6
0801;3
0802;4
0803;2
0804;3
0805;3
0806;3
0807;2
0808;5
0809;2
0810;3
0811;1
0812;3
0813;2
0814;3
0815;3
0816;1
0817;3
0818;3
0819;7
0820;3
0821;7
0822;2
0823;3
0824;4
0825;1
0826;4
0827;1
0828;4
0829;1
0830;1
0901;7
0902;3
0903;2
0904;3
0905;3
0906;1
0907;3
0908;4
0909;3
0910;1
0911;3
0912;5
0913;3
0914;4
0915;5
0916;4
0917;2
0918;3
0919;6
0920;6
0922;2
0923;1
0925;5
0926;1
0927;3
0928;2
0929;1
0930;3
1001;1
1002;1
1003;2
1004;2
1005;2
1006;2
1007;6
1008;2
1009;5
1010;4
1011;3
1012;3
1013;2
1014;4
1015;2
1016;3
1018;2
1019;2
1020;2
1021;2
1022;3
1023;4
1024;1
1025;3
1026;5
1027;2
1028;3
1029;4
1030;4
1031;1
1102;3
1104;2
1105;4
1106;4
1107;6
1108;3
1109;3
1110;2
1111;4
1112;2
1113;5
1114;2
1115;1
1116;4
1118;1
1119;3
1120;3
1121;2
1122;1
1123;3
1124;3
1125;1
1126;1
1127;7
1128;4
1129;3
1130;3
1201;2
1202;4
1204;3
1205;2
1206;3
1207;3
1208;2
1209;4
1210;4
1211;4
1212;4
1213;3
1214;3
1215;3
1217;2
1218;2
1219;4
1220;4
1221;2
1222;2
1223;2
1224;4
1225;3
1227;5
1228;6
1229;3
1230;4
1231;1
