0101;19
0102;22
0103;21
0104;27
0105;24
0106;14
0107;22
0108;26
0109;27
0110;23
0111;33
0112;23
0113;26
0114;27
0115;28
0116;19
0117;29
0118;31
0119;26
0120;30
0121;34
0122;31
0123;41
0124;23
0125;27
0126;25
0127;22
0128;37
0129;38
0130;27
0131;30
0201;28
0202;27
0203;27
0204;27
0205;27
0206;29
0207;29
0208;20
0209;31
0210;32
0211;25
0212;33
0213;29
0214;29
0215;23
0216;22
0217;27
0218;27
0219;31
0220;30
0221;31
0222;32
0223;27
0224;24
0225;17
0226;20
0227;30
0228;14
0301;25
0302;23
0303;19
0304;37
0305;21
0306;20
0307;27
0308;15
0309;20
0310;21
0311;17
0312;17
0313;31
0314;16
0315;18
0316;20
0317;33
0318;20
0319;22
0320;25
0321;23
0322;23
0323;24
0324;22
0325;24
0326;24
0327;24
0328;29
0329;25
0330;17
0331;17
0401;20
0402;33
0403;27
0404;13
0405;18
0406;25
0407;25
0408;19
0409;24
0410;21
0411;21
0412;20
0413;19
0414;16
0415;28
0416;24
0417;21
0418;20
0419;18
0420;21
0421;22
0422;17
0423;25
0424;22
0425;20
0426;21
0427;14
0428;29
0429;21
0430;21
0501;20
0502;21
0503;14
0504;19
0505;31
0506;23
0507;23
0508;24
0509;21
0510;14
0511;21
0512;21
0513;19
0514;20
0515;18
0516;20
0517;16
0518;17
0519;28
0520;16
0521;17
0522;13
0523;15
0524;27
0525;14
0526;20
0527;20
0528;18
0529;20
0530;19
0531;18
0601;20
0602;12
0603;21
0604;18
0605;25
0606;14
0607;18
0608;13
0609;13
0610;19
0611;11
0612;15
0613;12
0614;8
0615;5
0616;6
0617;9
0618;14
0619;10
0620;5
0621;10
0622;6
0623;6
0624;5
0625;6
0626;13
0627;8
0628;12
0629;6
0630;9
0701;26
0702;14
0703;20
0704;25
0705;28
0706;14
0707;17
0708;17
0709;16
0710;21
0711;18
0712;24
0713;16
0714;20
0715;15
0716;24
0717;29
0718;17
0719;26
0720;25
0721;16
0722;27
0723;17
0724;18
0725;22
0726;20
0727;11
0728;28
0729;22
0730;19
0731;27
0801;19
0802;22
0803;27
0804;33
0805;23
0806;18
0807;18
0808;33
0809;16
0810;20
0811;24
0812;18
0813;26
0814;23
0815;18
0816;23
0817;13
0818;21
0819;12
0820;22
0821;25
0822;14
0823;25
0824;19
0825;11
0826;25
0827;26
0828;23
0829;18
0830;14
0831;21
0901;27
0902;15
0903;15
0904;21
0905;22
0906;25
0907;25
0908;19
0909;21
0910;23
0911;25
0912;16
0913;19
0914;17
0915;26
0916;14
0917;18
0918;21
0919;14
0920;24
0921;12
0922;22
0923;22
0924;23
0925;16
0926;23
0927;19
0928;15
0929;17
0930;31
1001;25
1002;21
1003;20
1004;22
1005;17
1006;16
1007;22
1008;21
1009;21
1010;22
1011;17
1012;21
1013;24
1014;17
1015;23
1016;23
1017;16
1018;15
1019;25
1020;26
1021;20
1022;27
1023;22
1024;21
1025;27
1026;22
1027;23
1028;15
1029;20
1030;17
1031;22
1101;21
1102;17
1103;21
1104;18
1105;17
1106;23
1107;28
1108;27
1109;36
1110;13
1111;16
1112;19
1113;14
1114;28
1115;22
1116;24
1117;25
1118;13
1119;16
1120;20
1121;14
1122;23
1123;21
1124;20
1125;27
1126;26
1127;20
1128;20
1129;15
1130;23
1201;26
1202;26
1203;22
1204;19
1205;15
1206;26
1207;22
1208;26
1209;20
1210;16
1211;18
1212;20
1213;23
1214;23
1215;30
1216;16
1217;27
1218;24
1219;26
1220;14
1221;19
1222;20
1223;25
1224;22
1225;24
1226;20
1227;24
1228;24
1229;21
1230;30
1231;15
