0100;1
0101;5
0102;15
0103;12
0104;13
0105;8
0106;6
0107;9
0108;10
0109;5
0110;9
0111;15
0112;9
0113;12
0114;4
0115;9
0116;14
0117;7
0118;6
0119;9
0120;8
0121;9
0122;8
0123;10
0124;13
0125;8
0126;6
0127;7
0128;10
0129;5
0130;11
0131;8
0201;9
0202;7
0203;8
0204;11
0205;12
0206;9
0207;7
0208;7
0209;7
0210;12
0211;2
0212;8
0213;8
0214;11
0215;10
0216;11
0217;8
0218;8
0219;10
0220;11
0221;11
0222;9
0223;17
0224;19
0225;9
0226;13
0227;5
0228;7
0301;5
0302;11
0303;15
0304;9
0305;8
0306;16
0307;9
0308;5
0309;8
0310;10
0311;8
0312;9
0313;9
0314;3
0315;10
0316;12
0317;8
0318;10
0319;8
0320;8
0321;10
0322;10
0323;8
0324;7
0325;10
0326;16
0327;14
0328;9
0329;3
0330;4
0331;8
0401;7
0402;9
0403;8
0404;9
0405;12
0406;8
0407;8
0408;8
0409;5
0410;6
0411;8
0412;8
0413;10
0414;6
0415;10
0416;7
0417;15
0418;6
0419;2
0420;7
0421;8
0422;11
0423;6
0424;7
0425;11
0426;8
0427;7
0428;8
0429;6
0430;9
0501;5
0502;6
0503;7
0504;4
0505;8
0506;5
0507;3
0508;5
0509;10
0510;10
0511;13
0512;4
0513;4
0514;7
0515;7
0516;8
0517;4
0518;6
0519;6
0520;6
0521;12
0522;4
0523;13
0524;2
0525;5
0526;7
0527;7
0528;7
0529;8
0530;6
0531;5
0601;9
0602;9
0603;5
0604;2
0605;4
0606;2
0607;5
0608;6
0609;3
0610;5
0611;10
0612;7
0613;5
0614;8
0615;11
0616;12
0617;6
0618;8
0619;6
0620;5
0621;6
0622;6
0623;11
0624;8
0625;6
0626;5
0627;5
0628;8
0629;2
0630;9
0701;8
0702;5
0703;4
0704;5
0705;9
0706;8
0707;5
0708;11
0709;5
0710;6
0711;3
0712;6
0713;4
0714;9
0715;7
0716;9
0717;9
0718;6
0719;11
0720;6
0721;9
0722;7
0723;9
0724;4
0725;9
0726;3
0727;11
0728;4
0729;10
0730;13
0731;13
0801;9
0802;2
0803;14
0804;10
0805;8
0806;4
0807;8
0808;6
0809;8
0810;7
0811;9
0812;12
0813;8
0814;4
0815;6
0816;6
0817;4
0818;7
0819;6
0820;7
0821;13
0822;4
0823;6
0824;5
0825;6
0826;8
0827;5
0828;7
0829;5
0830;8
0831;4
0901;7
0902;4
0903;4
0904;10
0905;5
0906;16
0907;12
0908;5
0909;8
0910;7
0911;9
0912;9
0913;4
0914;7
0915;8
0916;9
0917;7
0918;8
0919;7
0920;6
0921;11
0922;7
0923;6
0924;7
0925;10
0926;10
0927;5
0928;6
0929;6
0930;11
1001;2
1002;5
1003;8
1004;6
1005;4
1006;6
1007;1
1008;6
1009;6
1010;4
1011;4
1012;6
1013;9
1014;8
1015;6
1016;6
1017;5
1018;6
1019;5
1020;10
1021;5
1022;5
1023;9
1024;13
1025;6
1026;12
1027;9
1028;7
1029;2
1030;7
1031;6
1101;17
1102;6
1103;12
1104;5
1105;12
1106;7
1107;7
1108;18
1109;9
1110;7
1111;8
1112;4
1113;6
1114;13
1115;8
1116;13
1117;13
1118;2
1119;8
1120;7
1121;4
1122;14
1123;8
1124;5
1125;4
1126;6
1127;11
1128;7
1129;6
1130;5
1201;12
1202;12
1203;3
1204;7
1205;4
1206;4
1207;6
1208;6
1209;8
1210;5
1211;8
1212;8
1213;8
1214;6
1215;9
1216;10
1217;5
1218;8
1219;11
1220;8
1221;9
1222;7
1223;6
1224;14
1225;6
1226;9
1227;11
1228;6
1229;5
1230;5
1231;11
