0101;9
0102;13
0103;8
0104;16
0105;9
0106;13
0107;13
0108;7
0109;8
0110;14
0111;9
0112;8
0113;11
0114;17
0115;3
0116;9
0117;12
0118;5
0119;4
0120;13
0121;11
0122;13
0123;15
0124;11
0125;12
0126;6
0127;13
0128;12
0129;11
0130;11
0131;8
0201;7
0202;9
0203;13
0204;17
0205;13
0206;13
0207;9
0208;10
0209;6
0210;10
0211;15
0212;21
0213;13
0214;7
0215;14
0216;14
0217;10
0218;11
0219;13
0220;8
0221;9
0222;6
0223;13
0224;14
0225;16
0226;15
0227;9
0228;11
0301;9
0302;12
0303;11
0304;11
0305;16
0306;12
0307;11
0308;6
0309;14
0310;12
0311;11
0312;6
0313;13
0314;12
0315;7
0316;15
0317;16
0318;11
0319;11
0320;6
0321;6
0322;8
0323;15
0324;5
0325;7
0326;8
0327;11
0328;3
0329;13
0330;11
0331;10
0401;8
0402;12
0403;7
0404;15
0405;11
0406;9
0407;6
0408;6
0409;5
0410;9
0411;9
0412;14
0413;7
0414;12
0415;9
0416;12
0417;7
0418;4
0419;8
0420;6
0421;8
0422;11
0423;9
0424;10
0425;13
0426;10
0427;7
0428;5
0429;18
0430;6
0501;10
0502;8
0503;8
0504;12
0505;7
0506;3
0507;10
0508;7
0509;3
0510;8
0511;6
0512;10
0513;7
0514;8
0515;12
0516;10
0517;2
0518;15
0519;6
0520;3
0521;5
0522;9
0523;7
0524;12
0525;5
0526;8
0527;10
0528;7
0529;7
0530;15
0531;8
0601;9
0602;5
0603;5
0604;9
0605;8
0606;10
0607;12
0608;7
0609;8
0610;13
0611;11
0612;8
0613;8
0614;9
0615;7
0616;7
0617;16
0618;8
0619;11
0620;10
0621;6
0622;9
0623;4
0624;7
0625;10
0626;12
0627;14
0628;11
0629;11
0630;4
0701;10
0702;7
0703;6
0704;11
0705;5
0706;3
0707;7
0708;14
0709;4
0710;10
0711;10
0712;4
0713;7
0714;9
0715;7
0716;12
0717;12
0718;4
0719;6
0720;8
0721;16
0722;6
0723;7
0724;3
0725;7
0726;7
0727;4
0728;12
0729;8
0730;3
0731;10
0801;9
0802;12
0803;5
0804;10
0805;12
0806;11
0807;8
0808;13
0809;10
0810;7
0811;16
0812;15
0813;8
0814;9
0815;10
0816;8
0817;10
0818;17
0819;8
0820;3
0821;9
0822;6
0823;10
0824;9
0825;7
0826;11
0827;7
0828;5
0829;2
0830;8
0831;8
0901;8
0902;16
0903;8
0904;7
0905;10
0906;10
0907;12
0908;5
0909;8
0910;8
0911;9
0912;4
0913;7
0914;9
0915;14
0916;12
0917;2
0918;8
0919;2
0920;9
0921;8
0922;2
0923;5
0924;7
0925;10
0926;6
0927;5
0928;13
0929;11
0930;11
1001;8
1002;8
1003;8
1004;11
1005;12
1006;8
1007;8
1008;6
1009;4
1010;15
1011;10
1012;9
1013;11
1014;10
1015;13
1016;9
1017;7
1018;8
1019;10
1020;12
1021;13
1022;12
1023;7
1024;10
1025;9
1026;6
1027;6
1028;9
1029;13
1030;12
1031;6
1101;10
1102;13
1103;15
1104;6
1105;8
1106;12
1107;7
1108;10
1109;7
1110;4
1111;15
1112;6
1113;8
1114;8
1115;6
1116;6
1117;6
1118;7
1119;9
1120;14
1121;6
1122;14
1123;9
1124;4
1125;5
1126;13
1127;12
1128;12
1129;7
1130;9
1201;16
1202;9
1203;7
1204;13
1205;12
1206;10
1207;8
1208;8
1209;9
1210;7
1211;13
1212;7
1213;11
1214;11
1215;9
1216;6
1217;8
1218;7
1219;12
1220;9
1221;6
1222;5
1223;8
1224;10
1225;9
1226;9
1227;10
1228;8
1229;11
1230;9
1231;10
