0101;14
0102;7
0103;8
0104;7
0105;13
0106;10
0107;10
0108;8
0109;10
0110;12
0111;10
0112;13
0113;6
0114;10
0115;7
0116;10
0117;7
0118;8
0119;12
0120;7
0121;10
0122;12
0123;5
0124;10
0125;7
0126;12
0127;8
0128;10
0129;12
0130;3
0131;8
0201;15
0202;8
0203;11
0204;12
0205;14
0206;13
0207;7
0208;5
0209;9
0210;10
0211;10
0212;6
0213;7
0214;10
0215;14
0216;20
0217;8
0218;9
0219;14
0220;8
0221;8
0222;11
0223;6
0224;12
0225;8
0226;10
0227;10
0228;11
0301;8
0302;11
0303;14
0304;11
0305;9
0306;9
0307;20
0308;10
0309;7
0310;12
0311;5
0312;7
0313;10
0314;15
0315;19
0316;7
0317;11
0318;6
0319;7
0320;7
0321;7
0322;14
0323;4
0324;3
0325;8
0326;5
0327;7
0328;5
0329;11
0330;4
0331;5
0401;10
0402;8
0403;6
0404;9
0405;2
0406;7
0407;7
0408;6
0409;15
0410;11
0411;13
0412;8
0413;3
0414;8
0415;9
0416;11
0417;7
0418;5
0419;13
0420;8
0421;8
0422;7
0423;9
0424;2
0425;7
0426;12
0427;9
0428;12
0429;8
0430;6
0501;4
0502;9
0503;10
0504;4
0505;8
0506;11
0507;6
0508;6
0509;15
0510;8
0511;7
0512;9
0513;8
0514;4
0515;5
0516;6
0517;11
0518;5
0519;6
0520;13
0521;6
0522;6
0523;8
0524;11
0525;7
0526;6
0527;8
0528;12
0529;1
0530;1
0531;9
0601;12
0602;10
0603;14
0604;5
0605;4
0606;8
0607;2
0608;13
0609;9
0610;8
0611;5
0612;9
0613;8
0614;5
0615;6
0616;11
0617;14
0618;7
0619;6
0620;9
0621;2
0622;5
0623;9
0624;4
0625;4
0626;7
0627;10
0628;9
0629;18
0630;12
0701;12
0702;2
0703;9
0704;10
0705;6
0706;5
0707;10
0708;7
0709;5
0710;4
0711;5
0712;4
0713;7
0714;5
0715;4
0716;5
0717;4
0718;8
0719;4
0720;4
0721;11
0722;8
0723;6
0724;7
0725;11
0727;3
0728;5
0729;6
0730;10
0731;4
0801;5
0802;7
0803;5
0804;8
0805;6
0806;11
0807;6
0808;6
0809;9
0810;4
0811;9
0812;4
0813;7
0814;4
0815;3
0816;7
0817;10
0818;10
0819;7
0820;6
0821;11
0822;2
0823;5
0824;3
0825;7
0826;5
0827;8
0828;10
0829;7
0830;5
0831;5
0901;4
0902;6
0903;5
0904;4
0905;12
0906;7
0907;3
0908;8
0909;10
0910;11
0911;4
0912;9
0913;12
0914;9
0915;7
0916;3
0917;12
0918;4
0919;10
0920;8
0921;12
0922;10
0923;3
0924;6
0925;10
0926;9
0927;8
0928;6
0929;8
0930;9
1001;9
1002;4
1003;4
1004;8
1005;7
1006;5
1007;8
1008;3
1009;8
1010;3
1011;10
1012;7
1013;7
1014;9
1015;8
1016;5
1017;7
1018;7
1019;4
1020;6
1021;4
1022;8
1023;13
1024;9
1025;9
1026;6
1027;7
1028;6
1029;8
1030;7
1031;4
1101;5
1102;6
1103;9
1104;13
1105;16
1106;7
1107;5
1108;4
1109;11
1110;10
1111;7
1112;5
1113;7
1114;5
1115;5
1116;8
1117;8
1118;5
1119;4
1120;6
1121;11
1122;10
1123;10
1124;7
1125;9
1126;10
1127;9
1128;5
1129;8
1130;8
1201;9
1202;9
1203;9
1204;5
1205;6
1206;6
1207;9
1208;8
1209;5
1210;6
1211;8
1212;4
1213;5
1214;8
1215;3
1216;10
1217;6
1218;3
1219;2
1220;9
1221;10
1222;9
1223;9
1224;4
1225;5
1226;9
1227;5
1228;9
1229;9
1230;8
1231;11
