0101;6
0102;4
0103;4
0104;3
0105;6
0106;4
0107;7
0108;6
0109;7
0110;4
0111;6
0112;1
0113;6
0114;10
0115;5
0116;2
0117;2
0118;6
0119;1
0120;4
0121;5
0122;6
0123;2
0124;5
0125;2
0126;8
0127;11
0128;4
0129;5
0130;2
0131;7
0201;12
0202;9
0203;5
0204;10
0205;5
0206;5
0207;5
0208;7
0209;7
0210;5
0211;5
0212;12
0213;7
0214;2
0215;6
0216;6
0217;4
0218;7
0219;2
0220;5
0221;3
0222;8
0223;2
0224;4
0225;4
0226;5
0227;5
0228;8
0301;4
0302;4
0303;5
0304;5
0305;7
0306;2
0307;7
0308;2
0309;2
0310;3
0311;2
0312;6
0313;7
0314;6
0315;3
0316;7
0317;10
0318;1
0319;5
0320;5
0321;4
0322;5
0323;7
0324;1
0325;5
0326;3
0327;3
0328;3
0329;6
0330;11
0331;3
0401;4
0402;6
0403;2
0404;4
0405;5
0406;4
0407;1
0408;5
0409;2
0410;4
0411;8
0412;8
0413;3
0414;3
0415;3
0416;4
0417;1
0418;5
0419;7
0420;6
0421;6
0422;7
0423;4
0424;4
0425;6
0426;8
0427;4
0428;4
0429;9
0430;2
0501;2
0502;5
0503;7
0504;6
0505;5
0506;2
0507;2
0508;9
0509;10
0510;5
0511;6
0513;6
0514;4
0515;4
0516;6
0517;3
0518;5
0519;9
0520;3
0521;4
0522;4
0523;1
0524;5
0525;6
0526;2
0527;4
0528;5
0529;6
0530;1
0531;6
0601;3
0602;2
0603;1
0604;5
0605;3
0606;5
0607;4
0608;4
0609;5
0610;5
0611;4
0612;4
0613;6
0614;1
0616;4
0617;2
0618;4
0619;5
0620;4
0621;6
0622;6
0623;8
0624;5
0625;5
0626;6
0627;8
0628;4
0629;5
0630;3
0701;3
0702;4
0703;5
0704;3
0705;4
0706;3
0707;7
0708;3
0709;4
0710;5
0711;2
0712;6
0713;2
0714;4
0715;6
0716;5
0717;2
0718;5
0719;4
0720;5
0721;8
0722;6
0723;8
0724;2
0725;9
0726;7
0727;4
0728;4
0729;4
0730;4
0731;2
0801;2
0802;3
0803;6
0804;5
0805;5
0806;3
0807;6
0808;8
0809;7
0810;4
0811;5
0812;6
0813;9
0814;5
0815;4
0816;2
0817;3
0818;8
0819;8
0820;3
0821;3
0822;3
0823;1
0824;2
0825;6
0826;7
0827;4
0828;2
0829;8
0830;1
0901;1
0902;3
0903;4
0904;7
0905;4
0906;2
0907;5
0908;3
0909;5
0910;6
0911;3
0912;5
0913;1
0914;4
0915;4
0916;7
0917;3
0918;5
0919;9
0920;2
0921;4
0922;2
0923;4
0924;4
0925;5
0926;2
0927;3
0928;4
0929;5
0930;4
1001;10
1002;2
1003;4
1004;3
1005;2
1006;5
1007;4
1008;3
1009;5
1010;4
1011;5
1012;2
1013;6
1014;7
1015;3
1016;6
1017;5
1018;4
1019;6
1020;4
1021;4
1022;5
1023;3
1024;5
1025;8
1026;9
1027;4
1028;8
1029;5
1030;4
1031;4
1101;6
1102;6
1103;7
1104;2
1105;3
1106;3
1107;6
1108;5
1109;6
1110;3
1111;5
1112;2
1113;8
1114;5
1115;6
1116;2
1117;10
1118;7
1119;3
1120;4
1121;5
1122;8
1123;4
1124;3
1125;4
1126;5
1127;6
1128;1
1129;5
1130;6
1201;1
1202;5
1203;2
1204;4
1205;3
1206;1
1207;4
1208;7
1209;4
1210;5
1211;6
1212;8
1213;8
1214;7
1215;4
1216;3
1217;9
1218;4
1219;3
1220;5
1221;1
1222;5
1223;6
1224;6
1225;2
1226;7
1227;5
1228;6
1230;5
1231;4
