0101;2
0102;8
0103;7
0104;6
0105;5
0106;7
0107;9
0108;8
0109;7
0110;5
0111;7
0112;6
0113;4
0114;3
0115;8
0116;5
0117;6
0118;7
0119;11
0120;5
0121;7
0122;5
0123;5
0124;6
0125;4
0126;5
0127;2
0128;4
0129;4
0130;2
0131;3
0201;5
0202;4
0203;6
0204;7
0205;9
0206;6
0207;5
0208;5
0209;3
0210;10
0211;5
0212;6
0213;8
0214;8
0215;7
0216;7
0217;10
0218;4
0219;7
0220;11
0221;7
0222;6
0223;10
0224;12
0225;10
0226;7
0227;10
0228;11
0301;8
0302;10
0303;10
0304;3
0305;7
0306;5
0307;13
0308;6
0309;6
0310;8
0311;6
0312;4
0313;6
0314;6
0315;3
0316;7
0317;5
0318;7
0319;8
0320;5
0321;8
0322;7
0323;5
0324;3
0325;3
0326;6
0327;4
0328;8
0329;4
0330;5
0331;3
0401;6
0402;3
0403;3
0404;2
0405;6
0406;10
0407;9
0408;6
0409;8
0410;3
0411;3
0412;2
0413;9
0414;5
0415;2
0416;4
0417;8
0418;6
0419;6
0420;5
0421;5
0422;7
0423;7
0424;10
0425;3
0426;5
0427;2
0428;4
0429;10
0430;6
0501;5
0502;10
0503;2
0504;6
0505;7
0506;8
0507;4
0508;5
0509;4
0510;3
0511;2
0512;7
0513;8
0514;4
0515;4
0516;2
0517;2
0518;2
0519;3
0520;4
0521;5
0522;7
0523;1
0524;3
0525;3
0526;2
0527;6
0528;3
0529;3
0530;7
0531;2
0601;5
0602;2
0603;6
0604;5
0605;4
0606;2
0607;7
0608;3
0609;2
0610;6
0611;8
0612;3
0613;3
0614;6
0615;5
0616;8
0617;5
0618;7
0619;5
0620;5
0622;9
0623;3
0624;5
0625;3
0626;1
0627;5
0628;10
0629;5
0630;5
0701;5
0702;5
0703;5
0704;10
0705;2
0706;5
0707;4
0708;6
0709;2
0710;4
0711;1
0712;5
0713;7
0714;2
0715;6
0716;5
0717;11
0718;8
0719;4
0720;2
0721;4
0722;6
0723;5
0724;3
0725;8
0726;4
0727;12
0728;3
0729;4
0730;7
0731;5
0801;6
0802;5
0803;6
0804;7
0805;4
0806;6
0807;2
0808;2
0809;5
0810;2
0811;9
0812;8
0813;13
0814;6
0815;7
0816;4
0817;6
0818;3
0819;4
0820;4
0821;5
0822;6
0823;4
0824;3
0825;4
0826;2
0827;2
0828;6
0829;4
0830;6
0831;4
0901;3
0902;4
0903;1
0904;5
0905;3
0906;5
0907;6
0908;4
0909;6
0910;2
0911;7
0912;2
0913;5
0914;8
0915;6
0916;5
0917;2
0918;6
0919;6
0920;5
0921;8
0922;4
0923;4
0924;6
0925;6
0926;5
0927;4
0928;5
0929;4
0930;6
1001;6
1002;6
1003;8
1004;8
1005;5
1006;9
1007;3
1008;5
1009;1
1010;5
1011;2
1012;6
1013;5
1014;2
1015;6
1016;7
1017;4
1018;1
1019;6
1020;1
1021;5
1022;7
1023;7
1024;5
1025;7
1026;2
1027;3
1028;3
1029;6
1030;3
1031;6
1101;4
1102;5
1103;6
1104;5
1105;10
1106;2
1107;7
1108;8
1109;3
1110;7
1111;5
1112;4
1113;3
1114;5
1115;3
1116;5
1117;9
1118;4
1119;5
1120;3
1121;7
1122;4
1123;7
1124;4
1125;7
1126;7
1127;2
1128;5
1129;6
1130;8
1201;3
1202;5
1203;4
1204;4
1205;3
1206;2
1207;2
1208;6
1209;6
1210;9
1211;3
1212;5
1213;2
1214;7
1215;7
1216;4
1217;3
1218;6
1219;4
1220;1
1221;8
1222;3
1223;8
1224;5
1226;4
1227;2
1228;7
1229;4
1230;6
