0101;8
0102;14
0103;10
0104;9
0105;7
0106;8
0107;10
0108;13
0109;12
0110;7
0111;7
0112;5
0113;11
0114;14
0115;14
0116;12
0117;10
0118;10
0119;7
0120;5
0121;7
0122;3
0123;8
0124;9
0125;9
0126;8
0127;8
0128;7
0129;6
0130;7
0131;11
0201;12
0202;10
0203;5
0204;14
0205;10
0206;14
0207;13
0208;13
0209;9
0210;9
0211;10
0212;11
0213;11
0214;10
0215;11
0216;14
0217;13
0218;15
0219;12
0220;7
0221;7
0222;12
0223;4
0224;9
0225;10
0226;16
0227;8
0228;7
0301;15
0302;6
0303;7
0304;21
0305;14
0306;15
0307;17
0308;9
0309;15
0310;9
0311;10
0312;4
0313;11
0314;8
0315;20
0316;9
0317;8
0318;9
0319;10
0320;7
0321;6
0322;13
0323;10
0324;9
0325;9
0326;9
0327;6
0328;10
0329;6
0330;7
0331;9
0401;21
0402;14
0403;11
0404;9
0405;10
0406;7
0407;7
0408;6
0409;10
0410;6
0411;12
0412;8
0413;9
0414;7
0415;10
0416;6
0417;8
0418;14
0419;7
0420;6
0421;6
0422;10
0423;12
0424;9
0425;8
0426;7
0427;8
0428;5
0429;5
0430;11
0501;11
0502;4
0503;9
0504;6
0505;7
0506;12
0507;11
0508;5
0509;6
0510;6
0511;8
0512;11
0513;7
0514;5
0515;3
0516;6
0517;6
0518;6
0519;5
0520;8
0521;9
0522;8
0523;11
0524;6
0525;7
0526;11
0527;7
0528;5
0529;11
0530;13
0531;11
0601;8
0602;8
0603;7
0604;11
0605;6
0606;13
0607;7
0608;10
0609;5
0610;11
0611;13
0612;11
0613;5
0614;6
0615;7
0616;3
0617;3
0618;11
0619;9
0620;12
0621;7
0622;16
0623;10
0624;5
0625;4
0626;6
0627;13
0628;11
0629;17
0630;10
0701;11
0702;9
0703;6
0704;10
0705;7
0706;8
0707;12
0708;6
0709;7
0710;10
0711;9
0712;9
0713;10
0714;10
0715;3
0716;10
0717;8
0718;12
0719;11
0720;5
0721;7
0722;6
0723;12
0724;5
0725;6
0726;11
0727;8
0728;6
0729;15
0730;18
0731;14
0801;11
0802;7
0803;10
0804;11
0805;7
0806;5
0807;8
0808;7
0809;13
0810;9
0811;12
0812;6
0813;7
0814;12
0815;9
0816;8
0817;8
0818;5
0819;6
0820;11
0821;5
0822;7
0823;4
0824;8
0825;4
0826;5
0827;8
0828;6
0829;6
0830;12
0831;9
0901;11
0902;8
0903;7
0904;4
0905;6
0906;6
0907;7
0908;6
0909;8
0910;7
0911;4
0912;5
0913;11
0914;6
0915;8
0916;12
0917;3
0918;8
0919;11
0920;9
0921;8
0922;2
0923;5
0924;12
0925;10
0926;8
0927;12
0928;9
0929;7
0930;14
1001;5
1002;6
1003;8
1004;5
1005;6
1006;12
1007;12
1008;7
1009;6
1010;11
1011;6
1012;6
1013;9
1014;5
1015;7
1016;3
1017;7
1018;6
1019;4
1020;5
1021;13
1022;6
1023;4
1024;5
1025;6
1026;10
1027;8
1028;12
1029;5
1030;9
1031;9
1101;11
1102;6
1103;11
1104;4
1105;13
1106;8
1107;11
1108;11
1109;6
1110;7
1111;8
1112;13
1113;8
1114;1
1115;5
1116;5
1117;8
1118;5
1119;7
1120;3
1121;3
1122;6
1123;7
1124;9
1125;12
1126;12
1127;12
1128;10
1129;10
1130;9
1201;4
1202;6
1203;5
1204;9
1205;6
1206;5
1207;7
1208;10
1209;9
1210;6
1211;12
1212;7
1213;10
1214;13
1215;6
1216;14
1217;6
1218;7
1219;5
1220;10
1221;9
1222;13
1223;8
1224;15
1225;10
1226;5
1227;8
1228;6
1229;20
1230;5
1231;12
