0101;29
0102;43
0103;32
0104;36
0105;38
0106;48
0107;43
0108;38
0109;34
0110;25
0111;41
0112;42
0113;31
0114;45
0115;38
0116;28
0117;34
0118;43
0119;45
0120;41
0121;35
0122;33
0123;43
0124;43
0125;32
0126;52
0127;37
0128;29
0129;48
0130;47
0131;47
0201;34
0202;38
0203;33
0204;44
0205;48
0206;32
0207;42
0208;34
0209;45
0210;56
0211;56
0212;45
0213;46
0214;52
0215;43
0216;59
0217;49
0218;61
0219;44
0220;57
0221;47
0222;47
0223;53
0224;53
0225;48
0226;44
0227;55
0228;63
0301;51
0302;58
0303;69
0304;50
0305;59
0306;46
0307;37
0308;53
0309;37
0310;32
0311;52
0312;29
0313;37
0314;39
0315;43
0316;36
0317;35
0318;34
0319;36
0320;35
0321;26
0322;31
0323;37
0324;28
0325;40
0326;38
0327;32
0328;35
0329;37
0330;29
0331;40
0401;35
0402;41
0403;39
0404;25
0405;27
0406;43
0407;35
0408;34
0409;40
0410;34
0411;39
0412;30
0413;36
0414;33
0415;29
0416;33
0417;31
0418;35
0419;35
0420;38
0421;28
0422;31
0423;38
0424;33
0425;31
0426;37
0427;30
0428;39
0429;42
0430;32
0501;27
0502;45
0503;39
0504;37
0505;25
0506;30
0507;27
0508;31
0509;31
0510;40
0511;33
0512;25
0513;39
0514;40
0515;32
0516;28
0517;44
0518;25
0519;29
0520;42
0521;36
0522;33
0523;43
0524;33
0525;26
0526;38
0527;33
0528;48
0529;27
0530;38
0531;25
0601;34
0602;40
0603;32
0604;29
0605;32
0606;32
0607;34
0608;24
0609;27
0610;31
0611;35
0612;40
0613;31
0614;28
0615;22
0616;40
0617;34
0618;34
0619;31
0620;37
0621;47
0622;22
0623;38
0624;32
0625;23
0626;21
0627;31
0628;37
0629;47
0630;34
0701;36
0702;29
0703;23
0704;36
0705;26
0706;23
0707;35
0708;29
0709;23
0710;30
0711;23
0712;34
0713;34
0714;28
0715;39
0716;31
0717;29
0718;27
0719;27
0720;29
0721;32
0722;26
0723;22
0724;34
0725;34
0726;27
0727;30
0728;40
0729;37
0730;37
0731;32
0801;34
0802;28
0803;33
0804;28
0805;23
0806;28
0807;27
0808;29
0809;27
0810;33
0811;29
0812;28
0813;20
0814;25
0815;32
0816;37
0817;25
0818;26
0819;25
0820;28
0821;32
0822;32
0823;28
0824;25
0825;23
0826;31
0827;20
0828;32
0829;25
0830;32
0831;33
0901;32
0902;26
0903;23
0904;26
0905;36
0906;32
0907;23
0908;22
0909;36
0910;30
0911;38
0912;29
0913;24
0914;33
0915;26
0916;30
0917;30
0918;26
0919;39
0920;34
0921;30
0922;31
0923;28
0924;28
0925;32
0926;31
0927;30
0928;29
0929;35
0930;29
1001;29
1002;37
1003;37
1004;32
1005;29
1006;38
1007;28
1008;23
1009;33
1010;23
1011;34
1012;24
1013;25
1014;30
1015;17
1016;37
1017;25
1018;38
1019;37
1020;30
1021;42
1022;40
1023;30
1024;31
1025;27
1026;29
1027;35
1028;35
1029;40
1030;30
1031;29
1101;44
1102;32
1103;37
1104;35
1105;27
1106;34
1107;22
1108;31
1109;21
1110;40
1111;33
1112;27
1113;30
1114;29
1115;33
1116;36
1117;39
1118;27
1119;37
1120;26
1121;33
1122;34
1123;27
1124;38
1125;37
1126;28
1127;28
1128;30
1129;37
1130;50
1201;41
1202;27
1203;21
1204;42
1205;29
1206;38
1207;40
1208;25
1209;35
1210;34
1211;37
1212;43
1213;30
1214;29
1215;41
1216;34
1217;43
1218;31
1219;35
1220;28
1221;35
1222;41
1223;45
1224;38
1225;52
1226;45
1227;38
1228;46
1229;53
1230;51
1231;32
