0101;19
0102;14
0103;21
0104;20
0105;9
0106;18
0107;19
0108;18
0109;18
0110;18
0111;19
0112;18
0113;15
0114;7
0115;20
0116;29
0117;29
0118;16
0119;15
0120;16
0121;17
0122;16
0123;18
0124;18
0125;17
0126;16
0127;17
0128;24
0129;28
0130;22
0131;23
0201;17
0202;30
0203;24
0204;17
0205;8
0206;14
0207;20
0208;32
0209;13
0210;18
0211;20
0212;22
0213;21
0214;27
0215;14
0216;21
0217;35
0218;19
0219;24
0220;17
0221;21
0222;15
0223;28
0224;16
0225;22
0226;16
0227;15
0228;24
0301;24
0302;15
0303;24
0304;27
0305;11
0306;12
0307;17
0308;21
0309;20
0310;21
0311;28
0312;22
0313;11
0314;10
0315;17
0316;20
0317;9
0318;17
0319;14
0320;21
0321;20
0322;23
0323;21
0324;17
0325;15
0326;14
0327;17
0328;21
0329;14
0330;18
0331;13
0401;16
0402;10
0403;16
0404;21
0405;13
0406;14
0407;16
0408;15
0409;19
0410;16
0411;15
0412;19
0413;16
0414;18
0415;26
0416;10
0417;13
0418;24
0419;13
0420;16
0421;22
0422;17
0423;26
0424;15
0425;9
0426;11
0427;19
0428;13
0429;14
0430;17
0501;18
0502;13
0503;29
0504;19
0505;15
0506;10
0507;16
0508;19
0509;12
0510;14
0511;18
0512;20
0513;18
0514;14
0515;18
0516;17
0517;20
0518;9
0519;24
0520;17
0521;12
0522;13
0523;20
0524;18
0525;14
0526;14
0527;17
0528;15
0529;18
0530;16
0531;12
0601;20
0602;10
0603;23
0604;12
0605;14
0606;12
0607;9
0608;13
0609;11
0610;18
0611;13
0612;12
0613;19
0614;17
0615;10
0616;9
0617;8
0618;13
0619;9
0620;13
0621;19
0622;12
0623;14
0624;11
0625;20
0626;14
0627;11
0628;23
0629;19
0630;15
0701;13
0702;9
0703;14
0704;10
0705;11
0706;13
0707;13
0708;17
0709;21
0710;17
0711;11
0712;10
0713;15
0714;12
0715;18
0716;10
0717;18
0718;13
0719;16
0720;16
0721;15
0722;12
0723;15
0724;19
0725;8
0726;21
0727;13
0728;11
0729;20
0730;12
0731;14
0801;16
0802;10
0803;18
0804;12
0805;14
0806;10
0807;9
0808;23
0809;11
0810;17
0811;14
0812;19
0813;14
0814;21
0815;16
0816;12
0817;23
0818;8
0819;19
0820;8
0821;8
0822;11
0823;13
0824;11
0825;13
0826;17
0827;17
0828;13
0829;12
0830;14
0831;13
0901;18
0902;14
0903;10
0904;17
0905;16
0906;8
0907;12
0908;15
0909;16
0910;11
0911;16
0912;19
0913;25
0914;13
0915;17
0916;18
0917;14
0918;9
0919;16
0920;12
0921;13
0922;17
0923;10
0924;17
0925;15
0926;7
0927;17
0928;18
0929;19
0930;9
1001;19
1002;18
1003;17
1004;16
1005;27
1006;15
1007;14
1008;20
1009;12
1010;16
1011;19
1012;16
1013;16
1014;8
1015;12
1016;19
1017;14
1018;17
1019;15
1020;17
1021;21
1022;11
1023;18
1024;25
1025;17
1026;17
1027;20
1028;13
1029;9
1030;14
1031;14
1101;13
1102;14
1103;18
1104;18
1105;8
1106;17
1107;20
1108;10
1109;20
1110;28
1111;13
1112;23
1113;14
1114;21
1115;15
1116;11
1117;21
1118;10
1119;18
1120;20
1121;20
1122;17
1123;15
1124;18
1125;12
1126;11
1127;15
1128;17
1129;12
1130;18
1201;14
1202;14
1203;18
1204;13
1205;14
1206;20
1207;16
1208;15
1209;15
1210;20
1211;16
1212;17
1213;21
1214;13
1215;12
1216;11
1217;16
1218;13
1219;14
1220;15
1221;19
1222;17
1223;18
1224;16
1225;18
1226;16
1227;16
1228;18
1229;20
1230;26
1231;16
