0101;20
0102;28
0103;38
0104;20
0105;25
0106;23
0107;24
0108;26
0109;22
0110;34
0111;28
0112;21
0113;19
0114;24
0115;21
0116;23
0117;15
0118;30
0119;28
0120;36
0121;22
0122;22
0123;21
0124;36
0125;29
0126;33
0127;18
0128;18
0129;29
0130;24
0131;25
0201;20
0202;21
0203;25
0204;27
0205;28
0206;25
0207;31
0208;34
0209;15
0210;30
0211;26
0212;22
0213;27
0214;31
0215;26
0216;24
0217;39
0218;37
0219;36
0220;31
0221;49
0222;37
0223;28
0224;40
0225;36
0226;30
0227;28
0228;33
0301;30
0302;38
0303;45
0304;36
0305;33
0306;30
0307;41
0308;32
0309;22
0310;29
0311;19
0312;35
0313;28
0314;30
0315;36
0316;39
0317;15
0318;31
0319;24
0320;14
0321;22
0322;29
0323;20
0324;29
0325;26
0326;24
0327;23
0328;29
0329;33
0330;20
0331;32
0401;27
0402;35
0403;27
0404;24
0405;25
0406;23
0407;21
0408;23
0409;25
0410;27
0411;26
0412;23
0413;23
0414;24
0415;20
0416;25
0417;22
0418;34
0419;20
0420;29
0421;24
0422;31
0423;17
0424;32
0425;25
0426;21
0427;21
0428;24
0429;21
0430;21
0501;20
0502;18
0503;23
0504;16
0505;21
0506;22
0507;27
0508;15
0509;27
0510;19
0511;27
0512;22
0513;22
0514;23
0515;16
0516;21
0517;20
0518;27
0519;25
0520;20
0521;24
0522;24
0523;20
0524;27
0525;15
0526;16
0527;25
0528;19
0529;23
0530;19
0531;18
0601;28
0602;19
0603;27
0604;23
0605;23
0606;20
0607;12
0608;27
0609;26
0610;28
0611;20
0612;13
0613;14
0614;19
0615;39
0616;25
0617;18
0618;34
0619;17
0620;24
0621;30
0622;18
0623;21
0624;18
0625;29
0626;18
0627;21
0628;28
0629;23
0630;21
0701;32
0702;22
0703;16
0704;17
0705;25
0706;16
0707;24
0708;26
0709;17
0710;24
0711;12
0712;20
0713;20
0714;28
0715;20
0716;29
0717;16
0718;19
0719;20
0720;21
0721;18
0722;22
0723;27
0724;12
0725;15
0726;15
0727;13
0728;28
0729;22
0730;17
0731;22
0801;19
0802;13
0803;32
0804;18
0805;26
0806;20
0807;22
0808;22
0809;21
0810;20
0811;17
0812;18
0813;15
0814;21
0815;15
0816;14
0817;18
0818;21
0819;16
0820;13
0821;20
0822;21
0823;15
0824;14
0825;22
0826;17
0827;20
0828;22
0829;20
0830;19
0831;22
0901;19
0902;24
0903;20
0904;16
0905;22
0906;25
0907;27
0908;20
0909;24
0910;18
0911;29
0912;18
0913;13
0914;24
0915;22
0916;20
0917;17
0918;20
0919;15
0920;30
0921;21
0922;22
0923;21
0924;12
0925;29
0926;18
0927;15
0928;21
0929;28
0930;18
1001;20
1002;23
1003;23
1004;18
1005;25
1006;20
1007;18
1008;10
1009;15
1010;19
1011;22
1012;25
1013;26
1014;16
1015;17
1016;10
1017;20
1018;24
1019;26
1020;19
1021;19
1022;25
1023;26
1024;20
1025;21
1026;16
1027;27
1028;19
1029;20
1030;20
1031;17
1101;22
1102;17
1103;22
1104;33
1105;19
1106;26
1107;14
1108;22
1109;22
1110;18
1111;24
1112;20
1113;20
1114;21
1115;18
1116;25
1117;30
1118;29
1119;24
1120;17
1121;28
1122;24
1123;16
1124;20
1125;23
1126;22
1127;17
1128;27
1129;32
1130;23
1201;24
1202;23
1203;25
1204;19
1205;27
1206;14
1207;19
1208;33
1209;17
1210;23
1211;27
1212;20
1213;23
1214;27
1215;16
1216;28
1217;18
1218;26
1219;19
1220;27
1221;25
1222;24
1223;27
1224;28
1225;25
1226;28
1227;16
1228;19
1229;19
1230;18
1231;28
