0005;1
0101;35
0102;29
0103;40
0104;36
0105;29
0106;46
0107;35
0108;34
0109;37
0110;37
0111;35
0112;38
0113;35
0114;39
0115;48
0116;36
0117;29
0118;32
0119;31
0120;33
0121;43
0122;27
0123;29
0124;20
0125;34
0126;24
0127;60
0128;25
0129;38
0130;29
0131;38
0201;34
0202;32
0203;43
0204;33
0205;28
0206;30
0207;35
0208;44
0209;27
0210;50
0211;36
0212;37
0213;44
0214;41
0215;38
0216;35
0217;35
0218;27
0219;31
0220;39
0221;41
0222;33
0223;43
0224;40
0225;38
0226;35
0227;33
0228;27
0301;41
0302;33
0303;40
0304;27
0305;38
0306;29
0307;29
0308;29
0309;25
0310;28
0311;43
0312;40
0313;32
0314;24
0315;33
0316;35
0317;30
0318;41
0319;32
0320;31
0321;39
0322;32
0323;17
0324;38
0325;35
0326;29
0327;26
0328;30
0329;36
0330;32
0331;27
0401;22
0402;30
0403;32
0404;44
0405;25
0406;27
0407;32
0408;30
0409;38
0410;24
0411;29
0412;26
0413;18
0414;25
0415;36
0416;31
0417;31
0418;28
0419;23
0420;19
0421;40
0422;21
0423;29
0424;26
0425;33
0426;22
0427;30
0428;21
0429;25
0430;36
0501;35
0502;31
0503;30
0504;25
0505;32
0506;36
0507;27
0508;29
0509;29
0510;23
0511;24
0512;33
0513;38
0514;12
0515;21
0516;29
0517;22
0518;32
0519;35
0520;26
0521;26
0522;22
0523;35
0524;22
0525;25
0526;21
0527;28
0528;17
0529;27
0530;20
0531;34
0601;34
0602;34
0603;31
0604;31
0605;20
0606;25
0607;25
0608;29
0609;34
0610;29
0611;34
0612;22
0613;24
0614;20
0615;25
0616;24
0617;31
0618;27
0619;26
0620;33
0621;30
0622;33
0623;28
0624;29
0625;36
0626;33
0627;35
0628;44
0629;41
0630;44
0701;35
0702;22
0703;41
0704;30
0705;18
0706;26
0707;23
0708;26
0709;28
0710;30
0711;27
0712;32
0713;22
0714;24
0715;24
0716;30
0717;33
0718;25
0719;22
0720;20
0721;32
0722;18
0723;38
0724;24
0725;23
0726;22
0727;30
0728;23
0729;33
0730;30
0731;37
0801;26
0802;23
0803;35
0804;28
0805;33
0806;23
0807;17
0808;24
0809;23
0810;19
0811;25
0812;21
0813;29
0814;22
0815;27
0816;27
0817;26
0818;30
0819;28
0820;29
0821;28
0822;21
0823;18
0824;24
0825;16
0826;24
0827;17
0828;15
0829;22
0830;32
0831;22
0901;20
0902;18
0903;37
0904;20
0905;26
0906;28
0907;25
0908;20
0909;31
0910;28
0911;23
0912;32
0913;26
0914;27
0915;22
0916;31
0917;27
0918;26
0919;25
0920;29
0921;32
0922;32
0923;20
0924;19
0925;29
0926;24
0927;29
0928;37
0929;28
0930;23
1001;31
1002;25
1003;28
1004;32
1005;25
1006;34
1007;25
1008;22
1009;32
1010;26
1011;25
1012;27
1013;28
1014;28
1015;22
1016;24
1017;26
1018;25
1019;29
1020;19
1021;28
1022;34
1023;22
1024;32
1025;40
1026;29
1027;36
1028;32
1029;26
1030;21
1031;28
1101;29
1102;21
1103;27
1104;43
1105;17
1106;33
1107;30
1108;24
1109;29
1110;36
1111;27
1112;30
1113;27
1114;28
1115;40
1116;36
1117;21
1118;28
1119;22
1120;25
1121;30
1122;23
1123;33
1124;27
1125;27
1126;28
1127;19
1128;30
1129;24
1130;29
1201;27
1202;32
1203;28
1204;42
1205;26
1206;34
1207;20
1208;28
1209;32
1210;31
1211;34
1212;25
1213;32
1214;35
1215;38
1216;32
1217;36
1218;27
1219;32
1220;22
1221;27
1222;20
1223;33
1224;43
1225;31
1226;32
1227;28
1228;23
1229;38
1230;40
1231;38
