0101;10
0102;15
0103;7
0104;20
0105;8
0106;12
0107;5
0108;10
0109;20
0110;11
0111;15
0112;12
0113;13
0114;9
0115;12
0116;14
0117;8
0118;15
0119;11
0120;18
0121;12
0122;12
0123;12
0124;20
0125;12
0126;16
0127;19
0128;11
0129;12
0130;14
0131;19
0201;12
0202;14
0203;17
0204;8
0205;10
0206;18
0207;16
0208;15
0209;25
0210;13
0211;19
0212;16
0213;14
0214;19
0215;20
0216;21
0217;25
0218;22
0219;15
0220;15
0221;14
0222;14
0223;20
0224;13
0225;20
0226;17
0227;27
0228;22
0301;23
0302;20
0303;24
0304;25
0305;19
0306;27
0307;22
0308;16
0309;21
0310;14
0311;14
0312;21
0313;7
0314;18
0315;14
0316;11
0317;15
0318;9
0319;16
0320;15
0321;18
0322;10
0323;12
0324;18
0325;8
0326;7
0327;19
0328;14
0329;12
0330;15
0331;14
0401;17
0402;15
0403;10
0404;15
0405;14
0406;13
0407;13
0408;17
0409;17
0410;10
0411;13
0412;15
0413;12
0414;16
0415;15
0416;20
0417;17
0418;13
0419;19
0420;11
0421;10
0422;14
0423;13
0424;10
0425;9
0426;16
0427;6
0428;12
0429;10
0430;16
0501;12
0502;12
0503;14
0504;9
0505;12
0506;21
0507;12
0508;16
0509;15
0510;9
0511;10
0512;17
0513;10
0514;9
0515;14
0516;18
0517;12
0518;14
0519;16
0520;15
0521;9
0522;14
0523;4
0524;14
0525;13
0526;19
0527;17
0528;22
0529;7
0530;14
0531;11
0601;10
0602;18
0603;20
0604;15
0605;8
0606;13
0607;16
0608;25
0609;12
0610;15
0611;12
0612;14
0613;11
0614;7
0615;20
0616;11
0617;12
0618;14
0619;10
0620;12
0621;15
0622;13
0623;16
0624;9
0625;12
0626;11
0627;16
0628;17
0629;25
0630;22
0701;7
0702;17
0703;13
0704;7
0705;12
0706;19
0707;10
0708;12
0709;5
0710;15
0711;9
0712;10
0713;10
0714;15
0715;9
0716;12
0717;11
0718;11
0719;9
0720;14
0721;10
0722;11
0723;12
0724;15
0725;15
0726;10
0727;12
0728;20
0729;13
0730;10
0731;12
0801;14
0802;14
0803;14
0804;9
0805;12
0806;9
0807;14
0808;8
0809;8
0810;10
0811;12
0812;12
0813;9
0814;14
0815;7
0816;7
0817;16
0818;11
0819;10
0820;6
0821;10
0822;11
0823;16
0824;12
0825;10
0826;9
0827;13
0828;14
0829;11
0830;10
0831;14
0901;9
0902;17
0903;13
0904;11
0905;13
0906;12
0907;13
0908;16
0909;7
0910;13
0911;12
0912;16
0913;14
0914;15
0915;15
0916;9
0917;14
0918;12
0919;8
0920;10
0921;14
0922;7
0923;12
0924;17
0925;12
0926;18
0927;7
0928;15
0929;15
0930;15
1001;10
1002;5
1003;15
1004;11
1005;16
1006;17
1007;13
1008;7
1009;17
1010;9
1011;13
1012;10
1013;15
1014;9
1015;9
1016;11
1017;12
1018;15
1019;3
1020;13
1021;5
1022;11
1023;14
1024;14
1025;9
1026;16
1027;13
1028;17
1029;15
1030;12
1031;10
1101;10
1102;11
1103;9
1104;15
1105;13
1106;18
1107;13
1108;8
1109;10
1110;12
1111;7
1112;13
1113;18
1114;12
1115;7
1116;8
1117;12
1118;19
1119;13
1120;13
1121;13
1122;10
1123;19
1124;10
1125;16
1126;16
1127;10
1128;12
1129;15
1130;8
1201;12
1202;13
1203;6
1204;11
1205;16
1206;14
1207;13
1208;15
1209;7
1210;15
1211;17
1212;10
1213;5
1214;11
1215;14
1216;15
1217;17
1218;13
1219;11
1220;16
1221;8
1222;19
1223;11
1224;17
1225;21
1226;13
1227;12
1228;14
1229;20
1230;14
1231;16
