0101;32
0102;41
0103;33
0104;33
0105;34
0106;42
0107;26
0108;28
0109;30
0110;39
0111;35
0112;32
0113;41
0114;42
0115;39
0116;45
0117;28
0118;35
0119;35
0120;31
0121;28
0122;36
0123;29
0124;38
0125;30
0126;24
0127;31
0128;29
0129;25
0130;33
0131;40
0201;26
0202;34
0203;30
0204;36
0205;27
0206;31
0207;35
0208;26
0209;31
0210;38
0211;41
0212;43
0213;27
0214;45
0215;39
0216;32
0217;39
0218;53
0219;49
0220;52
0221;56
0222;44
0223;49
0224;44
0225;52
0226;33
0227;39
0228;36
0301;38
0302;38
0303;51
0304;44
0305;66
0306;41
0307;43
0308;38
0309;42
0310;42
0311;29
0312;33
0313;28
0314;37
0315;30
0316;36
0317;34
0318;31
0319;37
0320;31
0321;33
0322;29
0323;29
0324;37
0325;27
0326;26
0327;32
0328;38
0329;31
0330;45
0331;21
0401;32
0402;22
0403;31
0404;30
0405;24
0406;29
0407;32
0408;30
0409;27
0410;19
0411;30
0412;26
0413;38
0414;31
0415;30
0416;24
0417;30
0418;32
0419;18
0420;32
0421;33
0422;34
0423;32
0424;25
0425;37
0426;29
0427;26
0428;24
0429;30
0430;26
0501;27
0502;25
0503;14
0504;35
0505;31
0506;35
0507;22
0508;23
0509;38
0510;29
0511;18
0512;33
0513;40
0514;25
0515;32
0516;21
0517;31
0518;24
0519;30
0520;40
0521;33
0522;28
0523;30
0524;27
0525;24
0526;39
0527;35
0528;23
0529;35
0530;21
0531;28
0601;23
0602;29
0603;20
0604;36
0605;39
0606;27
0607;26
0608;24
0609;22
0610;35
0611;32
0612;32
0613;23
0614;34
0615;32
0616;28
0617;25
0618;27
0619;25
0620;36
0621;37
0622;30
0623;29
0624;14
0625;26
0626;26
0627;31
0628;33
0629;37
0630;18
0701;25
0702;25
0703;35
0704;37
0705;21
0706;22
0707;26
0708;19
0709;29
0710;34
0711;24
0712;35
0713;29
0714;16
0715;30
0716;29
0717;20
0718;23
0719;26
0720;19
0721;21
0722;26
0723;27
0724;26
0725;30
0726;35
0727;30
0728;30
0729;30
0730;30
0731;29
0801;33
0802;19
0803;26
0804;28
0805;23
0806;25
0807;32
0808;24
0809;32
0810;28
0811;28
0812;29
0813;21
0814;23
0815;29
0816;27
0817;21
0818;27
0819;29
0820;17
0821;25
0822;24
0823;29
0824;19
0825;29
0826;22
0827;28
0828;24
0829;20
0830;40
0831;27
0901;25
0902;29
0903;28
0904;32
0905;28
0906;29
0907;27
0908;33
0909;28
0910;27
0911;32
0912;26
0913;30
0914;29
0915;28
0916;26
0917;23
0918;23
0919;21
0920;22
0921;31
0922;29
0923;37
0924;26
0925;31
0926;22
0927;18
0928;34
0929;31
0930;26
1001;20
1002;16
1003;34
1004;28
1005;29
1006;31
1007;29
1008;33
1009;29
1010;25
1011;27
1012;28
1013;23
1014;20
1015;23
1016;30
1017;23
1018;31
1019;27
1020;34
1021;30
1022;28
1023;32
1024;21
1025;32
1026;21
1027;33
1028;31
1029;24
1030;27
1031;28
1101;25
1102;23
1103;31
1104;28
1105;23
1106;27
1107;28
1108;26
1109;33
1110;27
1111;31
1112;30
1113;30
1114;29
1115;23
1116;35
1117;21
1118;39
1119;22
1120;20
1121;37
1122;35
1123;30
1124;27
1125;36
1126;34
1127;24
1128;24
1129;22
1130;26
1201;29
1202;38
1203;30
1204;23
1205;34
1206;22
1207;28
1208;25
1209;24
1210;23
1211;20
1212;28
1213;32
1214;29
1215;28
1216;23
1217;22
1218;30
1219;35
1220;40
1221;26
1222;27
1223;27
1224;34
1225;38
1226;42
1227;20
1228;22
1229;32
1230;29
1231;25
