0101;23
0102;24
0103;17
0104;19
0105;17
0106;25
0107;18
0108;16
0109;17
0110;16
0111;19
0112;18
0113;18
0114;21
0115;16
0116;23
0117;24
0118;17
0119;21
0120;18
0121;14
0122;28
0123;8
0124;13
0125;20
0126;22
0127;14
0128;19
0129;17
0130;18
0131;16
0201;14
0202;15
0203;29
0204;25
0205;21
0206;18
0207;16
0208;21
0209;25
0210;29
0211;26
0212;25
0213;12
0214;26
0215;20
0216;19
0217;25
0218;19
0219;26
0220;30
0221;21
0222;24
0223;22
0224;31
0225;26
0226;20
0227;24
0228;29
0301;20
0302;33
0303;24
0304;24
0305;20
0306;26
0307;15
0308;28
0309;19
0310;28
0311;26
0312;15
0313;21
0314;31
0315;26
0316;18
0317;25
0318;16
0319;25
0320;19
0321;11
0322;14
0323;21
0324;10
0325;23
0326;20
0327;17
0328;16
0329;26
0330;20
0331;29
0401;15
0402;17
0403;12
0404;19
0405;12
0406;19
0407;18
0408;20
0409;27
0410;22
0411;15
0412;15
0413;20
0414;26
0415;17
0416;12
0417;18
0418;18
0419;19
0420;16
0421;18
0422;23
0423;19
0424;18
0425;11
0426;15
0427;15
0428;17
0429;22
0430;12
0501;18
0502;23
0503;19
0504;24
0505;10
0506;10
0507;19
0508;11
0509;31
0510;14
0511;22
0512;22
0513;20
0514;12
0515;22
0516;17
0517;18
0518;16
0519;20
0520;20
0521;17
0522;23
0523;25
0524;12
0525;11
0526;17
0527;13
0528;18
0529;20
0530;13
0531;11
0601;10
0602;19
0603;13
0604;20
0605;16
0606;14
0607;16
0608;26
0609;19
0610;14
0611;15
0612;18
0613;19
0614;16
0615;16
0616;12
0617;16
0618;8
0619;12
0620;20
0621;16
0622;18
0623;15
0624;18
0625;17
0626;18
0627;18
0628;18
0629;8
0630;18
0701;11
0702;16
0703;16
0704;18
0705;14
0706;13
0707;15
0708;16
0709;16
0710;16
0711;20
0712;20
0713;29
0714;13
0715;17
0716;14
0717;24
0718;13
0719;24
0720;12
0721;20
0722;18
0723;14
0724;8
0725;17
0726;17
0727;19
0728;20
0729;18
0730;14
0731;21
0801;17
0802;12
0803;26
0804;22
0805;17
0806;11
0807;12
0808;14
0809;15
0810;18
0811;18
0812;22
0813;16
0814;14
0815;20
0816;11
0817;18
0818;19
0819;21
0820;19
0821;26
0822;17
0823;16
0824;16
0825;15
0826;15
0827;12
0828;15
0829;14
0830;24
0831;7
0901;15
0902;20
0903;18
0904;19
0905;19
0906;24
0907;11
0908;20
0909;18
0910;18
0911;18
0912;18
0913;14
0914;17
0915;28
0916;22
0917;17
0918;11
0919;27
0920;19
0921;23
0922;18
0923;23
0924;21
0925;22
0926;13
0927;10
0928;14
0929;16
0930;18
1001;23
1002;21
1003;17
1004;26
1005;13
1006;17
1007;26
1008;16
1009;12
1010;21
1011;13
1012;24
1013;20
1014;16
1015;23
1016;13
1017;16
1018;21
1019;12
1020;10
1021;25
1022;19
1023;14
1024;13
1025;15
1026;16
1027;13
1028;20
1029;11
1030;16
1031;18
1101;25
1102;16
1103;15
1104;14
1105;23
1106;22
1107;11
1108;12
1109;14
1110;20
1111;12
1112;22
1113;19
1114;20
1115;23
1116;14
1117;19
1118;19
1119;21
1120;14
1121;26
1122;16
1123;12
1124;16
1125;22
1126;17
1127;12
1128;11
1129;17
1130;23
1201;18
1202;25
1203;12
1204;20
1205;15
1206;16
1207;28
1208;19
1209;20
1210;12
1211;19
1212;26
1213;11
1214;16
1215;22
1216;16
1217;25
1218;21
1219;15
1220;16
1221;18
1222;18
1223;19
1224;21
1225;14
1226;14
1227;20
1228;24
1229;20
1230;22
1231;18
