0101;19
0102;16
0103;23
0104;17
0105;21
0106;17
0107;20
0108;28
0109;10
0110;13
0111;27
0112;20
0113;27
0114;25
0115;17
0116;19
0117;26
0118;20
0119;14
0120;18
0121;20
0122;21
0123;21
0124;23
0125;12
0126;26
0127;29
0128;26
0129;27
0130;24
0131;26
0201;17
0202;23
0203;25
0204;34
0205;21
0206;20
0207;16
0208;17
0209;23
0210;31
0211;29
0212;16
0213;33
0214;31
0215;19
0216;23
0217;21
0218;24
0219;23
0220;24
0221;21
0222;31
0223;22
0224;30
0225;14
0226;34
0227;27
0228;22
0301;30
0302;27
0303;27
0304;21
0305;30
0306;35
0307;27
0308;29
0309;23
0310;25
0311;33
0312;21
0313;22
0314;22
0315;22
0316;22
0317;25
0318;33
0319;19
0320;22
0321;20
0322;21
0323;14
0324;18
0325;20
0326;28
0327;21
0328;16
0329;29
0330;12
0331;7
0401;16
0402;18
0403;16
0404;12
0405;17
0406;19
0407;20
0408;30
0409;17
0410;23
0411;14
0412;23
0413;17
0414;21
0415;16
0416;22
0417;16
0418;23
0419;17
0420;21
0421;17
0422;14
0423;16
0424;16
0425;16
0426;13
0427;12
0428;32
0429;20
0430;17
0501;14
0502;21
0503;18
0504;24
0505;13
0506;23
0507;22
0508;21
0509;22
0510;12
0511;24
0512;9
0513;13
0514;15
0515;9
0516;22
0517;15
0518;18
0519;17
0520;24
0521;24
0522;19
0523;15
0524;13
0525;17
0526;11
0527;21
0528;17
0529;21
0530;23
0531;23
0601;10
0602;14
0603;23
0604;9
0605;21
0606;10
0607;16
0608;15
0609;15
0610;28
0611;20
0612;21
0613;14
0614;12
0615;26
0616;25
0617;17
0618;14
0619;17
0620;16
0621;26
0622;15
0623;15
0624;18
0625;15
0626;20
0627;15
0628;14
0629;15
0630;20
0701;19
0702;17
0703;16
0704;17
0705;11
0706;13
0707;17
0708;15
0709;17
0710;13
0711;17
0712;14
0713;16
0714;19
0715;18
0716;9
0717;21
0718;10
0719;19
0720;19
0721;17
0722;8
0723;17
0724;16
0725;18
0726;14
0727;20
0728;17
0729;23
0730;19
0731;15
0801;13
0802;21
0803;16
0804;18
0805;17
0806;23
0807;11
0808;15
0809;12
0810;17
0811;14
0812;14
0813;17
0814;16
0815;15
0816;12
0817;19
0818;24
0819;10
0820;18
0821;12
0822;23
0823;14
0824;14
0825;15
0826;18
0827;10
0828;18
0829;18
0830;22
0831;11
0901;18
0902;22
0903;26
0904;13
0905;17
0906;14
0907;16
0908;23
0909;15
0910;12
0911;16
0912;22
0913;15
0914;19
0915;29
0916;21
0917;12
0918;18
0919;22
0920;11
0921;20
0922;16
0923;12
0924;20
0925;17
0926;15
0927;19
0928;15
0929;10
0930;12
1001;17
1002;18
1003;15
1004;17
1005;22
1006;15
1007;28
1008;27
1009;19
1010;18
1011;18
1012;16
1013;15
1014;17
1015;25
1016;16
1017;21
1018;14
1019;18
1020;21
1021;17
1022;18
1023;19
1024;15
1025;17
1026;19
1027;26
1028;14
1029;19
1030;23
1031;17
1101;16
1102;17
1103;17
1104;21
1105;13
1106;18
1107;18
1108;15
1109;14
1110;19
1111;13
1112;23
1113;19
1114;23
1115;23
1116;19
1117;21
1118;19
1119;21
1120;20
1121;15
1122;22
1123;18
1124;20
1125;15
1126;22
1127;19
1128;16
1129;21
1130;18
1201;16
1202;29
1203;29
1204;21
1205;15
1206;22
1207;13
1208;14
1209;32
1210;19
1211;13
1212;18
1213;20
1214;19
1215;23
1216;24
1217;11
1218;18
1219;30
1220;26
1221;18
1222;15
1223;21
1224;31
1225;21
1226;18
1227;16
1228;18
1229;22
1230;21
1231;29
