0101;11
0102;21
0103;4
0104;14
0105;12
0106;8
0107;17
0108;13
0109;9
0110;10
0111;7
0112;10
0113;13
0114;15
0115;9
0116;15
0117;7
0118;9
0119;7
0120;13
0121;8
0122;9
0123;19
0124;10
0125;13
0126;15
0127;12
0128;18
0129;11
0130;14
0131;9
0201;11
0202;8
0203;9
0204;15
0205;14
0206;6
0207;11
0208;13
0209;16
0210;11
0211;16
0212;14
0213;10
0214;10
0215;13
0216;12
0217;9
0218;12
0219;17
0220;13
0221;12
0222;9
0223;8
0224;8
0225;13
0226;9
0227;19
0228;10
0301;10
0302;18
0303;13
0304;21
0305;18
0306;19
0307;13
0308;17
0309;19
0310;14
0311;7
0312;13
0313;10
0314;7
0315;14
0316;14
0317;12
0318;11
0319;16
0320;10
0321;9
0322;11
0323;9
0324;10
0325;14
0326;14
0327;18
0328;12
0329;9
0330;7
0331;11
0401;7
0402;14
0403;14
0404;7
0405;8
0406;13
0407;11
0408;14
0409;14
0410;9
0411;8
0412;11
0413;11
0414;8
0415;15
0416;15
0417;13
0418;14
0419;11
0420;15
0421;9
0422;13
0423;12
0424;2
0425;13
0426;6
0427;10
0428;11
0429;7
0430;4
0501;9
0502;13
0503;7
0504;8
0505;10
0506;9
0507;9
0508;15
0509;10
0510;15
0511;5
0512;14
0513;8
0514;5
0515;10
0516;8
0517;7
0518;14
0519;14
0520;7
0521;12
0522;15
0523;13
0524;6
0525;10
0526;14
0527;6
0528;6
0529;10
0530;5
0531;6
0601;12
0602;12
0603;8
0604;7
0605;3
0606;6
0607;17
0608;4
0609;14
0610;9
0611;12
0612;9
0613;12
0614;13
0615;12
0616;19
0617;6
0618;9
0619;13
0620;13
0621;12
0622;9
0623;10
0624;9
0625;13
0626;15
0627;19
0628;12
0629;16
0630;8
0701;8
0702;12
0703;15
0704;8
0705;8
0706;7
0707;16
0708;13
0709;10
0710;5
0711;12
0712;13
0713;5
0714;10
0715;14
0716;12
0717;11
0718;14
0719;9
0720;9
0721;7
0722;7
0723;10
0724;13
0725;10
0726;10
0727;10
0728;3
0729;9
0730;8
0731;3
0801;5
0802;10
0803;4
0804;7
0805;4
0806;9
0807;5
0808;7
0809;6
0810;11
0811;14
0812;14
0813;7
0814;9
0815;10
0816;5
0817;11
0818;9
0819;9
0820;10
0821;6
0822;16
0823;13
0824;8
0825;9
0826;3
0827;10
0828;7
0829;5
0830;9
0831;7
0901;6
0902;10
0903;9
0904;16
0905;13
0906;5
0907;9
0908;10
0909;7
0910;8
0911;9
0912;8
0913;13
0914;13
0915;8
0916;9
0917;11
0918;2
0919;3
0920;5
0921;8
0922;8
0923;6
0924;19
0925;9
0926;9
0927;12
0928;8
0929;8
0930;12
1001;7
1002;16
1003;10
1004;10
1005;10
1006;11
1007;11
1008;8
1009;7
1010;5
1011;10
1012;10
1013;11
1014;11
1015;11
1016;11
1017;16
1018;14
1019;14
1020;10
1021;7
1022;14
1023;8
1024;13
1025;11
1026;12
1027;8
1028;9
1029;6
1030;11
1031;12
1101;11
1102;20
1103;6
1104;10
1105;8
1106;6
1107;8
1108;7
1109;16
1110;13
1111;8
1112;7
1113;11
1114;7
1115;14
1116;14
1117;11
1118;8
1119;11
1120;9
1121;13
1122;12
1123;8
1124;15
1125;8
1126;17
1127;15
1128;9
1129;9
1130;10
1201;10
1202;10
1203;15
1204;11
1205;10
1206;7
1207;16
1208;9
1209;10
1210;10
1211;6
1212;10
1213;9
1214;13
1215;12
1216;13
1217;15
1218;8
1219;9
1220;8
1221;7
1222;13
1223;16
1224;15
1225;7
1226;14
1227;13
1228;10
1229;12
1230;15
1231;6
