0101;13
0102;8
0103;14
0104;8
0105;8
0106;16
0107;8
0108;8
0109;11
0110;9
0111;7
0112;9
0113;9
0114;10
0115;12
0116;9
0117;8
0118;11
0119;13
0120;13
0121;9
0122;14
0123;10
0124;7
0125;8
0126;8
0127;13
0128;11
0129;15
0130;11
0131;7
0201;15
0202;10
0203;12
0204;10
0205;11
0206;13
0207;9
0208;12
0209;14
0210;12
0211;16
0212;4
0213;10
0214;17
0215;12
0216;15
0217;17
0218;10
0219;17
0220;15
0221;14
0222;11
0223;19
0224;12
0225;15
0226;16
0227;12
0228;10
0301;13
0302;13
0303;15
0304;15
0305;10
0306;13
0307;7
0308;12
0309;15
0310;11
0311;10
0312;11
0313;11
0314;11
0315;16
0316;16
0317;10
0318;10
0319;14
0320;14
0321;3
0322;8
0323;14
0324;7
0325;8
0326;15
0327;20
0328;13
0329;19
0330;17
0331;6
0401;13
0402;13
0403;12
0404;10
0405;15
0406;2
0407;13
0408;13
0409;2
0410;12
0411;8
0412;13
0413;8
0414;5
0415;12
0416;7
0417;8
0418;4
0419;8
0420;7
0421;13
0422;8
0423;8
0424;9
0425;11
0426;10
0427;14
0428;5
0429;10
0430;12
0501;9
0502;8
0503;16
0504;12
0505;10
0506;11
0507;11
0508;12
0509;11
0510;14
0511;13
0512;16
0513;15
0514;5
0515;8
0516;5
0517;14
0518;12
0519;11
0520;9
0521;14
0522;7
0523;7
0524;14
0525;4
0526;8
0527;9
0528;7
0529;5
0530;10
0531;14
0601;10
0602;11
0603;8
0604;9
0605;13
0606;5
0607;10
0608;6
0609;12
0610;10
0611;7
0612;13
0613;8
0614;7
0615;11
0616;16
0617;13
0618;9
0619;8
0620;4
0621;15
0622;13
0623;11
0624;10
0625;8
0626;11
0627;12
0628;12
0629;10
0630;11
0701;10
0702;16
0703;8
0704;7
0705;9
0706;12
0707;8
0708;7
0709;7
0710;12
0711;8
0712;13
0713;12
0714;12
0715;8
0716;14
0717;4
0718;10
0719;11
0720;9
0721;5
0722;12
0723;11
0724;10
0725;14
0726;10
0727;9
0728;6
0729;11
0730;6
0731;17
0801;8
0802;11
0803;12
0804;12
0805;5
0806;6
0807;7
0808;15
0809;11
0810;7
0811;8
0812;8
0813;5
0814;7
0815;5
0816;13
0817;8
0818;8
0819;12
0820;9
0821;11
0822;6
0823;9
0824;10
0825;5
0826;5
0827;13
0828;9
0829;7
0830;6
0831;12
0901;6
0902;8
0903;10
0904;9
0905;11
0906;7
0907;11
0908;6
0909;9
0910;10
0911;12
0912;7
0913;7
0914;7
0915;14
0916;9
0917;6
0918;7
0919;17
0920;10
0921;9
0922;8
0923;11
0924;7
0925;5
0926;9
0927;12
0928;7
0929;8
0930;11
1001;14
1002;12
1003;10
1004;6
1005;5
1006;4
1007;6
1008;10
1009;12
1010;5
1011;12
1012;13
1013;9
1014;6
1015;11
1016;10
1017;4
1018;7
1019;7
1020;9
1021;2
1022;7
1023;9
1024;18
1025;14
1026;2
1027;9
1028;9
1029;8
1030;15
1031;3
1101;10
1102;9
1103;14
1104;17
1105;11
1106;4
1107;4
1108;7
1109;14
1110;6
1111;8
1112;11
1113;6
1114;9
1115;13
1116;12
1117;10
1118;11
1119;15
1120;5
1121;14
1122;19
1123;12
1124;9
1125;10
1126;10
1127;7
1128;11
1129;7
1130;12
1201;7
1202;10
1203;16
1204;9
1205;14
1206;9
1207;8
1208;12
1209;7
1210;6
1211;13
1212;5
1213;12
1214;9
1215;10
1216;7
1217;9
1218;14
1219;11
1220;9
1221;7
1222;13
1223;10
1224;7
1225;15
1226;9
1227;12
1228;6
1229;9
1230;13
1231;8
