0101;15
0102;9
0103;19
0104;11
0105;22
0106;16
0107;7
0108;15
0109;16
0110;14
0111;14
0112;17
0113;13
0114;13
0115;14
0116;11
0117;9
0118;9
0119;15
0120;15
0121;17
0122;21
0123;9
0124;15
0125;15
0126;8
0127;7
0128;18
0129;5
0130;17
0131;16
0201;13
0202;12
0203;15
0204;12
0205;12
0206;15
0207;13
0208;12
0209;13
0210;19
0211;15
0212;16
0213;15
0214;16
0215;9
0216;9
0217;10
0218;8
0219;12
0220;24
0221;9
0222;12
0223;19
0224;12
0225;10
0226;18
0227;16
0228;16
0301;12
0302;15
0303;15
0304;5
0305;14
0306;15
0307;22
0308;12
0309;12
0310;14
0311;11
0312;6
0313;14
0314;13
0315;13
0316;17
0317;15
0318;12
0319;14
0320;10
0321;10
0322;3
0323;10
0324;15
0325;13
0326;13
0327;11
0328;11
0329;16
0330;12
0331;11
0401;8
0402;12
0403;17
0404;11
0405;14
0406;14
0407;6
0408;17
0409;12
0410;14
0411;19
0412;15
0413;12
0414;16
0415;14
0416;14
0417;15
0418;12
0419;17
0420;10
0421;19
0422;14
0423;21
0424;9
0425;15
0426;15
0427;21
0428;14
0429;7
0430;13
0501;10
0502;10
0503;12
0504;17
0505;14
0506;16
0507;14
0508;15
0509;16
0510;7
0511;6
0512;9
0513;9
0514;16
0515;9
0516;6
0517;13
0518;18
0519;11
0520;12
0521;9
0522;7
0523;14
0524;8
0525;8
0526;11
0527;9
0528;18
0529;14
0530;7
0531;10
0601;8
0602;12
0603;12
0604;13
0605;12
0606;11
0607;10
0608;9
0609;17
0610;13
0611;8
0612;5
0613;8
0614;5
0615;16
0616;14
0617;12
0618;14
0619;11
0620;15
0621;14
0622;7
0623;14
0624;17
0625;16
0626;13
0627;10
0628;9
0629;5
0630;12
0701;13
0702;10
0703;13
0704;18
0705;7
0706;13
0707;9
0708;10
0709;21
0710;17
0711;13
0712;12
0713;15
0714;13
0715;4
0716;15
0717;14
0718;11
0719;12
0720;21
0721;20
0722;18
0723;15
0724;8
0725;12
0726;8
0727;7
0728;7
0729;8
0730;6
0731;14
0801;10
0802;17
0803;19
0804;13
0805;14
0806;9
0807;7
0808;10
0809;8
0810;9
0811;18
0812;10
0813;13
0814;11
0815;9
0816;9
0817;13
0818;16
0819;17
0820;14
0821;7
0822;12
0823;6
0824;8
0825;15
0826;11
0827;16
0828;6
0829;8
0830;9
0831;11
0901;16
0902;8
0903;11
0904;16
0905;9
0906;13
0907;15
0908;18
0909;7
0910;9
0911;11
0912;8
0913;10
0914;16
0915;18
0916;7
0917;19
0918;16
0919;11
0920;6
0921;9
0922;8
0923;11
0924;8
0925;12
0926;12
0927;7
0928;11
0929;20
0930;16
1001;10
1002;15
1003;15
1004;13
1005;9
1006;10
1007;6
1008;12
1009;13
1010;12
1011;10
1012;9
1013;18
1014;10
1015;12
1016;11
1017;10
1018;6
1019;11
1020;7
1021;8
1022;8
1023;14
1024;13
1025;10
1026;11
1027;14
1028;6
1029;14
1030;14
1031;11
1101;8
1102;13
1103;7
1104;11
1105;11
1106;14
1107;10
1108;9
1109;13
1110;10
1111;13
1112;13
1113;15
1114;11
1115;16
1116;13
1117;11
1118;9
1119;16
1120;17
1121;14
1122;17
1123;16
1124;7
1125;16
1126;17
1127;19
1128;15
1129;14
1130;22
1201;13
1202;17
1203;16
1204;13
1205;17
1206;8
1207;6
1208;20
1209;7
1210;14
1211;16
1212;14
1213;13
1214;16
1215;13
1216;8
1217;10
1218;14
1219;14
1220;16
1221;11
1222;18
1223;13
1224;19
1225;14
1226;13
1227;18
1228;17
1229;18
1230;17
1231;9
