0101;17
0102;15
0103;7
0104;11
0105;13
0106;9
0107;10
0108;17
0109;3
0110;11
0111;18
0112;8
0113;12
0114;4
0115;9
0116;14
0117;16
0118;15
0119;7
0120;9
0121;11
0122;8
0123;14
0124;8
0125;8
0126;14
0127;8
0128;13
0129;7
0130;16
0131;9
0201;9
0202;6
0203;7
0204;7
0205;3
0206;13
0207;9
0208;9
0209;6
0210;6
0211;14
0212;15
0213;8
0214;8
0215;13
0216;12
0217;11
0218;8
0219;13
0220;13
0221;7
0222;7
0223;13
0224;7
0225;11
0226;11
0227;5
0228;8
0301;14
0302;8
0303;8
0304;12
0305;18
0306;10
0307;12
0308;12
0309;10
0310;9
0311;11
0312;5
0313;9
0314;10
0315;11
0316;8
0317;8
0318;19
0319;10
0320;9
0321;10
0322;18
0323;8
0324;8
0325;14
0326;8
0327;9
0328;8
0329;9
0330;13
0331;17
0401;12
0402;8
0403;7
0404;6
0405;11
0406;11
0407;15
0408;11
0409;14
0410;18
0411;11
0412;8
0413;10
0414;8
0415;6
0416;8
0417;6
0418;15
0419;7
0420;9
0421;12
0422;5
0423;9
0424;10
0425;16
0426;8
0427;7
0428;7
0429;8
0430;9
0501;8
0502;11
0503;12
0504;15
0505;6
0506;14
0507;12
0508;17
0509;7
0510;4
0511;10
0512;9
0513;13
0514;3
0515;15
0516;13
0517;6
0518;7
0519;9
0520;9
0521;8
0522;3
0523;10
0524;8
0525;9
0526;7
0527;10
0528;7
0529;15
0530;9
0531;9
0601;8
0602;7
0603;9
0604;6
0605;5
0606;10
0607;11
0608;12
0609;6
0610;9
0611;10
0612;8
0613;14
0614;6
0615;11
0616;10
0617;8
0618;14
0619;10
0620;8
0621;12
0622;7
0623;3
0624;10
0625;9
0626;11
0627;10
0628;6
0629;6
0630;15
0701;10
0702;11
0703;12
0704;11
0705;8
0706;9
0707;7
0708;4
0709;10
0710;9
0711;9
0712;7
0713;8
0714;14
0715;9
0716;15
0717;10
0718;12
0719;11
0720;7
0721;13
0722;7
0723;9
0724;16
0725;7
0726;4
0727;10
0728;12
0729;14
0730;14
0731;4
0801;10
0802;17
0803;13
0804;16
0805;6
0806;10
0807;6
0808;8
0809;8
0810;8
0811;13
0812;10
0813;8
0814;7
0815;13
0816;11
0817;4
0818;8
0819;6
0820;7
0821;11
0822;10
0823;11
0824;6
0825;6
0826;5
0827;9
0828;10
0829;7
0830;7
0831;9
0901;13
0902;11
0903;9
0904;4
0905;10
0906;8
0907;7
0908;4
0909;7
0910;9
0911;10
0912;10
0913;6
0914;5
0915;13
0916;9
0917;16
0918;10
0919;7
0920;14
0921;13
0922;9
0923;8
0924;8
0925;9
0926;9
0927;8
0928;8
0929;9
0930;15
1001;8
1002;12
1003;8
1004;4
1005;8
1006;10
1007;6
1008;5
1009;13
1010;9
1011;9
1012;11
1013;11
1014;7
1015;5
1016;9
1017;15
1018;10
1019;11
1020;13
1021;5
1022;4
1023;9
1024;11
1025;2
1026;13
1027;12
1028;9
1029;9
1030;10
1031;8
1101;5
1102;9
1103;8
1104;9
1105;7
1106;5
1107;4
1108;12
1109;15
1110;10
1111;4
1112;11
1113;12
1114;11
1115;13
1116;11
1117;7
1118;6
1119;11
1120;15
1121;8
1122;10
1123;6
1124;7
1125;13
1126;12
1127;9
1128;11
1129;10
1130;8
1201;10
1202;8
1203;3
1204;9
1205;8
1206;12
1207;9
1208;9
1209;10
1210;9
1211;9
1212;10
1213;8
1214;7
1215;10
1216;13
1217;7
1218;4
1219;10
1220;3
1221;8
1222;12
1223;12
1224;7
1225;13
1226;7
1227;13
1228;11
1229;11
1230;11
1231;13
