0101;43
0102;60
0103;63
0104;59
0105;44
0106;45
0107;45
0108;59
0109;39
0110;60
0111;54
0112;58
0113;52
0114;46
0115;58
0116;60
0117;54
0118;46
0119;53
0120;59
0121;48
0122;42
0123;52
0124;48
0125;46
0126;63
0127;57
0128;47
0129;51
0130;47
0131;52
0201;50
0202;52
0203;49
0204;61
0205;58
0206;40
0207;54
0208;42
0209;45
0210;45
0211;51
0212;43
0213;48
0214;61
0215;39
0216;57
0217;43
0218;41
0219;48
0220;56
0221;37
0222;47
0223;54
0224;52
0225;47
0226;44
0227;50
0228;42
0301;43
0302;53
0303;66
0304;46
0305;39
0306;60
0307;60
0308;48
0309;41
0310;43
0311;46
0312;57
0313;61
0314;61
0315;46
0316;48
0317;59
0318;36
0319;45
0320;54
0321;39
0322;45
0323;46
0324;52
0325;47
0326;46
0327;49
0328;53
0329;53
0330;45
0331;58
0401;43
0402;57
0403;53
0404;55
0405;51
0406;45
0407;61
0408;56
0409;46
0410;49
0411;44
0412;40
0413;61
0414;59
0415;40
0416;49
0417;43
0418;51
0419;45
0420;41
0421;51
0422;51
0423;37
0424;47
0425;57
0426;47
0427;44
0428;49
0429;40
0430;45
0501;51
0502;55
0503;58
0504;47
0505;36
0506;38
0507;33
0508;47
0509;67
0510;47
0511;48
0512;48
0513;43
0514;32
0515;32
0516;45
0517;44
0518;45
0519;52
0520;41
0521;37
0522;52
0523;54
0524;48
0525;46
0526;43
0527;45
0528;45
0529;60
0530;60
0531;39
0601;45
0602;38
0603;51
0604;38
0605;48
0606;52
0607;50
0608;43
0609;44
0610;49
0611;47
0612;36
0613;36
0614;47
0615;40
0616;56
0617;50
0618;51
0619;57
0620;50
0621;39
0622;44
0623;44
0624;52
0625;29
0626;43
0627;52
0628;32
0629;41
0630;27
0701;56
0702;48
0703;41
0704;54
0705;40
0706;55
0707;45
0708;52
0709;52
0710;55
0711;43
0712;40
0713;50
0714;45
0715;44
0716;37
0717;48
0718;49
0719;43
0720;46
0721;39
0722;38
0723;44
0724;32
0725;47
0726;43
0727;54
0728;41
0729;53
0730;43
0731;56
0801;52
0802;47
0803;51
0804;60
0805;46
0806;29
0807;39
0808;35
0809;28
0810;64
0811;50
0812;45
0813;52
0814;52
0815;37
0816;42
0817;55
0818;49
0819;48
0820;42
0821;45
0822;37
0823;45
0824;49
0825;39
0826;44
0827;49
0828;50
0829;46
0830;45
0831;46
0901;32
0902;36
0903;37
0904;40
0905;36
0906;41
0907;55
0908;33
0909;36
0910;35
0911;51
0912;45
0913;36
0914;31
0915;35
0916;52
0917;48
0918;39
0919;39
0920;54
0921;32
0922;38
0923;44
0924;47
0925;42
0926;45
0927;46
0928;53
0929;44
0930;41
1001;52
1002;47
1003;62
1004;41
1005;39
1006;52
1007;58
1008;39
1009;54
1010;39
1011;48
1012;56
1013;41
1014;46
1015;40
1016;54
1017;43
1018;51
1019;44
1020;41
1021;41
1022;48
1023;44
1024;46
1025;44
1026;52
1027;51
1028;44
1029;42
1030;52
1031;47
1101;35
1102;37
1103;56
1104;29
1105;38
1106;57
1107;54
1108;55
1109;54
1110;42
1111;40
1112;56
1113;50
1114;48
1115;53
1116;48
1117;70
1118;45
1119;46
1120;53
1121;53
1122;48
1123;57
1124;49
1125;47
1126;39
1127;47
1128;45
1129;51
1130;54
1201;62
1202;42
1203;43
1204;69
1205;55
1206;48
1207;52
1208;47
1209;58
1210;51
1211;55
1212;52
1213;64
1214;57
1215;47
1216;59
1217;45
1218;53
1219;58
1220;71
1221;52
1222;61
1223;57
1224;56
1225;63
1226;56
1227;54
1228;56
1229;48
1230;56
1231;59
