0101;3
0102;9
0103;3
0104;4
0105;7
0106;4
0107;3
0108;8
0109;3
0110;7
0111;3
0112;4
0113;4
0114;8
0115;15
0116;7
0117;5
0118;5
0119;4
0120;4
0121;8
0122;10
0123;2
0124;8
0125;5
0126;7
0127;6
0128;5
0129;9
0130;4
0131;6
0201;6
0202;5
0203;4
0204;6
0205;2
0206;6
0207;7
0208;4
0209;7
0210;4
0211;7
0212;3
0213;9
0214;11
0215;5
0216;7
0217;2
0218;6
0219;3
0220;5
0221;6
0222;11
0223;3
0224;6
0225;2
0226;4
0227;4
0228;5
0301;2
0302;4
0303;6
0304;4
0305;7
0306;8
0307;2
0308;6
0309;6
0310;4
0311;4
0312;3
0313;6
0314;3
0315;6
0316;8
0317;2
0318;7
0319;6
0320;6
0321;3
0322;9
0323;2
0324;4
0325;5
0326;6
0327;3
0328;3
0329;3
0330;3
0331;5
0401;4
0402;5
0403;4
0404;3
0405;3
0406;2
0407;9
0408;8
0409;4
0410;7
0411;4
0412;4
0413;5
0414;4
0415;6
0416;6
0417;9
0418;5
0419;2
0420;8
0421;6
0422;6
0423;3
0424;7
0425;6
0426;5
0427;7
0428;4
0429;8
0430;1
0501;10
0502;1
0503;4
0504;2
0505;6
0506;4
0507;6
0508;4
0509;2
0510;7
0511;3
0512;2
0513;4
0514;2
0515;10
0516;5
0517;4
0518;5
0519;9
0520;7
0521;11
0522;9
0523;3
0524;6
0525;7
0526;5
0527;6
0528;3
0529;6
0530;2
0531;2
0601;12
0602;6
0603;4
0604;5
0605;4
0606;6
0607;4
0608;5
0609;5
0610;7
0611;3
0612;5
0613;4
0614;4
0615;4
0616;3
0617;6
0618;3
0619;5
0620;2
0621;4
0622;7
0623;1
0624;5
0625;3
0626;4
0627;8
0628;6
0629;5
0630;5
0701;3
0702;2
0703;3
0704;1
0705;7
0706;8
0707;7
0708;4
0709;5
0710;4
0711;6
0712;6
0713;6
0714;7
0715;3
0716;10
0717;5
0718;1
0719;10
0720;6
0721;9
0722;5
0723;9
0724;2
0725;3
0726;2
0727;8
0728;5
0729;2
0730;4
0731;4
0801;5
0802;8
0803;9
0804;3
0805;3
0806;6
0807;8
0808;4
0809;2
0810;4
0811;4
0812;6
0813;5
0814;8
0815;6
0816;5
0817;1
0818;5
0819;14
0820;5
0821;3
0822;5
0823;6
0824;8
0825;9
0826;4
0827;4
0828;6
0829;3
0830;3
0831;4
0901;8
0902;5
0903;3
0904;3
0905;8
0906;8
0907;3
0908;8
0909;8
0910;4
0911;6
0912;3
0913;4
0914;4
0915;6
0917;6
0918;6
0919;6
0920;6
0921;3
0922;2
0923;3
0924;8
0925;7
0926;7
0927;5
0928;5
0929;4
0930;6
1001;4
1002;6
1003;7
1004;4
1005;4
1006;8
1007;11
1008;4
1009;4
1010;6
1011;4
1012;6
1013;5
1014;4
1015;6
1016;5
1017;5
1018;3
1019;5
1020;7
1021;2
1022;7
1023;7
1024;2
1025;7
1026;5
1027;5
1028;7
1029;3
1030;2
1031;7
1101;2
1102;4
1103;2
1104;4
1105;7
1106;7
1107;7
1108;7
1109;6
1110;3
1111;4
1112;9
1113;5
1114;8
1115;5
1116;2
1117;8
1118;8
1119;5
1120;4
1121;7
1122;4
1123;5
1124;5
1125;6
1126;2
1127;3
1128;3
1129;9
1130;2
1201;6
1202;6
1203;5
1204;7
1205;5
1206;1
1207;6
1208;7
1209;4
1210;4
1211;3
1212;5
1213;5
1214;3
1215;6
1216;7
1217;5
1218;4
1219;5
1220;3
1221;5
1222;6
1223;1
1224;5
1225;8
1226;5
1227;5
1228;4
1229;5
1230;6
1231;8
