0101;11
0102;12
0103;11
0104;4
0105;15
0106;11
0107;16
0108;10
0109;12
0110;7
0111;13
0112;9
0113;17
0114;7
0115;10
0116;3
0117;10
0118;9
0119;13
0120;6
0121;8
0122;16
0123;6
0124;8
0125;8
0126;8
0127;6
0128;10
0129;12
0130;13
0131;8
0201;9
0202;11
0203;15
0204;7
0205;8
0206;12
0207;8
0208;8
0209;16
0210;5
0211;8
0212;6
0213;9
0214;7
0215;7
0216;13
0217;4
0218;9
0219;9
0220;10
0221;12
0222;9
0223;9
0224;5
0225;7
0226;7
0227;12
0228;6
0301;9
0302;8
0303;10
0304;15
0305;5
0306;11
0307;15
0308;8
0309;7
0310;9
0311;8
0312;5
0313;12
0314;13
0315;10
0316;3
0317;8
0318;8
0319;9
0320;11
0321;5
0322;8
0323;15
0324;12
0325;10
0326;10
0327;11
0328;5
0329;12
0330;9
0331;11
0401;8
0402;3
0403;10
0404;10
0405;11
0406;17
0407;6
0408;8
0409;6
0410;11
0411;8
0412;5
0413;13
0414;6
0415;12
0416;13
0417;9
0418;8
0419;5
0420;7
0421;11
0422;12
0423;7
0424;15
0425;12
0426;6
0427;11
0428;11
0429;11
0430;5
0501;15
0502;10
0503;4
0504;13
0505;7
0506;4
0507;6
0508;10
0509;5
0510;8
0511;4
0512;14
0513;4
0514;9
0515;10
0516;4
0517;9
0518;12
0519;3
0520;12
0521;9
0522;16
0523;7
0524;9
0525;9
0526;6
0527;7
0528;10
0529;7
0530;12
0531;7
0601;7
0602;9
0603;6
0604;6
0605;8
0606;9
0607;7
0608;5
0609;9
0610;8
0611;9
0612;7
0613;7
0614;4
0615;11
0616;7
0617;10
0618;5
0619;9
0620;9
0621;3
0622;7
0623;13
0624;9
0625;6
0626;11
0627;8
0628;8
0629;11
0630;17
0701;10
0702;8
0703;10
0704;5
0705;8
0706;4
0707;7
0708;9
0709;12
0710;8
0711;8
0712;2
0713;12
0714;10
0715;11
0716;7
0717;4
0718;10
0719;6
0720;13
0721;15
0722;10
0723;9
0724;7
0725;14
0726;6
0727;10
0728;13
0729;7
0730;11
0731;11
0801;3
0802;9
0803;7
0804;4
0805;5
0806;13
0807;2
0808;12
0809;7
0810;4
0811;6
0812;14
0813;7
0814;4
0815;12
0816;9
0817;8
0818;9
0819;12
0820;7
0821;7
0822;8
0823;12
0824;5
0825;6
0826;17
0827;11
0828;6
0829;10
0830;10
0831;7
0901;10
0902;9
0903;12
0904;8
0905;8
0906;6
0907;6
0908;12
0909;9
0910;9
0911;9
0912;3
0913;9
0914;8
0915;10
0916;7
0917;12
0918;8
0919;12
0920;7
0921;12
0922;6
0923;15
0924;7
0925;4
0926;8
0927;5
0928;9
0929;11
0930;11
1001;10
1002;12
1003;10
1004;4
1005;7
1006;3
1007;6
1008;14
1009;16
1010;7
1011;9
1012;15
1013;6
1014;9
1015;9
1016;12
1017;9
1018;16
1019;8
1020;8
1021;11
1022;7
1023;10
1024;11
1025;10
1026;4
1027;13
1028;9
1029;12
1030;9
1031;8
1101;10
1102;10
1103;13
1104;12
1105;9
1106;4
1107;10
1108;11
1109;6
1110;8
1111;4
1112;8
1113;12
1114;11
1115;6
1116;11
1117;11
1118;7
1119;11
1120;8
1121;9
1122;14
1123;9
1124;7
1125;6
1126;6
1127;14
1128;5
1129;12
1130;11
1201;13
1202;8
1203;8
1204;12
1205;10
1206;6
1207;14
1208;7
1209;9
1210;13
1211;10
1212;8
1213;10
1214;13
1215;11
1216;17
1217;14
1218;10
1219;11
1220;14
1221;13
1222;19
1223;16
1224;12
1225;19
1226;10
1227;10
1228;17
1229;10
1230;11
1231;12
