0101;23
0102;19
0103;8
0104;7
0105;11
0106;16
0107;10
0108;18
0109;12
0110;11
0111;15
0112;15
0113;16
0114;15
0115;16
0116;17
0117;12
0118;21
0119;10
0120;10
0121;10
0122;11
0123;12
0124;20
0125;8
0126;13
0127;5
0128;11
0129;10
0130;15
0131;12
0201;7
0202;14
0203;11
0204;8
0205;17
0206;8
0207;11
0208;14
0209;17
0210;11
0211;14
0212;7
0213;9
0214;9
0215;10
0216;10
0217;10
0218;9
0219;14
0220;10
0221;11
0222;8
0223;8
0224;13
0225;11
0226;11
0227;12
0228;11
0301;14
0302;17
0303;14
0304;7
0305;27
0306;13
0307;8
0308;11
0309;12
0310;11
0311;20
0312;13
0313;5
0314;20
0315;10
0316;10
0317;10
0318;13
0319;12
0320;9
0321;11
0322;17
0323;12
0324;12
0325;21
0326;19
0327;5
0328;12
0329;11
0330;13
0331;11
0401;11
0402;14
0403;10
0404;11
0405;12
0406;16
0407;14
0408;16
0409;9
0410;14
0411;17
0412;18
0413;6
0414;9
0415;13
0416;5
0417;6
0418;19
0419;11
0420;8
0421;16
0422;15
0423;12
0424;17
0425;14
0426;12
0427;16
0428;13
0429;16
0430;10
0501;12
0502;13
0503;11
0504;13
0505;11
0506;6
0507;17
0508;14
0509;11
0510;11
0511;8
0512;17
0513;12
0514;14
0515;10
0516;11
0517;14
0518;13
0519;13
0520;13
0521;13
0522;7
0523;12
0524;8
0525;9
0526;14
0527;13
0528;10
0529;19
0530;17
0531;13
0601;12
0602;8
0603;9
0604;15
0605;14
0606;12
0607;10
0608;11
0609;9
0610;8
0611;10
0612;14
0613;6
0614;10
0615;16
0616;11
0617;7
0618;11
0619;9
0620;11
0621;11
0622;16
0623;12
0624;5
0625;10
0626;15
0627;14
0628;14
0629;9
0630;12
0701;11
0702;13
0703;6
0704;7
0705;16
0706;9
0707;13
0708;9
0709;13
0710;6
0711;9
0712;10
0713;11
0714;12
0715;17
0716;13
0717;9
0718;8
0719;14
0720;4
0721;10
0722;12
0723;11
0724;11
0725;9
0726;13
0727;14
0728;7
0729;8
0730;15
0731;10
0801;10
0802;16
0803;15
0804;13
0805;7
0806;10
0807;16
0808;15
0809;11
0810;6
0811;12
0812;5
0813;12
0814;16
0815;7
0816;6
0817;11
0818;15
0819;15
0820;9
0821;8
0822;9
0823;1
0824;12
0825;13
0826;10
0827;8
0828;6
0829;9
0830;18
0831;10
0901;7
0902;14
0903;12
0904;7
0905;12
0906;12
0907;12
0908;7
0909;15
0910;7
0911;15
0912;7
0913;10
0914;12
0915;13
0916;14
0917;13
0918;10
0919;13
0920;10
0921;16
0922;15
0923;11
0924;10
0925;12
0926;10
0927;12
0928;10
0929;9
0930;7
1001;11
1002;11
1003;13
1004;9
1005;12
1006;13
1007;10
1008;19
1009;17
1010;16
1011;13
1012;8
1013;5
1014;8
1015;8
1016;11
1017;13
1018;7
1019;9
1020;9
1021;8
1022;10
1023;14
1024;13
1025;14
1026;5
1027;14
1028;6
1029;11
1030;6
1031;12
1101;14
1102;12
1103;10
1104;10
1105;10
1106;13
1107;14
1108;8
1109;9
1110;9
1111;10
1112;13
1113;10
1114;10
1115;8
1116;18
1117;17
1118;16
1119;10
1120;9
1121;15
1122;16
1123;17
1124;14
1125;13
1126;7
1127;11
1128;9
1129;17
1130;11
1201;12
1202;7
1203;18
1204;12
1205;9
1206;13
1207;11
1208;13
1209;8
1210;13
1211;8
1212;13
1213;10
1214;9
1215;15
1216;9
1217;14
1218;16
1219;16
1220;12
1221;17
1222;14
1223;18
1224;14
1225;17
1226;16
1227;11
1228;15
1229;14
1230;14
1231;13
