0101;16
0102;22
0103;25
0104;31
0105;24
0106;34
0107;28
0108;20
0109;22
0110;24
0111;22
0112;32
0113;28
0114;26
0115;19
0116;36
0117;32
0118;30
0119;23
0120;29
0121;23
0122;23
0123;19
0124;20
0125;26
0126;17
0127;26
0128;24
0129;23
0130;29
0131;24
0201;27
0202;14
0203;24
0204;23
0205;25
0206;24
0207;25
0208;28
0209;20
0210;12
0211;25
0212;21
0213;17
0214;20
0215;23
0216;28
0217;16
0218;20
0219;24
0220;28
0221;19
0222;16
0223;27
0224;25
0225;19
0226;25
0227;21
0228;21
0301;26
0302;26
0303;18
0304;17
0305;23
0306;22
0307;30
0308;22
0309;25
0310;22
0311;33
0312;28
0313;33
0314;17
0315;21
0316;17
0317;10
0318;29
0319;20
0320;23
0321;16
0322;34
0323;28
0324;20
0325;13
0326;36
0327;30
0328;20
0329;20
0330;24
0331;18
0401;29
0402;30
0403;36
0404;27
0405;26
0406;21
0407;26
0408;34
0409;33
0410;34
0411;27
0412;20
0413;20
0414;23
0415;21
0416;19
0417;30
0418;18
0419;23
0420;19
0421;21
0422;19
0423;20
0424;30
0425;28
0426;15
0427;25
0428;34
0429;28
0430;22
0501;19
0502;26
0503;29
0504;22
0505;29
0506;26
0507;24
0508;25
0509;32
0510;27
0511;27
0512;21
0513;22
0514;20
0515;29
0516;14
0517;19
0518;28
0519;34
0520;25
0521;31
0522;33
0523;13
0524;23
0525;27
0526;19
0527;20
0528;20
0529;20
0530;25
0531;18
0601;27
0602;22
0603;24
0604;27
0605;24
0606;32
0607;19
0608;25
0609;22
0610;26
0611;17
0612;24
0613;22
0614;24
0615;19
0616;24
0617;34
0618;21
0619;23
0620;22
0621;18
0622;25
0623;16
0624;19
0625;29
0626;25
0627;29
0628;32
0629;29
0630;23
0701;25
0702;26
0703;29
0704;15
0705;18
0706;15
0707;25
0708;23
0709;19
0710;36
0711;13
0712;31
0713;32
0714;32
0715;22
0716;18
0717;21
0718;28
0719;29
0720;26
0721;35
0722;22
0723;28
0724;21
0725;34
0726;28
0727;29
0728;23
0729;30
0730;23
0731;35
0801;27
0802;27
0803;21
0804;21
0805;20
0806;26
0807;22
0808;18
0809;9
0810;24
0811;28
0812;20
0813;24
0814;21
0815;22
0816;19
0817;24
0818;27
0819;19
0820;29
0821;14
0822;19
0823;22
0824;16
0825;23
0826;27
0827;29
0828;21
0829;28
0830;30
0831;25
0901;23
0902;26
0903;26
0904;24
0905;33
0906;19
0907;30
0908;27
0909;20
0910;23
0911;28
0912;19
0913;15
0914;21
0915;15
0916;19
0917;28
0918;26
0919;23
0920;19
0921;20
0922;19
0923;31
0924;25
0925;25
0926;25
0927;29
0928;24
0929;20
0930;26
1001;27
1002;35
1003;20
1004;39
1005;20
1006;29
1007;20
1008;12
1009;26
1010;22
1011;26
1012;21
1013;23
1014;20
1015;17
1016;23
1017;29
1018;29
1019;26
1020;24
1021;20
1022;16
1023;25
1024;30
1025;16
1026;23
1027;26
1028;19
1029;29
1030;26
1031;22
1101;24
1102;29
1103;30
1104;27
1105;22
1106;19
1107;22
1108;33
1109;29
1110;30
1111;25
1112;28
1113;23
1114;28
1115;30
1116;25
1117;32
1118;22
1119;24
1120;19
1121;23
1122;29
1123;23
1124;20
1125;30
1126;18
1127;18
1128;13
1129;30
1130;22
1201;30
1202;15
1203;28
1204;28
1205;26
1206;16
1207;29
1208;36
1209;30
1210;27
1211;26
1212;26
1213;14
1214;24
1215;18
1216;30
1217;23
1218;24
1219;31
1220;32
1221;26
1222;33
1223;25
1224;26
1225;23
1226;25
1227;28
1228;25
1229;17
1230;22
1231;20
