0101;20
0102;19
0103;20
0104;20
0105;31
0106;25
0107;21
0108;22
0109;14
0110;25
0111;20
0112;20
0113;26
0114;21
0115;22
0116;21
0117;24
0118;20
0119;20
0120;17
0121;25
0122;25
0123;21
0124;22
0125;23
0126;25
0127;19
0128;13
0129;23
0130;23
0131;27
0201;24
0202;20
0203;24
0204;24
0205;25
0206;16
0207;11
0208;30
0209;17
0210;25
0211;13
0212;15
0213;25
0214;20
0215;23
0216;19
0217;18
0218;13
0219;14
0220;21
0221;28
0222;25
0223;18
0224;21
0225;19
0226;25
0227;23
0228;16
0301;20
0302;25
0303;14
0304;30
0305;18
0306;22
0307;25
0308;31
0309;21
0310;16
0311;18
0312;28
0313;23
0314;21
0315;11
0316;13
0317;25
0318;26
0319;17
0320;15
0321;21
0322;19
0323;26
0324;15
0325;26
0326;28
0327;28
0328;16
0329;26
0330;24
0331;29
0401;26
0402;21
0403;22
0404;30
0405;20
0406;26
0407;30
0408;28
0409;20
0410;29
0411;26
0412;22
0413;26
0414;23
0415;22
0416;18
0417;24
0418;21
0419;24
0420;19
0421;22
0422;19
0423;19
0424;23
0425;21
0426;20
0427;32
0428;26
0429;22
0430;20
0501;23
0502;22
0503;19
0504;24
0505;20
0506;24
0507;18
0508;21
0509;30
0510;23
0511;17
0512;23
0513;18
0514;25
0515;12
0516;20
0517;21
0518;21
0519;13
0520;21
0521;26
0522;14
0523;14
0524;22
0525;20
0526;24
0527;22
0528;19
0529;19
0530;21
0531;20
0601;19
0602;27
0603;19
0604;25
0605;33
0606;19
0607;11
0608;25
0609;23
0610;18
0611;24
0612;21
0613;19
0614;19
0615;18
0616;21
0617;22
0618;16
0619;18
0620;19
0621;16
0622;20
0623;18
0624;21
0625;15
0626;22
0627;24
0628;18
0629;19
0630;34
0701;23
0702;23
0703;24
0704;32
0705;24
0706;19
0707;25
0708;23
0709;23
0710;24
0711;15
0712;20
0713;25
0714;17
0715;19
0716;20
0717;18
0718;22
0719;19
0720;21
0721;21
0722;24
0723;11
0724;27
0725;21
0726;24
0727;17
0728;38
0729;18
0730;20
0731;18
0801;23
0802;20
0803;26
0804;12
0805;22
0806;17
0807;24
0808;14
0809;20
0810;25
0811;12
0812;24
0813;17
0814;16
0815;15
0816;18
0817;24
0818;12
0819;22
0820;25
0821;18
0822;19
0823;20
0824;18
0825;17
0826;12
0827;14
0828;27
0829;16
0830;22
0831;17
0901;21
0902;13
0903;17
0904;14
0905;18
0906;15
0907;20
0908;22
0909;16
0910;22
0911;23
0912;14
0913;16
0914;15
0915;33
0916;21
0917;20
0918;15
0919;26
0920;9
0921;27
0922;25
0923;29
0924;28
0925;23
0926;15
0927;16
0928;19
0929;17
0930;23
1001;23
1002;18
1003;20
1004;24
1005;14
1006;23
1007;21
1008;18
1009;21
1010;20
1011;17
1012;15
1013;22
1014;28
1015;18
1016;24
1017;27
1018;14
1019;12
1020;24
1021;22
1022;13
1023;24
1024;21
1025;18
1026;14
1027;20
1028;14
1029;21
1030;24
1031;21
1101;29
1102;21
1103;20
1104;18
1105;15
1106;21
1107;30
1108;20
1109;19
1110;28
1111;24
1112;24
1113;26
1114;18
1115;21
1116;21
1117;24
1118;13
1119;21
1120;19
1121;25
1122;21
1123;18
1124;29
1125;29
1126;14
1127;13
1128;27
1129;27
1130;21
1201;28
1202;24
1203;28
1204;31
1205;22
1206;27
1207;22
1208;28
1209;21
1210;20
1211;20
1212;23
1213;20
1214;20
1215;27
1216;26
1217;18
1218;28
1219;23
1220;38
1221;22
1222;17
1223;48
1224;14
1225;19
1226;22
1227;33
1228;36
1229;30
1230;40
1231;33
