0101;11
0102;7
0103;15
0104;8
0105;7
0106;13
0107;8
0108;14
0109;11
0110;11
0111;8
0112;7
0113;9
0114;10
0115;7
0116;10
0117;11
0118;13
0119;7
0120;7
0121;12
0122;8
0123;17
0124;5
0125;8
0126;8
0127;13
0128;7
0129;13
0130;10
0131;11
0201;9
0202;9
0203;8
0204;7
0205;10
0206;11
0207;8
0208;9
0209;11
0210;8
0211;9
0212;7
0213;8
0214;5
0215;11
0216;12
0217;7
0218;7
0219;4
0220;12
0221;5
0222;6
0223;14
0224;12
0225;10
0226;4
0227;13
0228;5
0301;4
0302;6
0303;9
0304;7
0305;9
0306;7
0307;10
0308;5
0309;9
0310;9
0311;8
0312;7
0313;7
0314;8
0315;7
0316;10
0317;12
0318;11
0319;8
0320;5
0321;8
0322;10
0323;3
0324;7
0325;9
0326;3
0327;10
0328;6
0329;5
0330;4
0331;9
0401;3
0402;13
0403;6
0404;8
0405;11
0406;10
0407;8
0408;15
0409;10
0410;10
0411;12
0412;6
0413;9
0414;6
0415;10
0416;9
0417;9
0418;11
0419;13
0420;5
0421;6
0422;11
0423;7
0424;13
0425;4
0426;11
0427;7
0428;12
0429;15
0430;9
0501;8
0502;3
0503;12
0504;11
0505;11
0506;7
0507;9
0508;8
0509;8
0510;8
0511;9
0512;12
0513;12
0514;8
0515;10
0516;7
0517;11
0518;7
0519;8
0520;14
0521;10
0522;4
0523;14
0524;6
0525;8
0526;10
0527;7
0528;11
0529;6
0530;11
0531;7
0601;7
0602;7
0603;10
0604;9
0605;13
0606;10
0607;4
0608;12
0609;11
0610;9
0611;6
0612;10
0613;12
0614;7
0615;6
0616;9
0617;10
0618;7
0619;6
0620;11
0621;10
0622;8
0623;10
0624;11
0625;4
0626;8
0627;5
0628;10
0629;10
0630;5
0701;16
0702;10
0703;10
0704;10
0705;6
0706;5
0707;7
0708;9
0709;9
0710;3
0711;15
0712;9
0713;14
0714;11
0715;5
0716;12
0717;7
0718;8
0719;6
0720;11
0721;13
0722;11
0723;10
0724;12
0725;7
0726;11
0727;11
0728;9
0729;7
0730;7
0731;10
0801;8
0802;9
0803;11
0804;12
0805;6
0806;6
0807;9
0808;11
0809;7
0810;8
0811;6
0812;12
0813;6
0814;13
0815;7
0816;15
0817;4
0818;8
0819;6
0820;9
0821;7
0822;7
0823;6
0824;7
0825;6
0826;3
0827;6
0828;6
0829;6
0830;4
0831;10
0901;8
0902;11
0903;11
0904;17
0905;8
0906;8
0907;10
0908;8
0909;11
0910;4
0911;5
0912;6
0913;7
0914;8
0915;11
0916;7
0917;8
0918;7
0919;9
0920;5
0921;9
0922;5
0923;13
0924;8
0925;12
0926;8
0927;1
0928;6
0929;7
0930;5
1001;8
1002;4
1003;9
1004;9
1005;3
1006;4
1007;4
1008;13
1009;16
1010;4
1011;8
1012;9
1013;4
1014;9
1015;8
1016;8
1017;7
1018;5
1019;11
1020;6
1021;4
1022;6
1023;8
1024;10
1025;6
1026;5
1027;10
1028;3
1029;5
1030;5
1031;7
1101;4
1102;4
1103;7
1104;13
1105;7
1106;12
1107;9
1108;8
1109;3
1110;5
1111;17
1112;5
1113;8
1114;8
1115;6
1116;11
1117;8
1118;7
1119;7
1120;8
1121;9
1122;7
1123;11
1124;11
1125;16
1126;5
1127;12
1128;11
1129;4
1130;10
1201;6
1202;16
1203;10
1204;14
1205;8
1206;7
1207;13
1208;10
1209;12
1210;11
1211;10
1212;3
1213;10
1214;3
1215;6
1216;9
1217;12
1218;10
1219;10
1220;10
1221;9
1222;15
1223;8
1224;9
1225;11
1226;8
1227;16
1228;11
1229;7
1230;15
1231;11
