0101;3
0102;3
0103;5
0104;2
0105;1
0106;4
0107;4
0109;1
0110;1
0111;2
0112;4
0113;2
0114;2
0115;4
0116;3
0117;5
0118;2
0119;1
0121;2
0122;1
0123;5
0124;2
0125;1
0126;2
0128;1
0129;2
0130;3
0131;2
0201;3
0204;3
0205;2
0206;2
0207;1
0208;2
0209;2
0211;3
0212;2
0213;5
0214;5
0215;2
0216;1
0217;2
0218;2
0219;4
0220;3
0221;3
0222;2
0223;2
0224;2
0225;6
0226;1
0228;3
0301;1
0302;3
0303;4
0304;2
0306;2
0307;1
0308;1
0309;4
0310;2
0311;4
0312;3
0313;4
0315;1
0316;4
0317;1
0318;2
0319;1
0320;2
0321;1
0322;1
0324;3
0325;5
0326;2
0327;3
0328;1
0329;1
0331;1
0401;7
0402;4
0403;4
0404;2
0405;3
0407;3
0409;3
0410;6
0411;1
0412;1
0413;3
0414;2
0415;3
0416;2
0417;3
0418;3
0419;2
0420;4
0421;1
0422;1
0423;1
0424;6
0425;3
0426;4
0427;2
0428;4
0430;1
0501;4
0502;1
0503;3
0504;3
0506;4
0507;3
0508;3
0509;2
0510;1
0511;2
0513;2
0514;2
0515;4
0516;1
0517;3
0519;2
0520;3
0522;1
0523;4
0524;2
0525;3
0526;4
0527;1
0528;3
0529;4
0530;4
0531;1
0601;1
0605;3
0606;1
0607;3
0608;2
0609;1
0610;1
0611;1
0612;2
0614;2
0615;1
0616;4
0617;2
0618;1
0619;4
0620;2
0621;5
0622;6
0623;1
0624;7
0625;1
0626;2
0627;4
0628;2
0629;5
0630;3
0701;3
0703;2
0704;2
0705;3
0706;3
0707;2
0708;3
0709;2
0710;2
0711;3
0712;2
0713;5
0714;3
0715;1
0716;3
0717;2
0718;1
0721;2
0723;2
0724;3
0725;4
0726;3
0727;2
0728;4
0729;1
0730;1
0731;1
0801;6
0802;1
0803;2
0804;1
0805;4
0806;2
0807;2
0808;1
0809;1
0810;1
0811;6
0812;2
0813;2
0814;1
0815;3
0816;2
0817;2
0819;1
0821;1
0823;2
0824;3
0825;1
0827;4
0828;1
0829;1
0830;1
0901;1
0902;3
0903;2
0904;3
0905;1
0906;1
0907;2
0908;1
0909;3
0910;2
0911;3
0912;4
0913;2
0915;1
0916;3
0917;1
0918;4
0919;1
0920;1
0921;2
0922;1
0923;3
0924;2
0925;1
0926;3
0927;1
0928;1
0929;1
0930;3
1002;2
1003;1
1004;1
1005;2
1006;1
1007;1
1008;2
1009;3
1010;2
1011;5
1012;1
1013;4
1014;3
1015;2
1016;1
1017;2
1018;1
1019;2
1020;2
1021;2
1022;3
1024;1
1025;1
1027;3
1028;4
1029;1
1030;1
1031;3
1101;3
1102;3
1103;3
1104;1
1105;2
1106;3
1107;1
1108;2
1109;2
1110;1
1111;2
1112;2
1113;5
1114;2
1115;4
1116;1
1117;2
1119;4
1120;2
1122;2
1124;5
1125;2
1126;4
1127;3
1128;6
1129;3
1130;1
1201;2
1202;1
1203;6
1204;2
1205;7
1206;1
1207;3
1208;2
1209;6
1211;2
1212;3
1213;1
1214;1
1215;2
1216;2
1217;2
1218;1
1219;4
1220;1
1222;3
1223;1
1224;2
1225;3
1226;3
1227;2
1228;2
1229;1
1230;2
1231;1
