0101;9
0102;14
0103;7
0104;4
0105;7
0106;12
0107;12
0108;9
0109;14
0110;10
0111;8
0112;9
0113;6
0114;7
0115;7
0116;12
0117;6
0118;8
0119;11
0120;10
0121;7
0122;9
0123;8
0124;15
0125;13
0126;10
0127;6
0128;10
0129;7
0130;7
0131;5
0201;6
0202;8
0203;12
0204;4
0205;6
0206;13
0207;8
0208;7
0209;5
0210;10
0211;4
0212;8
0213;7
0214;8
0215;9
0216;7
0217;5
0218;7
0219;6
0220;5
0221;4
0222;11
0223;9
0224;9
0225;10
0226;11
0227;11
0228;5
0301;7
0302;8
0303;10
0304;7
0305;5
0306;7
0307;13
0308;4
0309;7
0310;3
0311;11
0312;12
0313;7
0314;9
0315;8
0316;7
0317;10
0318;7
0319;7
0320;15
0321;7
0322;14
0323;14
0324;13
0325;8
0326;7
0327;12
0328;5
0329;8
0330;7
0331;4
0401;10
0402;9
0403;7
0404;9
0405;8
0406;13
0407;11
0408;12
0409;7
0410;7
0411;8
0412;10
0413;11
0414;3
0415;9
0416;9
0417;8
0418;8
0419;6
0420;8
0421;7
0422;8
0423;11
0424;10
0425;6
0426;4
0427;4
0428;5
0429;12
0430;10
0501;7
0502;6
0503;7
0504;9
0505;12
0506;10
0507;5
0508;7
0509;6
0510;9
0511;7
0512;7
0513;5
0514;7
0515;13
0516;8
0517;5
0518;3
0519;3
0520;11
0521;8
0522;6
0523;8
0524;9
0525;8
0526;8
0527;7
0528;8
0529;5
0530;8
0531;8
0601;13
0602;4
0603;2
0604;5
0605;15
0606;6
0607;7
0608;6
0609;11
0610;9
0611;11
0612;9
0613;10
0614;6
0615;10
0616;11
0617;8
0618;13
0619;5
0620;5
0621;12
0622;7
0623;6
0624;13
0625;13
0626;8
0627;9
0628;7
0629;7
0630;12
0701;6
0702;10
0703;9
0704;10
0705;7
0706;5
0707;5
0708;7
0709;11
0710;12
0711;16
0712;8
0713;8
0714;8
0715;5
0716;7
0717;15
0718;8
0719;3
0720;5
0721;7
0722;8
0723;10
0724;7
0725;8
0726;8
0727;12
0728;9
0729;10
0730;12
0731;5
0801;11
0802;2
0803;7
0804;5
0805;7
0806;10
0807;6
0808;9
0809;8
0810;6
0811;10
0812;9
0813;8
0814;5
0815;9
0816;9
0817;5
0818;6
0819;18
0820;10
0821;7
0822;6
0823;9
0824;10
0825;8
0826;8
0827;11
0828;5
0829;12
0830;7
0831;5
0901;5
0902;7
0903;6
0904;4
0905;8
0906;7
0907;10
0909;9
0910;9
0911;10
0912;6
0913;8
0914;10
0915;3
0916;11
0917;11
0918;9
0919;12
0920;9
0921;6
0922;10
0923;6
0924;13
0925;7
0926;8
0927;9
0928;10
0929;9
0930;10
1001;9
1002;6
1003;8
1004;9
1005;6
1006;3
1007;6
1008;8
1009;10
1010;10
1011;10
1012;6
1013;8
1014;6
1015;7
1016;3
1017;5
1018;6
1019;7
1020;12
1021;10
1022;11
1023;4
1024;9
1025;12
1026;6
1027;11
1028;9
1029;12
1030;6
1031;9
1101;8
1102;5
1103;4
1104;3
1105;7
1106;7
1107;7
1108;11
1109;3
1110;8
1111;11
1112;9
1113;9
1114;11
1115;10
1116;13
1117;8
1118;7
1119;7
1120;7
1121;3
1122;9
1123;9
1124;7
1125;13
1126;8
1127;10
1128;2
1129;10
1130;7
1201;6
1202;13
1203;7
1204;8
1205;11
1206;6
1207;8
1208;6
1209;2
1210;7
1211;8
1212;9
1213;10
1214;15
1215;8
1216;9
1217;12
1218;7
1219;4
1220;11
1221;11
1222;8
1223;7
1224;12
1225;10
1226;17
1227;9
1228;13
1229;10
1230;7
1231;11
