0101;16
0102;18
0103;15
0104;12
0105;11
0106;15
0107;18
0108;12
0109;14
0110;11
0111;20
0112;14
0113;16
0114;9
0115;11
0116;14
0117;15
0118;15
0119;11
0120;14
0121;16
0122;9
0123;6
0124;7
0125;12
0126;10
0127;10
0128;11
0129;9
0130;16
0131;18
0201;11
0202;14
0203;9
0204;12
0205;10
0206;8
0207;16
0208;10
0209;19
0210;14
0211;14
0212;20
0213;9
0214;9
0215;13
0216;8
0217;12
0218;17
0219;11
0220;13
0221;16
0222;10
0223;14
0224;10
0225;15
0226;9
0227;14
0228;12
0301;14
0302;13
0303;12
0304;13
0305;13
0306;11
0307;11
0308;19
0309;12
0310;14
0311;14
0312;15
0313;13
0314;15
0315;7
0316;9
0317;11
0318;15
0319;20
0320;14
0321;12
0322;14
0323;14
0324;14
0325;7
0326;5
0327;10
0328;17
0329;7
0330;20
0331;11
0401;13
0402;17
0403;10
0404;19
0405;10
0406;17
0407;13
0408;6
0409;8
0410;9
0411;13
0412;16
0413;7
0414;11
0415;11
0416;16
0417;18
0418;14
0419;11
0420;20
0421;7
0422;11
0423;13
0424;16
0425;8
0426;6
0427;8
0428;16
0429;15
0430;15
0501;16
0502;21
0503;11
0504;14
0505;13
0506;3
0507;9
0508;15
0509;13
0510;14
0511;8
0512;9
0513;8
0514;13
0515;8
0516;7
0517;13
0518;8
0519;6
0520;11
0521;11
0522;6
0523;9
0524;18
0525;11
0526;7
0527;13
0528;12
0529;9
0530;15
0531;11
0601;12
0602;18
0603;10
0604;14
0605;14
0606;9
0607;11
0608;8
0609;17
0610;8
0611;11
0612;9
0613;15
0614;11
0615;18
0616;13
0617;11
0618;14
0619;7
0620;17
0621;9
0622;8
0623;15
0624;10
0625;12
0626;14
0627;9
0628;16
0629;15
0630;9
0701;10
0702;15
0703;9
0704;9
0705;4
0706;16
0707;13
0708;12
0709;13
0710;13
0711;6
0712;19
0713;15
0714;7
0715;21
0716;15
0717;16
0718;13
0719;9
0720;15
0721;13
0722;11
0723;11
0724;8
0725;21
0726;17
0727;6
0728;12
0729;20
0730;14
0731;13
0801;12
0802;19
0803;14
0804;10
0805;11
0806;17
0807;11
0808;8
0809;9
0810;18
0811;12
0812;11
0813;5
0814;14
0815;11
0816;10
0817;22
0818;7
0819;10
0820;7
0821;10
0822;19
0823;12
0824;9
0825;12
0826;14
0827;14
0828;10
0829;18
0830;9
0831;15
0901;6
0902;12
0903;8
0904;15
0905;10
0906;14
0907;7
0908;14
0909;11
0910;12
0911;12
0912;9
0913;11
0914;19
0915;13
0916;8
0917;12
0918;15
0919;13
0920;10
0921;15
0922;7
0923;12
0924;9
0925;12
0926;9
0927;7
0928;18
0929;4
0930;19
1001;16
1002;12
1003;12
1004;12
1005;10
1006;15
1007;13
1008;15
1009;15
1010;14
1011;17
1012;9
1013;9
1014;13
1015;12
1016;12
1017;13
1018;8
1019;15
1020;11
1021;9
1022;13
1023;10
1024;11
1025;13
1026;16
1027;8
1028;11
1029;15
1030;11
1031;10
1101;16
1102;10
1103;7
1104;9
1105;8
1106;6
1107;10
1108;14
1109;17
1110;15
1111;10
1112;17
1113;15
1114;13
1115;10
1116;9
1117;12
1118;8
1119;12
1120;10
1121;11
1122;15
1123;18
1124;12
1125;20
1126;12
1127;12
1128;11
1129;16
1130;10
1201;9
1202;14
1203;11
1204;4
1205;11
1206;11
1207;11
1208;9
1209;9
1210;15
1211;11
1212;14
1213;16
1214;10
1215;14
1216;11
1217;15
1218;16
1219;7
1220;15
1221;13
1222;14
1223;13
1224;14
1225;10
1226;15
1227;12
1228;12
1229;16
1230;14
1231;15
