0101;5
0102;1
0103;8
0104;6
0105;4
0106;3
0107;3
0108;7
0109;4
0110;9
0111;2
0112;9
0113;6
0114;2
0115;2
0116;7
0117;2
0118;9
0119;4
0120;6
0121;7
0122;2
0123;4
0124;2
0125;8
0126;6
0127;7
0128;2
0129;7
0130;8
0201;4
0202;15
0203;7
0204;6
0205;5
0206;4
0207;5
0208;3
0209;3
0210;4
0211;5
0212;10
0213;6
0214;3
0215;5
0216;4
0217;7
0218;5
0219;4
0220;4
0221;8
0222;5
0223;3
0224;3
0225;4
0226;8
0227;6
0301;4
0302;7
0303;8
0304;6
0305;11
0306;4
0307;5
0308;3
0309;5
0310;10
0311;6
0312;9
0313;7
0314;7
0315;8
0316;7
0317;5
0318;8
0319;3
0320;4
0321;13
0322;2
0323;3
0324;3
0325;2
0326;7
0327;5
0328;3
0329;3
0330;3
0331;6
0401;8
0402;4
0403;8
0404;2
0405;8
0406;7
0407;4
0408;4
0409;4
0410;3
0411;6
0412;6
0413;9
0414;12
0415;6
0416;7
0417;6
0418;5
0419;11
0420;6
0421;4
0422;7
0423;4
0424;8
0425;3
0426;5
0427;6
0428;7
0429;7
0430;5
0501;9
0502;4
0503;6
0504;7
0505;10
0506;4
0507;7
0508;5
0509;8
0510;4
0511;5
0512;9
0513;9
0514;3
0515;5
0516;3
0517;5
0518;8
0519;5
0520;5
0521;3
0522;3
0523;3
0524;8
0525;2
0526;4
0527;7
0528;4
0529;6
0530;5
0531;9
0601;2
0602;2
0603;7
0604;2
0605;9
0606;5
0607;7
0608;7
0609;9
0610;5
0611;3
0612;3
0613;7
0614;9
0615;5
0616;4
0617;7
0618;5
0619;4
0620;5
0621;5
0622;7
0623;6
0624;4
0625;8
0626;2
0627;3
0628;4
0629;7
0630;5
0701;6
0702;5
0703;4
0704;8
0705;3
0706;6
0707;9
0708;4
0709;6
0710;5
0711;6
0712;6
0713;5
0714;5
0715;5
0716;6
0717;9
0718;7
0719;5
0720;4
0721;6
0722;5
0723;8
0724;3
0725;3
0726;3
0727;5
0728;4
0729;3
0730;4
0731;5
0801;5
0802;3
0803;4
0804;7
0805;3
0806;7
0807;6
0808;6
0809;2
0810;1
0811;7
0812;6
0813;7
0814;7
0815;5
0816;6
0817;5
0818;4
0819;2
0820;3
0821;8
0822;4
0823;4
0824;3
0825;7
0826;12
0827;5
0828;4
0829;3
0830;4
0831;8
0901;3
0902;7
0903;8
0904;3
0905;6
0906;4
0907;5
0908;7
0909;5
0910;4
0911;8
0912;5
0913;5
0914;5
0915;7
0916;4
0917;6
0918;4
0919;5
0920;2
0921;4
0922;2
0924;5
0925;4
0926;9
0927;2
0928;10
0929;8
0930;3
1001;7
1002;9
1003;3
1004;11
1005;1
1006;4
1007;6
1008;7
1009;6
1010;3
1011;8
1012;2
1013;8
1014;2
1015;3
1016;1
1017;2
1018;6
1019;4
1020;4
1021;5
1022;7
1023;5
1024;4
1025;6
1026;7
1027;4
1028;10
1029;5
1030;8
1031;6
1101;3
1102;3
1103;2
1104;4
1105;1
1106;5
1107;4
1108;5
1109;3
1110;5
1111;6
1112;5
1113;2
1114;9
1115;6
1116;8
1117;3
1118;6
1119;2
1120;5
1121;6
1122;5
1123;7
1124;16
1125;4
1126;6
1127;4
1128;6
1129;7
1130;2
1201;6
1202;8
1203;4
1204;3
1205;2
1206;2
1207;5
1208;4
1209;7
1210;8
1211;5
1212;3
1213;7
1214;6
1215;4
1216;7
1217;7
1218;8
1219;9
1220;3
1221;6
1222;5
1223;6
1224;2
1225;4
1226;10
1227;7
1228;5
1229;4
1230;11
1231;6
