0101;9
0102;12
0103;12
0104;25
0105;22
0106;20
0107;20
0108;15
0109;12
0110;12
0111;12
0112;14
0113;12
0114;15
0115;20
0116;20
0117;20
0118;15
0119;14
0120;20
0121;15
0122;16
0123;15
0124;11
0125;28
0126;12
0127;14
0128;11
0129;16
0130;20
0131;17
0201;15
0202;15
0203;14
0204;16
0205;13
0206;9
0207;15
0208;18
0209;15
0210;13
0211;12
0212;11
0213;13
0214;17
0215;12
0216;11
0217;7
0218;11
0219;6
0220;11
0221;16
0222;12
0223;16
0224;16
0225;11
0226;11
0227;11
0228;14
0301;9
0302;10
0303;11
0304;17
0305;7
0306;12
0307;15
0308;13
0309;16
0310;9
0311;8
0312;16
0313;17
0314;16
0315;17
0316;12
0317;15
0318;17
0319;15
0320;25
0321;18
0322;15
0323;9
0324;11
0325;13
0326;10
0327;13
0328;15
0329;17
0330;16
0331;15
0401;14
0402;18
0403;20
0404;13
0405;14
0406;13
0407;12
0408;9
0409;13
0410;13
0411;11
0412;12
0413;11
0414;22
0415;19
0416;16
0417;14
0418;13
0419;15
0420;19
0421;15
0422;21
0423;10
0424;8
0425;9
0426;18
0427;19
0428;16
0429;12
0430;13
0501;12
0502;17
0503;13
0504;14
0505;11
0506;8
0507;20
0508;16
0509;19
0510;14
0511;14
0512;21
0513;9
0514;12
0515;17
0516;12
0517;11
0518;11
0519;11
0520;15
0521;13
0522;10
0523;10
0524;21
0525;16
0526;16
0527;11
0528;9
0529;16
0530;12
0531;12
0601;16
0602;14
0603;12
0604;16
0605;12
0606;17
0607;18
0608;15
0609;15
0610;7
0611;15
0612;8
0613;11
0614;12
0615;18
0616;17
0617;11
0618;14
0619;20
0620;9
0621;11
0622;18
0623;11
0624;13
0625;12
0626;12
0627;21
0628;20
0629;17
0630;17
0701;19
0702;17
0703;12
0704;17
0705;13
0706;12
0707;12
0708;16
0709;12
0710;11
0711;16
0712;11
0713;12
0714;15
0715;15
0716;10
0717;17
0718;17
0719;16
0720;22
0721;15
0722;15
0723;11
0724;11
0725;18
0726;15
0727;11
0728;16
0729;14
0730;9
0731;14
0801;11
0802;17
0803;9
0804;14
0805;15
0806;12
0807;12
0808;10
0809;13
0810;11
0811;13
0812;12
0813;8
0814;12
0815;16
0816;16
0817;12
0818;16
0819;18
0820;10
0821;14
0822;10
0823;16
0824;9
0825;11
0826;16
0827;11
0828;14
0829;17
0830;9
0831;8
0901;14
0902;14
0903;13
0904;12
0905;10
0906;10
0907;8
0908;14
0909;11
0910;12
0911;21
0912;10
0913;8
0914;18
0915;17
0916;12
0917;13
0918;12
0919;14
0920;14
0921;12
0922;16
0923;18
0924;22
0925;14
0926;16
0927;16
0928;21
0929;14
0930;18
1001;19
1002;15
1003;16
1004;22
1005;12
1006;10
1007;20
1008;12
1009;11
1010;19
1011;17
1012;9
1013;12
1014;18
1015;9
1016;15
1017;9
1018;13
1019;18
1020;17
1021;16
1022;11
1023;17
1024;21
1025;10
1026;20
1027;10
1028;9
1029;11
1030;11
1031;15
1101;14
1102;16
1103;13
1104;14
1105;10
1106;18
1107;12
1108;10
1109;11
1110;19
1111;18
1112;14
1113;18
1114;12
1115;11
1116;14
1117;16
1118;16
1119;15
1120;16
1121;15
1122;12
1123;9
1124;6
1125;8
1126;10
1127;16
1128;12
1129;19
1130;16
1201;18
1202;14
1203;15
1204;22
1205;16
1206;10
1207;13
1208;10
1209;15
1210;8
1211;17
1212;17
1213;17
1214;11
1215;9
1216;8
1217;13
1218;17
1219;17
1220;27
1221;24
1222;21
1223;19
1224;14
1225;21
1226;19
1227;19
1228;21
1229;15
1230;19
1231;20
