0101;17
0102;21
0103;18
0104;26
0105;20
0106;22
0107;33
0108;25
0109;28
0110;26
0111;23
0112;26
0113;26
0114;25
0115;35
0116;24
0117;25
0118;31
0119;32
0120;26
0121;24
0122;30
0123;24
0124;25
0125;25
0126;23
0127;27
0128;16
0129;20
0130;25
0131;20
0201;29
0202;26
0203;28
0204;16
0205;23
0206;33
0207;28
0208;35
0209;23
0210;25
0211;18
0212;22
0213;30
0214;18
0215;20
0216;26
0217;19
0218;22
0219;16
0220;30
0221;19
0222;22
0223;20
0224;18
0225;30
0226;30
0227;20
0228;22
0301;19
0302;18
0303;24
0304;28
0305;16
0306;27
0307;17
0308;27
0309;23
0310;23
0311;30
0312;27
0313;28
0314;20
0315;26
0316;23
0317;18
0318;23
0319;12
0320;20
0321;25
0322;29
0323;26
0324;25
0325;25
0326;27
0327;25
0328;24
0329;25
0330;25
0331;27
0401;17
0402;22
0403;27
0404;17
0405;23
0406;20
0407;22
0408;20
0409;22
0410;27
0411;17
0412;24
0413;35
0414;22
0415;25
0416;32
0417;19
0418;23
0419;18
0420;34
0421;20
0422;22
0423;17
0424;22
0425;21
0426;21
0427;25
0428;31
0429;26
0430;30
0501;23
0502;24
0503;29
0504;23
0505;26
0506;20
0507;20
0508;18
0509;20
0510;15
0511;26
0512;25
0513;19
0514;18
0515;22
0516;14
0517;18
0518;14
0519;24
0520;27
0521;12
0522;23
0523;28
0524;20
0525;18
0526;12
0527;27
0528;18
0529;30
0530;14
0531;25
0601;23
0602;20
0603;22
0604;14
0605;22
0606;17
0607;22
0608;21
0609;20
0610;25
0611;23
0612;27
0613;29
0614;17
0615;21
0616;23
0617;25
0618;10
0619;30
0620;24
0621;38
0622;15
0623;30
0624;22
0625;20
0626;20
0627;27
0628;16
0629;27
0630;26
0701;22
0702;22
0703;23
0704;14
0705;20
0706;17
0707;23
0708;25
0709;20
0710;24
0711;26
0712;25
0713;25
0714;23
0715;19
0716;19
0717;20
0718;26
0719;17
0720;18
0721;35
0722;14
0723;17
0724;21
0725;28
0726;22
0727;31
0728;27
0729;27
0730;18
0731;20
0801;31
0802;29
0803;28
0804;18
0805;31
0806;21
0807;19
0808;29
0809;20
0810;22
0811;27
0812;23
0813;21
0814;19
0815;16
0816;12
0817;18
0818;12
0819;21
0820;22
0821;20
0822;24
0823;18
0824;13
0825;23
0826;22
0827;24
0828;12
0829;17
0830;17
0831;20
0901;18
0902;26
0903;30
0904;11
0905;18
0906;23
0907;24
0908;21
0909;16
0910;26
0911;21
0912;24
0913;19
0914;26
0915;33
0916;20
0917;18
0918;14
0919;24
0920;22
0921;18
0922;17
0923;23
0924;18
0925;25
0926;13
0927;17
0928;15
0929;16
0930;26
1001;18
1002;16
1003;28
1004;31
1005;23
1006;21
1007;26
1008;18
1009;19
1010;25
1011;25
1012;22
1013;19
1014;10
1015;19
1016;28
1017;22
1018;21
1019;22
1020;12
1021;11
1022;20
1023;26
1024;24
1025;17
1026;16
1027;15
1028;24
1029;18
1030;15
1031;30
1101;17
1102;17
1103;18
1104;31
1105;16
1106;28
1107;25
1108;27
1109;21
1110;28
1111;19
1112;23
1113;17
1114;19
1115;22
1116;13
1117;21
1118;24
1119;19
1120;24
1121;17
1122;27
1123;18
1124;29
1125;22
1126;13
1127;25
1128;29
1129;26
1130;19
1201;18
1202;19
1203;24
1204;34
1205;26
1206;22
1207;26
1208;23
1209;29
1210;12
1211;20
1212;32
1213;33
1214;26
1215;30
1216;24
1217;29
1218;33
1219;29
1220;33
1221;28
1222;30
1223;37
1224;21
1225;26
1226;22
1227;27
1228;27
1229;20
1230;27
1231;24
