0101;17
0102;14
0103;14
0104;10
0105;14
0106;14
0107;15
0108;14
0109;8
0110;7
0111;13
0112;18
0113;12
0114;11
0115;14
0116;17
0117;14
0118;10
0119;15
0120;4
0121;11
0122;9
0123;9
0124;12
0125;17
0126;17
0127;16
0128;14
0129;10
0130;9
0131;9
0201;7
0202;8
0203;11
0204;9
0205;10
0206;8
0207;15
0208;11
0209;8
0210;7
0211;14
0212;12
0213;20
0214;5
0215;12
0216;6
0217;11
0218;10
0219;13
0220;10
0221;5
0222;11
0223;9
0224;12
0225;6
0226;10
0227;16
0228;4
0301;14
0302;13
0303;18
0304;9
0305;15
0306;13
0307;13
0308;10
0309;7
0310;11
0311;10
0312;12
0313;12
0314;8
0315;16
0316;12
0317;6
0318;10
0319;9
0320;17
0321;11
0322;12
0323;15
0324;16
0325;13
0326;13
0327;12
0328;12
0329;13
0330;9
0331;9
0401;12
0402;15
0403;13
0404;7
0405;9
0406;14
0407;9
0408;15
0409;11
0410;11
0411;11
0412;10
0413;11
0414;7
0415;15
0416;9
0417;10
0418;14
0419;5
0420;7
0421;8
0422;16
0423;5
0424;23
0425;10
0426;10
0427;11
0428;3
0429;14
0430;11
0501;15
0502;8
0503;12
0504;12
0505;18
0506;8
0507;13
0508;12
0509;9
0510;12
0511;12
0512;13
0513;12
0514;10
0515;11
0516;16
0517;12
0518;7
0519;6
0520;13
0521;15
0522;8
0523;15
0524;8
0525;9
0526;10
0527;8
0528;10
0529;11
0530;15
0531;5
0601;8
0602;6
0603;12
0604;9
0605;11
0606;9
0607;15
0608;13
0609;9
0610;6
0611;4
0612;9
0613;14
0614;13
0615;11
0616;10
0617;15
0618;10
0619;13
0620;10
0621;14
0622;10
0623;2
0624;14
0625;7
0626;15
0627;7
0628;9
0629;10
0630;6
0701;18
0702;11
0703;14
0704;10
0705;9
0706;13
0707;9
0708;12
0709;13
0710;6
0711;12
0712;13
0713;15
0714;11
0715;11
0716;9
0717;11
0718;14
0719;14
0720;9
0721;12
0722;7
0723;7
0724;3
0725;14
0726;10
0727;9
0728;9
0729;9
0730;7
0731;10
0801;14
0802;10
0803;10
0804;7
0805;13
0806;10
0807;7
0808;9
0809;8
0810;11
0811;8
0812;13
0813;17
0814;9
0815;11
0816;9
0817;8
0818;8
0819;10
0820;9
0821;5
0822;6
0823;8
0824;13
0825;9
0826;9
0827;5
0828;9
0829;10
0830;14
0831;14
0901;8
0902;12
0903;10
0904;7
0905;11
0906;8
0907;16
0908;6
0909;7
0910;10
0911;9
0912;5
0913;15
0914;6
0915;12
0916;7
0917;5
0918;6
0919;9
0920;8
0921;14
0922;8
0923;15
0924;8
0925;7
0926;9
0927;9
0928;18
0929;11
0930;11
1001;12
1002;13
1003;5
1004;16
1005;13
1006;9
1007;8
1008;11
1009;14
1010;12
1011;4
1012;11
1013;5
1014;8
1015;18
1016;7
1017;10
1018;6
1019;5
1020;10
1021;10
1022;5
1023;17
1024;9
1025;12
1026;12
1027;8
1028;12
1029;11
1030;14
1031;8
1101;8
1102;10
1103;7
1104;10
1105;16
1106;10
1107;8
1108;5
1109;13
1110;13
1111;15
1112;14
1113;10
1114;8
1115;8
1116;10
1117;5
1118;10
1119;10
1120;7
1121;12
1122;8
1123;16
1124;10
1125;9
1126;6
1127;11
1128;10
1129;10
1130;13
1201;6
1202;9
1203;14
1204;10
1205;15
1206;11
1207;17
1208;10
1209;9
1210;12
1211;11
1212;8
1213;8
1214;12
1215;16
1216;9
1217;8
1218;13
1219;11
1220;9
1221;11
1222;12
1223;6
1224;13
1225;12
1226;11
1227;14
1228;13
1229;16
1230;13
1231;15
