0101;7
0102;5
0103;1
0105;8
0106;7
0107;4
0108;3
0109;5
0110;2
0111;3
0112;3
0113;6
0114;5
0115;1
0116;1
0117;2
0118;4
0119;3
0120;3
0121;4
0122;4
0123;4
0124;3
0125;4
0126;3
0127;4
0128;2
0129;7
0130;5
0131;5
0201;4
0202;4
0203;3
0204;10
0205;5
0206;3
0208;3
0209;5
0210;1
0211;3
0212;2
0214;2
0215;3
0216;3
0217;5
0218;2
0219;6
0220;2
0221;3
0222;3
0223;3
0224;1
0225;3
0226;4
0227;3
0228;2
0301;1
0302;2
0303;1
0304;11
0305;2
0306;6
0307;4
0308;5
0309;6
0310;4
0311;6
0312;2
0313;1
0314;1
0315;6
0316;2
0317;3
0318;5
0319;4
0320;7
0321;2
0322;1
0323;4
0324;5
0325;3
0326;3
0327;6
0328;3
0329;5
0330;1
0331;3
0401;5
0402;4
0403;4
0404;5
0405;1
0406;3
0407;4
0408;2
0409;1
0410;3
0411;4
0412;2
0413;1
0414;1
0415;5
0416;4
0417;2
0418;4
0419;1
0420;4
0421;2
0422;7
0423;3
0424;5
0425;3
0426;3
0427;2
0428;1
0429;4
0430;7
0501;3
0502;4
0503;2
0504;3
0505;1
0506;1
0507;2
0508;3
0509;3
0510;4
0511;5
0512;1
0513;4
0514;3
0515;6
0516;2
0517;3
0518;2
0519;2
0520;2
0521;3
0522;2
0523;6
0524;5
0525;3
0526;3
0527;3
0528;3
0529;3
0530;3
0531;4
0601;4
0602;2
0603;1
0604;7
0605;1
0606;1
0607;3
0608;2
0609;5
0610;4
0611;3
0612;2
0613;5
0614;3
0615;5
0616;3
0617;2
0618;3
0619;5
0620;4
0621;1
0622;3
0623;2
0624;3
0625;4
0626;4
0627;3
0628;4
0630;2
0701;2
0702;1
0703;2
0704;1
0705;3
0707;3
0708;3
0709;3
0711;6
0712;2
0714;4
0715;3
0716;6
0717;3
0718;3
0719;4
0720;6
0721;2
0722;9
0723;3
0724;6
0725;2
0726;1
0727;3
0728;3
0729;2
0731;6
0801;8
0802;4
0803;3
0804;3
0805;5
0806;2
0807;4
0808;1
0809;1
0810;3
0811;3
0812;3
0813;3
0814;1
0815;5
0816;3
0817;3
0818;2
0819;6
0820;2
0821;4
0822;2
0823;1
0824;4
0825;6
0826;3
0827;5
0828;2
0829;3
0830;2
0831;6
0901;4
0902;2
0904;3
0905;4
0906;6
0908;7
0909;7
0910;5
0911;8
0912;4
0913;5
0915;3
0916;2
0917;3
0918;5
0919;1
0920;2
0921;2
0922;5
0923;3
0924;1
0925;1
0926;5
0927;2
0928;1
0929;4
0930;4
1001;2
1002;2
1003;5
1004;3
1005;5
1006;3
1007;2
1008;4
1009;6
1010;5
1011;4
1012;1
1013;4
1014;3
1015;6
1016;3
1017;3
1018;4
1019;6
1020;4
1021;6
1022;6
1023;5
1024;5
1025;2
1026;4
1027;5
1028;7
1029;2
1030;5
1101;3
1102;4
1103;3
1104;5
1105;4
1106;1
1107;2
1108;6
1109;4
1110;3
1111;3
1112;5
1113;2
1114;3
1115;5
1116;3
1117;1
1118;2
1119;6
1120;6
1121;2
1122;2
1124;3
1125;4
1126;3
1127;2
1129;4
1130;3
1201;6
1202;4
1204;1
1205;3
1206;5
1207;3
1208;2
1209;1
1210;2
1211;4
1212;1
1213;2
1214;4
1215;5
1216;1
1217;7
1218;4
1219;2
1220;7
1221;3
1222;3
1224;7
1225;1
1226;3
1227;3
1228;4
1229;2
1230;1
1231;4
