0101;18
0102;29
0103;24
0104;25
0105;25
0106;29
0107;32
0108;18
0109;22
0110;21
0111;39
0112;20
0113;21
0114;33
0115;20
0116;23
0117;23
0118;25
0119;17
0120;26
0121;22
0122;21
0123;30
0124;25
0125;25
0126;15
0127;15
0128;19
0129;27
0130;20
0131;19
0201;20
0202;20
0203;29
0204;21
0205;21
0206;19
0207;16
0208;17
0209;19
0210;24
0211;17
0212;26
0213;22
0214;17
0215;20
0216;22
0217;24
0218;22
0219;18
0220;18
0221;28
0222;26
0223;19
0224;20
0225;16
0226;22
0227;20
0228;27
0301;26
0302;26
0303;24
0304;17
0305;20
0306;16
0307;20
0308;25
0309;22
0310;17
0311;23
0312;24
0313;21
0314;19
0315;29
0316;17
0317;24
0318;22
0319;17
0320;27
0321;19
0322;28
0323;28
0324;22
0325;17
0326;18
0327;26
0328;21
0329;19
0330;29
0331;21
0401;19
0402;25
0403;19
0404;18
0405;23
0406;24
0407;15
0408;21
0409;26
0410;23
0411;22
0412;32
0413;19
0414;21
0415;20
0416;15
0417;22
0418;23
0419;24
0420;23
0421;19
0422;16
0423;25
0424;23
0425;17
0426;22
0427;15
0428;17
0429;18
0430;20
0501;13
0502;19
0503;17
0504;26
0505;23
0506;14
0507;23
0508;19
0509;18
0510;22
0511;18
0512;27
0513;20
0514;21
0515;20
0516;20
0517;25
0518;16
0519;24
0520;15
0521;17
0522;22
0523;16
0524;29
0525;24
0526;15
0527;24
0528;19
0529;25
0530;23
0531;16
0601;15
0602;17
0603;21
0604;28
0605;17
0606;18
0607;22
0608;20
0609;18
0610;17
0611;20
0612;21
0613;20
0614;20
0615;17
0616;18
0617;21
0618;18
0619;29
0620;12
0621;19
0622;17
0623;17
0624;17
0625;21
0626;16
0627;23
0628;27
0629;17
0630;27
0701;23
0702;11
0703;19
0704;20
0705;29
0706;11
0707;13
0708;23
0709;27
0710;19
0711;30
0712;27
0713;14
0714;19
0715;22
0716;16
0717;23
0718;23
0719;22
0720;19
0721;19
0722;25
0723;17
0724;18
0725;22
0726;22
0727;28
0728;23
0729;19
0730;16
0731;24
0801;19
0802;19
0803;25
0804;25
0805;29
0806;22
0807;29
0808;14
0809;16
0810;21
0811;21
0812;14
0813;16
0814;22
0815;15
0816;12
0817;18
0818;19
0819;13
0820;16
0821;22
0822;18
0823;21
0824;16
0825;16
0826;29
0827;17
0828;26
0829;11
0830;17
0831;9
0901;23
0902;20
0903;19
0904;10
0905;23
0906;13
0907;18
0908;16
0909;24
0910;21
0911;18
0912;23
0913;16
0914;21
0915;24
0916;24
0917;20
0918;19
0919;20
0920;23
0921;29
0922;20
0923;24
0924;18
0925;31
0926;25
0927;23
0928;15
0929;23
0930;16
1001;22
1002;22
1003;22
1004;27
1005;16
1006;19
1007;22
1008;17
1009;17
1010;13
1011;15
1012;20
1013;22
1014;16
1015;17
1016;24
1017;22
1018;26
1019;22
1020;15
1021;10
1022;19
1023;23
1024;22
1025;20
1026;22
1027;16
1028;20
1029;23
1030;24
1031;13
1101;21
1102;27
1103;20
1104;19
1105;12
1106;23
1107;24
1108;30
1109;25
1110;21
1111;24
1112;15
1113;24
1114;19
1115;22
1116;19
1117;21
1118;21
1119;17
1120;20
1121;30
1122;18
1123;28
1124;23
1125;22
1126;26
1127;12
1128;25
1129;23
1130;31
1201;19
1202;18
1203;23
1204;18
1205;21
1206;22
1207;33
1208;23
1209;18
1210;23
1211;21
1212;20
1213;14
1214;23
1215;25
1216;18
1217;23
1218;21
1219;23
1220;30
1221;30
1222;27
1223;24
1224;20
1225;29
1226;23
1227;26
1228;22
1229;33
1230;22
1231;29
