0101;37
0102;27
0103;27
0104;34
0105;34
0106;32
0107;27
0108;34
0109;39
0110;38
0111;29
0112;25
0113;30
0114;27
0115;27
0116;31
0117;28
0118;34
0119;23
0120;33
0121;29
0122;29
0123;34
0124;20
0125;26
0126;28
0127;38
0128;25
0129;28
0130;30
0131;31
0201;30
0202;26
0203;31
0204;28
0205;26
0206;26
0207;25
0208;31
0209;37
0210;27
0211;25
0212;20
0213;32
0214;25
0215;34
0216;36
0217;33
0218;27
0219;20
0220;25
0221;32
0222;24
0223;24
0224;20
0225;18
0226;28
0227;22
0228;29
0301;33
0302;29
0303;26
0304;30
0305;26
0306;27
0307;28
0308;24
0309;26
0310;29
0311;36
0312;29
0313;32
0314;27
0315;34
0316;28
0317;34
0318;25
0319;30
0320;23
0321;24
0322;27
0323;34
0324;22
0325;23
0326;28
0327;44
0328;31
0329;29
0330;32
0331;29
0401;24
0402;32
0403;35
0404;28
0405;19
0406;24
0407;23
0408;29
0409;18
0410;32
0411;28
0412;25
0413;32
0414;30
0415;27
0416;28
0417;28
0418;22
0419;30
0420;19
0421;35
0422;30
0423;23
0424;31
0425;22
0426;33
0427;31
0428;18
0429;20
0430;25
0501;27
0502;25
0503;25
0504;19
0505;37
0506;42
0507;28
0508;23
0509;21
0510;25
0511;26
0512;24
0513;24
0514;24
0515;30
0516;19
0517;35
0518;30
0519;27
0520;31
0521;27
0522;17
0523;37
0524;27
0525;15
0526;23
0527;26
0528;32
0529;27
0530;26
0531;24
0601;24
0602;21
0603;13
0604;23
0605;28
0606;26
0607;21
0608;26
0609;34
0610;28
0611;22
0612;20
0613;24
0614;19
0615;24
0616;28
0617;22
0618;23
0619;28
0620;24
0621;30
0622;29
0623;25
0624;26
0625;27
0626;34
0627;27
0628;39
0629;23
0630;33
0701;37
0702;29
0703;38
0704;20
0705;24
0706;18
0707;19
0708;31
0709;35
0710;39
0711;28
0712;35
0713;25
0714;24
0715;36
0716;30
0717;37
0718;13
0719;34
0720;21
0721;36
0722;30
0723;17
0724;19
0725;22
0726;33
0727;29
0728;20
0729;13
0730;29
0731;37
0801;29
0802;29
0803;34
0804;31
0805;22
0806;35
0807;29
0808;27
0809;19
0810;26
0811;22
0812;28
0813;28
0814;18
0815;26
0816;28
0817;24
0818;34
0819;30
0820;21
0821;20
0822;35
0823;26
0824;21
0825;27
0826;14
0827;23
0828;26
0829;24
0830;24
0831;18
0901;22
0902;24
0903;25
0904;20
0905;21
0906;29
0907;27
0908;28
0909;28
0910;41
0911;29
0912;32
0913;29
0914;25
0915;17
0916;35
0917;29
0918;32
0919;20
0920;22
0921;26
0922;36
0923;22
0924;27
0925;17
0926;28
0927;16
0928;22
0929;30
0930;30
1001;42
1002;25
1003;34
1004;24
1005;21
1006;31
1007;22
1008;27
1009;32
1010;35
1011;35
1012;28
1013;28
1014;29
1015;22
1016;26
1017;29
1018;21
1019;25
1020;28
1021;27
1022;19
1023;25
1024;19
1025;29
1026;28
1027;32
1028;29
1029;17
1030;27
1031;31
1101;29
1102;30
1103;32
1104;23
1105;26
1106;28
1107;28
1108;27
1109;33
1110;20
1111;30
1112;35
1113;19
1114;30
1115;16
1116;28
1117;32
1118;31
1119;25
1120;34
1121;23
1122;22
1123;28
1124;33
1125;20
1126;24
1127;29
1128;33
1129;24
1130;24
1201;26
1202;22
1203;31
1204;28
1205;38
1206;29
1207;27
1208;26
1209;25
1210;27
1211;29
1212;28
1213;29
1214;26
1215;20
1216;29
1217;28
1218;31
1219;35
1220;16
1221;24
1222;25
1223;31
1224;28
1225;44
1226;25
1227;36
1228;26
1229;33
1230;39
1231;25
