0101;12
0102;10
0103;13
0104;10
0105;13
0106;11
0107;9
0108;9
0109;12
0110;13
0111;5
0112;8
0113;8
0114;12
0115;16
0116;8
0117;9
0118;8
0119;2
0120;9
0121;11
0122;17
0123;15
0124;9
0125;16
0126;11
0127;19
0128;11
0129;14
0130;12
0131;11
0201;10
0202;9
0203;9
0204;13
0205;15
0206;17
0207;12
0208;11
0209;11
0210;14
0211;17
0212;9
0213;8
0214;10
0215;10
0216;13
0217;12
0218;11
0219;14
0220;11
0221;8
0222;7
0223;9
0224;11
0225;9
0226;13
0227;11
0228;9
0229;8
0301;14
0302;11
0303;13
0304;13
0305;10
0306;15
0307;14
0308;8
0309;13
0310;10
0311;19
0312;13
0313;8
0314;11
0315;14
0316;13
0317;12
0318;7
0319;16
0320;12
0321;12
0322;11
0323;12
0324;14
0325;7
0326;11
0327;12
0328;9
0329;15
0330;13
0331;10
0401;12
0402;11
0403;12
0404;8
0405;10
0406;12
0407;8
0408;16
0409;16
0410;21
0411;10
0412;14
0413;10
0414;10
0415;8
0416;11
0417;12
0418;9
0419;13
0420;8
0421;10
0422;13
0423;11
0424;2
0425;10
0426;5
0427;12
0428;10
0429;21
0430;7
0501;13
0502;10
0503;8
0504;8
0505;14
0506;13
0507;13
0508;9
0509;7
0510;7
0511;14
0512;15
0513;19
0514;10
0515;9
0516;7
0517;6
0518;10
0519;16
0520;12
0521;13
0522;10
0523;7
0524;9
0525;16
0526;10
0527;8
0528;4
0529;17
0530;8
0531;10
0601;9
0602;8
0603;12
0604;11
0605;12
0606;17
0607;9
0608;12
0609;12
0610;8
0611;15
0612;16
0613;20
0614;13
0615;8
0616;14
0617;8
0618;16
0619;8
0620;13
0621;6
0622;10
0623;10
0624;9
0625;6
0626;10
0627;11
0628;10
0629;11
0630;6
0701;13
0702;8
0703;16
0704;14
0705;19
0706;12
0707;10
0708;9
0709;8
0710;11
0711;12
0712;13
0713;14
0714;5
0715;6
0716;15
0717;15
0718;10
0719;10
0720;9
0721;11
0722;13
0723;9
0724;11
0725;16
0726;12
0727;10
0728;15
0729;5
0730;12
0731;13
0801;9
0802;8
0803;6
0804;5
0805;8
0806;18
0807;18
0808;13
0809;12
0810;17
0811;11
0812;6
0813;11
0814;9
0815;13
0816;8
0817;8
0818;6
0819;10
0820;16
0821;17
0822;10
0823;9
0824;6
0825;10
0826;14
0827;11
0828;5
0829;15
0830;7
0831;10
0901;12
0902;12
0903;15
0904;9
0905;14
0906;12
0907;9
0908;4
0909;8
0910;9
0911;6
0912;10
0913;12
0914;10
0915;7
0916;8
0917;11
0918;6
0919;12
0920;13
0921;9
0922;18
0923;6
0924;9
0925;7
0926;17
0927;12
0928;10
0929;11
0930;10
1001;11
1002;5
1003;11
1004;4
1005;6
1006;9
1007;9
1008;11
1009;14
1010;9
1011;15
1012;14
1013;18
1014;13
1015;12
1016;15
1017;15
1018;11
1019;15
1020;21
1021;8
1022;11
1023;10
1024;8
1025;11
1026;7
1027;12
1028;11
1029;14
1030;10
1031;6
1101;13
1102;9
1103;8
1104;8
1105;14
1106;13
1107;12
1108;13
1109;19
1110;18
1111;14
1112;9
1113;7
1114;11
1115;13
1116;15
1117;13
1118;4
1119;13
1120;10
1121;12
1122;9
1123;12
1124;11
1125;19
1126;7
1127;10
1128;10
1129;12
1130;10
1201;10
1202;15
1203;12
1204;8
1205;9
1206;12
1207;10
1208;12
1209;12
1210;16
1211;12
1212;16
1213;9
1214;14
1215;13
1216;13
1217;10
1218;14
1219;5
1220;5
1221;12
1222;6
1223;10
1224;11
1225;10
1226;24
1227;12
1228;11
1229;9
1230;12
1231;16
