0101;2
0102;8
0103;12
0104;5
0105;7
0106;7
0107;8
0108;9
0109;6
0110;13
0111;11
0112;7
0113;4
0114;5
0115;4
0116;9
0117;10
0118;8
0119;8
0120;7
0121;4
0122;8
0123;8
0124;5
0125;7
0126;10
0127;4
0128;8
0129;5
0130;9
0131;4
0201;8
0202;6
0203;8
0204;16
0205;5
0206;7
0207;5
0208;14
0209;7
0210;8
0211;6
0212;6
0213;5
0214;9
0215;6
0216;1
0217;6
0218;2
0219;8
0220;5
0221;12
0222;8
0223;6
0224;6
0225;5
0226;12
0227;5
0228;4
0229;7
0301;9
0302;11
0303;2
0304;5
0305;7
0306;12
0307;15
0308;5
0309;8
0310;8
0311;14
0312;6
0313;6
0314;6
0315;6
0316;9
0317;4
0318;7
0319;9
0320;6
0321;11
0322;6
0323;6
0324;6
0325;8
0326;8
0327;8
0328;3
0329;4
0330;9
0331;11
0401;4
0402;11
0403;6
0404;8
0405;6
0406;7
0407;5
0408;4
0409;10
0410;7
0411;5
0412;8
0413;7
0414;7
0415;7
0416;5
0417;2
0418;8
0419;6
0420;5
0421;7
0422;10
0423;6
0424;14
0425;6
0426;6
0427;12
0428;13
0429;6
0430;9
0501;6
0502;9
0503;8
0504;8
0505;11
0506;6
0507;7
0508;9
0509;7
0510;5
0511;5
0512;9
0513;2
0514;10
0515;5
0516;8
0517;8
0518;8
0519;8
0520;7
0521;4
0522;13
0523;3
0524;7
0525;7
0526;9
0527;5
0528;4
0529;2
0530;4
0531;8
0601;3
0602;3
0603;8
0604;11
0605;6
0606;18
0607;6
0608;6
0609;15
0610;6
0611;10
0612;9
0613;8
0614;4
0615;6
0616;3
0617;7
0618;10
0619;6
0620;8
0621;2
0622;2
0623;5
0624;7
0625;7
0626;5
0627;4
0628;5
0629;6
0630;7
0701;4
0702;6
0703;5
0704;8
0705;7
0706;3
0707;9
0708;5
0709;1
0710;6
0711;5
0712;6
0713;4
0714;7
0715;8
0716;5
0717;5
0718;5
0719;5
0720;4
0721;5
0722;6
0723;14
0724;9
0725;8
0726;5
0727;5
0728;6
0729;6
0730;5
0731;8
0801;8
0802;12
0803;6
0804;4
0805;10
0806;3
0807;6
0808;9
0809;5
0810;3
0811;6
0812;5
0813;8
0814;6
0815;5
0816;3
0817;5
0818;6
0819;10
0820;8
0821;5
0822;5
0823;7
0824;7
0825;9
0826;9
0827;8
0828;3
0829;5
0830;6
0831;3
0901;4
0902;4
0903;8
0904;5
0905;7
0906;8
0907;7
0908;5
0909;10
0910;4
0911;2
0912;3
0913;2
0914;4
0915;6
0916;7
0917;1
0919;12
0920;4
0921;4
0922;3
0923;7
0924;6
0925;9
0926;6
0927;3
0928;5
0929;4
0930;5
1001;7
1002;11
1003;5
1004;6
1005;6
1006;7
1007;11
1008;6
1009;4
1010;6
1011;5
1012;5
1013;8
1014;6
1015;11
1016;7
1017;3
1018;7
1019;10
1020;7
1021;5
1022;7
1023;4
1024;5
1025;10
1026;5
1027;9
1028;6
1029;9
1030;7
1031;5
1101;5
1102;12
1103;6
1104;5
1105;8
1106;11
1107;3
1108;4
1109;10
1110;11
1111;5
1112;4
1113;12
1114;3
1115;3
1116;3
1118;9
1119;3
1120;4
1121;3
1122;5
1123;4
1124;6
1125;4
1126;13
1127;6
1128;8
1129;6
1130;8
1201;10
1202;9
1203;4
1204;4
1205;9
1206;3
1207;10
1208;9
1209;8
1210;14
1211;9
1212;12
1213;3
1214;4
1215;7
1216;9
1217;7
1218;9
1219;4
1220;8
1221;8
1222;7
1223;8
1224;15
1225;5
1226;7
1227;4
1228;8
1229;8
1230;13
1231;8
