0101;6
0102;7
0103;4
0104;8
0105;2
0106;7
0107;9
0108;6
0109;11
0110;5
0111;4
0112;8
0113;6
0114;7
0115;8
0116;5
0117;8
0118;8
0119;7
0120;5
0121;8
0122;9
0123;7
0124;3
0125;5
0126;3
0127;6
0128;6
0129;9
0130;9
0131;8
0201;11
0202;5
0203;7
0204;11
0205;10
0206;7
0207;7
0208;3
0209;6
0210;6
0211;6
0212;10
0213;4
0214;4
0215;7
0216;9
0217;6
0218;6
0219;7
0220;6
0221;6
0222;6
0223;7
0224;3
0225;4
0226;4
0227;7
0228;1
0229;5
0301;5
0302;8
0303;7
0304;6
0305;7
0306;6
0307;5
0308;7
0309;6
0310;5
0311;2
0312;9
0313;2
0314;8
0315;4
0316;7
0317;6
0318;1
0319;6
0320;4
0321;4
0322;3
0323;2
0324;5
0325;6
0326;6
0327;12
0328;9
0329;9
0330;9
0331;7
0401;6
0402;2
0403;6
0404;7
0405;5
0406;6
0407;4
0408;10
0409;8
0410;6
0411;5
0412;6
0413;6
0414;10
0415;11
0416;5
0417;9
0418;7
0419;4
0420;4
0421;11
0422;11
0423;7
0424;12
0425;8
0426;9
0427;6
0428;8
0429;4
0430;8
0501;7
0502;8
0503;8
0504;4
0505;7
0506;8
0507;3
0508;8
0509;3
0510;7
0511;7
0512;9
0513;9
0514;8
0515;5
0516;1
0517;7
0518;6
0519;8
0520;10
0521;5
0522;8
0523;9
0524;5
0525;7
0526;5
0527;7
0528;4
0529;4
0530;4
0531;4
0601;5
0602;6
0603;2
0604;6
0605;7
0606;11
0607;5
0608;9
0609;12
0610;8
0611;6
0612;6
0613;13
0614;10
0615;2
0616;10
0617;7
0618;10
0619;5
0620;1
0621;4
0622;5
0623;8
0624;9
0625;4
0626;7
0627;6
0628;7
0629;9
0630;6
0701;6
0702;6
0703;2
0704;7
0705;7
0706;11
0708;2
0709;1
0710;10
0711;7
0712;4
0713;6
0714;6
0715;15
0716;6
0717;4
0718;3
0719;7
0720;7
0721;7
0722;7
0723;6
0724;6
0725;9
0726;7
0727;11
0728;11
0729;7
0730;6
0731;7
0801;5
0802;4
0803;6
0804;11
0805;8
0806;6
0807;3
0808;9
0809;5
0810;8
0811;8
0812;3
0813;5
0814;11
0815;5
0816;5
0817;4
0818;2
0819;7
0820;8
0821;7
0822;4
0823;2
0824;2
0825;6
0826;4
0827;8
0828;5
0829;5
0830;4
0831;9
0901;7
0902;6
0903;4
0904;6
0905;8
0906;4
0907;4
0908;7
0909;4
0910;2
0911;3
0912;7
0913;9
0914;6
0915;7
0916;7
0917;2
0918;8
0919;6
0920;6
0921;6
0922;7
0923;5
0924;6
0925;8
0926;5
0927;2
0928;5
0929;12
0930;5
1001;5
1002;7
1003;4
1004;5
1005;5
1006;8
1007;5
1008;5
1009;8
1010;4
1011;6
1012;3
1013;8
1014;5
1015;8
1016;1
1017;11
1018;10
1019;6
1020;6
1021;4
1022;13
1023;4
1024;2
1025;7
1026;9
1027;7
1028;4
1029;9
1030;8
1031;3
1101;3
1102;15
1103;9
1104;6
1105;4
1106;7
1107;7
1108;5
1109;7
1110;6
1111;9
1112;6
1113;11
1114;13
1115;7
1116;11
1117;5
1118;10
1119;4
1120;7
1121;9
1122;8
1123;6
1124;3
1125;9
1126;6
1127;6
1128;6
1129;4
1130;5
1201;5
1202;7
1203;5
1204;3
1205;6
1206;6
1207;4
1208;8
1209;2
1210;6
1211;5
1212;9
1213;12
1214;6
1215;6
1216;5
1217;5
1218;4
1219;11
1220;7
1221;6
1222;8
1223;6
1224;11
1225;8
1226;9
1227;6
1228;5
1229;7
1230;2
1231;13
