0101;6
0102;7
0103;5
0104;7
0105;4
0106;8
0107;8
0108;5
0109;13
0110;8
0111;9
0112;5
0113;4
0114;1
0115;8
0116;7
0117;6
0118;8
0119;7
0120;11
0121;3
0122;8
0123;9
0124;8
0125;8
0126;4
0127;12
0128;5
0129;10
0130;7
0131;8
0201;5
0202;4
0203;9
0204;4
0205;3
0206;5
0207;11
0208;9
0209;8
0210;3
0211;7
0212;9
0213;3
0214;7
0215;9
0216;7
0217;11
0218;9
0219;3
0220;2
0221;8
0222;9
0223;5
0224;5
0225;7
0226;7
0227;8
0228;5
0229;9
0301;6
0302;8
0303;6
0304;8
0305;6
0306;6
0307;11
0308;8
0309;5
0310;9
0311;5
0312;4
0313;7
0314;7
0315;8
0316;6
0317;7
0318;7
0319;8
0320;10
0321;4
0322;8
0323;7
0324;6
0325;9
0326;10
0327;12
0328;9
0329;5
0330;3
0331;9
0401;9
0402;12
0403;6
0404;5
0405;8
0406;5
0407;3
0408;6
0409;9
0410;11
0411;3
0412;13
0413;8
0414;3
0415;7
0416;8
0417;4
0418;4
0419;7
0420;12
0421;8
0422;5
0423;7
0424;8
0425;11
0426;5
0427;8
0428;13
0429;5
0430;3
0501;4
0502;1
0503;8
0504;10
0505;3
0506;16
0507;4
0508;8
0509;8
0510;5
0511;5
0512;6
0513;5
0514;9
0515;6
0516;6
0517;5
0518;8
0519;3
0520;1
0521;4
0522;8
0523;7
0524;8
0525;11
0526;11
0527;9
0528;3
0529;10
0530;5
0531;6
0601;4
0602;5
0603;11
0604;7
0605;6
0606;6
0607;12
0608;3
0609;9
0610;7
0611;3
0612;6
0613;6
0614;4
0615;11
0616;8
0617;4
0618;5
0619;2
0620;6
0621;3
0622;8
0623;5
0624;6
0625;6
0626;5
0627;7
0628;4
0629;11
0630;10
0701;3
0702;9
0703;8
0704;5
0705;8
0706;13
0707;6
0708;3
0709;6
0710;3
0711;6
0712;2
0713;10
0714;3
0715;8
0716;7
0717;6
0718;7
0719;10
0720;6
0721;13
0722;6
0723;9
0724;4
0725;6
0726;7
0727;8
0728;9
0729;8
0730;6
0731;5
0801;8
0802;9
0803;11
0804;5
0805;9
0806;7
0807;9
0808;3
0809;8
0810;6
0811;6
0812;9
0813;8
0814;5
0815;7
0816;6
0817;7
0818;3
0819;6
0820;8
0821;11
0822;8
0823;8
0824;5
0825;6
0826;8
0827;6
0828;8
0829;3
0830;8
0831;10
0901;7
0902;4
0903;4
0904;7
0905;7
0906;6
0907;7
0908;3
0909;3
0910;6
0911;6
0912;7
0913;7
0914;9
0915;4
0916;11
0917;10
0918;4
0919;5
0920;3
0921;8
0922;6
0923;9
0924;6
0925;9
0926;4
0927;4
0928;4
0929;8
0930;3
1001;6
1002;4
1003;8
1004;5
1005;5
1006;8
1007;3
1008;7
1009;8
1010;4
1011;6
1012;8
1013;3
1014;3
1015;4
1016;7
1017;3
1018;15
1019;12
1020;6
1021;6
1022;6
1023;11
1024;8
1025;6
1026;6
1027;11
1028;7
1029;9
1030;7
1031;9
1101;6
1102;9
1103;10
1104;8
1105;12
1106;6
1107;5
1108;8
1109;14
1110;6
1111;4
1112;6
1113;12
1114;6
1115;3
1116;10
1117;5
1118;7
1119;4
1120;5
1121;10
1122;3
1123;9
1124;5
1125;10
1126;8
1127;6
1128;8
1129;10
1130;9
1201;4
1202;7
1203;7
1204;9
1205;8
1206;11
1207;10
1208;10
1209;9
1210;4
1211;9
1212;10
1213;5
1214;8
1215;15
1216;4
1217;7
1218;6
1219;5
1220;10
1221;8
1222;4
1223;6
1224;9
1225;12
1226;6
1227;5
1228;4
1229;11
1230;6
1231;10
