0101;7
0102;6
0103;6
0104;7
0105;7
0106;7
0107;9
0108;8
0109;12
0110;9
0111;14
0112;7
0113;9
0114;8
0115;8
0116;14
0117;10
0118;14
0119;12
0120;11
0121;5
0122;10
0123;10
0124;8
0125;13
0126;9
0127;5
0128;7
0129;6
0130;9
0131;9
0201;7
0202;9
0203;10
0204;8
0205;6
0206;9
0207;13
0208;5
0209;14
0210;1
0211;8
0212;14
0213;6
0214;6
0215;12
0216;5
0217;2
0218;13
0219;8
0220;8
0221;6
0222;10
0223;6
0224;13
0225;8
0226;7
0227;11
0228;11
0229;5
0301;10
0302;10
0303;6
0304;7
0305;16
0306;10
0307;4
0308;8
0309;9
0310;7
0311;8
0312;12
0313;13
0314;9
0315;5
0316;8
0317;10
0318;10
0319;8
0320;4
0321;8
0322;10
0323;11
0324;11
0325;7
0326;7
0327;14
0328;8
0329;11
0330;12
0331;9
0401;10
0402;10
0403;9
0404;7
0405;10
0406;9
0407;17
0408;7
0409;6
0410;9
0411;8
0412;9
0413;13
0414;14
0415;9
0416;9
0417;10
0418;10
0419;15
0420;11
0421;8
0422;8
0423;10
0424;9
0425;5
0426;8
0427;7
0428;13
0429;8
0430;8
0501;14
0502;5
0503;6
0504;11
0505;1
0506;5
0507;14
0508;7
0509;5
0510;4
0511;12
0512;10
0513;10
0514;9
0515;11
0516;10
0517;3
0518;6
0519;10
0520;12
0521;10
0522;4
0523;6
0524;11
0525;4
0526;8
0527;13
0528;14
0529;7
0530;2
0531;8
0601;7
0602;9
0603;7
0604;18
0605;9
0606;10
0607;8
0608;3
0609;4
0610;7
0611;7
0612;7
0613;5
0614;6
0615;6
0616;8
0617;10
0618;10
0619;6
0620;8
0621;9
0622;6
0623;7
0624;8
0625;10
0626;8
0627;5
0628;5
0629;9
0630;5
0701;12
0702;12
0703;9
0704;2
0705;8
0706;10
0707;5
0708;10
0709;9
0710;6
0711;10
0712;15
0713;7
0714;9
0715;5
0716;4
0717;7
0718;6
0719;9
0720;6
0721;4
0722;11
0723;6
0724;9
0725;8
0726;13
0727;12
0728;9
0729;8
0730;7
0731;6
0801;12
0802;7
0803;12
0804;6
0805;10
0806;9
0807;9
0808;8
0809;5
0810;10
0811;8
0812;7
0813;7
0814;6
0815;14
0816;2
0817;11
0818;9
0819;6
0820;9
0821;10
0822;3
0823;8
0824;9
0825;9
0826;12
0827;8
0828;5
0829;10
0830;10
0831;7
0901;7
0902;11
0903;5
0904;3
0905;9
0906;3
0907;4
0908;9
0909;5
0910;5
0911;9
0912;4
0913;7
0914;10
0915;5
0916;15
0917;11
0918;8
0919;6
0920;9
0921;14
0922;14
0923;9
0924;9
0925;12
0926;7
0927;11
0928;7
0929;12
0930;9
1001;8
1002;5
1003;7
1004;5
1005;4
1006;16
1007;10
1008;9
1009;5
1010;9
1011;10
1012;11
1013;7
1014;11
1015;9
1016;13
1017;13
1018;9
1019;9
1020;12
1021;8
1022;15
1023;9
1024;13
1025;8
1026;8
1027;12
1028;15
1029;12
1030;11
1031;11
1101;8
1102;4
1103;14
1104;10
1105;10
1106;9
1107;17
1108;9
1109;9
1110;7
1111;5
1112;8
1113;12
1114;8
1115;10
1116;7
1117;8
1118;8
1119;15
1120;14
1121;9
1122;6
1123;8
1124;12
1125;10
1126;10
1127;4
1128;8
1129;13
1130;13
1201;5
1202;9
1203;9
1204;7
1205;10
1206;13
1207;9
1208;7
1209;9
1210;6
1211;9
1212;13
1213;12
1214;12
1215;9
1216;14
1217;14
1218;7
1219;11
1220;12
1221;9
1222;14
1223;6
1224;8
1225;13
1226;5
1227;13
1228;12
1229;9
1230;10
1231;17
