0101;11
0102;8
0103;8
0104;11
0105;6
0106;6
0107;7
0108;13
0109;5
0110;10
0111;7
0112;11
0113;6
0114;8
0115;7
0116;8
0117;7
0118;4
0119;6
0120;7
0121;12
0122;7
0123;14
0124;13
0125;10
0126;9
0127;10
0128;12
0129;11
0130;6
0131;7
0201;8
0202;8
0203;8
0204;3
0205;12
0206;11
0207;4
0208;5
0209;4
0210;8
0211;9
0212;7
0213;10
0214;8
0215;11
0216;9
0217;11
0218;9
0219;6
0220;8
0221;9
0222;6
0223;10
0224;11
0225;4
0226;12
0227;6
0228;5
0229;7
0301;6
0302;6
0303;3
0304;8
0305;5
0306;5
0307;12
0308;4
0309;6
0310;7
0311;7
0312;8
0313;8
0314;12
0315;10
0316;6
0317;11
0318;11
0319;6
0320;11
0321;8
0322;7
0323;16
0324;11
0325;5
0326;10
0327;4
0328;12
0329;10
0330;6
0331;9
0401;9
0402;13
0403;6
0404;9
0405;9
0406;5
0407;13
0408;7
0409;5
0410;7
0411;8
0412;6
0413;9
0414;7
0415;7
0416;7
0417;8
0418;5
0419;9
0420;6
0421;2
0422;5
0423;9
0424;3
0425;10
0426;8
0427;5
0428;6
0429;10
0430;12
0501;8
0502;11
0503;6
0504;3
0505;8
0506;8
0507;10
0508;5
0509;10
0510;10
0511;8
0512;8
0513;5
0514;8
0515;9
0516;6
0517;10
0518;9
0519;13
0520;2
0521;8
0522;5
0523;8
0524;6
0525;12
0526;12
0527;11
0528;8
0529;10
0530;11
0531;7
0601;5
0602;9
0603;7
0604;10
0605;6
0606;12
0607;11
0608;7
0609;4
0610;14
0611;3
0612;10
0613;8
0614;11
0615;2
0616;8
0617;8
0618;9
0619;8
0620;4
0621;3
0622;8
0623;8
0624;9
0625;3
0626;4
0627;6
0628;6
0629;5
0630;8
0701;7
0702;4
0703;2
0704;6
0705;7
0706;9
0707;5
0708;13
0709;3
0710;8
0711;7
0712;4
0713;7
0714;12
0715;5
0716;8
0717;4
0718;7
0719;8
0720;6
0721;4
0722;5
0723;8
0724;9
0725;5
0726;9
0727;6
0728;8
0729;7
0730;10
0731;3
0801;9
0802;7
0803;7
0804;11
0805;13
0806;9
0807;5
0808;14
0809;5
0810;4
0811;7
0812;9
0813;8
0814;9
0815;4
0816;4
0817;6
0818;6
0819;8
0820;7
0821;3
0822;3
0823;2
0824;6
0825;11
0826;7
0827;4
0828;8
0829;6
0830;5
0831;5
0901;13
0902;9
0903;6
0904;4
0905;5
0906;7
0907;3
0908;10
0909;10
0910;8
0911;4
0912;8
0913;6
0914;7
0915;4
0916;9
0917;9
0918;8
0919;10
0920;7
0921;5
0922;4
0923;3
0924;3
0925;5
0926;6
0927;5
0928;9
0929;6
0930;9
1001;9
1002;5
1003;13
1004;5
1005;9
1006;9
1007;5
1008;8
1009;10
1010;11
1011;10
1012;9
1013;15
1014;10
1015;9
1016;4
1017;5
1018;11
1019;6
1020;7
1021;7
1022;8
1023;8
1024;9
1025;8
1026;3
1027;8
1028;7
1029;2
1030;8
1031;6
1101;10
1102;7
1103;5
1104;7
1105;7
1106;12
1107;11
1108;8
1109;16
1110;4
1111;10
1112;12
1113;9
1114;11
1115;6
1116;9
1117;15
1118;9
1119;7
1120;6
1121;16
1122;13
1123;6
1124;2
1125;8
1126;5
1127;6
1128;5
1129;9
1130;4
1201;5
1202;9
1203;12
1204;11
1205;14
1206;8
1207;7
1208;11
1209;12
1210;7
1211;8
1212;7
1213;12
1214;7
1215;13
1216;11
1217;8
1218;11
1219;7
1220;7
1221;12
1222;6
1223;8
1224;7
1225;12
1226;9
1227;10
1228;12
1229;7
1230;14
1231;12
