0101;15
0102;18
0103;9
0104;8
0105;8
0106;14
0107;8
0108;10
0109;7
0110;9
0111;14
0112;4
0113;15
0114;8
0115;15
0116;13
0117;15
0118;13
0119;9
0120;9
0121;11
0122;11
0123;13
0124;13
0125;10
0126;11
0127;8
0128;12
0129;8
0130;9
0131;16
0201;12
0202;14
0203;12
0204;13
0205;15
0206;8
0207;14
0208;17
0209;6
0210;15
0211;10
0212;11
0213;7
0214;11
0215;14
0216;13
0217;13
0218;10
0219;12
0220;13
0221;9
0222;9
0223;9
0224;6
0225;8
0226;12
0227;8
0228;7
0229;11
0301;9
0302;13
0303;14
0304;14
0305;6
0306;14
0307;9
0308;9
0309;5
0310;16
0311;9
0312;11
0313;10
0314;14
0315;13
0316;4
0317;8
0318;9
0319;18
0320;8
0321;11
0322;3
0323;4
0324;11
0325;9
0326;11
0327;8
0328;7
0329;10
0330;4
0331;13
0401;14
0402;9
0403;13
0404;6
0405;11
0406;13
0407;10
0408;15
0409;13
0410;9
0411;13
0412;7
0413;7
0414;13
0415;7
0416;9
0417;10
0418;17
0419;9
0420;8
0421;13
0422;11
0423;15
0424;7
0425;11
0426;7
0427;10
0428;12
0429;9
0430;12
0501;10
0502;12
0503;7
0504;1
0505;11
0506;12
0507;10
0508;10
0509;4
0510;11
0511;12
0512;4
0513;15
0514;12
0515;11
0516;12
0517;13
0518;7
0519;12
0520;10
0521;12
0522;13
0523;8
0524;10
0525;7
0526;5
0527;11
0528;7
0529;7
0530;11
0531;11
0601;6
0602;13
0603;11
0604;15
0605;10
0606;15
0607;13
0608;12
0609;11
0610;7
0611;6
0612;12
0613;7
0614;8
0615;8
0616;11
0617;8
0618;9
0619;11
0620;8
0621;10
0622;11
0623;8
0624;5
0625;11
0626;9
0627;12
0628;6
0629;16
0630;12
0701;7
0702;7
0703;9
0704;9
0705;9
0706;7
0707;11
0708;9
0709;8
0710;8
0711;12
0712;17
0713;10
0714;11
0715;9
0716;15
0717;8
0718;11
0719;6
0720;8
0721;7
0722;5
0723;11
0724;7
0725;16
0726;10
0727;8
0728;7
0729;11
0730;7
0731;9
0801;8
0802;9
0803;6
0804;6
0805;7
0806;14
0807;5
0808;11
0809;9
0810;12
0811;8
0812;9
0813;8
0814;15
0815;9
0816;8
0817;9
0818;7
0819;7
0820;10
0821;1
0822;6
0823;10
0824;5
0825;9
0826;9
0827;5
0828;13
0829;7
0830;12
0831;15
0901;12
0902;13
0903;10
0904;9
0905;12
0906;10
0907;4
0908;13
0909;8
0910;7
0911;14
0912;5
0913;7
0914;9
0915;6
0916;14
0917;8
0918;12
0919;5
0920;10
0921;9
0922;10
0923;6
0924;11
0925;12
0926;14
0927;10
0928;8
0929;9
0930;10
1001;11
1002;11
1003;10
1004;5
1005;10
1006;13
1007;7
1008;7
1009;4
1010;11
1011;8
1012;11
1013;6
1014;9
1015;8
1016;11
1017;6
1018;9
1019;6
1020;9
1021;13
1022;8
1023;7
1024;11
1025;11
1026;14
1027;8
1028;8
1029;10
1030;10
1031;24
1101;11
1102;7
1103;8
1104;13
1105;11
1106;11
1107;16
1108;10
1109;15
1110;16
1111;8
1112;10
1113;12
1114;13
1115;11
1116;10
1117;9
1118;14
1119;10
1120;11
1121;12
1122;10
1123;13
1124;13
1125;7
1126;17
1127;10
1128;2
1129;10
1130;9
1201;9
1202;6
1203;11
1204;8
1205;10
1206;12
1207;7
1208;14
1209;18
1210;12
1211;12
1212;16
1213;13
1214;9
1215;12
1216;12
1217;13
1218;6
1219;11
1220;8
1221;6
1222;19
1223;10
1224;17
1225;8
1226;14
1227;18
1228;11
1229;16
1230;11
1231;12
