0101;21
0102;9
0103;17
0104;8
0105;6
0106;10
0107;5
0108;9
0109;17
0110;13
0111;8
0112;15
0113;13
0114;11
0115;10
0116;9
0117;14
0118;7
0119;12
0120;10
0121;12
0122;12
0123;14
0124;9
0125;18
0126;8
0127;11
0128;8
0129;11
0130;7
0131;7
0201;9
0202;10
0203;14
0204;11
0205;10
0206;14
0207;10
0208;6
0209;6
0210;10
0211;10
0212;10
0213;11
0214;14
0215;4
0216;9
0217;9
0218;5
0219;16
0220;6
0221;6
0222;18
0223;11
0224;11
0225;15
0226;15
0227;11
0228;9
0229;13
0301;9
0302;11
0303;10
0304;6
0305;12
0306;12
0307;10
0308;5
0309;10
0310;9
0311;7
0312;20
0313;18
0314;13
0315;13
0316;6
0317;10
0318;7
0319;13
0320;8
0321;15
0322;8
0323;10
0324;13
0325;8
0326;7
0327;10
0328;10
0329;8
0330;8
0331;15
0401;10
0402;22
0403;9
0404;14
0405;11
0406;9
0407;15
0408;21
0409;12
0410;15
0411;11
0412;12
0413;21
0414;12
0415;9
0416;10
0417;5
0418;12
0419;13
0420;17
0421;8
0422;14
0423;12
0424;13
0425;10
0426;7
0427;21
0428;5
0429;6
0430;11
0501;18
0502;7
0503;18
0504;8
0505;14
0506;18
0507;9
0508;9
0509;10
0510;11
0511;18
0512;8
0513;9
0514;11
0515;11
0516;11
0517;13
0518;10
0519;11
0520;8
0521;18
0522;11
0523;10
0524;9
0525;10
0526;11
0527;14
0528;9
0529;8
0530;8
0531;18
0601;5
0602;8
0603;16
0604;11
0605;6
0606;8
0607;9
0608;12
0609;9
0610;10
0611;5
0612;14
0613;10
0614;12
0615;10
0616;6
0617;8
0618;6
0619;9
0620;6
0621;8
0622;17
0623;15
0624;14
0625;8
0626;10
0627;8
0628;12
0629;8
0630;8
0701;6
0702;15
0703;9
0704;11
0705;10
0706;7
0707;3
0708;12
0709;12
0710;10
0711;12
0712;12
0713;4
0714;9
0715;8
0716;14
0717;4
0718;10
0719;10
0720;6
0721;9
0722;9
0723;12
0724;5
0725;13
0726;14
0727;11
0728;10
0729;10
0730;9
0731;10
0801;13
0802;11
0803;15
0804;11
0805;9
0806;14
0807;13
0808;15
0809;9
0810;11
0811;15
0812;15
0813;15
0814;13
0815;5
0816;4
0817;12
0818;10
0819;5
0820;5
0821;8
0822;12
0823;11
0824;6
0825;7
0826;11
0827;15
0828;9
0829;9
0830;14
0831;14
0901;9
0902;10
0903;13
0904;8
0905;7
0906;13
0907;8
0908;9
0909;11
0910;12
0911;11
0912;6
0913;10
0914;11
0915;7
0916;8
0917;9
0918;9
0919;5
0920;7
0921;11
0922;17
0923;8
0924;9
0925;9
0926;6
0927;9
0928;5
0929;13
0930;7
1001;9
1002;5
1003;12
1004;17
1005;12
1006;12
1007;9
1008;9
1009;11
1010;12
1011;7
1012;9
1013;8
1014;9
1015;10
1016;12
1017;9
1018;9
1019;12
1020;10
1021;18
1022;14
1023;9
1024;11
1025;12
1026;8
1027;11
1028;14
1029;14
1030;18
1031;13
1101;13
1102;18
1103;14
1104;8
1105;10
1106;9
1107;21
1108;14
1109;16
1110;18
1111;8
1112;17
1113;8
1114;13
1115;12
1116;11
1117;5
1118;13
1119;14
1120;14
1121;11
1122;15
1123;12
1124;7
1125;10
1126;6
1127;6
1128;9
1129;8
1130;15
1201;15
1202;11
1203;4
1204;10
1205;8
1206;13
1207;4
1208;13
1209;14
1210;13
1211;9
1212;15
1213;11
1214;13
1215;10
1216;17
1217;7
1218;18
1219;12
1220;14
1221;11
1222;14
1223;8
1224;12
1225;18
1226;13
1227;6
1228;9
1229;17
1230;8
1231;8
