0101;3
0102;5
0103;7
0104;7
0105;6
0106;3
0107;3
0108;8
0109;10
0110;6
0111;7
0112;6
0113;4
0114;4
0115;2
0116;8
0117;5
0118;9
0119;3
0120;9
0121;3
0122;6
0123;8
0124;2
0125;6
0126;7
0127;8
0128;6
0129;10
0130;3
0131;4
0201;8
0202;4
0203;5
0204;4
0205;4
0206;5
0207;8
0208;6
0209;8
0210;11
0211;4
0212;1
0213;7
0214;1
0215;10
0216;5
0217;16
0218;11
0219;6
0220;4
0221;9
0222;7
0223;7
0224;11
0225;6
0226;5
0227;7
0228;3
0229;1
0301;1
0303;1
0308;1
0317;1
0318;2
0319;1
0320;5
0321;1
0322;1
0323;2
0324;2
0325;1
0326;2
0327;1
0328;1
0330;2
0401;4
0402;5
0403;4
0404;6
0405;8
0406;10
0407;8
0408;5
0409;7
0410;9
0411;5
0412;5
0413;4
0414;7
0415;7
0416;9
0417;6
0418;9
0419;7
0420;5
0421;7
0422;1
0423;5
0424;4
0425;10
0426;5
0427;5
0428;3
0429;12
0430;8
0501;1
0502;4
0503;2
0504;5
0505;10
0506;6
0507;8
0508;9
0509;9
0510;6
0511;6
0512;5
0513;6
0514;10
0515;4
0516;12
0517;7
0518;7
0519;3
0520;9
0521;7
0522;3
0523;8
0524;4
0525;6
0526;8
0527;4
0528;3
0529;7
0530;3
0531;5
0601;7
0602;5
0603;9
0604;7
0605;4
0606;1
0607;4
0608;6
0609;6
0610;5
0611;4
0612;3
0613;4
0614;5
0615;3
0616;5
0617;5
0618;3
0619;3
0620;5
0621;5
0622;4
0623;2
0624;9
0625;5
0626;4
0627;7
0628;5
0629;10
0630;7
0701;2
0702;3
0703;9
0704;8
0705;7
0706;7
0707;9
0708;5
0709;6
0710;5
0711;3
0712;3
0713;4
0714;7
0715;4
0716;9
0717;4
0718;3
0719;11
0720;3
0721;5
0722;3
0723;4
0724;7
0725;3
0726;5
0727;3
0728;7
0729;5
0730;5
0731;1
0801;5
0802;4
0803;7
0804;6
0805;3
0806;3
0807;5
0808;6
0809;7
0810;5
0811;2
0812;3
0813;2
0814;4
0815;7
0816;5
0817;3
0818;4
0819;5
0820;6
0821;3
0822;4
0823;6
0824;7
0826;7
0827;8
0828;7
0829;7
0830;3
0831;4
0901;6
0902;6
0903;7
0904;2
0905;5
0906;4
0907;3
0908;3
0909;6
0910;6
0911;5
0912;6
0913;6
0914;9
0915;6
0916;3
0917;5
0918;5
0919;3
0920;5
0921;5
0922;4
0923;2
0924;3
0925;3
0926;5
0927;7
0928;5
0929;3
0930;2
1001;2
1002;5
1003;6
1004;7
1005;5
1006;6
1007;7
1008;6
1009;4
1010;5
1011;2
1012;5
1013;12
1014;7
1015;3
1016;5
1017;6
1018;12
1019;2
1020;7
1021;4
1022;4
1023;9
1024;8
1025;8
1026;6
1027;5
1028;5
1029;5
1030;5
1031;4
1101;6
1102;8
1103;4
1104;8
1105;2
1106;5
1107;4
1108;8
1109;6
1110;3
1111;7
1112;8
1113;4
1114;7
1115;7
1116;5
1117;7
1118;8
1119;4
1120;6
1121;4
1122;6
1123;3
1124;12
1125;14
1126;8
1127;4
1128;3
1129;3
1130;1
1201;8
1202;6
1203;6
1204;9
1205;9
1206;9
1207;9
1208;7
1209;5
1210;8
1211;3
1212;9
1213;5
1214;6
1215;7
1216;7
1217;8
1218;5
1219;4
1220;9
1221;2
1222;6
1223;8
1224;8
1225;2
1226;4
1227;8
1228;6
1229;4
1230;7
1231;8
