0101;19
0102;18
0103;19
0104;22
0105;25
0106;22
0107;17
0108;18
0109;19
0110;14
0111;18
0112;14
0113;15
0114;15
0115;20
0116;16
0117;16
0118;17
0119;19
0120;17
0121;19
0122;18
0123;19
0124;13
0125;17
0126;16
0127;14
0128;16
0129;15
0130;18
0131;16
0201;20
0202;19
0203;16
0204;25
0205;12
0206;21
0207;24
0208;21
0209;16
0210;17
0211;22
0212;13
0213;20
0214;15
0215;19
0216;14
0217;19
0218;14
0219;22
0220;17
0221;12
0222;19
0223;26
0224;25
0225;17
0226;18
0227;17
0228;17
0229;16
0301;20
0302;12
0303;26
0304;17
0305;13
0306;14
0307;21
0308;20
0309;16
0310;23
0311;15
0312;11
0313;15
0314;17
0315;19
0316;15
0317;20
0318;16
0319;15
0320;14
0321;18
0322;14
0323;20
0324;14
0325;17
0326;21
0327;17
0328;12
0329;26
0330;25
0331;25
0401;15
0402;15
0403;25
0404;22
0405;17
0406;19
0407;14
0408;17
0409;22
0410;21
0411;18
0412;30
0413;25
0414;19
0415;23
0416;24
0417;20
0418;22
0419;14
0420;10
0421;16
0422;16
0423;14
0424;21
0425;21
0426;20
0427;18
0428;15
0429;16
0430;27
0501;21
0502;18
0503;24
0504;16
0505;24
0506;20
0507;18
0508;26
0509;17
0510;17
0511;14
0512;16
0513;22
0514;16
0515;13
0516;20
0517;8
0518;12
0519;29
0520;18
0521;18
0522;18
0523;15
0524;25
0525;20
0526;18
0527;26
0528;22
0529;22
0530;21
0531;17
0601;15
0602;14
0603;12
0604;20
0605;11
0606;15
0607;11
0608;14
0609;13
0610;19
0611;13
0612;18
0613;15
0614;17
0615;12
0616;24
0617;16
0618;18
0619;16
0620;13
0621;7
0622;15
0623;14
0624;14
0625;14
0626;20
0627;7
0628;13
0629;17
0630;22
0701;26
0702;22
0703;17
0704;19
0705;14
0706;19
0707;14
0708;10
0709;19
0710;18
0711;17
0712;19
0713;15
0714;27
0715;14
0716;10
0717;16
0718;16
0719;15
0720;18
0721;14
0722;13
0723;21
0724;22
0725;19
0726;23
0727;20
0728;24
0729;7
0730;12
0731;13
0801;20
0802;15
0803;23
0804;21
0805;15
0806;19
0807;27
0808;24
0809;18
0810;18
0811;16
0812;4
0813;14
0814;21
0815;12
0816;19
0817;14
0818;14
0819;15
0820;19
0821;11
0822;18
0823;23
0824;15
0825;12
0826;9
0827;12
0828;13
0829;14
0830;14
0831;22
0901;4
0902;12
0903;19
0904;24
0905;19
0906;19
0907;15
0908;16
0909;12
0910;12
0911;18
0912;22
0913;15
0914;16
0915;14
0916;13
0917;17
0918;19
0919;11
0920;15
0921;18
0922;14
0923;15
0924;14
0925;8
0926;17
0927;18
0928;15
0929;12
0930;12
1001;17
1002;17
1003;16
1004;20
1005;10
1006;19
1007;11
1008;17
1009;22
1010;15
1011;19
1012;15
1013;16
1014;17
1015;11
1016;23
1017;22
1018;23
1019;17
1020;17
1021;17
1022;18
1023;14
1024;14
1025;15
1026;16
1027;20
1028;21
1029;21
1030;17
1031;23
1101;14
1102;21
1103;23
1104;18
1105;17
1106;27
1107;27
1108;27
1109;14
1110;17
1111;19
1112;17
1113;18
1114;17
1115;18
1116;21
1117;29
1118;15
1119;14
1120;12
1121;9
1122;18
1123;26
1124;22
1125;23
1126;25
1127;20
1128;24
1129;12
1130;18
1201;18
1202;20
1203;22
1204;18
1205;11
1206;22
1207;8
1208;19
1209;20
1210;18
1211;19
1212;21
1213;19
1214;17
1215;23
1216;20
1217;13
1218;15
1219;22
1220;20
1221;25
1222;26
1223;20
1224;22
1225;30
1226;24
1227;14
1228;27
1229;20
1230;29
1231;20
