0101;3
0102;10
0103;8
0104;1
0105;5
0106;3
0107;6
0108;6
0109;5
0110;5
0111;4
0112;8
0113;6
0114;7
0115;5
0116;4
0117;4
0118;4
0119;8
0120;6
0121;5
0122;5
0123;5
0124;4
0125;3
0126;3
0127;3
0128;5
0129;4
0130;3
0131;5
0201;4
0202;8
0203;4
0204;6
0205;5
0206;4
0207;9
0208;2
0209;3
0210;5
0211;4
0212;1
0213;6
0214;6
0215;5
0216;5
0217;5
0218;6
0219;3
0220;4
0221;4
0222;6
0223;3
0224;5
0225;2
0226;1
0227;5
0228;5
0229;6
0301;4
0302;6
0303;7
0304;5
0305;6
0306;3
0307;8
0308;4
0309;2
0310;4
0311;4
0312;4
0313;7
0314;3
0315;3
0316;8
0317;5
0318;5
0319;6
0320;1
0321;5
0322;2
0323;2
0324;5
0325;2
0326;3
0327;3
0328;3
0329;8
0330;5
0331;8
0401;3
0402;3
0403;5
0404;4
0405;7
0406;5
0407;7
0408;4
0409;6
0410;5
0411;6
0412;9
0413;6
0414;7
0415;4
0416;1
0417;9
0418;4
0419;5
0420;6
0421;7
0422;6
0423;6
0424;3
0425;7
0426;5
0427;4
0428;5
0429;5
0430;1
0501;2
0502;8
0503;6
0504;2
0505;3
0506;7
0507;5
0508;6
0509;6
0510;5
0511;7
0512;1
0513;4
0514;3
0515;4
0516;6
0517;5
0518;6
0519;7
0520;5
0521;6
0522;7
0523;5
0524;6
0525;6
0526;5
0527;5
0528;4
0529;4
0530;3
0531;10
0601;4
0602;7
0603;5
0604;6
0605;6
0606;3
0607;3
0608;2
0609;3
0610;4
0611;5
0612;2
0613;4
0614;6
0615;1
0616;2
0617;6
0618;4
0619;2
0620;3
0621;3
0622;4
0623;6
0624;3
0625;8
0626;5
0627;1
0628;5
0629;5
0630;1
0701;7
0702;6
0703;5
0704;6
0705;6
0706;2
0707;6
0708;3
0709;4
0710;2
0711;3
0712;4
0713;2
0714;5
0715;4
0716;5
0717;7
0718;6
0719;6
0720;3
0721;3
0722;3
0723;4
0724;2
0725;3
0726;5
0727;4
0728;6
0729;6
0730;4
0731;6
0801;2
0802;7
0803;2
0804;4
0805;1
0806;4
0807;7
0808;4
0809;5
0810;3
0811;4
0812;3
0813;7
0814;8
0815;7
0816;5
0817;7
0818;2
0819;1
0820;4
0821;5
0822;4
0823;3
0824;6
0825;7
0826;8
0827;2
0828;10
0829;7
0830;7
0831;5
0901;6
0902;5
0903;5
0904;2
0905;6
0906;2
0907;2
0908;6
0909;1
0910;4
0911;4
0912;6
0913;1
0914;3
0915;8
0916;5
0917;7
0918;3
0919;6
0920;5
0921;2
0922;4
0923;4
0924;3
0925;4
0926;2
0927;3
0928;5
0929;6
0930;5
1001;4
1002;1
1003;4
1004;6
1005;3
1006;5
1007;3
1008;4
1009;8
1010;2
1011;4
1012;5
1013;4
1014;5
1015;5
1016;11
1017;6
1018;5
1019;5
1020;7
1021;5
1022;7
1023;7
1024;4
1025;5
1026;7
1027;5
1028;4
1029;11
1030;7
1031;12
1101;4
1102;4
1103;4
1104;6
1105;9
1106;9
1107;9
1108;7
1109;8
1110;7
1111;2
1112;6
1113;1
1114;2
1115;5
1116;8
1117;6
1118;4
1119;4
1120;4
1121;4
1122;2
1123;5
1124;7
1125;5
1126;5
1127;2
1128;5
1129;9
1130;9
1201;9
1202;4
1203;6
1204;6
1205;2
1206;6
1207;5
1208;2
1209;8
1210;10
1211;3
1212;5
1213;7
1214;4
1215;4
1216;4
1217;5
1218;3
1219;3
1220;4
1221;2
1222;6
1223;2
1224;2
1225;5
1226;3
1227;2
1228;7
1229;2
1230;4
1231;6
