0101;10
0102;2
0103;7
0104;8
0105;5
0106;5
0107;5
0108;2
0109;4
0110;3
0111;3
0112;2
0113;6
0114;6
0115;7
0116;2
0117;5
0118;4
0119;7
0120;4
0121;5
0122;7
0123;8
0124;5
0125;3
0126;5
0127;4
0128;3
0129;5
0130;1
0131;3
0201;5
0202;3
0203;5
0204;5
0205;5
0206;11
0207;5
0208;4
0209;4
0210;1
0211;4
0212;8
0213;5
0214;4
0215;8
0216;3
0217;2
0218;3
0219;1
0220;4
0221;10
0222;7
0223;4
0224;7
0225;5
0226;1
0227;7
0228;7
0229;3
0301;9
0302;6
0303;5
0304;4
0305;7
0306;3
0307;8
0308;6
0309;2
0310;4
0311;5
0312;5
0313;7
0314;2
0315;5
0316;1
0317;6
0318;5
0319;4
0320;5
0321;3
0322;1
0323;6
0324;7
0325;2
0326;3
0327;5
0328;8
0329;3
0330;3
0331;3
0401;3
0402;4
0403;6
0404;4
0405;2
0406;7
0407;5
0408;5
0409;4
0410;2
0411;4
0412;6
0413;5
0414;3
0415;4
0416;8
0417;5
0418;7
0419;4
0420;4
0421;4
0422;5
0423;6
0424;3
0425;7
0426;1
0427;4
0428;5
0429;4
0430;6
0501;4
0502;6
0504;4
0505;5
0506;2
0507;4
0508;5
0509;5
0510;5
0511;3
0512;5
0513;6
0514;3
0515;8
0516;6
0517;9
0518;7
0519;6
0520;8
0521;4
0522;3
0523;5
0524;7
0525;6
0526;6
0527;3
0528;7
0529;5
0530;4
0531;4
0601;4
0602;4
0603;3
0604;2
0605;3
0606;5
0607;7
0608;4
0609;7
0611;5
0612;3
0613;8
0614;6
0615;3
0616;5
0617;3
0618;7
0619;1
0620;2
0621;1
0622;3
0623;5
0624;3
0625;5
0626;1
0627;6
0628;5
0629;3
0630;5
0701;4
0702;8
0703;7
0704;5
0705;6
0706;4
0707;5
0708;7
0709;4
0710;5
0711;10
0712;3
0713;5
0714;3
0715;3
0716;2
0717;4
0718;1
0719;4
0720;5
0721;2
0722;6
0723;5
0724;5
0725;5
0726;5
0727;6
0728;5
0729;8
0730;5
0731;7
0801;7
0802;4
0803;6
0804;2
0805;7
0806;2
0807;5
0808;3
0809;4
0810;2
0811;1
0812;7
0813;2
0814;4
0816;7
0817;4
0818;3
0819;2
0820;3
0821;3
0822;4
0824;1
0825;5
0826;4
0827;3
0828;5
0829;8
0831;1
0901;6
0902;4
0903;8
0904;8
0905;8
0906;3
0907;6
0908;6
0909;1
0910;4
0911;7
0912;2
0913;8
0914;2
0915;3
0916;5
0917;4
0918;2
0919;10
0920;5
0921;5
0922;5
0923;4
0924;4
0925;4
0926;2
0927;2
0928;2
0929;8
0930;8
1001;1
1002;1
1003;9
1004;9
1005;2
1006;3
1007;2
1008;3
1009;3
1010;2
1011;1
1012;7
1013;4
1014;4
1015;5
1016;3
1017;6
1018;7
1019;6
1020;3
1021;8
1022;3
1023;3
1024;4
1025;6
1026;1
1027;5
1028;4
1029;8
1030;6
1031;3
1101;4
1102;4
1103;5
1104;4
1105;12
1106;6
1107;4
1108;7
1109;8
1110;5
1111;6
1112;5
1113;7
1114;6
1115;5
1116;7
1117;7
1118;5
1119;4
1120;4
1121;7
1122;5
1123;5
1124;2
1125;6
1126;3
1127;4
1128;6
1129;5
1130;4
1201;4
1202;6
1203;7
1204;6
1205;3
1206;9
1207;4
1208;6
1209;5
1210;4
1211;5
1212;4
1213;5
1214;7
1215;5
1216;6
1217;3
1218;8
1219;10
1220;6
1221;4
1222;4
1223;5
1224;2
1225;2
1226;5
1227;3
1228;9
1229;4
1230;6
1231;5
