0101;23
0102;16
0103;15
0104;11
0105;22
0106;17
0107;31
0108;16
0109;15
0110;17
0111;18
0112;15
0113;25
0114;12
0115;24
0116;23
0117;36
0118;18
0119;21
0120;30
0121;15
0122;27
0123;19
0124;16
0125;22
0126;16
0127;30
0128;21
0129;17
0130;22
0131;22
0201;21
0202;17
0203;18
0204;23
0205;21
0206;16
0207;20
0208;13
0209;20
0210;17
0211;24
0212;19
0213;12
0214;16
0215;14
0216;16
0217;17
0218;20
0219;16
0220;18
0221;13
0222;8
0223;15
0224;16
0225;19
0226;13
0227;16
0228;15
0229;10
0301;15
0302;18
0303;14
0304;14
0305;15
0306;17
0307;16
0308;19
0309;18
0310;14
0311;16
0312;16
0313;19
0314;14
0315;22
0316;17
0317;18
0318;21
0319;17
0320;18
0321;17
0322;25
0323;19
0324;18
0325;18
0326;13
0327;16
0328;14
0329;15
0330;23
0331;15
0401;13
0402;21
0403;11
0404;26
0405;24
0406;12
0407;8
0408;14
0409;18
0410;14
0411;16
0412;13
0413;21
0414;18
0415;15
0416;20
0417;18
0418;17
0419;22
0420;13
0421;19
0422;19
0423;13
0424;12
0425;7
0426;17
0427;19
0428;20
0429;11
0430;20
0501;23
0502;16
0503;17
0504;11
0505;19
0506;14
0507;15
0508;14
0509;14
0510;8
0511;15
0512;17
0513;23
0514;13
0515;16
0516;21
0517;8
0518;20
0519;20
0520;17
0521;12
0522;14
0523;16
0524;14
0525;11
0526;8
0527;15
0528;15
0529;20
0530;19
0531;17
0601;17
0602;15
0603;18
0604;27
0605;17
0606;15
0607;12
0608;17
0609;10
0610;17
0611;17
0612;16
0613;10
0614;14
0615;16
0616;12
0617;14
0618;14
0619;15
0620;17
0621;17
0622;15
0623;13
0624;23
0625;14
0626;16
0627;13
0628;23
0629;17
0630;16
0701;16
0702;15
0703;18
0704;12
0705;19
0706;19
0707;15
0708;14
0709;16
0710;19
0711;17
0712;17
0713;13
0714;14
0715;13
0716;15
0717;19
0718;20
0719;14
0720;12
0721;10
0722;23
0723;16
0724;16
0725;16
0726;20
0727;19
0728;16
0729;18
0730;11
0731;19
0801;18
0802;22
0803;15
0804;11
0805;17
0806;19
0807;16
0808;21
0809;9
0810;12
0811;21
0812;13
0813;17
0814;15
0815;17
0816;25
0817;23
0818;16
0819;23
0820;21
0821;21
0822;19
0823;19
0824;15
0825;15
0826;20
0827;17
0828;17
0829;14
0830;14
0831;17
0901;16
0902;14
0903;10
0904;13
0905;17
0906;9
0907;16
0908;16
0909;17
0910;14
0911;9
0912;14
0913;18
0914;13
0915;18
0916;11
0917;13
0918;18
0919;17
0920;21
0921;12
0922;18
0923;9
0924;13
0925;11
0926;24
0927;14
0928;17
0929;16
0930;19
1001;21
1002;13
1003;13
1004;12
1005;15
1006;15
1007;20
1008;20
1009;12
1010;18
1011;22
1012;15
1013;10
1014;14
1015;22
1016;14
1017;14
1018;13
1019;20
1020;15
1021;22
1022;19
1023;23
1024;19
1025;19
1026;9
1027;25
1028;16
1029;18
1030;22
1031;17
1101;9
1102;13
1103;16
1104;14
1105;18
1106;11
1107;15
1108;21
1109;19
1110;19
1111;20
1112;21
1113;14
1114;18
1115;14
1116;13
1117;20
1118;20
1119;18
1120;14
1121;20
1122;15
1123;11
1124;22
1125;13
1126;22
1127;9
1128;15
1129;10
1130;16
1201;14
1202;19
1203;20
1204;17
1205;12
1206;15
1207;10
1208;16
1209;20
1210;24
1211;19
1212;18
1213;14
1214;13
1215;16
1216;21
1217;17
1218;12
1219;10
1220;14
1221;18
1222;17
1223;23
1224;24
1225;26
1226;25
1227;16
1228;20
1229;17
1230;21
1231;13
