0101;6
0102;7
0103;9
0104;11
0105;12
0106;8
0107;11
0108;7
0109;8
0110;14
0111;9
0112;5
0113;11
0114;15
0115;10
0116;11
0117;6
0118;6
0119;10
0120;8
0121;7
0122;10
0123;13
0124;9
0125;9
0126;12
0127;10
0128;11
0129;8
0130;9
0131;7
0201;8
0202;11
0203;6
0204;9
0205;8
0206;7
0207;8
0208;9
0209;11
0210;6
0211;9
0212;9
0213;10
0214;4
0215;7
0216;8
0217;9
0218;9
0219;8
0220;5
0221;11
0222;3
0223;8
0224;8
0225;10
0226;6
0227;5
0228;13
0229;7
0301;1
0317;2
0320;1
0322;2
0323;1
0327;1
0328;1
0331;1
0401;6
0402;7
0403;11
0404;7
0405;12
0406;6
0407;4
0408;6
0409;8
0410;9
0411;12
0412;10
0413;10
0414;9
0415;8
0416;7
0417;4
0418;12
0419;8
0420;8
0421;9
0422;6
0423;18
0424;10
0425;4
0426;8
0427;3
0428;11
0429;7
0430;10
0501;14
0502;13
0503;5
0504;6
0505;8
0506;13
0507;5
0508;9
0509;7
0510;8
0511;12
0512;11
0513;10
0514;9
0515;7
0516;3
0517;6
0518;8
0519;11
0520;8
0521;11
0522;5
0523;11
0524;5
0525;8
0526;7
0527;6
0528;13
0529;7
0530;7
0531;11
0601;7
0602;7
0603;8
0604;7
0605;9
0606;6
0607;9
0608;5
0609;6
0610;6
0611;9
0612;10
0613;6
0614;4
0615;6
0616;5
0617;6
0618;7
0619;9
0620;8
0621;3
0622;6
0623;7
0624;7
0625;11
0626;7
0627;5
0628;3
0629;2
0630;7
0701;5
0702;6
0703;10
0704;2
0705;12
0706;10
0707;10
0708;10
0709;8
0710;5
0711;9
0712;3
0713;5
0714;9
0715;15
0716;10
0717;8
0718;12
0719;7
0720;5
0721;6
0722;9
0723;12
0724;6
0725;13
0726;9
0727;8
0728;6
0729;14
0730;8
0731;7
0801;9
0802;11
0803;9
0804;2
0805;7
0806;8
0807;11
0808;3
0809;14
0810;5
0811;6
0812;6
0813;3
0814;8
0815;10
0816;7
0817;7
0818;10
0819;10
0820;9
0821;4
0822;4
0823;9
0824;8
0825;9
0826;12
0827;9
0828;5
0829;7
0830;9
0831;12
0901;7
0902;8
0903;6
0904;8
0905;4
0906;6
0907;3
0908;5
0909;2
0910;7
0911;6
0912;10
0913;7
0914;6
0915;5
0916;9
0917;6
0918;9
0919;8
0920;9
0921;9
0922;7
0923;2
0924;9
0925;6
0926;9
0927;10
0928;11
0929;9
0930;2
1001;8
1002;6
1003;11
1004;12
1005;7
1006;4
1007;12
1008;12
1009;7
1010;8
1011;13
1012;9
1013;10
1014;12
1015;7
1016;11
1017;5
1018;6
1019;13
1020;7
1021;11
1022;3
1023;7
1024;8
1025;8
1026;6
1027;4
1028;11
1029;9
1030;8
1031;8
1101;10
1102;7
1103;11
1104;10
1105;12
1106;8
1107;6
1108;12
1109;9
1110;5
1111;14
1112;8
1113;7
1114;8
1115;8
1116;9
1117;8
1118;6
1119;12
1120;10
1121;9
1122;6
1123;4
1124;8
1125;8
1126;9
1127;11
1128;11
1129;5
1130;12
1201;13
1202;1
1203;5
1204;5
1205;9
1206;6
1207;14
1208;11
1209;3
1210;9
1211;8
1212;8
1213;7
1214;11
1215;5
1216;12
1217;8
1218;4
1219;10
1220;7
1221;15
1222;5
1223;3
1224;12
1225;16
1226;12
1227;16
1228;12
1229;10
1230;11
1231;9
