0101;21
0102;14
0103;16
0104;12
0105;13
0106;14
0107;15
0108;11
0109;12
0110;8
0111;14
0112;18
0113;16
0114;19
0115;17
0116;9
0117;12
0118;10
0119;13
0120;15
0121;14
0122;16
0123;15
0124;16
0125;10
0126;21
0127;9
0128;22
0129;14
0130;17
0131;15
0201;8
0202;12
0203;19
0204;11
0205;14
0206;12
0207;10
0208;9
0209;10
0210;11
0211;10
0212;14
0213;5
0214;10
0215;9
0216;15
0217;15
0218;6
0219;12
0220;12
0221;8
0222;10
0223;14
0224;8
0225;10
0226;14
0227;8
0228;14
0229;16
0300;1
0301;19
0302;8
0303;13
0304;8
0305;14
0306;11
0307;12
0308;16
0309;11
0310;14
0311;5
0312;16
0313;8
0314;6
0315;10
0316;11
0317;12
0318;10
0319;10
0320;8
0321;12
0322;11
0323;13
0324;20
0325;16
0326;9
0327;18
0328;14
0329;15
0330;12
0331;12
0401;14
0402;13
0403;10
0404;14
0405;16
0406;7
0407;11
0408;12
0409;11
0410;20
0411;14
0412;11
0413;17
0414;14
0415;8
0416;14
0417;4
0418;11
0419;10
0420;12
0421;9
0422;10
0423;10
0424;10
0425;17
0426;8
0427;11
0428;15
0429;19
0430;12
0501;6
0502;17
0503;10
0504;16
0505;9
0506;17
0507;8
0508;12
0509;12
0510;7
0511;12
0512;13
0513;14
0514;15
0515;14
0516;11
0517;8
0518;14
0519;11
0520;12
0521;12
0522;11
0523;13
0524;14
0525;8
0526;8
0527;14
0528;12
0529;14
0530;13
0531;5
0601;11
0602;12
0603;13
0604;14
0605;10
0606;12
0607;17
0608;11
0609;7
0610;16
0611;8
0612;16
0613;18
0614;11
0615;9
0616;9
0617;11
0618;7
0619;12
0620;18
0621;11
0622;11
0623;9
0624;4
0625;10
0626;6
0627;8
0628;10
0629;16
0630;13
0701;8
0702;12
0703;13
0704;16
0705;14
0706;9
0707;12
0708;14
0709;5
0710;17
0711;8
0712;13
0713;12
0714;16
0715;12
0716;9
0717;10
0718;12
0719;14
0720;11
0721;14
0722;7
0723;16
0724;8
0725;15
0726;14
0727;11
0728;11
0729;12
0730;9
0731;9
0801;12
0802;6
0803;11
0804;10
0805;10
0806;11
0807;12
0808;12
0809;8
0810;13
0811;12
0812;9
0813;13
0814;5
0815;8
0816;6
0817;15
0818;7
0819;11
0820;8
0821;11
0822;9
0823;9
0824;11
0825;10
0826;11
0827;11
0828;18
0829;12
0830;6
0831;9
0901;11
0902;12
0903;13
0904;9
0905;4
0906;14
0907;13
0908;13
0909;10
0910;12
0911;9
0912;10
0913;6
0914;12
0915;14
0916;12
0917;13
0918;11
0919;10
0920;19
0921;10
0922;8
0923;15
0924;7
0925;14
0926;11
0927;17
0928;14
0929;13
0930;11
1001;11
1002;13
1003;11
1004;15
1005;17
1006;13
1007;9
1008;15
1009;12
1010;9
1011;15
1012;8
1013;9
1014;8
1015;20
1016;11
1017;11
1018;16
1019;16
1020;10
1021;12
1022;10
1023;18
1024;21
1025;9
1026;8
1027;22
1028;13
1029;13
1030;7
1031;14
1101;13
1102;10
1103;18
1104;11
1105;12
1106;20
1107;15
1108;11
1109;13
1110;9
1111;15
1112;13
1113;14
1114;17
1115;14
1116;15
1117;22
1118;13
1119;7
1120;8
1121;12
1122;11
1123;9
1124;8
1125;10
1126;17
1127;16
1128;7
1129;11
1130;13
1201;14
1202;15
1203;14
1204;11
1205;10
1206;14
1207;17
1208;10
1209;8
1210;17
1211;12
1212;16
1213;13
1214;14
1215;13
1216;21
1217;23
1218;13
1219;5
1220;10
1221;21
1222;15
1223;9
1224;13
1225;11
1226;15
1227;16
1228;13
1229;16
1230;15
1231;13
