0101;23
0102;19
0103;23
0104;18
0105;25
0106;22
0107;19
0108;27
0109;23
0110;23
0111;23
0112;20
0113;21
0114;28
0115;13
0116;16
0117;31
0118;26
0119;23
0120;27
0121;19
0122;16
0123;20
0124;27
0125;20
0126;16
0127;16
0128;20
0129;24
0130;24
0131;23
0201;20
0202;22
0203;22
0204;23
0205;18
0206;23
0207;22
0208;27
0209;25
0210;18
0211;22
0212;13
0213;23
0214;17
0215;26
0216;24
0217;27
0218;26
0219;29
0220;12
0221;21
0222;21
0223;18
0224;23
0225;25
0226;20
0227;16
0228;20
0229;28
0301;18
0302;11
0303;28
0304;23
0305;23
0306;27
0307;30
0308;21
0309;26
0310;20
0311;26
0312;31
0313;27
0314;17
0315;26
0316;25
0317;24
0318;22
0319;15
0320;23
0321;24
0322;26
0323;32
0324;28
0325;28
0326;26
0327;18
0328;23
0329;27
0330;19
0331;14
0401;27
0402;19
0403;17
0404;18
0405;27
0406;17
0407;21
0408;31
0409;19
0410;17
0411;24
0412;20
0413;20
0414;19
0415;28
0416;28
0417;27
0418;23
0419;25
0420;26
0421;21
0422;21
0423;27
0424;16
0425;18
0426;23
0427;26
0428;19
0429;15
0430;23
0501;20
0502;25
0503;17
0504;18
0505;14
0506;21
0507;20
0508;27
0509;26
0510;20
0511;22
0512;19
0513;28
0514;25
0515;16
0516;29
0517;23
0518;23
0519;24
0520;27
0521;23
0522;15
0523;13
0524;18
0525;20
0526;18
0527;18
0528;27
0529;21
0530;27
0531;14
0601;27
0602;27
0603;19
0604;22
0605;27
0606;25
0607;24
0608;24
0609;27
0610;20
0611;24
0612;15
0613;23
0614;19
0615;21
0616;18
0617;15
0618;17
0619;16
0620;27
0621;18
0622;24
0623;24
0624;13
0625;20
0626;15
0627;22
0628;19
0629;22
0630;21
0701;24
0702;18
0703;17
0704;20
0705;23
0706;22
0707;19
0708;32
0709;20
0710;10
0711;17
0712;21
0713;21
0714;20
0715;19
0716;22
0717;16
0718;21
0719;17
0720;11
0721;23
0722;15
0723;20
0724;30
0725;25
0726;20
0727;23
0728;28
0729;17
0730;28
0731;17
0801;21
0802;23
0803;27
0804;32
0805;17
0806;15
0807;13
0808;14
0809;21
0810;15
0811;27
0812;21
0813;10
0814;20
0815;27
0816;19
0817;25
0818;22
0819;17
0820;20
0821;20
0822;27
0823;13
0824;12
0825;8
0826;22
0827;21
0828;20
0829;16
0830;13
0831;16
0901;28
0902;27
0903;21
0904;24
0905;21
0906;26
0907;17
0908;16
0909;13
0910;24
0911;24
0912;21
0913;20
0914;37
0915;13
0916;29
0917;23
0918;22
0919;26
0920;21
0921;28
0922;20
0923;31
0924;16
0925;20
0926;23
0927;23
0928;25
0929;18
0930;20
1001;27
1002;21
1003;21
1004;26
1005;28
1006;21
1007;17
1008;18
1009;31
1010;22
1011;24
1012;18
1013;28
1014;21
1015;24
1016;12
1017;27
1018;20
1019;27
1020;14
1021;26
1022;14
1023;16
1024;23
1025;21
1026;21
1027;24
1028;21
1029;28
1030;24
1031;24
1101;31
1102;24
1103;29
1104;28
1105;18
1106;21
1107;39
1108;38
1109;33
1110;25
1111;21
1112;28
1113;20
1114;28
1115;26
1116;31
1117;27
1118;15
1119;20
1120;27
1121;25
1122;23
1123;16
1124;20
1125;11
1126;23
1127;24
1128;31
1129;18
1130;23
1201;24
1202;18
1203;16
1204;22
1205;23
1206;23
1207;24
1208;19
1209;14
1210;20
1211;19
1212;29
1213;27
1214;20
1215;22
1216;23
1217;19
1218;32
1219;23
1220;19
1221;24
1222;22
1223;10
1224;21
1225;25
1226;27
1227;25
1228;27
1229;18
1230;24
1231;14
