0100;1
0101;19
0102;14
0103;25
0104;18
0105;25
0106;18
0107;20
0108;15
0109;19
0110;20
0111;14
0112;20
0113;15
0114;17
0115;15
0116;22
0117;14
0118;17
0119;16
0120;14
0121;16
0122;19
0123;20
0124;12
0125;16
0126;10
0127;13
0128;22
0129;14
0130;17
0131;16
0201;21
0202;22
0203;18
0204;14
0205;12
0206;16
0207;11
0208;18
0209;12
0210;14
0211;17
0212;24
0213;12
0214;21
0215;11
0216;14
0217;20
0218;18
0219;17
0220;19
0221;15
0222;14
0223;22
0224;16
0225;19
0226;23
0227;16
0228;12
0229;17
0301;19
0302;16
0303;16
0304;16
0305;19
0306;16
0307;13
0308;15
0309;15
0310;15
0311;22
0312;19
0313;16
0314;16
0315;20
0316;15
0317;17
0318;22
0319;11
0320;15
0321;20
0322;17
0323;18
0324;13
0325;22
0326;11
0327;17
0328;18
0329;12
0330;10
0331;11
0401;14
0402;9
0403;20
0404;11
0405;16
0406;12
0407;13
0408;10
0409;15
0410;12
0411;16
0412;19
0413;17
0414;14
0415;13
0416;18
0417;24
0418;19
0419;18
0420;12
0421;21
0422;14
0423;16
0424;19
0425;15
0426;6
0427;11
0428;15
0429;18
0430;21
0501;17
0502;12
0503;8
0504;17
0505;19
0506;15
0507;11
0508;18
0509;15
0510;17
0511;11
0512;18
0513;21
0514;16
0515;9
0516;18
0517;10
0518;17
0519;17
0520;12
0521;8
0522;16
0523;11
0524;19
0525;9
0526;19
0527;13
0528;18
0529;9
0530;13
0531;16
0601;11
0602;7
0603;17
0604;13
0605;18
0606;16
0607;22
0608;10
0609;22
0610;12
0611;9
0612;18
0613;14
0614;14
0615;7
0616;20
0617;18
0618;13
0619;13
0620;12
0621;21
0622;21
0623;13
0624;21
0625;14
0626;8
0627;12
0628;12
0629;17
0630;16
0701;13
0702;13
0703;14
0704;15
0705;18
0706;12
0707;23
0708;16
0709;7
0710;20
0711;15
0712;18
0713;20
0714;16
0715;12
0716;19
0717;7
0718;9
0719;10
0720;13
0721;21
0722;17
0723;14
0724;17
0725;23
0726;16
0727;17
0728;23
0729;9
0730;11
0731;16
0801;14
0802;18
0803;18
0804;15
0805;13
0806;18
0807;18
0808;13
0809;9
0810;13
0811;13
0812;13
0813;11
0814;16
0815;11
0816;7
0817;14
0818;12
0819;15
0820;10
0821;20
0822;15
0823;12
0824;11
0825;21
0826;14
0827;15
0828;9
0829;17
0830;15
0831;11
0901;14
0902;10
0903;8
0904;13
0905;18
0906;13
0907;15
0908;13
0909;12
0910;9
0911;9
0912;18
0913;18
0914;10
0915;20
0916;13
0917;7
0918;15
0919;25
0920;16
0921;12
0922;10
0923;14
0924;12
0925;16
0926;13
0927;16
0928;11
0929;18
0930;15
1001;22
1002;14
1003;12
1004;18
1005;10
1006;12
1007;16
1008;10
1009;22
1010;11
1011;15
1012;12
1013;15
1014;15
1015;17
1016;15
1017;30
1018;10
1019;16
1020;19
1021;11
1022;9
1023;19
1024;12
1025;22
1026;10
1027;15
1028;18
1029;18
1030;13
1031;15
1101;11
1102;13
1103;24
1104;18
1105;20
1106;10
1107;21
1108;13
1109;28
1110;18
1111;19
1112;19
1113;15
1114;13
1115;17
1116;13
1117;10
1118;20
1119;12
1120;12
1121;18
1122;8
1123;18
1124;19
1125;24
1126;14
1127;11
1128;13
1129;17
1130;16
1201;17
1202;18
1203;16
1204;22
1205;12
1206;14
1207;12
1208;25
1209;17
1210;10
1211;16
1212;18
1213;10
1214;16
1215;17
1216;19
1217;18
1218;13
1219;12
1220;18
1221;21
1222;21
1223;11
1224;15
1225;15
1226;21
1227;20
1228;18
1229;17
1230;20
1231;10
