0101;6
0102;6
0103;6
0104;5
0105;8
0106;4
0107;2
0108;6
0109;7
0110;4
0111;5
0112;6
0113;8
0114;3
0115;2
0116;14
0117;1
0118;8
0119;9
0120;8
0121;6
0122;5
0123;7
0124;4
0125;5
0126;6
0127;7
0128;6
0129;5
0130;8
0131;4
0201;5
0202;5
0203;9
0204;7
0205;6
0206;7
0207;2
0208;5
0209;11
0210;4
0211;4
0212;7
0213;5
0214;8
0215;5
0216;4
0217;4
0218;8
0219;7
0220;3
0221;7
0222;9
0223;9
0224;8
0225;11
0226;3
0227;8
0228;8
0229;13
0301;7
0302;5
0303;12
0304;5
0305;4
0306;9
0307;6
0308;11
0309;4
0310;6
0311;3
0312;4
0313;10
0314;10
0315;7
0316;7
0317;6
0318;8
0319;4
0320;9
0321;7
0322;12
0323;6
0324;4
0325;7
0326;7
0327;8
0328;13
0329;3
0330;3
0331;5
0401;9
0402;12
0403;8
0404;8
0405;8
0406;5
0407;6
0408;8
0409;7
0410;6
0411;4
0412;8
0413;10
0414;8
0415;5
0416;7
0417;7
0418;10
0419;4
0420;12
0421;8
0422;6
0423;6
0424;6
0425;5
0426;8
0427;5
0428;6
0429;5
0430;3
0501;9
0502;9
0503;8
0504;1
0505;1
0506;6
0507;5
0508;1
0509;4
0510;3
0511;5
0512;11
0513;8
0514;6
0515;2
0516;7
0517;6
0518;9
0519;4
0520;9
0521;3
0522;6
0523;4
0525;13
0526;5
0527;11
0528;8
0529;8
0530;6
0531;10
0601;4
0602;8
0603;7
0604;5
0605;8
0606;12
0607;3
0608;8
0609;6
0610;7
0611;3
0612;5
0613;8
0614;8
0615;6
0616;7
0617;3
0618;4
0619;7
0620;9
0621;5
0623;7
0624;2
0625;4
0626;8
0627;6
0628;7
0629;5
0630;6
0701;3
0702;5
0703;4
0704;8
0705;7
0706;13
0707;11
0708;8
0709;3
0710;7
0711;3
0712;3
0713;9
0714;8
0715;9
0716;7
0717;9
0718;6
0719;5
0720;10
0721;3
0722;12
0723;5
0724;3
0725;7
0726;6
0727;4
0728;4
0729;5
0730;6
0731;5
0801;6
0802;5
0803;6
0804;6
0805;4
0806;5
0807;5
0808;2
0809;8
0810;10
0811;11
0812;6
0813;5
0814;8
0815;8
0816;5
0817;6
0818;7
0819;5
0820;10
0821;2
0822;6
0823;11
0824;10
0825;11
0826;2
0827;5
0828;7
0829;5
0830;7
0831;8
0901;5
0902;6
0903;4
0904;5
0905;6
0906;5
0907;9
0908;6
0909;6
0910;4
0911;5
0912;13
0913;10
0914;10
0915;7
0916;7
0917;7
0918;6
0919;6
0920;5
0921;7
0922;7
0923;6
0924;5
0925;4
0926;8
0927;10
0928;10
0929;7
0930;6
1001;4
1002;3
1003;12
1004;4
1005;7
1006;9
1007;4
1008;7
1009;14
1010;7
1011;3
1012;6
1013;4
1014;8
1015;7
1016;2
1017;4
1018;6
1019;6
1020;6
1021;5
1022;10
1023;7
1024;5
1025;7
1026;11
1027;5
1028;10
1029;5
1030;10
1031;7
1101;7
1102;5
1103;12
1104;3
1105;5
1106;9
1107;11
1108;7
1109;7
1110;5
1111;6
1112;6
1113;3
1114;10
1115;7
1116;9
1117;8
1118;9
1119;10
1120;6
1121;9
1122;3
1123;4
1124;6
1125;5
1126;8
1127;2
1128;6
1129;5
1130;6
1201;11
1202;10
1203;9
1204;9
1205;9
1206;7
1207;3
1208;6
1209;13
1210;7
1211;8
1212;5
1213;7
1214;10
1215;11
1216;4
1217;11
1218;4
1219;9
1220;14
1221;8
1222;5
1223;9
1224;10
1225;6
1226;6
1227;8
1228;9
1229;4
1230;8
1231;5
