0101;13
0102;17
0103;10
0104;9
0105;12
0106;15
0107;19
0108;11
0109;11
0110;26
0111;15
0112;19
0113;17
0114;18
0115;14
0116;15
0117;19
0118;18
0119;17
0120;22
0121;17
0122;16
0123;13
0124;16
0125;10
0126;17
0127;12
0128;15
0129;7
0130;16
0131;19
0201;23
0202;19
0203;15
0204;15
0205;10
0206;17
0207;13
0208;18
0209;18
0210;16
0211;8
0212;13
0213;18
0214;11
0215;11
0216;12
0217;17
0218;17
0219;12
0220;12
0221;14
0222;10
0223;15
0224;12
0225;14
0226;16
0227;16
0228;14
0229;12
0301;5
0302;14
0303;15
0304;13
0305;16
0306;12
0307;11
0308;11
0309;17
0310;22
0311;18
0312;16
0313;19
0314;15
0315;14
0316;15
0317;22
0318;14
0319;16
0320;8
0321;14
0322;14
0323;16
0324;14
0325;19
0326;22
0327;17
0328;24
0329;12
0330;18
0331;17
0401;21
0402;10
0403;11
0404;8
0405;19
0406;11
0407;16
0408;18
0409;16
0410;17
0411;15
0412;14
0413;14
0414;17
0415;19
0416;28
0417;9
0418;11
0419;11
0420;16
0421;14
0422;16
0423;14
0424;10
0425;13
0426;12
0427;17
0428;13
0429;15
0430;17
0501;18
0502;13
0503;13
0504;20
0505;17
0506;8
0507;21
0508;10
0509;12
0510;22
0511;15
0512;17
0513;18
0514;24
0515;19
0516;17
0517;27
0518;18
0519;16
0520;15
0521;22
0522;14
0523;12
0524;19
0525;16
0526;16
0527;15
0528;17
0529;24
0530;19
0531;16
0601;22
0602;9
0603;9
0604;26
0605;25
0606;12
0607;15
0608;14
0609;15
0610;17
0611;25
0612;17
0613;19
0614;21
0615;12
0616;18
0617;13
0618;20
0619;10
0620;12
0621;10
0622;13
0623;17
0624;12
0625;11
0626;19
0627;15
0628;11
0629;9
0630;9
0701;12
0702;12
0703;9
0704;16
0705;15
0706;10
0707;18
0708;17
0709;13
0710;5
0711;13
0712;13
0713;10
0714;9
0715;20
0716;11
0717;13
0718;12
0719;14
0720;13
0721;12
0722;16
0723;17
0724;23
0725;15
0726;21
0727;11
0728;18
0729;9
0730;16
0731;9
0801;13
0802;18
0803;11
0804;9
0805;22
0806;12
0807;13
0808;16
0809;20
0810;11
0811;10
0812;13
0813;15
0814;17
0815;11
0816;18
0817;14
0818;19
0819;17
0820;15
0821;9
0822;16
0823;11
0824;11
0825;15
0826;15
0827;15
0828;15
0829;12
0830;19
0831;11
0901;16
0902;12
0903;13
0904;14
0905;19
0906;15
0907;12
0908;16
0909;18
0910;11
0911;11
0912;18
0913;11
0914;15
0915;19
0916;13
0917;18
0918;21
0919;19
0920;19
0921;10
0922;7
0923;15
0924;15
0925;15
0926;15
0927;11
0928;9
0929;12
0930;17
1001;11
1002;20
1003;10
1004;11
1005;13
1006;12
1007;18
1008;21
1009;11
1010;17
1011;15
1012;22
1013;16
1014;17
1015;19
1016;13
1017;10
1018;13
1019;14
1020;10
1021;8
1022;12
1023;13
1024;21
1025;13
1026;20
1027;14
1028;21
1029;12
1030;13
1031;15
1101;21
1102;18
1103;18
1104;18
1105;21
1106;8
1107;18
1108;21
1109;14
1110;17
1111;18
1112;14
1113;16
1114;15
1115;17
1116;17
1117;16
1118;14
1119;17
1120;8
1121;16
1122;25
1123;11
1124;15
1125;16
1126;11
1127;9
1128;14
1129;12
1130;16
1201;21
1202;12
1203;18
1204;18
1205;9
1206;15
1207;12
1208;12
1209;12
1210;13
1211;13
1212;15
1213;21
1214;16
1215;17
1216;18
1217;13
1218;15
1219;22
1220;18
1221;10
1222;15
1223;17
1224;14
1225;19
1226;17
1227;15
1228;15
1229;16
1230;16
1231;20
