0101;11
0102;13
0103;14
0104;6
0105;15
0106;12
0107;6
0108;17
0109;12
0110;12
0111;8
0112;9
0113;13
0114;9
0115;12
0116;9
0117;13
0118;8
0119;10
0120;18
0121;17
0122;9
0123;14
0124;14
0125;9
0126;16
0127;3
0128;15
0129;15
0130;9
0131;8
0201;13
0202;15
0203;11
0204;11
0205;19
0206;14
0207;12
0208;15
0209;12
0210;10
0211;9
0212;17
0213;11
0214;12
0215;7
0216;16
0217;14
0218;8
0219;12
0220;12
0221;11
0222;6
0223;9
0224;9
0225;12
0226;10
0227;13
0228;8
0229;14
0301;7
0302;13
0303;15
0304;10
0305;10
0306;9
0307;12
0308;13
0309;11
0310;8
0311;12
0312;11
0313;12
0314;8
0315;16
0316;7
0317;7
0318;11
0319;13
0320;13
0321;6
0322;12
0323;9
0324;10
0325;6
0326;15
0327;11
0328;12
0329;6
0330;5
0331;7
0401;12
0402;19
0403;6
0404;8
0405;13
0406;10
0407;6
0408;17
0409;14
0410;11
0411;13
0412;20
0413;10
0414;10
0415;8
0416;13
0417;13
0418;4
0419;9
0420;7
0421;9
0422;9
0423;11
0424;13
0425;12
0426;23
0427;20
0428;8
0429;13
0430;11
0501;15
0502;15
0503;14
0504;13
0505;22
0506;13
0507;12
0508;15
0509;11
0510;12
0511;16
0512;18
0513;15
0514;15
0515;16
0516;8
0517;7
0518;18
0519;14
0520;13
0521;15
0522;9
0523;9
0524;7
0525;15
0526;13
0527;12
0528;7
0529;22
0530;10
0531;8
0601;12
0602;15
0603;15
0604;8
0605;13
0606;8
0607;3
0608;19
0609;11
0610;8
0611;11
0612;18
0613;11
0614;9
0615;9
0616;9
0617;10
0618;17
0619;11
0620;7
0621;14
0622;11
0623;11
0624;9
0625;9
0626;14
0627;13
0628;15
0629;19
0630;7
0701;9
0702;15
0703;10
0704;10
0705;9
0706;10
0707;11
0708;13
0709;9
0710;14
0711;11
0712;13
0713;13
0714;13
0715;9
0716;8
0717;9
0718;8
0719;14
0720;10
0721;12
0722;13
0723;15
0724;16
0725;20
0726;11
0727;7
0728;16
0729;13
0730;14
0731;11
0801;6
0802;4
0803;12
0804;9
0805;14
0806;11
0807;7
0808;11
0809;12
0810;12
0811;13
0812;10
0813;10
0814;12
0815;13
0816;14
0817;14
0818;13
0819;13
0820;13
0821;7
0822;7
0823;11
0824;9
0825;15
0826;7
0827;11
0828;9
0829;11
0830;10
0831;17
0901;12
0902;10
0903;11
0904;14
0905;4
0906;13
0907;6
0908;11
0909;17
0910;7
0911;8
0912;10
0913;11
0914;11
0915;8
0916;14
0917;8
0918;3
0919;13
0920;9
0921;11
0922;10
0923;8
0924;10
0925;11
0926;12
0927;7
0928;11
0929;5
0930;7
1001;11
1002;14
1003;14
1004;9
1005;10
1006;3
1007;8
1008;10
1009;10
1010;12
1011;10
1012;13
1013;14
1014;15
1015;11
1016;16
1017;16
1018;11
1019;14
1020;15
1021;8
1022;13
1023;12
1024;16
1025;9
1026;11
1027;12
1028;8
1029;5
1030;21
1031;9
1101;12
1102;19
1103;18
1104;12
1105;7
1106;10
1107;10
1108;16
1109;12
1110;18
1111;8
1112;14
1113;10
1114;10
1115;12
1116;17
1117;20
1118;17
1119;8
1120;13
1121;13
1122;8
1123;11
1124;8
1125;8
1126;15
1127;13
1128;17
1129;11
1130;14
1201;11
1202;10
1203;13
1204;8
1205;9
1206;9
1207;13
1208;21
1209;15
1210;7
1211;9
1212;12
1213;12
1214;9
1215;8
1216;19
1217;12
1218;8
1219;8
1220;10
1221;10
1222;11
1223;12
1224;13
1225;13
1226;15
1227;15
1228;13
1229;14
1230;6
1231;8
