0101;4
0102;9
0103;7
0104;11
0105;13
0106;9
0107;12
0108;5
0109;10
0110;5
0111;6
0112;7
0113;12
0114;9
0115;4
0116;15
0117;9
0118;13
0119;8
0120;8
0121;10
0122;7
0123;11
0124;10
0125;9
0126;6
0127;6
0128;15
0129;9
0130;7
0131;10
0201;11
0202;8
0203;2
0204;10
0205;7
0206;9
0207;6
0208;12
0209;7
0210;7
0211;9
0212;8
0213;9
0214;10
0215;4
0216;8
0217;9
0218;10
0219;6
0220;8
0221;10
0222;8
0223;5
0224;6
0225;7
0226;6
0227;13
0228;9
0229;10
0301;1
0303;1
0305;1
0309;1
0310;2
0311;1
0314;1
0316;1
0318;1
0324;1
0325;1
0327;2
0329;1
0331;1
0401;7
0402;5
0403;4
0404;11
0405;1
0406;7
0407;6
0408;12
0409;10
0410;14
0411;16
0412;5
0413;10
0414;8
0415;9
0416;10
0417;10
0418;9
0419;10
0420;14
0421;10
0422;8
0423;10
0424;14
0425;8
0426;9
0427;11
0428;10
0429;7
0430;6
0501;8
0502;7
0503;10
0504;10
0505;14
0506;8
0507;9
0508;10
0509;11
0510;6
0511;9
0512;3
0513;7
0514;11
0515;6
0516;8
0517;8
0518;5
0519;14
0520;6
0521;10
0522;10
0523;7
0524;7
0525;7
0526;5
0527;12
0528;8
0529;12
0530;7
0531;8
0601;8
0602;9
0603;6
0604;11
0605;5
0606;8
0607;15
0608;11
0609;6
0610;12
0611;8
0612;10
0613;7
0614;11
0615;7
0616;12
0617;9
0618;6
0619;9
0620;4
0621;7
0622;7
0623;9
0624;7
0625;6
0626;9
0627;12
0628;7
0629;12
0630;8
0701;9
0702;9
0703;9
0704;10
0705;4
0706;5
0707;6
0708;9
0709;8
0710;11
0711;9
0712;7
0713;7
0714;9
0715;9
0716;10
0717;10
0718;6
0719;8
0720;9
0721;11
0722;6
0723;6
0724;7
0725;10
0726;10
0727;6
0728;7
0729;14
0730;8
0731;3
0801;10
0802;5
0803;7
0804;5
0805;9
0806;9
0807;10
0808;7
0809;12
0810;5
0811;10
0812;3
0813;8
0814;7
0815;7
0816;11
0817;5
0818;9
0819;13
0820;10
0821;5
0822;18
0823;5
0824;11
0825;8
0826;7
0827;9
0828;5
0829;9
0830;9
0831;6
0901;10
0902;6
0903;10
0904;6
0905;7
0906;5
0907;6
0908;4
0909;13
0910;9
0911;15
0912;8
0913;10
0914;9
0915;11
0916;9
0917;4
0918;6
0919;4
0920;12
0921;6
0922;10
0923;2
0924;2
0925;7
0926;8
0927;12
0928;7
0929;10
0930;6
1001;5
1002;7
1003;6
1004;8
1005;5
1006;12
1007;4
1008;12
1009;4
1010;6
1011;10
1012;9
1013;11
1014;10
1015;7
1016;5
1017;11
1018;8
1019;5
1020;7
1021;8
1022;8
1023;9
1024;9
1025;4
1026;7
1027;3
1028;8
1029;7
1030;15
1031;14
1101;14
1102;7
1103;14
1104;6
1105;3
1106;12
1107;11
1108;20
1109;11
1110;9
1111;9
1112;10
1113;5
1114;16
1115;7
1116;10
1117;12
1118;6
1119;9
1120;14
1121;10
1122;7
1123;8
1124;10
1125;5
1126;12
1127;12
1128;13
1129;8
1130;12
1201;9
1202;16
1203;6
1204;10
1205;10
1206;5
1207;10
1208;10
1209;10
1210;9
1211;10
1212;7
1213;12
1214;14
1215;6
1216;14
1217;6
1218;6
1219;5
1220;9
1221;9
1222;7
1223;10
1224;8
1225;9
1226;8
1227;12
1228;10
1229;11
1230;15
1231;15
