0101;30
0102;19
0103;27
0104;16
0105;23
0106;25
0107;26
0108;19
0109;11
0110;11
0111;18
0112;22
0113;13
0114;22
0115;28
0116;21
0117;22
0118;25
0119;20
0120;16
0121;18
0122;24
0123;15
0124;18
0125;19
0126;22
0127;19
0128;18
0129;22
0130;21
0131;19
0201;16
0202;22
0203;19
0204;11
0205;25
0206;18
0207;14
0208;15
0209;18
0210;16
0211;18
0212;20
0213;17
0214;17
0215;22
0216;20
0217;18
0218;11
0219;21
0220;20
0221;22
0222;18
0223;18
0224;19
0225;19
0226;20
0227;21
0228;22
0229;17
0301;25
0302;24
0303;28
0304;19
0305;20
0306;25
0307;16
0308;19
0309;25
0310;14
0311;23
0312;21
0313;10
0314;19
0315;20
0316;16
0317;21
0318;20
0319;17
0320;20
0321;15
0322;21
0323;19
0324;23
0325;22
0326;23
0327;14
0328;19
0329;15
0330;26
0331;11
0401;22
0402;21
0403;17
0404;22
0405;13
0406;15
0407;12
0408;20
0409;16
0410;18
0411;18
0412;22
0413;21
0414;18
0415;18
0416;21
0417;14
0418;14
0419;15
0420;23
0421;12
0422;20
0423;22
0424;18
0425;19
0426;18
0427;18
0428;19
0429;12
0430;21
0501;11
0502;22
0503;16
0504;16
0505;25
0506;14
0507;23
0508;21
0509;21
0510;24
0511;13
0512;14
0513;24
0514;14
0515;15
0516;25
0517;19
0518;13
0519;12
0520;12
0521;16
0522;15
0523;22
0524;17
0525;21
0526;23
0527;17
0528;16
0529;16
0530;28
0531;17
0601;10
0602;20
0603;19
0604;29
0605;22
0606;16
0607;19
0608;15
0609;17
0610;20
0611;16
0612;12
0613;22
0614;15
0615;19
0616;19
0617;24
0618;13
0619;20
0620;16
0621;22
0622;12
0623;15
0624;17
0625;18
0626;13
0627;17
0628;14
0629;16
0630;17
0701;19
0702;20
0703;16
0704;13
0705;21
0706;9
0707;17
0708;14
0709;12
0710;14
0711;13
0712;16
0713;18
0714;13
0715;10
0716;20
0717;18
0718;14
0719;18
0720;14
0721;19
0722;17
0723;16
0724;24
0725;29
0726;21
0727;18
0728;16
0729;19
0730;21
0731;22
0801;8
0802;18
0803;20
0804;17
0805;15
0806;19
0807;9
0808;18
0809;17
0810;13
0811;21
0812;17
0813;10
0814;18
0815;16
0816;12
0817;19
0818;10
0819;17
0820;17
0821;22
0822;16
0823;9
0824;10
0825;11
0826;16
0827;15
0828;9
0829;24
0830;18
0831;12
0901;27
0902;13
0903;14
0904;19
0905;11
0906;15
0907;10
0908;17
0909;5
0910;27
0911;14
0912;13
0913;18
0914;7
0915;18
0916;21
0917;17
0918;11
0919;16
0920;15
0921;12
0922;22
0923;11
0924;16
0925;23
0926;13
0927;18
0928;10
0929;20
0930;11
1001;7
1002;26
1003;21
1004;11
1005;18
1006;22
1007;22
1008;18
1009;15
1010;19
1011;15
1012;22
1013;13
1014;15
1015;18
1016;15
1017;20
1018;24
1019;18
1020;19
1021;23
1022;16
1023;11
1024;22
1025;15
1026;12
1027;24
1028;25
1029;21
1030;21
1031;16
1101;15
1102;20
1103;24
1104;16
1105;21
1106;18
1107;18
1108;26
1109;22
1110;20
1111;12
1112;26
1113;23
1114;23
1115;21
1116;25
1117;19
1118;12
1119;22
1120;16
1121;16
1122;21
1123;13
1124;15
1125;32
1126;20
1127;16
1128;17
1129;25
1130;14
1201;17
1202;22
1203;20
1204;16
1205;20
1206;15
1207;18
1208;22
1209;20
1210;24
1211;26
1212;18
1213;14
1214;20
1215;14
1216;23
1217;17
1218;18
1219;12
1220;32
1221;23
1222;21
1223;14
1224;13
1225;17
1226;21
1227;20
1228;24
1229;17
1230;20
1231;21
