0101;11
0102;12
0103;10
0104;10
0105;7
0106;8
0107;6
0108;8
0109;7
0110;7
0111;13
0112;11
0113;5
0114;10
0115;7
0116;7
0117;8
0118;12
0119;10
0120;7
0121;6
0122;3
0123;8
0124;9
0125;11
0126;10
0127;4
0128;11
0129;6
0130;9
0131;7
0201;8
0202;8
0203;5
0204;6
0205;8
0206;9
0207;3
0208;8
0209;14
0210;3
0211;11
0212;9
0213;8
0214;11
0215;6
0216;9
0217;17
0218;7
0219;6
0220;15
0221;8
0222;5
0223;4
0224;7
0225;6
0226;7
0227;10
0228;11
0229;9
0301;7
0302;6
0303;9
0304;7
0305;7
0306;11
0307;11
0308;8
0309;10
0310;9
0311;8
0312;7
0313;14
0314;4
0315;7
0316;7
0317;7
0318;12
0319;8
0320;9
0321;11
0322;12
0323;7
0324;6
0325;10
0326;10
0327;9
0328;7
0329;9
0330;13
0331;13
0401;4
0402;9
0403;9
0404;5
0405;9
0406;7
0407;7
0408;13
0409;13
0410;5
0411;9
0412;13
0413;8
0414;5
0415;12
0416;5
0417;4
0418;7
0419;9
0420;8
0421;11
0422;6
0423;7
0424;10
0425;8
0426;6
0427;9
0428;5
0429;6
0430;4
0501;7
0502;7
0503;12
0504;9
0505;3
0506;13
0507;8
0508;13
0509;11
0510;7
0511;4
0512;8
0513;11
0514;10
0515;13
0516;5
0517;5
0518;6
0519;10
0520;6
0521;7
0522;6
0523;12
0524;3
0525;5
0526;7
0527;7
0528;9
0529;4
0530;11
0531;7
0601;5
0602;6
0603;10
0604;5
0605;7
0606;5
0607;12
0608;10
0609;6
0610;5
0611;4
0612;7
0613;12
0614;6
0615;6
0616;7
0617;7
0618;5
0619;6
0620;8
0621;10
0622;3
0623;10
0624;7
0625;6
0626;3
0627;5
0628;6
0629;3
0630;4
0701;9
0702;10
0703;9
0704;4
0705;4
0706;7
0707;3
0708;5
0709;8
0710;11
0711;10
0712;11
0713;6
0714;9
0715;8
0716;6
0717;3
0718;5
0719;8
0720;6
0721;9
0722;5
0723;9
0724;6
0725;16
0726;4
0727;10
0728;5
0729;7
0730;9
0731;3
0801;8
0802;7
0803;8
0804;6
0805;7
0806;5
0807;3
0808;12
0809;6
0810;7
0811;7
0812;7
0813;10
0814;9
0815;11
0816;15
0817;8
0818;7
0819;8
0820;9
0821;4
0822;8
0823;7
0824;8
0825;4
0826;4
0827;10
0828;7
0829;6
0830;6
0831;6
0901;11
0902;4
0903;3
0904;9
0905;9
0906;7
0907;6
0908;11
0909;6
0910;3
0911;6
0912;5
0913;9
0914;8
0915;7
0916;9
0917;5
0918;3
0919;11
0920;7
0921;8
0922;7
0923;6
0924;10
0925;5
0926;7
0927;6
0928;9
0929;13
0930;7
1001;8
1002;8
1003;8
1004;7
1005;8
1006;12
1007;9
1008;9
1009;4
1010;8
1011;11
1012;5
1013;9
1014;7
1015;5
1016;4
1017;15
1018;6
1019;10
1020;11
1021;11
1022;12
1023;9
1024;6
1025;8
1026;6
1027;5
1028;7
1029;7
1030;7
1031;6
1101;10
1102;9
1103;6
1104;7
1105;12
1106;4
1107;7
1108;9
1109;9
1110;9
1111;8
1112;5
1113;10
1114;13
1115;7
1116;7
1117;8
1118;8
1119;7
1120;7
1121;7
1122;15
1123;11
1124;6
1125;12
1126;8
1127;9
1128;8
1129;9
1130;9
1201;14
1202;7
1203;10
1204;8
1205;3
1206;12
1207;8
1208;7
1209;9
1210;10
1211;7
1212;9
1213;6
1214;7
1215;5
1216;6
1217;7
1218;7
1219;7
1220;5
1221;17
1222;4
1223;4
1224;7
1225;9
1226;13
1227;5
1228;9
1229;5
1230;17
1231;12
