0101;5
0102;2
0103;3
0104;7
0105;7
0106;2
0107;6
0108;4
0109;7
0110;5
0111;3
0112;3
0113;1
0114;6
0115;6
0116;5
0117;3
0118;3
0119;5
0120;5
0121;8
0122;4
0123;5
0124;3
0125;7
0126;3
0127;4
0128;5
0129;1
0130;7
0131;5
0201;5
0202;8
0203;5
0204;8
0205;5
0206;4
0207;3
0208;6
0209;7
0210;5
0211;6
0212;4
0213;2
0214;9
0215;4
0216;10
0217;6
0218;7
0219;7
0220;6
0221;8
0222;1
0223;4
0224;5
0225;5
0226;8
0227;11
0228;5
0229;4
0301;6
0302;5
0303;5
0304;5
0305;4
0306;3
0307;6
0308;7
0309;6
0310;9
0311;4
0312;8
0313;3
0314;3
0315;4
0316;4
0317;5
0318;7
0319;12
0320;8
0321;9
0322;3
0323;4
0324;5
0325;3
0326;6
0327;3
0328;7
0329;4
0330;7
0331;6
0401;6
0402;4
0403;10
0404;9
0405;7
0406;8
0407;11
0408;3
0409;4
0410;2
0411;3
0412;5
0413;5
0414;7
0415;6
0416;7
0417;4
0418;9
0419;3
0420;2
0421;4
0422;5
0423;3
0424;7
0425;4
0426;4
0427;5
0428;3
0429;2
0430;9
0501;5
0502;4
0503;5
0504;3
0505;5
0506;1
0507;5
0508;4
0509;1
0510;4
0511;5
0512;5
0513;5
0514;4
0515;3
0516;7
0517;3
0518;4
0519;4
0520;3
0521;4
0522;4
0523;6
0524;2
0525;8
0526;3
0527;6
0528;5
0529;4
0530;4
0531;6
0601;8
0602;3
0603;8
0604;4
0605;5
0606;5
0607;2
0608;3
0609;3
0611;5
0612;5
0613;4
0614;5
0615;10
0616;8
0617;6
0618;8
0619;4
0620;5
0621;5
0622;6
0623;5
0624;7
0625;4
0626;8
0628;3
0629;8
0630;8
0701;7
0702;3
0703;4
0704;8
0705;5
0706;10
0707;6
0708;3
0709;6
0710;6
0711;2
0712;4
0713;2
0714;3
0715;1
0716;4
0717;4
0718;3
0719;7
0720;3
0721;4
0722;5
0723;4
0724;5
0725;3
0726;3
0727;3
0728;2
0729;4
0730;3
0731;7
0801;10
0802;6
0803;6
0804;3
0805;5
0806;2
0807;5
0808;5
0809;6
0810;8
0811;6
0812;1
0813;5
0814;11
0815;2
0816;7
0817;7
0818;3
0819;10
0820;3
0821;5
0822;6
0823;5
0824;3
0825;6
0826;9
0827;3
0828;8
0829;6
0830;3
0831;5
0901;5
0902;3
0903;6
0904;4
0905;3
0906;2
0907;7
0908;6
0909;6
0910;5
0911;5
0912;6
0913;10
0914;3
0915;6
0916;8
0917;4
0918;6
0919;6
0920;1
0921;12
0922;5
0923;2
0924;5
0925;5
0926;3
0927;3
0928;5
0929;6
0930;7
1001;3
1002;6
1003;5
1004;5
1005;6
1006;3
1007;6
1008;7
1009;5
1010;2
1011;1
1012;7
1013;7
1014;7
1015;4
1016;8
1017;3
1018;6
1019;5
1020;4
1021;5
1022;3
1023;8
1024;5
1025;7
1026;2
1027;4
1028;4
1029;7
1030;6
1031;6
1101;3
1102;3
1103;7
1104;6
1105;5
1106;6
1107;6
1108;1
1109;7
1110;9
1111;3
1112;8
1113;1
1114;4
1115;5
1116;4
1117;9
1118;6
1119;1
1120;8
1121;6
1122;6
1123;6
1124;4
1125;3
1126;7
1127;4
1128;7
1129;3
1130;4
1201;4
1202;7
1203;4
1204;1
1205;6
1206;7
1207;6
1208;5
1209;7
1210;3
1211;4
1212;6
1213;4
1214;5
1215;7
1216;4
1217;5
1218;6
1219;7
1220;6
1221;8
1222;8
1223;9
1224;3
1225;6
1226;7
1227;2
1228;5
1229;3
1230;2
1231;6
