0101;11
0102;16
0103;9
0104;11
0105;8
0106;10
0107;10
0108;10
0109;8
0110;10
0111;9
0112;16
0113;15
0114;16
0115;17
0116;13
0117;12
0118;17
0119;14
0120;10
0121;9
0122;6
0123;19
0124;18
0125;13
0126;8
0127;6
0128;9
0129;11
0130;17
0131;10
0201;19
0202;12
0203;11
0204;9
0205;8
0206;9
0207;12
0208;11
0209;6
0210;7
0211;9
0212;12
0213;10
0214;14
0215;9
0216;8
0217;9
0218;12
0219;7
0220;10
0221;15
0222;9
0223;16
0224;11
0225;9
0226;11
0227;12
0228;18
0229;17
0301;13
0302;13
0303;13
0304;10
0305;10
0306;9
0307;18
0308;8
0309;3
0310;15
0311;12
0312;13
0313;18
0314;13
0315;14
0316;9
0317;14
0318;8
0319;14
0320;6
0321;10
0322;9
0323;16
0324;10
0325;11
0326;16
0327;15
0328;4
0329;10
0330;15
0331;10
0401;5
0402;11
0403;16
0404;8
0405;13
0406;6
0407;12
0408;11
0409;11
0410;21
0411;10
0412;10
0413;10
0414;17
0415;7
0416;8
0417;13
0418;17
0419;7
0420;13
0421;10
0422;21
0423;14
0424;10
0425;13
0426;9
0427;10
0428;8
0429;10
0430;10
0501;14
0502;6
0503;11
0504;10
0505;9
0506;13
0507;11
0508;17
0509;12
0510;12
0511;13
0512;12
0513;6
0514;7
0515;10
0516;8
0517;8
0518;9
0519;5
0520;7
0521;8
0522;13
0523;15
0524;10
0525;14
0526;6
0527;11
0528;12
0529;6
0530;14
0531;8
0601;12
0602;16
0603;10
0604;12
0605;9
0606;10
0607;12
0608;6
0609;7
0610;16
0611;17
0612;6
0613;11
0614;8
0615;11
0616;9
0617;6
0618;11
0619;10
0620;5
0621;10
0622;14
0623;6
0624;14
0625;8
0626;12
0627;6
0628;11
0629;10
0630;8
0701;11
0702;13
0703;10
0704;13
0705;10
0706;5
0707;15
0708;9
0709;14
0710;17
0711;12
0712;12
0713;17
0714;4
0715;14
0716;9
0717;16
0718;6
0719;4
0720;9
0721;13
0722;9
0723;19
0724;13
0725;12
0726;16
0727;10
0728;10
0729;6
0730;6
0731;5
0801;11
0802;11
0803;15
0804;11
0805;12
0806;16
0807;10
0808;13
0809;16
0810;13
0811;4
0812;9
0813;8
0814;14
0815;14
0816;9
0817;9
0818;8
0819;9
0820;11
0821;7
0822;5
0823;14
0824;8
0825;13
0826;6
0827;7
0828;8
0829;4
0830;4
0831;18
0901;15
0902;10
0903;9
0904;13
0905;12
0906;10
0907;12
0908;7
0909;9
0910;11
0911;14
0912;12
0913;11
0914;8
0915;10
0916;10
0917;16
0918;11
0919;10
0920;12
0921;8
0922;12
0923;14
0924;10
0925;10
0926;10
0927;11
0928;7
0929;11
0930;12
1001;11
1002;13
1003;6
1004;11
1005;9
1006;12
1007;11
1008;12
1009;12
1010;17
1011;10
1012;10
1013;9
1014;11
1015;12
1016;8
1017;8
1018;17
1019;6
1020;10
1021;12
1022;13
1023;12
1024;14
1025;13
1026;10
1027;6
1028;9
1029;6
1030;11
1031;3
1101;12
1102;13
1103;11
1104;17
1105;7
1106;12
1107;18
1108;14
1109;16
1110;8
1111;9
1112;12
1113;13
1114;12
1115;7
1116;13
1117;11
1118;11
1119;11
1120;17
1121;8
1122;13
1123;14
1124;14
1125;11
1126;11
1127;8
1128;8
1129;10
1130;10
1201;13
1202;16
1203;11
1204;17
1205;18
1206;6
1207;11
1208;13
1209;21
1210;10
1211;10
1212;15
1213;9
1214;15
1215;16
1216;10
1217;12
1218;11
1219;15
1220;16
1221;10
1222;17
1223;11
1224;16
1225;13
1226;17
1227;15
1228;7
1229;13
1230;13
1231;12
