0101;12
0102;20
0103;19
0104;25
0105;22
0106;21
0107;15
0108;21
0109;22
0110;19
0111;25
0112;24
0113;21
0114;20
0115;13
0116;23
0117;20
0118;23
0119;16
0120;19
0121;24
0122;21
0123;24
0124;27
0125;13
0126;13
0127;24
0128;18
0129;18
0130;20
0131;12
0201;15
0202;18
0203;21
0204;21
0205;17
0206;25
0207;21
0208;19
0209;20
0210;20
0211;18
0212;12
0213;19
0214;16
0215;17
0216;28
0217;19
0218;18
0219;14
0220;13
0221;22
0222;15
0223;22
0224;20
0225;11
0226;16
0227;21
0228;14
0229;15
0301;15
0302;15
0303;15
0304;29
0305;23
0306;15
0307;27
0308;15
0309;25
0310;20
0311;29
0312;25
0313;15
0314;22
0315;15
0316;24
0317;28
0318;20
0319;18
0320;21
0321;23
0322;20
0323;24
0324;13
0325;23
0326;17
0327;20
0328;17
0329;19
0330;19
0331;14
0401;17
0402;18
0403;25
0404;23
0405;13
0406;20
0407;13
0408;16
0409;17
0410;22
0411;15
0412;19
0413;15
0414;12
0415;22
0416;19
0417;12
0418;21
0419;18
0420;21
0421;25
0422;13
0423;15
0424;20
0425;18
0426;17
0427;15
0428;19
0429;15
0430;14
0501;14
0502;19
0503;14
0504;13
0505;14
0506;15
0507;18
0508;19
0509;25
0510;21
0511;17
0512;18
0513;10
0514;22
0515;12
0516;22
0517;16
0518;18
0519;14
0520;27
0521;19
0522;22
0523;19
0524;18
0525;19
0526;23
0527;9
0528;15
0529;20
0530;24
0531;19
0601;10
0602;19
0603;25
0604;19
0605;14
0606;22
0607;10
0608;19
0609;25
0610;13
0611;9
0612;22
0613;15
0614;24
0615;26
0616;17
0617;19
0618;14
0619;11
0620;20
0621;16
0622;14
0623;19
0624;19
0625;14
0626;18
0627;19
0628;14
0629;19
0630;16
0701;20
0702;17
0703;19
0704;16
0705;18
0706;16
0707;17
0708;15
0709;16
0710;11
0711;12
0712;19
0713;20
0714;22
0715;15
0716;14
0717;19
0718;14
0719;15
0720;13
0721;26
0722;15
0723;22
0724;18
0725;14
0726;15
0727;12
0728;22
0729;15
0730;18
0731;12
0801;15
0802;15
0803;13
0804;12
0805;19
0806;15
0807;19
0808;18
0809;20
0810;16
0811;16
0812;11
0813;15
0814;20
0815;15
0816;16
0817;16
0818;16
0819;14
0820;16
0821;17
0822;22
0823;18
0824;22
0825;14
0826;13
0827;18
0828;15
0829;17
0830;15
0831;13
0901;16
0902;15
0903;16
0904;17
0905;13
0906;21
0907;19
0908;21
0909;14
0910;18
0911;17
0912;9
0913;12
0914;15
0915;13
0916;13
0917;17
0918;16
0919;15
0920;24
0921;13
0922;27
0923;26
0924;19
0925;20
0926;17
0927;21
0928;14
0929;21
0930;15
1001;11
1002;15
1003;11
1004;24
1005;20
1006;25
1007;19
1008;20
1009;15
1010;19
1011;14
1012;18
1013;18
1014;9
1015;17
1016;23
1017;17
1018;24
1019;18
1020;14
1021;16
1022;14
1023;18
1024;19
1025;10
1026;22
1027;22
1028;22
1029;11
1030;23
1031;18
1101;15
1102;18
1103;27
1104;23
1105;14
1106;20
1107;25
1108;13
1109;18
1110;20
1111;21
1112;15
1113;14
1114;22
1115;16
1116;13
1117;23
1118;18
1119;15
1120;22
1121;20
1122;19
1123;16
1124;17
1125;17
1126;22
1127;23
1128;22
1129;19
1130;23
1201;15
1202;19
1203;15
1204;15
1205;19
1206;25
1207;11
1208;14
1209;17
1210;30
1211;17
1212;16
1213;23
1214;18
1215;19
1216;29
1217;20
1218;17
1219;17
1220;21
1221;20
1222;21
1223;24
1224;15
1225;23
1226;26
1227;25
1228;20
1229;18
1230;21
1231;20
