0101;10
0102;7
0103;7
0104;8
0105;3
0106;3
0107;2
0108;3
0109;9
0110;2
0111;5
0112;8
0113;7
0114;8
0115;2
0116;3
0117;1
0118;5
0119;5
0120;8
0121;6
0122;3
0123;1
0124;5
0125;5
0126;1
0127;6
0128;5
0129;4
0130;6
0131;5
0201;4
0202;3
0203;7
0204;6
0205;3
0206;8
0207;2
0208;9
0209;4
0210;1
0211;2
0212;5
0213;8
0214;6
0215;8
0216;5
0217;6
0218;7
0219;2
0220;4
0221;3
0222;5
0223;7
0224;9
0225;5
0226;6
0227;2
0228;6
0229;5
0301;3
0302;6
0303;6
0304;6
0305;7
0306;7
0307;6
0308;3
0309;4
0310;2
0311;5
0312;7
0313;4
0314;4
0315;6
0316;1
0317;5
0318;7
0319;2
0320;12
0321;6
0322;2
0323;2
0324;5
0325;4
0326;5
0327;3
0328;7
0329;3
0330;9
0331;2
0401;5
0402;5
0403;6
0404;7
0405;5
0406;6
0407;6
0408;8
0409;8
0410;6
0411;10
0412;3
0413;1
0414;7
0415;4
0416;5
0417;3
0418;3
0419;4
0420;2
0421;6
0422;6
0423;6
0424;5
0425;4
0426;10
0427;3
0428;7
0429;5
0430;6
0501;1
0502;4
0503;5
0504;4
0505;2
0506;7
0507;3
0508;6
0509;4
0510;4
0511;6
0512;3
0513;3
0514;4
0515;4
0516;3
0517;4
0518;3
0519;4
0520;3
0521;3
0522;7
0523;1
0524;1
0525;7
0526;3
0527;3
0528;4
0529;5
0530;2
0531;6
0601;5
0602;3
0603;5
0604;2
0605;2
0606;3
0607;6
0608;7
0609;6
0610;4
0611;3
0612;4
0613;1
0614;3
0615;2
0616;5
0617;5
0618;3
0619;5
0620;3
0621;1
0622;3
0623;3
0624;6
0625;4
0626;3
0627;2
0628;4
0629;5
0630;7
0701;2
0702;3
0703;6
0704;4
0705;3
0706;8
0707;8
0708;4
0709;6
0710;4
0711;4
0712;4
0713;4
0714;6
0715;4
0716;3
0718;5
0719;4
0720;6
0721;1
0722;2
0723;3
0724;7
0725;6
0726;5
0727;5
0728;2
0729;4
0730;2
0731;1
0801;6
0802;4
0803;1
0804;2
0805;3
0806;4
0807;4
0808;1
0809;3
0810;5
0811;6
0812;4
0813;6
0814;1
0815;4
0816;3
0817;5
0818;1
0819;5
0820;3
0821;4
0822;8
0823;4
0824;4
0825;6
0826;7
0827;4
0828;2
0830;3
0831;4
0901;3
0902;3
0904;8
0905;4
0906;4
0907;2
0908;4
0909;5
0910;2
0911;3
0912;1
0913;4
0914;6
0915;2
0917;4
0918;4
0919;4
0920;2
0921;5
0922;6
0923;8
0924;3
0925;2
0926;3
0927;3
0928;3
0929;5
0930;9
1001;4
1002;4
1003;7
1004;4
1005;3
1006;5
1007;3
1008;11
1009;5
1010;5
1011;4
1012;1
1013;6
1014;4
1015;4
1016;5
1017;7
1018;5
1019;2
1020;4
1021;6
1022;2
1023;6
1024;6
1025;2
1026;3
1027;6
1028;3
1029;7
1030;8
1031;1
1101;2
1102;4
1103;3
1104;9
1105;3
1106;2
1107;6
1108;2
1109;1
1110;2
1111;5
1112;4
1113;3
1114;2
1115;5
1116;2
1117;4
1118;4
1119;5
1120;5
1121;4
1122;4
1123;2
1124;5
1125;4
1127;3
1128;2
1129;5
1130;6
1201;4
1202;8
1203;3
1204;3
1205;3
1206;6
1207;3
1208;3
1209;6
1210;4
1211;4
1212;5
1213;2
1214;8
1215;6
1216;5
1217;9
1218;7
1219;4
1220;5
1221;5
1222;6
1223;2
1224;4
1225;5
1226;6
1227;9
1228;6
1229;5
1230;7
1231;5
