0101;18
0102;16
0103;17
0104;17
0105;13
0106;28
0107;19
0108;20
0109;21
0110;22
0111;20
0112;11
0113;15
0114;21
0115;15
0116;18
0117;20
0118;21
0119;18
0120;13
0121;16
0122;9
0123;13
0124;10
0125;15
0126;20
0127;13
0128;10
0129;22
0130;13
0131;18
0201;13
0202;15
0203;19
0204;12
0205;29
0206;22
0207;19
0208;16
0209;15
0210;14
0211;19
0212;16
0213;18
0214;18
0215;14
0216;18
0217;15
0218;22
0219;18
0220;16
0221;16
0222;20
0223;20
0224;22
0225;23
0226;15
0227;19
0228;15
0229;17
0301;24
0302;16
0303;26
0304;22
0305;30
0306;20
0307;25
0308;26
0309;24
0310;14
0311;26
0312;16
0313;18
0314;19
0315;24
0316;23
0317;17
0318;18
0319;16
0320;15
0321;21
0322;16
0323;21
0324;15
0325;14
0326;14
0327;13
0328;16
0329;21
0330;11
0331;23
0401;19
0402;19
0403;23
0404;17
0405;15
0406;15
0407;17
0408;16
0409;24
0410;20
0411;18
0412;16
0413;18
0414;24
0415;23
0416;14
0417;15
0418;13
0419;24
0420;22
0421;16
0422;15
0423;12
0424;12
0425;19
0426;17
0427;15
0428;12
0429;12
0430;20
0501;20
0502;12
0503;18
0504;17
0505;16
0506;23
0507;22
0508;10
0509;25
0510;11
0511;15
0512;21
0513;14
0514;20
0515;18
0516;18
0517;14
0518;19
0519;16
0520;16
0521;21
0522;17
0523;18
0524;19
0525;11
0526;19
0527;18
0528;23
0529;16
0530;15
0531;21
0601;12
0602;17
0603;14
0604;23
0605;10
0606;19
0607;14
0608;19
0609;13
0610;20
0611;17
0612;14
0613;16
0614;13
0615;7
0616;10
0617;22
0618;15
0619;12
0620;16
0621;22
0622;22
0623;24
0624;11
0625;15
0626;19
0627;13
0628;21
0629;9
0630;19
0701;19
0702;11
0703;5
0704;12
0705;19
0706;15
0707;15
0708;17
0709;11
0710;17
0711;9
0712;15
0713;14
0714;19
0715;16
0716;19
0717;16
0718;19
0719;16
0720;22
0721;22
0722;20
0723;19
0724;17
0725;17
0726;17
0727;24
0728;15
0729;22
0730;19
0731;20
0801;21
0802;20
0803;20
0804;13
0805;16
0806;19
0807;17
0808;19
0809;24
0810;19
0811;21
0812;16
0813;15
0814;20
0815;21
0816;22
0817;15
0818;25
0819;25
0820;17
0821;15
0822;18
0823;12
0824;17
0825;22
0826;15
0827;14
0828;17
0829;12
0830;13
0831;13
0901;24
0902;23
0903;14
0904;15
0905;18
0906;21
0907;21
0908;18
0909;20
0910;20
0911;10
0912;20
0913;17
0914;13
0915;17
0916;14
0917;23
0918;23
0919;19
0920;13
0921;18
0922;15
0923;19
0924;14
0925;17
0926;16
0927;23
0928;18
0929;15
0930;10
1001;15
1002;19
1003;19
1004;15
1005;26
1006;16
1007;18
1008;18
1009;15
1010;17
1011;26
1012;10
1013;20
1014;20
1015;12
1016;14
1017;8
1018;18
1019;15
1020;14
1021;20
1022;14
1023;12
1024;21
1025;15
1026;15
1027;11
1028;17
1029;17
1030;17
1031;23
1101;21
1102;16
1103;12
1104;17
1105;17
1106;12
1107;14
1108;16
1109;21
1110;26
1111;17
1112;18
1113;21
1114;21
1115;14
1116;18
1117;14
1118;17
1119;19
1120;19
1121;12
1122;20
1123;18
1124;20
1125;17
1126;17
1127;21
1128;24
1129;15
1130;14
1201;11
1202;22
1203;12
1204;18
1205;23
1206;23
1207;25
1208;23
1209;27
1210;13
1211;17
1212;24
1213;22
1214;20
1215;13
1216;16
1217;23
1218;18
1219;20
1220;25
1221;14
1222;16
1223;15
1224;26
1225;31
1226;19
1227;15
1228;20
1229;21
1230;18
1231;23
