0101;8
0102;4
0103;5
0104;7
0105;2
0106;1
0107;7
0108;5
0109;3
0110;3
0111;4
0112;5
0113;4
0114;4
0115;2
0116;4
0117;6
0118;4
0119;4
0120;3
0121;6
0122;3
0123;1
0124;7
0125;3
0126;4
0127;3
0128;3
0129;5
0130;5
0131;7
0201;6
0202;3
0203;3
0204;7
0205;6
0206;4
0207;4
0208;11
0209;3
0210;5
0211;5
0212;4
0213;6
0214;4
0215;3
0216;3
0217;3
0218;2
0219;7
0220;3
0221;6
0222;9
0223;2
0224;9
0225;4
0226;3
0227;3
0228;2
0229;6
0301;6
0302;9
0303;4
0304;8
0305;4
0307;8
0308;5
0309;6
0310;1
0311;5
0312;8
0313;3
0314;6
0315;5
0316;8
0317;9
0318;5
0319;2
0320;2
0321;6
0322;4
0323;7
0324;2
0325;6
0326;3
0327;3
0328;9
0329;3
0330;5
0331;5
0401;3
0402;11
0403;9
0404;7
0405;3
0406;5
0407;1
0408;6
0409;3
0410;2
0411;5
0412;4
0413;2
0414;2
0415;5
0416;4
0417;3
0418;10
0419;4
0420;6
0421;4
0422;4
0423;3
0424;4
0425;3
0426;3
0427;2
0428;3
0429;6
0430;7
0501;7
0502;6
0503;5
0504;5
0505;7
0506;5
0507;7
0508;1
0510;9
0511;3
0512;5
0513;6
0514;2
0515;6
0516;2
0517;3
0518;3
0519;6
0520;1
0521;5
0522;10
0523;7
0524;6
0525;5
0526;5
0527;2
0528;3
0529;5
0530;8
0531;4
0601;3
0602;7
0603;9
0604;2
0605;6
0606;2
0607;4
0608;3
0609;2
0610;2
0611;3
0612;4
0613;2
0614;2
0615;3
0616;7
0617;7
0618;3
0619;4
0620;5
0621;8
0622;2
0623;3
0624;6
0625;3
0626;3
0627;4
0628;5
0629;6
0630;7
0701;3
0702;4
0703;4
0704;3
0705;5
0706;5
0707;6
0708;4
0709;5
0710;2
0711;5
0712;5
0713;4
0714;7
0715;7
0716;3
0717;4
0718;5
0719;3
0720;6
0721;3
0722;4
0723;5
0724;5
0725;7
0726;4
0727;3
0728;2
0729;5
0730;5
0731;8
0801;5
0802;4
0803;8
0804;3
0805;8
0806;3
0807;1
0808;5
0809;3
0810;6
0811;6
0812;4
0813;6
0814;6
0815;5
0816;6
0817;3
0818;2
0819;5
0820;2
0821;6
0822;7
0823;3
0824;4
0825;6
0826;4
0827;5
0828;4
0829;1
0830;4
0831;3
0901;1
0902;3
0903;3
0904;4
0905;4
0906;3
0907;3
0908;3
0909;3
0910;6
0911;5
0912;3
0913;6
0914;6
0915;5
0916;9
0917;6
0918;5
0919;3
0920;5
0921;2
0922;2
0923;2
0924;7
0925;2
0926;5
0927;4
0928;4
0929;5
0930;7
1001;5
1002;2
1003;2
1004;2
1005;6
1006;4
1007;8
1008;4
1009;7
1010;3
1011;5
1012;6
1013;10
1014;4
1015;4
1016;4
1017;5
1018;4
1019;2
1020;2
1021;5
1022;4
1023;2
1024;6
1025;3
1026;3
1027;10
1028;3
1029;7
1030;7
1031;2
1101;2
1102;4
1103;12
1104;7
1105;2
1106;1
1107;3
1108;3
1109;10
1110;5
1111;4
1112;4
1113;6
1114;5
1115;2
1116;2
1117;3
1118;2
1119;4
1120;5
1121;7
1122;8
1123;1
1124;6
1125;3
1126;4
1127;6
1128;7
1129;2
1130;8
1201;3
1202;6
1203;3
1204;7
1206;4
1207;1
1209;4
1210;1
1211;7
1212;3
1213;5
1214;10
1215;5
1216;2
1217;6
1218;7
1219;3
1220;6
1221;5
1222;5
1223;5
1224;4
1225;8
1226;11
1227;6
1228;5
1229;6
1230;7
1231;4
