0101;7
0102;6
0103;9
0104;10
0105;3
0106;7
0107;6
0108;4
0109;6
0110;5
0111;9
0112;7
0113;8
0114;7
0115;4
0116;10
0117;6
0118;6
0119;5
0120;8
0121;5
0122;10
0123;8
0124;10
0125;7
0126;5
0127;9
0128;5
0129;5
0130;7
0131;2
0201;12
0202;11
0203;6
0204;4
0205;6
0206;5
0207;5
0208;8
0209;12
0210;8
0211;5
0212;5
0213;6
0214;7
0215;11
0216;10
0217;6
0218;6
0219;6
0220;2
0221;11
0222;4
0223;5
0224;10
0225;6
0226;8
0227;3
0228;5
0229;6
0301;5
0302;9
0303;12
0304;9
0305;8
0306;9
0307;13
0308;7
0309;6
0310;8
0311;3
0312;9
0313;6
0314;4
0315;6
0316;6
0317;4
0318;8
0319;7
0320;5
0321;9
0322;8
0323;3
0324;11
0325;10
0326;10
0327;10
0328;3
0329;13
0330;9
0331;9
0401;7
0402;6
0403;9
0404;14
0405;6
0406;12
0407;7
0408;8
0409;6
0410;3
0411;12
0412;10
0413;3
0414;5
0415;11
0416;4
0417;6
0418;7
0419;5
0420;5
0421;8
0422;9
0423;4
0424;1
0425;8
0426;10
0427;4
0428;8
0429;12
0430;11
0501;5
0502;7
0503;4
0504;5
0505;6
0506;7
0507;8
0508;5
0509;9
0510;9
0511;6
0512;2
0513;2
0514;4
0515;9
0516;8
0517;9
0518;14
0519;7
0520;4
0521;9
0522;6
0523;4
0524;6
0525;10
0526;6
0527;6
0528;10
0529;6
0530;4
0531;6
0601;5
0602;6
0603;8
0604;4
0605;3
0606;10
0607;9
0608;3
0609;7
0610;8
0611;9
0612;9
0613;11
0614;7
0615;7
0616;9
0617;8
0618;9
0619;8
0620;9
0621;9
0622;6
0623;6
0624;7
0625;1
0626;4
0627;7
0628;5
0629;7
0630;11
0701;5
0702;7
0703;4
0704;6
0705;9
0706;10
0707;6
0708;4
0709;10
0710;8
0711;5
0712;6
0713;10
0714;3
0715;5
0716;5
0717;12
0718;5
0719;7
0720;8
0721;8
0722;8
0723;4
0724;3
0725;3
0726;7
0727;11
0728;7
0729;6
0730;12
0731;10
0801;12
0802;11
0803;6
0804;5
0805;10
0806;8
0807;6
0808;11
0809;8
0810;6
0811;5
0812;4
0813;7
0814;5
0815;7
0816;7
0817;7
0818;11
0819;4
0820;9
0821;8
0822;7
0823;9
0824;13
0825;7
0826;8
0827;8
0828;6
0829;6
0830;10
0831;4
0901;7
0902;6
0903;1
0904;7
0905;5
0906;8
0907;12
0908;4
0909;8
0910;2
0911;8
0912;13
0913;8
0914;4
0915;5
0916;9
0917;9
0918;8
0919;10
0920;8
0921;5
0922;5
0923;11
0924;6
0925;7
0926;8
0927;8
0928;9
0929;7
0930;6
1001;6
1002;6
1003;6
1004;14
1005;8
1006;9
1007;8
1008;8
1009;8
1010;7
1011;8
1012;8
1013;4
1014;9
1015;13
1016;8
1017;7
1018;6
1019;8
1020;4
1021;7
1022;6
1023;16
1024;7
1025;5
1026;10
1027;4
1028;6
1029;7
1030;6
1031;8
1101;4
1102;6
1103;5
1104;7
1105;3
1106;7
1107;7
1108;6
1109;9
1110;6
1111;8
1112;4
1113;11
1114;6
1115;6
1116;10
1117;19
1118;3
1119;10
1120;14
1121;5
1122;8
1123;5
1124;10
1125;11
1126;6
1127;10
1128;6
1129;6
1130;6
1201;5
1202;6
1203;9
1204;9
1205;8
1206;5
1207;8
1208;6
1209;10
1210;14
1211;10
1212;9
1213;9
1214;4
1215;11
1216;9
1217;7
1218;10
1219;11
1220;7
1221;9
1222;5
1223;7
1224;7
1225;9
1226;6
1227;7
1228;6
1229;8
1230;5
1231;12
