0101;14
0102;19
0103;14
0104;15
0105;18
0106;13
0107;5
0108;8
0109;14
0110;23
0111;6
0112;19
0113;11
0114;25
0115;24
0116;13
0117;12
0118;7
0119;13
0120;15
0121;10
0122;11
0123;9
0124;12
0125;10
0126;15
0127;10
0128;6
0129;12
0130;16
0131;13
0201;17
0202;11
0203;10
0204;21
0205;24
0206;20
0207;17
0208;12
0209;19
0210;22
0211;15
0212;11
0213;9
0214;19
0215;11
0216;13
0217;13
0218;7
0219;15
0220;12
0221;6
0222;12
0223;13
0224;16
0225;18
0226;13
0227;22
0228;10
0229;12
0301;12
0302;7
0303;10
0304;18
0305;15
0306;17
0307;14
0308;14
0309;12
0310;9
0311;20
0312;9
0313;13
0314;12
0315;12
0316;17
0317;12
0318;10
0319;21
0320;12
0321;9
0322;17
0323;14
0324;13
0325;16
0326;11
0327;13
0328;17
0329;9
0330;18
0331;17
0401;16
0402;17
0403;17
0404;13
0405;12
0406;10
0407;14
0408;19
0409;18
0410;8
0411;21
0412;22
0413;18
0414;17
0415;18
0416;13
0417;15
0418;20
0419;12
0420;14
0421;11
0422;10
0423;11
0424;7
0425;15
0426;16
0427;12
0428;13
0429;14
0430;14
0501;15
0502;19
0503;14
0504;10
0505;12
0506;14
0507;12
0508;16
0509;16
0510;20
0511;9
0512;12
0513;20
0514;16
0515;11
0516;13
0517;10
0518;7
0519;15
0520;17
0521;15
0522;17
0523;19
0524;10
0525;12
0526;18
0527;13
0528;10
0529;10
0530;12
0531;12
0601;18
0602;15
0603;11
0604;11
0605;13
0606;10
0607;13
0608;16
0609;11
0610;13
0611;18
0612;17
0613;12
0614;16
0615;9
0616;15
0617;11
0618;9
0619;9
0620;15
0621;10
0622;17
0623;14
0624;6
0625;7
0626;14
0627;17
0628;9
0629;10
0630;12
0701;13
0702;9
0703;10
0704;16
0705;14
0706;7
0707;5
0708;7
0709;11
0710;12
0711;13
0712;8
0713;17
0714;11
0715;17
0716;6
0717;14
0718;9
0719;10
0720;14
0721;15
0722;5
0723;17
0724;10
0725;18
0726;7
0727;15
0728;7
0729;5
0730;2
0731;9
0801;10
0802;14
0803;15
0804;8
0805;10
0806;11
0807;10
0808;13
0809;12
0810;19
0811;8
0812;7
0813;8
0814;15
0815;13
0816;11
0817;8
0818;14
0819;12
0820;11
0821;11
0822;9
0823;10
0824;13
0825;16
0826;12
0827;11
0828;14
0829;16
0830;15
0831;14
0901;17
0902;10
0903;14
0904;8
0905;10
0906;7
0907;16
0908;8
0909;6
0910;12
0911;10
0912;9
0913;12
0914;9
0915;4
0916;15
0917;12
0918;16
0919;11
0920;9
0921;16
0922;9
0923;12
0924;6
0925;17
0926;13
0927;22
0928;9
0929;11
0930;13
1001;12
1002;14
1003;12
1004;12
1005;17
1006;15
1007;10
1008;17
1009;16
1010;15
1011;18
1012;17
1013;7
1014;13
1015;19
1016;10
1017;9
1018;17
1019;16
1020;11
1021;12
1022;13
1023;13
1024;17
1025;7
1026;5
1027;13
1028;11
1029;17
1030;19
1031;12
1101;18
1102;7
1103;7
1104;11
1105;15
1106;15
1107;10
1108;14
1109;11
1110;13
1111;11
1112;15
1113;17
1114;12
1115;10
1116;15
1117;9
1118;17
1119;17
1120;13
1121;19
1122;12
1123;13
1124;11
1125;12
1126;17
1127;16
1128;13
1129;20
1130;18
1201;11
1202;14
1203;10
1204;21
1205;15
1206;17
1207;13
1208;16
1209;14
1210;16
1211;13
1212;18
1213;19
1214;15
1215;15
1216;16
1217;7
1218;7
1219;11
1220;12
1221;12
1222;20
1223;15
1224;23
1225;14
1226;16
1227;10
1228;17
1229;10
1230;9
1231;17
