0101;25
0102;13
0103;19
0104;6
0105;15
0106;18
0107;23
0108;12
0109;21
0110;15
0111;12
0112;28
0113;9
0114;17
0115;11
0116;16
0117;15
0118;28
0119;11
0120;10
0121;17
0122;22
0123;10
0124;11
0125;12
0126;14
0127;15
0128;21
0129;19
0130;17
0131;17
0201;10
0202;19
0203;18
0204;16
0205;16
0206;23
0207;17
0208;15
0209;12
0210;11
0211;22
0212;21
0213;18
0214;19
0215;10
0216;15
0217;17
0218;15
0219;18
0220;22
0221;19
0222;23
0223;20
0224;16
0225;12
0226;14
0227;8
0228;14
0229;13
0301;19
0302;19
0303;14
0304;22
0305;21
0306;10
0307;14
0308;19
0309;14
0310;18
0311;23
0312;13
0313;15
0314;19
0315;19
0316;15
0317;17
0318;15
0319;20
0320;12
0321;15
0322;16
0323;20
0324;20
0325;14
0326;22
0327;15
0328;21
0329;15
0330;11
0331;18
0401;16
0402;10
0403;16
0404;18
0405;18
0406;19
0407;12
0408;15
0409;14
0410;14
0411;19
0412;15
0413;18
0414;13
0415;12
0416;17
0417;12
0418;12
0419;13
0420;22
0421;21
0422;21
0423;7
0424;13
0425;16
0426;11
0427;26
0428;12
0429;11
0430;19
0501;16
0502;14
0503;16
0504;9
0505;17
0506;15
0507;15
0508;25
0509;16
0510;12
0511;15
0512;11
0513;11
0514;7
0515;19
0516;13
0517;16
0518;11
0519;13
0520;12
0521;11
0522;11
0523;12
0524;22
0525;11
0526;13
0527;11
0528;15
0529;15
0530;22
0531;8
0601;20
0602;14
0603;9
0604;19
0605;12
0606;8
0607;12
0608;12
0609;15
0610;14
0611;15
0612;19
0613;23
0614;13
0615;13
0616;15
0617;10
0618;14
0619;12
0620;17
0621;13
0622;19
0623;6
0624;18
0625;17
0626;12
0627;9
0628;19
0629;10
0630;16
0701;16
0702;19
0703;16
0704;24
0705;13
0706;22
0707;7
0708;16
0709;18
0710;14
0711;12
0712;23
0713;12
0714;14
0715;23
0716;13
0717;13
0718;12
0719;16
0720;13
0721;12
0722;20
0723;12
0724;20
0725;14
0726;13
0727;14
0728;6
0729;8
0730;21
0731;16
0801;15
0802;15
0803;10
0804;11
0805;12
0806;18
0807;14
0808;14
0809;14
0810;16
0811;15
0812;11
0813;18
0814;10
0815;12
0816;14
0817;6
0818;12
0819;17
0820;13
0821;16
0822;12
0823;12
0824;10
0825;18
0826;16
0827;24
0828;13
0829;11
0830;13
0831;16
0901;15
0902;20
0903;17
0904;15
0905;20
0906;11
0907;16
0908;17
0909;12
0910;14
0911;21
0912;17
0913;18
0914;20
0915;19
0916;11
0917;12
0918;15
0919;14
0920;18
0921;15
0922;20
0923;11
0924;15
0925;13
0926;23
0927;21
0928;15
0929;12
0930;12
1001;17
1002;15
1003;16
1004;16
1005;22
1006;14
1007;12
1008;12
1009;26
1010;15
1011;13
1012;19
1013;13
1014;17
1015;14
1016;18
1017;15
1018;22
1019;20
1020;15
1021;8
1022;11
1023;18
1024;16
1025;11
1026;13
1027;16
1028;22
1029;14
1030;17
1031;19
1101;15
1102;14
1103;14
1104;17
1105;13
1106;12
1107;11
1108;18
1109;12
1110;23
1111;20
1112;15
1113;14
1114;13
1115;18
1116;18
1117;21
1118;22
1119;16
1120;17
1121;15
1122;14
1123;7
1124;15
1125;14
1126;20
1127;19
1128;19
1129;20
1130;15
1201;16
1202;30
1203;15
1204;22
1205;16
1206;11
1207;17
1208;12
1209;22
1210;14
1211;19
1212;20
1213;18
1214;18
1215;16
1216;19
1217;21
1218;15
1219;16
1220;15
1221;21
1222;12
1223;14
1224;19
1225;19
1226;15
1227;11
1228;14
1229;11
1230;17
1231;12
