0101;21
0102;32
0103;20
0104;17
0105;27
0106;21
0107;30
0108;27
0109;29
0110;15
0111;22
0112;19
0113;19
0114;23
0115;29
0116;20
0117;23
0118;30
0119;19
0120;15
0121;24
0122;29
0123;22
0124;26
0125;27
0126;19
0127;18
0128;21
0129;18
0130;29
0131;31
0201;14
0202;24
0203;15
0204;20
0205;19
0206;17
0207;22
0208;17
0209;21
0210;24
0211;21
0212;19
0213;23
0214;18
0215;28
0216;31
0217;26
0218;18
0219;28
0220;29
0221;25
0222;31
0223;23
0224;24
0225;21
0226;24
0227;23
0228;18
0229;22
0301;17
0302;20
0303;25
0304;16
0305;20
0306;21
0307;31
0308;16
0309;20
0310;15
0311;17
0312;23
0313;25
0314;17
0315;12
0316;15
0317;23
0318;27
0319;27
0320;21
0321;27
0322;19
0323;29
0324;16
0325;21
0326;27
0327;20
0328;15
0329;16
0330;27
0331;21
0401;29
0402;16
0403;22
0404;24
0405;12
0406;34
0407;15
0408;22
0409;22
0410;24
0411;22
0412;22
0413;18
0414;17
0415;23
0416;26
0417;22
0418;25
0419;23
0420;23
0421;21
0422;26
0423;22
0424;20
0425;26
0426;27
0427;15
0428;35
0429;20
0430;21
0501;17
0502;32
0503;16
0504;26
0505;19
0506;16
0507;30
0508;19
0509;25
0510;20
0511;16
0512;21
0513;25
0514;31
0515;21
0516;21
0517;24
0518;22
0519;21
0520;13
0521;22
0522;27
0523;16
0524;27
0525;27
0526;33
0527;20
0528;20
0529;21
0530;13
0531;23
0601;27
0602;16
0603;21
0604;14
0605;16
0606;24
0607;15
0608;21
0609;16
0610;23
0611;23
0612;26
0613;19
0614;19
0615;17
0616;20
0617;18
0618;14
0619;25
0620;15
0621;20
0622;18
0623;23
0624;15
0625;16
0626;21
0627;23
0628;24
0629;23
0630;17
0701;18
0702;17
0703;26
0704;27
0705;23
0706;10
0707;22
0708;17
0709;21
0710;26
0711;21
0712;25
0713;25
0714;17
0715;21
0716;19
0717;27
0718;16
0719;12
0720;21
0721;17
0722;21
0723;35
0724;29
0725;14
0726;25
0727;20
0728;20
0729;22
0730;19
0731;18
0801;21
0802;25
0803;22
0804;15
0805;25
0806;22
0807;16
0808;13
0809;24
0810;19
0811;23
0812;15
0813;21
0814;20
0815;21
0816;25
0817;19
0818;14
0819;26
0820;28
0821;14
0822;19
0823;13
0824;21
0825;24
0826;17
0827;25
0828;20
0829;22
0830;23
0831;24
0901;14
0902;21
0903;24
0904;20
0905;22
0906;21
0907;13
0908;17
0909;24
0910;26
0911;18
0912;28
0913;19
0914;20
0915;20
0916;15
0917;19
0918;27
0919;19
0920;24
0921;22
0922;20
0923;20
0924;23
0925;18
0926;25
0927;14
0928;26
0929;15
0930;20
1001;19
1002;19
1003;22
1004;23
1005;21
1006;25
1007;20
1008;19
1009;19
1010;18
1011;20
1012;15
1013;22
1014;23
1015;29
1016;18
1017;21
1018;27
1019;19
1020;10
1021;18
1022;27
1023;23
1024;23
1025;10
1026;10
1027;22
1028;20
1029;27
1030;22
1031;24
1101;23
1102;30
1103;19
1104;16
1105;18
1106;21
1107;19
1108;28
1109;24
1110;12
1111;20
1112;18
1113;32
1114;18
1115;15
1116;22
1117;25
1118;27
1119;30
1120;21
1121;16
1122;26
1123;21
1124;31
1125;29
1126;25
1127;27
1128;37
1129;20
1130;34
1201;34
1202;23
1203;28
1204;21
1205;27
1206;29
1207;34
1208;22
1209;24
1210;26
1211;21
1212;23
1213;24
1214;25
1215;13
1216;21
1217;26
1218;19
1219;23
1220;29
1221;21
1222;23
1223;25
1224;34
1225;20
1226;17
1227;19
1228;19
1229;30
1230;20
1231;31
