0101;20
0102;8
0103;15
0104;20
0105;16
0106;14
0107;19
0108;22
0109;15
0110;13
0111;18
0112;13
0113;13
0114;14
0115;14
0116;19
0117;19
0118;14
0119;12
0120;17
0121;20
0122;16
0123;25
0124;15
0125;15
0126;23
0127;12
0128;15
0129;23
0130;16
0131;14
0201;19
0202;14
0203;16
0204;9
0205;12
0206;10
0207;16
0208;9
0209;18
0210;21
0211;17
0212;15
0213;24
0214;9
0215;15
0216;15
0217;12
0218;16
0219;17
0220;15
0221;14
0222;17
0223;12
0224;18
0225;14
0226;17
0227;14
0228;18
0229;14
0301;12
0302;21
0303;15
0304;17
0305;16
0306;23
0307;18
0308;20
0309;20
0310;13
0311;21
0312;15
0313;14
0314;10
0315;16
0316;12
0317;16
0318;10
0319;20
0320;10
0321;16
0322;8
0323;13
0324;17
0325;16
0326;11
0327;20
0328;18
0329;14
0330;11
0331;16
0401;11
0402;21
0403;22
0404;13
0405;18
0406;18
0407;19
0408;15
0409;16
0410;15
0411;11
0412;26
0413;7
0414;18
0415;14
0416;17
0417;14
0418;22
0419;18
0420;17
0421;10
0422;14
0423;18
0424;17
0425;9
0426;7
0427;18
0428;19
0429;18
0430;15
0501;20
0502;13
0503;17
0504;14
0505;14
0506;13
0507;13
0508;21
0509;20
0510;19
0511;14
0512;11
0513;21
0514;7
0515;15
0516;14
0517;17
0518;11
0519;9
0520;17
0521;14
0522;14
0523;12
0524;19
0525;20
0526;13
0527;9
0528;15
0529;12
0530;17
0531;15
0601;10
0602;14
0603;10
0604;17
0605;14
0606;16
0607;14
0608;19
0609;15
0610;20
0611;17
0612;16
0613;15
0614;11
0615;14
0616;18
0617;14
0618;19
0619;20
0620;16
0621;12
0622;14
0623;10
0624;11
0625;11
0626;12
0627;14
0628;11
0629;8
0630;13
0701;12
0702;12
0703;18
0704;16
0705;17
0706;15
0707;15
0708;19
0709;11
0710;19
0711;11
0712;17
0713;15
0714;14
0715;9
0716;7
0717;15
0718;17
0719;14
0720;15
0721;16
0722;19
0723;19
0724;17
0725;13
0726;20
0727;14
0728;12
0729;12
0730;13
0731;8
0801;13
0802;14
0803;12
0804;19
0805;5
0806;14
0807;16
0808;15
0809;9
0810;15
0811;12
0812;13
0813;13
0814;10
0815;14
0816;12
0817;9
0818;9
0819;19
0820;13
0821;8
0822;14
0823;5
0824;14
0825;17
0826;13
0827;14
0828;17
0829;20
0830;16
0831;4
0901;13
0902;18
0903;14
0904;14
0905;13
0906;11
0907;12
0908;13
0909;10
0910;10
0911;17
0912;14
0913;10
0914;13
0915;12
0916;13
0917;6
0918;9
0919;10
0920;14
0921;22
0922;7
0923;10
0924;28
0925;22
0926;15
0927;17
0928;18
0929;16
0930;8
1001;20
1002;9
1003;20
1004;19
1005;19
1006;10
1007;14
1008;16
1009;12
1010;17
1011;19
1012;11
1013;14
1014;15
1015;14
1016;13
1017;15
1018;12
1019;17
1020;19
1021;22
1022;13
1023;6
1024;13
1025;7
1026;14
1027;17
1028;14
1029;15
1030;5
1031;14
1101;11
1102;15
1103;13
1104;18
1105;13
1106;12
1107;21
1108;20
1109;11
1110;11
1111;18
1112;21
1113;21
1114;11
1115;16
1116;14
1117;12
1118;14
1119;14
1120;12
1121;15
1122;16
1123;14
1124;11
1125;9
1126;18
1127;12
1128;20
1129;10
1130;16
1201;15
1202;20
1203;17
1204;14
1205;18
1206;11
1207;12
1208;17
1209;16
1210;19
1211;13
1212;12
1213;20
1214;17
1215;13
1216;14
1217;16
1218;15
1219;19
1220;15
1221;21
1222;14
1223;15
1224;13
1225;19
1226;18
1227;19
1228;20
1229;12
1230;13
1231;14
