0101;24
0102;20
0103;6
0104;23
0105;22
0106;17
0107;20
0108;10
0109;12
0110;5
0111;15
0112;19
0113;21
0114;17
0115;25
0116;12
0117;21
0118;19
0119;18
0120;18
0121;26
0122;21
0123;17
0124;16
0125;19
0126;17
0127;23
0128;13
0129;17
0130;21
0131;13
0201;23
0202;24
0203;22
0204;24
0205;24
0206;16
0207;12
0208;17
0209;17
0210;16
0211;8
0212;11
0213;14
0214;15
0215;16
0216;20
0217;13
0218;22
0219;16
0220;20
0221;17
0222;18
0223;16
0224;15
0225;15
0226;11
0227;17
0228;22
0229;18
0301;17
0302;17
0303;12
0304;47
0305;26
0306;19
0307;24
0308;22
0309;15
0310;14
0311;15
0312;19
0313;17
0314;16
0315;19
0316;23
0317;22
0318;13
0319;18
0320;19
0321;17
0322;21
0323;17
0324;11
0325;15
0326;17
0327;11
0328;20
0329;17
0330;13
0331;19
0401;14
0402;21
0403;18
0404;19
0405;19
0406;14
0407;15
0408;22
0409;22
0410;24
0411;18
0412;20
0413;18
0414;19
0415;15
0416;22
0417;20
0418;18
0419;18
0420;12
0421;23
0422;16
0423;16
0424;17
0425;21
0426;18
0427;13
0428;15
0429;17
0430;11
0501;9
0502;19
0503;10
0504;15
0505;17
0506;17
0507;17
0508;19
0509;14
0510;14
0511;10
0512;20
0513;19
0514;19
0515;19
0516;21
0517;15
0518;25
0519;14
0520;17
0521;18
0522;15
0523;23
0524;22
0525;20
0526;15
0527;11
0528;20
0529;28
0530;17
0531;16
0601;17
0602;18
0603;19
0604;9
0605;12
0606;20
0607;16
0608;24
0609;14
0610;23
0611;27
0612;16
0613;19
0614;9
0615;19
0616;12
0617;12
0618;11
0619;27
0620;18
0621;19
0622;23
0623;13
0624;18
0625;17
0626;16
0627;12
0628;17
0629;15
0630;19
0701;21
0702;16
0703;17
0704;22
0705;9
0706;12
0707;15
0708;20
0709;19
0710;15
0711;15
0712;25
0713;19
0714;12
0715;13
0716;18
0717;19
0718;17
0719;17
0720;21
0721;19
0722;12
0723;15
0724;20
0725;16
0726;18
0727;11
0728;14
0729;14
0730;18
0731;19
0801;14
0802;22
0803;18
0804;16
0805;14
0806;13
0807;16
0808;20
0809;14
0810;21
0811;13
0812;15
0813;14
0814;25
0815;14
0816;25
0817;19
0818;13
0819;12
0820;18
0821;22
0822;18
0823;15
0824;21
0825;11
0826;11
0827;13
0828;9
0829;18
0830;17
0831;15
0901;13
0902;19
0903;19
0904;18
0905;19
0906;16
0907;12
0908;18
0909;16
0910;15
0911;16
0912;14
0913;15
0914;19
0915;15
0916;11
0917;13
0918;17
0919;19
0920;19
0921;18
0922;14
0923;13
0924;23
0925;14
0926;16
0927;15
0928;13
0929;14
0930;16
1001;16
1002;13
1003;22
1004;19
1005;16
1006;22
1007;14
1008;19
1009;19
1010;15
1011;20
1012;18
1013;20
1014;21
1015;27
1016;14
1017;21
1018;23
1019;21
1020;14
1021;20
1022;24
1023;22
1024;13
1025;20
1026;15
1027;23
1028;16
1029;20
1030;25
1031;20
1101;16
1102;17
1103;20
1104;22
1105;15
1106;20
1107;19
1108;15
1109;14
1110;20
1111;22
1112;11
1113;20
1114;12
1115;31
1116;18
1117;23
1118;20
1119;20
1120;12
1121;19
1122;14
1123;13
1124;21
1125;23
1126;18
1127;18
1128;11
1129;22
1130;25
1201;15
1202;16
1203;17
1204;19
1205;12
1206;15
1207;23
1208;22
1209;28
1210;21
1211;23
1212;21
1213;17
1214;18
1215;23
1216;24
1217;27
1218;18
1219;15
1220;23
1221;11
1222;11
1223;23
1224;23
1225;15
1226;11
1227;21
1228;26
1229;24
1230;16
1231;21
