0101;21
0102;32
0103;15
0104;25
0105;22
0106;30
0107;17
0108;18
0109;19
0110;21
0111;25
0112;19
0113;24
0114;16
0115;16
0116;15
0117;11
0118;14
0119;16
0120;21
0121;18
0122;20
0123;18
0124;19
0125;11
0126;23
0127;18
0128;16
0129;30
0130;13
0131;18
0201;19
0202;17
0203;21
0204;20
0205;18
0206;10
0207;23
0208;24
0209;22
0210;15
0211;23
0212;18
0213;15
0214;15
0215;29
0216;30
0217;15
0218;17
0219;23
0220;11
0221;14
0222;21
0223;21
0224;23
0225;21
0226;17
0227;25
0228;13
0229;21
0301;21
0302;15
0303;19
0304;19
0305;16
0306;24
0307;25
0308;22
0309;22
0310;22
0311;23
0312;26
0313;18
0314;22
0315;19
0316;23
0317;17
0318;25
0319;14
0320;20
0321;26
0322;23
0323;10
0324;14
0325;17
0326;13
0327;31
0328;19
0329;19
0330;22
0331;29
0401;24
0402;19
0403;19
0404;13
0405;21
0406;18
0407;21
0408;23
0409;17
0410;8
0411;14
0412;23
0413;18
0414;21
0415;15
0416;15
0417;19
0418;26
0419;17
0420;20
0421;15
0422;11
0423;18
0424;12
0425;18
0426;18
0427;13
0428;11
0429;20
0430;15
0501;15
0502;13
0503;11
0504;24
0505;17
0506;18
0507;17
0508;19
0509;18
0510;17
0511;16
0512;20
0513;15
0514;14
0515;23
0516;18
0517;20
0518;14
0519;10
0520;22
0521;21
0522;16
0523;17
0524;20
0525;21
0526;14
0527;11
0528;18
0529;13
0530;15
0531;20
0601;20
0602;17
0603;13
0604;24
0605;19
0606;24
0607;18
0608;22
0609;18
0610;16
0611;18
0612;21
0613;26
0614;24
0615;17
0616;18
0617;20
0618;23
0619;13
0620;17
0621;14
0622;22
0623;17
0624;6
0625;18
0626;15
0627;14
0628;27
0629;14
0630;21
0701;17
0702;16
0703;20
0704;15
0705;11
0706;25
0707;22
0708;18
0709;14
0710;11
0711;25
0712;16
0713;19
0714;11
0715;17
0716;22
0717;15
0718;18
0719;18
0720;19
0721;14
0722;21
0723;18
0724;18
0725;12
0726;19
0727;11
0728;17
0729;15
0730;10
0731;12
0801;22
0802;17
0803;20
0804;14
0805;18
0806;10
0807;18
0808;18
0809;15
0810;18
0811;21
0812;14
0813;12
0814;17
0815;22
0816;13
0817;24
0818;16
0819;17
0820;13
0821;8
0822;17
0823;10
0824;14
0825;14
0826;8
0827;16
0828;23
0829;16
0830;12
0831;17
0901;13
0902;23
0903;20
0904;15
0905;22
0906;15
0907;15
0908;13
0909;15
0910;15
0911;17
0912;11
0913;18
0914;13
0915;12
0916;19
0917;14
0918;27
0919;18
0920;12
0921;13
0922;18
0923;13
0924;15
0925;27
0926;17
0927;16
0928;20
0929;12
0930;20
1001;14
1002;26
1003;24
1004;12
1005;21
1006;16
1007;21
1008;17
1009;12
1010;25
1011;21
1012;25
1013;20
1014;16
1015;10
1016;16
1017;15
1018;25
1019;18
1020;18
1021;27
1022;17
1023;19
1024;13
1025;15
1026;28
1027;18
1028;12
1029;19
1030;15
1031;16
1101;22
1102;22
1103;13
1104;13
1105;21
1106;19
1107;17
1108;18
1109;23
1110;16
1111;10
1112;19
1113;10
1114;21
1115;21
1116;13
1117;23
1118;14
1119;24
1120;22
1121;20
1122;28
1123;21
1124;14
1125;23
1126;20
1127;20
1128;14
1129;20
1130;26
1201;19
1202;17
1203;18
1204;13
1205;18
1206;15
1207;19
1208;14
1209;11
1210;22
1211;20
1212;25
1213;23
1214;19
1215;26
1216;15
1217;28
1218;23
1219;21
1220;23
1221;16
1222;14
1223;22
1224;22
1225;21
1226;24
1227;19
1228;22
1229;15
1230;24
1231;10
