0101;16
0102;17
0103;22
0104;24
0105;16
0106;17
0107;13
0108;15
0109;11
0110;14
0111;15
0112;16
0113;15
0114;15
0115;16
0116;9
0117;13
0118;25
0119;17
0120;13
0121;21
0122;11
0123;15
0124;19
0125;14
0126;22
0127;19
0128;24
0129;15
0130;14
0131;6
0201;13
0202;22
0203;11
0204;15
0205;24
0206;18
0207;15
0208;21
0209;16
0210;17
0211;13
0212;14
0213;13
0214;20
0215;22
0216;20
0217;25
0218;13
0219;14
0220;21
0221;14
0222;18
0223;20
0224;15
0225;14
0226;15
0227;16
0228;16
0229;20
0301;8
0302;13
0303;13
0304;13
0305;23
0306;13
0307;11
0308;14
0309;12
0310;13
0311;22
0312;17
0313;23
0314;22
0315;30
0316;16
0317;12
0318;19
0319;17
0320;13
0321;9
0322;16
0323;12
0324;18
0325;14
0326;14
0327;19
0328;16
0329;18
0330;16
0331;19
0401;15
0402;10
0403;14
0404;17
0405;20
0406;12
0407;8
0408;16
0409;24
0410;19
0411;17
0412;20
0413;17
0414;9
0415;15
0416;19
0417;19
0418;22
0419;10
0420;20
0421;17
0422;12
0423;14
0424;21
0425;19
0426;18
0427;13
0428;15
0429;18
0430;16
0501;19
0502;13
0503;12
0504;14
0505;18
0506;12
0507;19
0508;12
0509;14
0510;9
0511;6
0512;16
0513;14
0514;11
0515;19
0516;9
0517;12
0518;15
0519;13
0520;13
0521;17
0522;12
0523;16
0524;21
0525;26
0526;16
0527;17
0528;15
0529;12
0530;17
0531;11
0601;10
0602;21
0603;15
0604;14
0605;16
0606;12
0607;17
0608;19
0609;22
0610;8
0611;15
0612;20
0613;11
0614;28
0615;14
0616;15
0617;9
0618;13
0619;9
0620;21
0621;7
0622;17
0623;13
0624;15
0625;23
0626;14
0627;16
0628;19
0629;16
0630;20
0701;20
0702;15
0703;13
0704;13
0705;18
0706;19
0707;12
0708;14
0709;26
0710;9
0711;18
0712;23
0713;18
0714;15
0715;14
0716;11
0717;15
0718;10
0719;14
0720;17
0721;16
0722;19
0723;19
0724;14
0725;17
0726;17
0727;17
0728;15
0729;16
0730;14
0731;16
0801;14
0802;20
0803;17
0804;23
0805;19
0806;13
0807;10
0808;13
0809;22
0810;16
0811;18
0812;18
0813;13
0814;20
0815;23
0816;18
0817;19
0818;13
0819;17
0820;16
0821;11
0822;20
0823;15
0824;12
0825;13
0826;13
0827;16
0828;18
0829;23
0830;13
0831;14
0901;15
0902;21
0903;17
0904;8
0905;16
0906;14
0907;19
0908;16
0909;13
0910;16
0911;13
0912;19
0913;15
0914;24
0915;10
0916;12
0917;11
0918;23
0919;11
0920;17
0921;11
0922;14
0923;15
0924;18
0925;12
0926;13
0927;7
0928;11
0929;12
0930;14
1001;15
1002;13
1003;13
1004;8
1005;9
1006;13
1007;11
1008;19
1009;14
1010;13
1011;15
1012;19
1013;12
1014;11
1015;20
1016;21
1017;14
1018;12
1019;15
1020;17
1021;21
1022;17
1023;11
1024;11
1025;22
1026;19
1027;12
1028;16
1029;17
1030;15
1031;12
1101;17
1102;14
1103;12
1104;12
1105;15
1106;19
1107;17
1108;10
1109;18
1110;21
1111;18
1112;14
1113;17
1114;20
1115;17
1116;9
1117;21
1118;15
1119;14
1120;12
1121;17
1122;15
1123;15
1124;7
1125;18
1126;23
1127;17
1128;19
1129;16
1130;15
1201;21
1202;19
1203;12
1204;22
1205;17
1206;19
1207;13
1208;13
1209;13
1210;14
1211;11
1212;18
1213;15
1214;24
1215;15
1216;22
1217;9
1218;16
1219;19
1220;22
1221;17
1222;13
1223;11
1224;26
1225;14
1226;22
1227;23
1228;14
1229;15
1230;18
1231;18
