0101;11
0102;11
0103;13
0104;12
0105;9
0106;17
0107;13
0108;17
0109;11
0110;15
0111;17
0112;8
0113;16
0114;8
0115;6
0116;11
0117;10
0118;23
0119;12
0120;14
0121;12
0122;8
0123;11
0124;11
0125;13
0126;13
0127;10
0128;16
0129;23
0130;9
0131;10
0201;10
0202;15
0203;10
0204;16
0205;14
0206;13
0207;5
0208;18
0209;11
0210;13
0211;17
0212;12
0213;9
0214;7
0215;13
0216;6
0217;10
0218;16
0219;9
0220;17
0221;9
0222;14
0223;12
0224;11
0225;8
0226;9
0227;12
0228;14
0229;8
0301;15
0302;11
0303;11
0304;12
0305;13
0306;19
0307;17
0308;14
0309;17
0310;6
0311;15
0312;6
0313;9
0314;12
0315;12
0316;17
0317;9
0318;13
0319;6
0320;8
0321;4
0322;13
0323;10
0324;5
0325;13
0326;16
0327;5
0328;19
0329;18
0330;14
0331;7
0401;10
0402;13
0403;9
0404;15
0405;15
0406;19
0407;11
0408;15
0409;4
0410;17
0411;11
0412;11
0413;7
0414;17
0415;11
0416;6
0417;13
0418;12
0419;9
0420;16
0421;11
0422;16
0423;12
0424;9
0425;9
0426;10
0427;9
0428;14
0429;15
0430;12
0501;16
0502;9
0503;15
0504;13
0505;10
0506;8
0507;13
0508;14
0509;14
0510;9
0511;9
0512;10
0513;11
0514;7
0515;9
0516;15
0517;12
0518;7
0519;17
0520;14
0521;12
0522;9
0523;8
0524;11
0525;8
0526;9
0527;16
0528;9
0529;11
0530;5
0531;9
0601;11
0602;15
0603;13
0604;7
0605;14
0606;5
0607;13
0608;10
0609;13
0610;14
0611;11
0612;13
0613;10
0614;15
0615;13
0616;14
0617;10
0618;6
0619;8
0620;10
0621;16
0622;11
0623;9
0624;16
0625;14
0626;11
0627;14
0628;18
0629;13
0630;19
0701;8
0702;7
0703;8
0704;10
0705;12
0706;13
0707;10
0708;15
0709;17
0710;10
0711;13
0712;13
0713;11
0714;12
0715;16
0716;16
0717;9
0718;16
0719;10
0720;10
0721;15
0722;11
0723;8
0724;14
0725;11
0726;13
0727;10
0728;8
0729;12
0730;12
0731;13
0801;18
0802;9
0803;10
0804;12
0805;10
0806;12
0807;13
0808;9
0809;17
0810;13
0811;9
0812;11
0813;9
0814;10
0815;15
0816;13
0817;18
0818;13
0819;11
0820;11
0821;15
0822;12
0823;15
0824;13
0825;9
0826;16
0827;14
0828;11
0829;9
0830;12
0831;8
0901;9
0902;7
0903;11
0904;6
0905;7
0906;19
0907;21
0908;8
0909;11
0910;13
0911;2
0912;16
0913;7
0914;7
0915;9
0916;6
0917;11
0918;11
0919;14
0920;15
0921;16
0922;12
0923;13
0924;11
0925;13
0926;9
0927;12
0928;10
0929;13
0930;12
1001;7
1002;9
1003;9
1004;11
1005;8
1006;14
1007;11
1008;12
1009;12
1010;9
1011;5
1012;11
1013;11
1014;14
1015;15
1016;14
1017;15
1018;10
1019;12
1020;14
1021;6
1022;12
1023;10
1024;21
1025;11
1026;13
1027;11
1028;8
1029;8
1030;11
1031;11
1101;10
1102;13
1103;11
1104;13
1105;14
1106;10
1107;5
1108;20
1109;11
1110;6
1111;9
1112;7
1113;8
1114;9
1115;14
1116;13
1117;9
1118;7
1119;24
1120;10
1121;15
1122;9
1123;9
1124;9
1125;10
1126;5
1127;10
1128;10
1129;17
1130;17
1201;17
1202;11
1203;11
1204;13
1205;4
1206;15
1207;16
1208;17
1209;15
1210;7
1211;14
1212;9
1213;10
1214;8
1215;10
1216;13
1217;13
1218;15
1219;20
1220;11
1221;13
1222;8
1223;16
1224;15
1225;19
1226;19
1227;10
1228;13
1229;11
1230;17
1231;10
