0101;16
0102;4
0103;14
0104;12
0105;7
0106;17
0107;12
0108;7
0109;7
0110;11
0111;14
0112;10
0113;14
0114;15
0115;6
0116;10
0117;15
0118;9
0119;6
0120;16
0121;15
0122;9
0123;9
0124;10
0125;15
0126;9
0127;9
0128;14
0129;13
0130;9
0131;7
0201;10
0202;8
0203;4
0204;12
0205;15
0206;9
0207;7
0208;11
0209;12
0210;9
0211;11
0212;13
0213;9
0214;11
0215;12
0216;10
0217;8
0218;14
0219;11
0220;11
0221;13
0222;12
0223;13
0224;8
0225;8
0226;12
0227;16
0228;10
0229;15
0301;10
0302;12
0303;6
0304;12
0305;12
0306;11
0307;12
0308;6
0309;10
0310;15
0311;11
0312;8
0313;8
0314;3
0315;6
0316;11
0317;11
0318;10
0319;9
0320;10
0321;15
0322;7
0323;6
0324;10
0325;6
0326;15
0327;5
0328;11
0329;11
0330;14
0331;7
0401;9
0402;10
0403;13
0404;6
0405;12
0406;5
0407;3
0408;6
0409;11
0410;10
0411;13
0412;10
0413;9
0414;8
0415;16
0416;13
0417;6
0418;9
0419;5
0420;12
0421;9
0422;12
0423;6
0424;8
0425;10
0426;7
0427;13
0428;8
0429;6
0430;10
0501;7
0502;13
0503;10
0504;3
0505;9
0506;13
0507;14
0508;15
0509;11
0510;8
0511;9
0512;11
0513;10
0514;8
0515;14
0516;9
0517;5
0518;14
0519;7
0520;9
0521;13
0522;6
0523;9
0524;15
0525;9
0526;16
0527;14
0528;2
0529;5
0530;11
0531;11
0601;12
0602;6
0603;10
0604;12
0605;9
0606;12
0607;10
0608;12
0609;10
0610;5
0611;5
0612;8
0613;10
0614;9
0615;9
0616;12
0617;6
0618;7
0619;7
0620;15
0621;11
0622;6
0623;7
0624;5
0625;11
0626;12
0627;7
0628;10
0629;5
0630;10
0701;13
0702;10
0703;4
0704;8
0705;8
0706;13
0707;14
0708;15
0709;6
0710;9
0711;8
0712;12
0713;10
0714;12
0715;6
0716;11
0717;8
0718;7
0719;10
0720;11
0721;8
0722;5
0723;11
0724;10
0725;12
0726;8
0727;11
0728;10
0729;16
0730;6
0731;5
0801;9
0802;5
0803;4
0804;7
0805;10
0806;8
0807;6
0808;9
0809;7
0810;12
0811;15
0812;8
0813;5
0814;11
0815;9
0816;14
0817;15
0818;9
0819;7
0820;9
0821;9
0822;13
0823;14
0824;13
0825;15
0826;2
0827;11
0828;7
0829;12
0830;10
0831;6
0901;6
0902;13
0903;11
0904;7
0905;17
0906;9
0907;13
0908;10
0909;13
0910;11
0911;4
0912;12
0913;16
0914;7
0915;11
0916;5
0917;9
0918;8
0919;9
0920;8
0921;5
0922;10
0923;14
0924;9
0925;10
0926;12
0927;8
0928;8
0929;13
0930;9
1001;14
1002;7
1003;7
1004;13
1005;7
1006;8
1007;16
1008;11
1009;6
1010;10
1011;10
1012;8
1013;9
1014;7
1015;12
1016;9
1017;9
1018;18
1019;4
1020;10
1021;12
1022;8
1023;15
1024;6
1025;11
1026;13
1027;3
1028;8
1029;12
1030;7
1031;12
1101;11
1102;12
1103;15
1104;10
1105;7
1106;9
1107;11
1108;7
1109;10
1110;14
1111;9
1112;13
1113;8
1114;10
1115;9
1116;10
1117;17
1118;11
1119;13
1120;11
1121;17
1122;11
1123;9
1124;13
1125;5
1126;8
1127;11
1128;13
1129;7
1130;12
1201;15
1202;13
1203;11
1204;12
1205;13
1206;11
1207;10
1208;11
1209;5
1210;12
1211;13
1212;8
1213;12
1214;8
1215;4
1216;12
1217;11
1218;9
1219;13
1220;11
1221;12
1222;6
1223;10
1224;18
1225;10
1226;22
1227;14
1228;14
1229;18
1230;11
1231;11
