0101;13
0102;19
0103;23
0104;14
0105;18
0106;20
0107;20
0108;16
0109;21
0110;14
0111;13
0112;16
0113;11
0114;19
0115;17
0116;8
0117;11
0118;21
0119;17
0120;18
0121;13
0122;28
0123;11
0124;11
0125;18
0126;20
0127;15
0128;16
0129;19
0130;8
0131;17
0201;16
0202;22
0203;15
0204;20
0205;22
0206;15
0207;17
0208;23
0209;19
0210;9
0211;23
0212;20
0213;15
0214;21
0215;19
0216;20
0217;18
0218;12
0219;10
0220;26
0221;15
0222;20
0223;16
0224;11
0225;21
0226;25
0227;11
0228;19
0229;13
0301;18
0302;15
0303;11
0304;11
0305;19
0306;13
0307;17
0308;17
0309;11
0310;12
0311;25
0312;19
0313;9
0314;21
0315;14
0316;16
0317;11
0318;14
0319;24
0320;18
0321;14
0322;13
0323;13
0324;22
0325;22
0326;17
0327;23
0328;11
0329;15
0330;15
0331;15
0401;19
0402;19
0403;21
0404;21
0405;15
0406;21
0407;25
0408;18
0409;16
0410;11
0411;18
0412;23
0413;17
0414;12
0415;21
0416;19
0417;16
0418;13
0419;19
0420;21
0421;11
0422;16
0423;17
0424;14
0425;19
0426;13
0427;10
0428;20
0429;17
0430;17
0501;18
0502;13
0503;19
0504;17
0505;14
0506;15
0507;21
0508;18
0509;27
0510;13
0511;14
0512;8
0513;16
0514;17
0515;16
0516;21
0517;8
0518;11
0519;13
0520;18
0521;19
0522;13
0523;18
0524;22
0525;14
0526;20
0527;13
0528;12
0529;22
0530;14
0531;14
0601;13
0602;17
0603;20
0604;11
0605;14
0606;16
0607;6
0608;14
0609;16
0610;11
0611;12
0612;10
0613;15
0614;17
0615;22
0616;18
0617;19
0618;19
0619;23
0620;16
0621;20
0622;11
0623;17
0624;14
0625;13
0626;24
0627;13
0628;19
0629;15
0630;11
0701;14
0702;13
0703;21
0704;11
0705;10
0706;14
0707;16
0708;11
0709;27
0710;11
0711;15
0712;16
0713;16
0714;15
0715;13
0716;21
0717;11
0718;14
0719;18
0720;12
0721;14
0722;16
0723;17
0724;16
0725;16
0726;11
0727;15
0728;21
0729;14
0730;14
0731;15
0801;12
0802;18
0803;12
0804;18
0805;16
0806;14
0807;11
0808;23
0809;13
0810;22
0811;11
0812;16
0813;13
0814;15
0815;13
0816;7
0817;12
0818;13
0819;9
0820;25
0821;13
0822;10
0823;11
0824;18
0825;13
0826;12
0827;15
0828;16
0829;16
0830;15
0831;20
0901;17
0902;15
0903;19
0904;22
0905;18
0906;15
0907;14
0908;14
0909;15
0910;15
0911;10
0912;22
0913;10
0914;19
0915;10
0916;14
0917;16
0918;11
0919;14
0920;15
0921;17
0922;15
0923;13
0924;14
0925;21
0926;19
0927;10
0928;18
0929;15
0930;16
1001;14
1002;16
1003;14
1004;18
1005;15
1006;14
1007;22
1008;21
1009;13
1010;8
1011;15
1012;13
1013;12
1014;24
1015;20
1016;13
1017;21
1018;17
1019;16
1020;14
1021;12
1022;20
1023;18
1024;16
1025;9
1026;19
1027;15
1028;15
1029;16
1030;16
1031;13
1101;13
1102;7
1103;15
1104;19
1105;21
1106;16
1107;18
1108;12
1109;16
1110;10
1111;24
1112;13
1113;19
1114;15
1115;16
1116;17
1117;30
1118;15
1119;15
1120;20
1121;24
1122;21
1123;12
1124;16
1125;16
1126;20
1127;14
1128;14
1129;20
1130;26
1201;19
1202;9
1203;16
1204;20
1205;25
1206;15
1207;14
1208;18
1209;25
1210;11
1211;10
1212;15
1213;23
1214;16
1215;24
1216;15
1217;22
1218;16
1219;19
1220;24
1221;23
1222;16
1223;18
1224;12
1225;24
1226;22
1227;15
1228;21
1229;20
1230;19
1231;16
