0101;37
0102;30
0103;21
0104;28
0105;28
0106;30
0107;33
0108;25
0109;22
0110;27
0111;34
0112;34
0113;24
0114;29
0115;25
0116;30
0117;25
0118;27
0119;21
0120;27
0121;30
0122;25
0123;23
0124;22
0125;21
0126;28
0127;33
0128;25
0129;28
0130;28
0131;21
0201;33
0202;25
0203;34
0204;36
0205;23
0206;21
0207;27
0208;29
0209;25
0210;27
0211;24
0212;26
0213;30
0214;23
0215;25
0216;32
0217;31
0218;32
0219;19
0220;34
0221;24
0222;23
0223;22
0224;21
0225;25
0226;26
0227;26
0228;29
0229;15
0301;28
0302;25
0303;24
0304;39
0305;22
0306;32
0307;25
0308;24
0309;22
0310;21
0311;25
0312;22
0313;23
0314;26
0315;21
0316;21
0317;36
0318;15
0319;25
0320;23
0321;27
0322;32
0323;19
0324;32
0325;27
0326;20
0327;19
0328;33
0329;31
0330;23
0331;20
0401;23
0402;18
0403;23
0404;27
0405;21
0406;26
0407;19
0408;20
0409;24
0410;14
0411;30
0412;22
0413;35
0414;22
0415;22
0416;28
0417;32
0418;29
0419;23
0420;34
0421;16
0422;24
0423;22
0424;30
0425;29
0426;21
0427;32
0428;26
0429;27
0430;16
0500;1
0501;15
0502;13
0503;22
0504;25
0505;17
0506;15
0507;29
0508;22
0509;23
0510;33
0511;31
0512;23
0513;21
0514;20
0515;31
0516;29
0517;30
0518;22
0519;27
0520;26
0521;21
0522;21
0523;17
0524;28
0525;18
0526;29
0527;25
0528;29
0529;20
0530;16
0531;19
0601;33
0602;24
0603;24
0604;19
0605;21
0606;27
0607;21
0608;27
0609;16
0610;36
0611;26
0612;14
0613;25
0614;20
0615;17
0616;27
0617;17
0618;18
0619;14
0620;17
0621;21
0622;25
0623;17
0624;22
0625;25
0626;27
0627;26
0628;28
0629;14
0630;24
0701;19
0702;27
0703;11
0704;21
0705;24
0706;19
0707;15
0708;22
0709;28
0710;27
0711;16
0712;16
0713;22
0714;30
0715;18
0716;19
0717;21
0718;21
0719;23
0720;25
0721;23
0722;24
0723;27
0724;20
0725;21
0726;21
0727;25
0728;26
0729;16
0730;19
0731;19
0801;33
0802;19
0803;18
0804;18
0805;21
0806;13
0807;18
0808;26
0809;19
0810;21
0811;25
0812;20
0813;17
0814;23
0815;23
0816;24
0817;20
0818;18
0819;22
0820;25
0821;23
0822;11
0823;18
0824;20
0825;21
0826;21
0827;20
0828;18
0829;23
0830;26
0831;20
0901;13
0902;25
0903;31
0904;15
0905;23
0906;17
0907;26
0908;23
0909;19
0910;18
0911;20
0912;23
0913;17
0914;30
0915;21
0916;22
0917;20
0918;13
0919;12
0920;33
0921;21
0922;25
0923;34
0924;24
0925;21
0926;24
0927;27
0928;28
0929;16
0930;27
1001;17
1002;21
1003;33
1004;29
1005;17
1006;25
1007;21
1008;25
1009;25
1010;23
1011;38
1012;30
1013;22
1014;24
1015;32
1016;24
1017;31
1018;26
1019;21
1020;17
1021;24
1022;18
1023;29
1024;27
1025;18
1026;26
1027;18
1028;17
1029;25
1030;25
1031;29
1101;22
1102;20
1103;20
1104;22
1105;30
1106;28
1107;23
1108;29
1109;23
1110;30
1111;17
1112;19
1113;28
1114;33
1115;31
1116;21
1117;23
1118;24
1119;29
1120;23
1121;18
1122;27
1123;34
1124;23
1125;24
1126;22
1127;24
1128;41
1129;27
1130;24
1201;25
1202;23
1203;16
1204;22
1205;29
1206;27
1207;21
1208;30
1209;21
1210;34
1211;25
1212;30
1213;27
1214;22
1215;29
1216;25
1217;33
1218;32
1219;34
1220;30
1221;22
1222;38
1223;30
1224;30
1225;26
1226;23
1227;27
1228;36
1229;31
1230;16
1231;26
