0101;12
0102;11
0103;14
0104;5
0105;8
0106;12
0107;11
0108;18
0109;10
0110;14
0111;6
0112;7
0113;20
0114;12
0115;21
0116;14
0117;26
0118;13
0119;21
0120;11
0121;11
0122;19
0123;15
0124;23
0125;9
0126;16
0127;13
0128;14
0129;13
0130;7
0131;9
0201;13
0202;13
0203;11
0204;12
0205;14
0206;13
0207;13
0208;10
0209;14
0210;13
0211;10
0212;13
0213;10
0214;13
0215;20
0216;14
0217;11
0218;15
0219;16
0220;18
0221;13
0222;12
0223;11
0224;20
0225;16
0226;8
0227;13
0228;8
0229;17
0301;11
0302;18
0303;14
0304;15
0305;7
0306;12
0307;13
0308;15
0309;12
0310;17
0311;10
0312;10
0313;12
0314;12
0315;19
0316;12
0317;10
0318;16
0319;10
0320;16
0321;13
0322;13
0323;15
0324;14
0325;14
0326;14
0327;12
0328;9
0329;11
0330;20
0331;12
0401;13
0402;9
0403;17
0404;23
0405;11
0406;18
0407;15
0408;14
0409;17
0410;16
0411;11
0412;12
0413;11
0414;11
0415;17
0416;12
0417;15
0418;12
0419;12
0420;13
0421;5
0422;13
0423;16
0424;11
0425;6
0426;6
0427;9
0428;19
0429;20
0430;12
0501;6
0502;13
0503;10
0504;13
0505;11
0506;15
0507;10
0508;8
0509;14
0510;11
0511;15
0512;11
0513;14
0514;17
0515;13
0516;10
0517;13
0518;10
0519;10
0520;10
0521;11
0522;11
0523;10
0524;7
0525;15
0526;7
0527;13
0528;9
0529;14
0530;11
0531;16
0601;13
0602;11
0603;11
0604;11
0605;11
0606;9
0607;12
0608;9
0609;10
0610;16
0611;10
0612;15
0613;11
0614;13
0615;6
0616;12
0617;15
0618;9
0619;9
0620;13
0621;14
0622;5
0623;9
0624;14
0625;16
0626;11
0627;9
0628;10
0629;11
0630;14
0701;14
0702;15
0703;7
0704;14
0705;9
0706;10
0707;7
0708;11
0709;8
0710;11
0711;7
0712;8
0713;13
0714;7
0715;9
0716;10
0717;15
0718;11
0719;21
0720;17
0721;12
0722;8
0723;6
0724;12
0725;6
0726;15
0727;8
0728;20
0729;5
0730;10
0731;11
0801;9
0802;6
0803;8
0804;5
0805;6
0806;13
0807;11
0808;7
0809;15
0810;11
0811;10
0812;11
0813;10
0814;13
0815;10
0816;11
0817;9
0818;17
0819;10
0820;15
0821;9
0822;6
0823;8
0824;12
0825;7
0826;5
0827;4
0828;11
0829;11
0830;10
0831;7
0901;13
0902;7
0903;15
0904;10
0905;9
0906;16
0907;10
0908;16
0909;9
0910;3
0911;12
0912;8
0913;11
0914;8
0915;7
0916;11
0917;16
0918;14
0919;14
0920;9
0921;8
0922;10
0923;6
0924;10
0925;7
0926;13
0927;18
0928;11
0929;16
0930;5
1001;12
1002;8
1003;14
1004;8
1005;15
1006;13
1007;15
1008;19
1009;14
1010;6
1011;14
1012;18
1013;12
1014;16
1015;22
1016;13
1017;11
1018;5
1019;10
1020;14
1021;21
1022;15
1023;14
1024;12
1025;13
1026;10
1027;17
1028;14
1029;13
1030;10
1031;14
1101;8
1102;15
1103;3
1104;8
1105;7
1106;13
1107;12
1108;10
1109;4
1110;14
1111;18
1112;18
1113;10
1114;14
1115;7
1116;15
1117;10
1118;12
1119;14
1120;15
1121;11
1122;15
1123;12
1124;18
1125;21
1126;8
1127;17
1128;12
1129;11
1130;13
1201;16
1202;12
1203;12
1204;17
1205;9
1206;11
1207;14
1208;17
1209;21
1210;14
1211;27
1212;18
1213;10
1214;15
1215;21
1216;10
1217;14
1218;15
1219;15
1220;16
1221;17
1222;21
1223;14
1224;26
1225;11
1226;12
1227;18
1228;23
1229;10
1230;14
1231;18
