0101;22
0102;8
0103;14
0104;7
0105;11
0106;10
0107;13
0108;15
0109;12
0110;8
0111;20
0112;6
0113;6
0114;16
0115;12
0116;7
0117;9
0118;6
0119;12
0120;8
0121;6
0122;10
0123;7
0124;12
0125;8
0126;6
0127;9
0128;10
0129;7
0130;12
0131;9
0201;6
0202;13
0203;8
0204;14
0205;5
0206;6
0207;10
0208;15
0209;14
0210;16
0211;11
0212;6
0213;9
0214;7
0215;8
0216;12
0217;14
0218;15
0219;18
0220;8
0221;9
0222;8
0223;10
0224;8
0225;14
0226;15
0227;10
0228;14
0229;16
0301;10
0302;10
0303;7
0304;9
0305;8
0306;11
0307;14
0308;4
0309;6
0310;9
0311;12
0312;7
0313;8
0314;13
0315;9
0316;9
0317;8
0318;15
0319;4
0320;12
0321;12
0322;10
0323;10
0324;2
0325;10
0326;7
0327;9
0328;6
0329;7
0330;8
0331;11
0401;9
0402;6
0403;9
0404;13
0405;11
0406;12
0407;5
0408;11
0409;10
0410;8
0411;20
0412;13
0413;15
0414;15
0415;11
0416;10
0417;9
0418;8
0419;12
0420;6
0421;7
0422;17
0423;8
0424;8
0425;5
0426;4
0427;10
0428;10
0429;8
0430;12
0501;7
0502;12
0503;7
0504;9
0505;9
0506;7
0507;8
0508;9
0509;5
0510;8
0511;15
0512;4
0513;11
0514;9
0515;7
0516;6
0517;8
0518;11
0519;5
0520;8
0521;8
0522;7
0523;4
0524;10
0525;14
0526;9
0527;7
0528;8
0529;10
0530;7
0531;12
0601;8
0602;7
0603;12
0604;10
0605;10
0606;7
0607;11
0608;13
0609;11
0610;9
0611;13
0612;8
0613;9
0614;6
0615;3
0616;5
0617;9
0618;11
0619;11
0620;8
0621;8
0622;4
0623;5
0624;10
0625;4
0626;8
0627;10
0628;11
0629;6
0630;3
0701;10
0702;6
0703;6
0704;7
0705;6
0706;4
0707;11
0708;6
0709;11
0710;10
0711;9
0712;10
0713;3
0714;10
0715;9
0716;10
0717;7
0718;8
0719;9
0720;6
0721;11
0722;13
0723;10
0724;7
0725;13
0726;7
0727;12
0728;10
0729;4
0730;9
0731;15
0801;10
0802;6
0803;8
0804;3
0805;8
0806;10
0807;9
0808;8
0809;9
0810;9
0811;7
0812;8
0813;8
0814;8
0815;9
0816;2
0817;10
0818;7
0819;7
0820;6
0821;11
0822;9
0823;7
0824;9
0825;7
0826;9
0827;7
0828;8
0829;7
0830;7
0831;11
0901;10
0902;7
0903;6
0904;11
0905;6
0906;6
0907;6
0908;9
0909;7
0910;5
0911;5
0912;10
0913;8
0914;10
0915;5
0916;10
0917;6
0918;8
0919;12
0920;8
0921;16
0922;6
0923;8
0924;15
0925;12
0926;4
0927;15
0928;4
0929;17
0930;9
1001;14
1002;5
1003;4
1004;10
1005;4
1006;10
1007;3
1008;8
1009;8
1010;9
1011;9
1012;7
1013;10
1014;7
1015;9
1016;7
1017;8
1018;9
1019;11
1020;10
1021;10
1022;5
1023;13
1024;11
1025;10
1026;9
1027;9
1028;6
1029;10
1030;3
1031;7
1101;9
1102;3
1103;7
1104;7
1105;9
1106;13
1107;4
1108;4
1109;6
1110;12
1111;9
1112;3
1113;9
1114;7
1115;7
1116;7
1117;4
1118;9
1119;11
1120;4
1121;9
1122;6
1123;11
1124;6
1125;10
1126;5
1127;13
1128;9
1129;10
1130;8
1201;16
1202;14
1203;9
1204;11
1205;14
1206;7
1207;10
1208;7
1209;11
1210;9
1211;13
1212;12
1213;11
1214;13
1215;9
1216;7
1217;11
1218;11
1219;7
1220;16
1221;14
1222;12
1223;11
1224;11
1225;14
1226;13
1227;2
1228;9
1229;9
1230;12
1231;10
