0101;15
0102;12
0103;7
0104;8
0105;8
0106;5
0107;9
0108;13
0109;5
0110;15
0111;7
0112;8
0113;13
0114;11
0115;7
0116;9
0117;9
0118;10
0119;9
0120;8
0121;11
0122;9
0123;9
0124;7
0125;8
0126;6
0127;11
0128;9
0129;9
0130;12
0131;11
0201;11
0202;10
0203;5
0204;8
0205;4
0206;7
0207;7
0208;6
0209;9
0210;9
0211;12
0212;13
0213;11
0214;4
0215;2
0216;10
0217;9
0218;8
0219;6
0220;18
0221;13
0222;7
0223;12
0224;8
0225;8
0226;12
0227;7
0228;10
0229;10
0301;12
0302;4
0303;4
0304;7
0305;11
0306;12
0307;10
0308;8
0309;9
0310;11
0311;9
0312;6
0313;6
0314;9
0315;13
0316;12
0317;11
0318;12
0319;12
0320;9
0321;6
0322;17
0323;8
0324;10
0325;6
0326;6
0327;11
0328;8
0329;7
0330;9
0331;13
0401;11
0402;13
0403;9
0404;11
0405;11
0406;9
0407;6
0408;9
0409;10
0410;11
0411;11
0412;12
0413;14
0414;6
0415;9
0416;5
0417;7
0418;8
0419;13
0420;9
0421;9
0422;13
0423;12
0424;17
0425;4
0426;5
0427;5
0428;10
0429;3
0430;5
0501;10
0502;4
0503;9
0504;11
0505;9
0506;11
0507;15
0508;9
0509;5
0510;9
0511;8
0512;3
0513;5
0514;5
0515;7
0516;9
0517;13
0518;10
0519;10
0520;5
0521;9
0522;8
0523;11
0524;12
0525;15
0526;14
0527;12
0528;6
0529;6
0530;8
0531;10
0601;3
0602;7
0603;6
0604;11
0605;9
0606;9
0607;13
0608;9
0609;10
0610;10
0611;6
0612;3
0613;8
0614;14
0615;5
0616;12
0617;11
0618;6
0619;10
0620;10
0621;7
0622;9
0623;4
0624;4
0625;7
0626;6
0627;2
0628;9
0629;14
0630;6
0701;5
0702;9
0703;10
0704;5
0705;6
0706;6
0707;7
0708;5
0709;5
0710;9
0711;5
0712;6
0713;11
0714;7
0715;5
0716;13
0717;9
0718;6
0719;7
0720;6
0721;7
0722;7
0723;5
0724;9
0725;9
0726;8
0727;7
0728;6
0729;11
0730;5
0731;5
0801;8
0802;8
0803;6
0804;12
0805;6
0806;4
0807;10
0808;6
0809;4
0810;8
0811;3
0812;3
0813;7
0814;7
0815;8
0816;2
0817;4
0818;5
0819;4
0820;12
0821;4
0822;9
0823;6
0824;6
0825;4
0826;9
0827;5
0828;9
0829;9
0830;7
0831;4
0901;7
0902;5
0903;5
0904;9
0905;5
0906;7
0907;9
0908;15
0909;10
0910;2
0911;9
0912;4
0913;13
0914;5
0915;9
0916;8
0917;16
0918;9
0919;5
0920;11
0921;6
0922;9
0923;10
0924;5
0925;8
0926;4
0927;8
0928;9
0929;9
0930;6
1001;7
1002;9
1003;14
1004;7
1005;6
1006;5
1007;11
1008;10
1009;10
1010;6
1011;13
1012;9
1013;10
1014;8
1015;6
1016;10
1017;8
1018;7
1019;9
1020;8
1021;10
1022;8
1023;5
1024;8
1025;12
1026;3
1027;9
1028;6
1029;8
1030;8
1031;1
1101;10
1102;5
1103;8
1104;10
1105;9
1106;9
1107;7
1108;3
1109;7
1110;12
1111;9
1112;7
1113;7
1114;7
1115;13
1116;14
1117;8
1118;14
1119;3
1120;5
1121;5
1122;8
1123;9
1124;7
1125;9
1126;13
1127;14
1128;8
1129;6
1130;10
1201;12
1202;6
1203;12
1204;7
1205;16
1206;11
1207;10
1208;7
1209;10
1210;13
1211;4
1212;10
1213;11
1214;9
1215;11
1216;9
1217;12
1218;8
1219;3
1220;12
1221;12
1222;7
1223;12
1224;8
1225;9
1226;10
1227;7
1228;12
1229;7
1230;12
1231;15
