0101;4
0102;8
0103;7
0104;9
0105;5
0106;4
0107;3
0108;4
0109;5
0110;6
0111;8
0112;5
0113;9
0114;6
0115;3
0116;6
0117;3
0118;3
0119;4
0120;3
0121;6
0122;8
0123;3
0124;5
0125;6
0126;3
0127;6
0128;6
0129;4
0130;5
0131;1
0201;5
0202;8
0203;2
0204;7
0205;4
0206;8
0207;5
0208;1
0209;5
0210;5
0211;3
0212;6
0213;4
0214;4
0215;4
0216;5
0217;12
0218;7
0219;3
0220;7
0221;4
0222;4
0223;8
0224;6
0225;6
0226;8
0227;2
0228;10
0229;4
0301;7
0302;7
0303;6
0304;2
0305;4
0306;3
0307;4
0308;5
0309;3
0310;6
0311;4
0312;7
0313;16
0314;5
0315;4
0316;7
0317;6
0318;6
0319;4
0320;9
0321;6
0322;5
0323;5
0324;4
0325;7
0326;7
0327;4
0328;5
0329;4
0330;6
0331;3
0401;3
0402;5
0403;4
0404;3
0405;10
0406;9
0407;2
0408;3
0409;5
0410;3
0411;6
0412;5
0413;4
0414;9
0415;7
0417;6
0418;9
0419;4
0420;3
0421;6
0422;8
0423;3
0424;4
0425;7
0426;6
0427;5
0428;4
0429;5
0430;6
0501;1
0502;7
0503;4
0504;6
0505;3
0506;6
0507;5
0508;3
0509;3
0510;2
0511;8
0512;6
0513;5
0514;7
0515;4
0516;5
0517;8
0518;5
0519;5
0520;5
0521;4
0522;2
0523;5
0524;6
0525;4
0526;4
0527;4
0528;1
0529;4
0530;3
0531;2
0601;6
0602;8
0603;5
0604;3
0605;6
0606;7
0607;2
0608;5
0609;3
0610;6
0611;5
0612;7
0613;6
0614;1
0615;3
0616;4
0617;4
0618;8
0619;3
0620;6
0621;5
0622;6
0623;4
0624;3
0625;3
0626;7
0627;2
0628;4
0629;6
0630;3
0701;5
0702;8
0703;5
0704;2
0705;1
0706;4
0707;2
0708;4
0709;2
0710;2
0711;8
0712;3
0713;2
0714;2
0715;8
0716;7
0717;3
0718;4
0719;3
0720;4
0721;2
0722;6
0723;5
0724;2
0725;3
0726;2
0727;6
0728;8
0729;7
0730;2
0731;2
0801;8
0802;3
0803;6
0804;3
0805;1
0806;4
0807;4
0808;4
0809;2
0810;6
0811;1
0812;3
0813;4
0814;6
0815;6
0817;5
0818;9
0819;6
0820;2
0821;1
0822;3
0823;2
0824;2
0825;4
0826;5
0827;5
0828;6
0829;7
0830;6
0831;4
0901;4
0902;7
0903;5
0904;7
0905;2
0906;3
0907;4
0908;5
0910;2
0911;6
0912;3
0913;5
0914;7
0915;9
0916;5
0917;6
0918;5
0919;5
0920;3
0921;9
0922;6
0923;6
0924;2
0925;6
0926;2
0927;4
0928;6
0929;5
0930;4
1001;8
1002;7
1003;3
1004;2
1005;3
1006;4
1007;6
1008;9
1009;1
1010;2
1011;1
1012;5
1013;3
1014;6
1015;4
1016;4
1017;3
1018;3
1019;5
1020;6
1021;4
1022;4
1023;5
1024;5
1025;9
1026;4
1027;3
1028;6
1029;6
1030;1
1031;4
1101;5
1102;2
1103;6
1104;2
1105;3
1106;7
1107;12
1108;3
1109;3
1110;5
1111;6
1112;5
1113;5
1114;2
1115;1
1116;7
1117;5
1118;5
1119;3
1120;8
1121;6
1122;4
1123;3
1124;3
1125;4
1126;6
1127;7
1128;3
1129;1
1130;7
1201;5
1202;10
1203;4
1204;9
1205;6
1206;6
1207;3
1208;8
1209;6
1210;8
1211;8
1212;1
1213;6
1214;8
1215;5
1216;9
1217;4
1218;6
1219;6
1220;11
1221;4
1222;4
1223;11
1224;11
1225;2
1226;4
1227;3
1228;7
1229;9
1230;5
1231;11
