0101;28
0102;31
0103;36
0104;30
0105;30
0106;31
0107;27
0108;32
0109;36
0110;26
0111;29
0112;30
0113;38
0114;26
0115;20
0116;38
0117;35
0118;16
0119;32
0120;32
0121;30
0122;27
0123;44
0124;41
0125;28
0126;32
0127;35
0128;35
0129;29
0130;33
0131;31
0201;15
0202;23
0203;25
0204;27
0205;25
0206;34
0207;40
0208;24
0209;28
0210;42
0211;33
0212;30
0213;36
0214;33
0215;28
0216;21
0217;37
0218;28
0219;29
0220;38
0221;36
0222;33
0223;35
0224;29
0225;23
0226;34
0227;41
0228;28
0229;21
0301;34
0302;39
0303;33
0304;37
0305;25
0306;25
0307;24
0308;37
0309;27
0310;37
0311;14
0312;26
0313;30
0314;29
0315;27
0316;30
0317;36
0318;39
0319;24
0320;20
0321;37
0322;28
0323;33
0324;19
0325;30
0326;39
0327;25
0328;28
0329;30
0330;32
0331;24
0401;23
0402;21
0403;27
0404;20
0405;24
0406;27
0407;25
0408;19
0409;30
0410;27
0411;22
0412;29
0413;23
0414;32
0415;24
0416;18
0417;21
0418;26
0419;21
0420;26
0421;36
0422;25
0423;17
0424;35
0425;22
0426;34
0427;26
0428;18
0429;27
0430;33
0501;17
0502;21
0503;28
0504;29
0505;26
0506;15
0507;32
0508;24
0509;24
0510;27
0511;19
0512;27
0513;37
0514;25
0515;25
0516;31
0517;19
0518;28
0519;24
0520;18
0521;19
0522;19
0523;18
0524;30
0525;23
0526;25
0527;21
0528;29
0529;18
0530;30
0531;33
0601;22
0602;19
0603;19
0604;20
0605;20
0606;18
0607;21
0608;21
0609;25
0610;19
0611;26
0612;24
0613;19
0614;14
0615;26
0616;14
0617;18
0618;25
0619;16
0620;16
0621;16
0622;12
0623;20
0624;14
0625;17
0626;24
0627;19
0628;18
0629;17
0630;20
0701;17
0702;26
0703;21
0704;20
0705;18
0706;14
0707;8
0708;13
0709;22
0710;28
0711;26
0712;24
0713;20
0714;16
0715;16
0716;20
0717;15
0718;19
0719;27
0720;17
0721;19
0722;17
0723;21
0724;22
0725;18
0726;17
0727;24
0728;12
0729;18
0730;12
0731;20
0801;21
0802;24
0803;21
0804;15
0805;27
0806;20
0807;20
0808;27
0809;18
0810;15
0811;18
0812;16
0813;17
0814;23
0815;19
0816;15
0817;22
0818;24
0819;13
0820;18
0821;22
0822;22
0823;25
0824;12
0825;19
0826;15
0827;19
0828;25
0829;19
0830;20
0831;17
0901;19
0902;13
0903;19
0904;24
0905;17
0906;21
0907;15
0908;20
0909;21
0910;12
0911;21
0912;19
0913;16
0914;21
0915;23
0916;14
0917;20
0918;20
0919;20
0920;16
0921;18
0922;18
0923;16
0924;17
0925;12
0926;22
0927;17
0928;22
0929;26
0930;27
1001;17
1002;21
1003;22
1004;15
1005;24
1006;21
1007;22
1008;19
1009;16
1010;21
1011;14
1012;16
1013;16
1014;16
1015;25
1016;24
1017;20
1018;25
1019;17
1020;22
1021;21
1022;21
1023;21
1024;17
1025;20
1026;20
1027;18
1028;22
1029;20
1030;15
1031;31
1101;28
1102;20
1103;15
1104;16
1105;28
1106;23
1107;15
1108;13
1109;23
1110;22
1111;19
1112;27
1113;18
1114;24
1115;17
1116;18
1117;27
1118;26
1119;25
1120;22
1121;23
1122;24
1123;26
1124;20
1125;23
1126;26
1127;24
1128;33
1129;30
1130;25
1201;17
1202;18
1203;32
1204;20
1205;28
1206;31
1207;25
1208;26
1209;26
1210;28
1211;32
1212;20
1213;33
1214;37
1215;24
1216;28
1217;26
1218;34
1219;26
1220;32
1221;31
1222;20
1223;34
1224;28
1225;20
1226;23
1227;22
1228;29
1229;29
1230;27
1231;31
