0101;11
0102;10
0103;12
0104;11
0105;13
0106;7
0107;10
0108;8
0109;8
0110;8
0111;10
0112;14
0113;6
0114;9
0115;13
0116;5
0117;14
0118;9
0119;8
0120;7
0121;8
0122;6
0123;15
0124;10
0125;14
0126;14
0127;9
0128;10
0129;3
0130;8
0131;7
0201;16
0202;12
0203;6
0204;7
0205;7
0206;9
0207;6
0208;9
0209;11
0210;19
0211;6
0212;12
0213;5
0214;8
0215;8
0216;9
0217;11
0218;8
0219;7
0220;9
0221;13
0222;7
0223;2
0224;20
0225;12
0226;9
0227;5
0228;8
0229;9
0301;10
0302;11
0303;3
0304;12
0305;13
0306;13
0307;10
0308;11
0309;10
0310;14
0311;11
0312;9
0313;8
0314;10
0315;10
0316;13
0317;10
0318;8
0319;14
0320;8
0321;4
0322;11
0323;10
0324;11
0325;11
0326;9
0327;13
0328;6
0329;8
0330;5
0331;8
0401;14
0402;7
0403;11
0404;8
0405;7
0406;6
0407;11
0408;9
0409;11
0410;6
0411;12
0412;7
0413;8
0414;14
0415;7
0416;10
0417;10
0418;7
0419;5
0420;11
0421;5
0422;8
0423;11
0424;16
0425;9
0426;6
0427;9
0428;16
0429;8
0430;2
0501;3
0502;7
0503;8
0504;11
0505;10
0506;14
0507;6
0508;10
0509;9
0510;4
0511;1
0512;5
0513;9
0514;15
0515;7
0516;10
0517;12
0518;5
0519;9
0520;7
0521;7
0522;18
0523;12
0524;7
0525;4
0526;9
0527;14
0528;9
0529;3
0530;8
0531;14
0601;9
0602;8
0603;11
0604;12
0605;13
0606;8
0607;9
0608;11
0609;12
0610;9
0611;8
0612;10
0613;5
0614;7
0615;6
0616;10
0617;11
0618;12
0619;15
0620;11
0621;11
0622;9
0623;8
0624;6
0625;10
0626;3
0627;5
0628;10
0629;9
0630;4
0701;10
0702;10
0703;14
0704;7
0705;5
0706;9
0707;4
0708;10
0709;8
0710;5
0711;9
0712;11
0713;11
0714;7
0715;9
0716;13
0717;13
0718;5
0719;6
0720;6
0721;7
0722;8
0723;5
0724;9
0725;9
0726;11
0727;11
0728;10
0729;7
0730;9
0731;14
0801;4
0802;7
0803;3
0804;8
0805;11
0806;10
0807;8
0808;3
0809;5
0810;9
0811;12
0812;5
0813;12
0814;5
0815;7
0816;7
0817;12
0818;8
0819;9
0820;10
0821;11
0822;7
0823;11
0824;10
0825;10
0826;6
0827;18
0828;5
0829;8
0830;5
0831;8
0901;6
0902;7
0903;8
0904;13
0905;4
0906;5
0907;4
0908;10
0909;8
0910;9
0911;7
0912;13
0913;8
0914;7
0915;8
0916;10
0917;6
0918;10
0919;12
0920;12
0921;10
0922;9
0923;8
0924;10
0925;8
0926;7
0927;11
0928;10
0929;12
0930;7
1001;12
1002;7
1003;4
1004;13
1005;6
1006;7
1007;10
1008;10
1009;10
1010;8
1011;10
1012;7
1013;10
1014;8
1015;13
1016;17
1017;6
1018;9
1019;8
1020;7
1021;8
1022;9
1023;11
1024;8
1025;15
1026;17
1027;11
1028;8
1029;9
1030;4
1031;6
1101;4
1102;3
1103;13
1104;11
1105;11
1106;7
1107;12
1108;6
1109;7
1110;5
1111;12
1112;8
1113;11
1114;9
1115;10
1116;6
1117;11
1118;14
1119;9
1120;14
1121;7
1122;7
1123;10
1124;12
1125;6
1126;7
1127;13
1128;9
1129;6
1130;14
1201;8
1202;11
1203;9
1204;10
1205;6
1206;6
1207;7
1208;6
1209;12
1210;7
1211;7
1212;15
1213;12
1214;8
1215;13
1216;8
1217;6
1218;4
1219;5
1220;5
1221;9
1222;13
1223;14
1224;7
1225;9
1226;10
1227;11
1228;11
1229;17
1230;14
1231;14
