0101;24
0102;20
0103;28
0104;30
0105;24
0106;22
0107;25
0108;29
0109;23
0110;22
0111;23
0112;30
0113;28
0114;15
0115;22
0116;21
0117;23
0118;15
0119;27
0120;16
0121;9
0122;26
0123;20
0124;23
0125;19
0126;16
0127;25
0128;21
0129;22
0130;22
0131;16
0201;28
0202;22
0203;16
0204;25
0205;27
0206;25
0207;26
0208;20
0209;23
0210;24
0211;18
0212;17
0213;16
0214;23
0215;20
0216;30
0217;22
0218;15
0219;13
0220;22
0221;17
0222;14
0223;16
0224;18
0225;16
0226;22
0227;15
0228;31
0229;22
0301;21
0302;24
0303;22
0304;18
0305;20
0306;24
0307;24
0308;19
0309;17
0310;20
0311;13
0312;15
0313;15
0314;21
0315;21
0316;12
0317;25
0318;25
0319;22
0320;19
0321;19
0322;15
0323;10
0324;29
0325;21
0326;15
0327;18
0328;16
0329;22
0330;27
0331;13
0401;18
0402;21
0403;17
0404;21
0405;17
0406;22
0407;14
0408;17
0409;21
0410;18
0411;19
0412;24
0413;14
0414;13
0415;19
0416;22
0417;32
0418;19
0419;27
0420;11
0421;20
0422;22
0423;21
0424;28
0425;20
0426;23
0427;27
0428;18
0429;12
0430;17
0501;16
0502;15
0503;22
0504;24
0505;20
0506;20
0507;20
0508;20
0509;14
0510;27
0511;17
0512;19
0513;15
0514;17
0515;18
0516;19
0517;27
0518;16
0519;19
0520;24
0521;20
0522;14
0523;19
0524;21
0525;13
0526;14
0527;24
0528;12
0529;14
0530;21
0531;20
0601;21
0602;15
0603;16
0604;22
0605;25
0606;16
0607;18
0608;20
0609;18
0610;21
0611;19
0612;21
0613;16
0614;15
0615;18
0616;12
0617;24
0618;14
0619;28
0620;18
0621;17
0622;12
0623;14
0624;14
0625;15
0626;13
0627;16
0628;12
0629;20
0630;14
0701;14
0702;21
0703;21
0704;29
0705;15
0706;26
0707;24
0708;18
0709;19
0710;21
0711;14
0712;16
0713;19
0714;18
0715;18
0716;12
0717;18
0718;15
0719;21
0720;19
0721;17
0722;17
0723;10
0724;13
0725;11
0726;18
0727;20
0728;17
0729;14
0730;15
0731;17
0801;10
0802;15
0803;12
0804;17
0805;12
0806;9
0807;18
0808;19
0809;24
0810;21
0811;17
0812;12
0813;16
0814;24
0815;16
0816;17
0817;17
0818;16
0819;14
0820;13
0821;15
0822;11
0823;23
0824;23
0825;14
0826;15
0827;12
0828;25
0829;11
0830;13
0831;14
0901;16
0902;20
0903;9
0904;17
0905;12
0906;14
0907;12
0908;20
0909;16
0910;14
0911;21
0912;19
0913;12
0914;11
0915;18
0916;28
0917;21
0918;24
0919;15
0920;20
0921;16
0922;22
0923;20
0924;18
0925;27
0926;12
0927;12
0928;20
0929;13
0930;14
1001;17
1002;12
1003;15
1004;20
1005;20
1006;19
1007;11
1008;26
1009;22
1010;16
1011;27
1012;23
1013;13
1014;23
1015;28
1016;18
1017;17
1018;16
1019;9
1020;17
1021;17
1022;14
1023;13
1024;9
1025;14
1026;23
1027;18
1028;20
1029;21
1030;17
1031;21
1101;16
1102;23
1103;14
1104;20
1105;17
1106;26
1107;20
1108;23
1109;18
1110;25
1111;19
1112;24
1113;15
1114;29
1115;21
1116;19
1117;16
1118;12
1119;17
1120;17
1121;15
1122;23
1123;18
1124;14
1125;15
1126;18
1127;26
1128;20
1129;17
1130;14
1201;27
1202;13
1203;18
1204;16
1205;16
1206;32
1207;16
1208;15
1209;19
1210;25
1211;30
1212;15
1213;26
1214;14
1215;23
1216;27
1217;21
1218;19
1219;28
1220;26
1221;33
1222;27
1223;30
1224;23
1225;32
1226;22
1227;21
1228;30
1229;28
1230;31
1231;25
