0101;88
0102;78
0103;73
0104;78
0105;84
0106;93
0107;77
0108;86
0109;74
0110;72
0111;65
0112;83
0113;74
0114;78
0115;72
0116;72
0117;66
0118;73
0119;65
0120;83
0121;71
0122;73
0123;76
0124;74
0125;79
0126;67
0127;75
0128;94
0129;79
0130;67
0131;75
0201;63
0202;66
0203;75
0204;70
0205;85
0206;78
0207;76
0208;70
0209;82
0210;72
0211;63
0212;70
0213;72
0214;69
0215;80
0216;72
0217;72
0218;56
0219;71
0220;72
0221;73
0222;71
0223;71
0224;75
0225;74
0226;73
0227;59
0228;74
0229;59
0301;73
0302;75
0303;75
0304;68
0305;60
0306;61
0307;52
0308;83
0309;63
0310;56
0311;56
0312;63
0313;60
0314;59
0315;64
0316;70
0317;58
0318;78
0319;68
0320;93
0321;64
0322;62
0323;64
0324;83
0325;67
0326;44
0327;63
0328;69
0329;61
0330;65
0331;64
0401;69
0402;63
0403;63
0404;54
0405;73
0406;74
0407;56
0408;48
0409;61
0410;73
0411;72
0412;80
0413;74
0414;64
0415;73
0416;61
0417;66
0418;60
0419;86
0420;59
0421;73
0422;67
0423;72
0424;55
0425;61
0426;68
0427;76
0428;52
0429;61
0430;65
0501;50
0502;57
0503;59
0504;59
0505;57
0506;72
0507;74
0508;62
0509;53
0510;86
0511;69
0512;67
0513;76
0514;59
0515;48
0516;69
0517;68
0518;80
0519;70
0520;60
0521;50
0522;77
0523;66
0524;51
0525;63
0526;62
0527;69
0528;68
0529;51
0530;64
0531;61
0601;57
0602;55
0603;54
0604;58
0605;55
0606;74
0607;76
0608;75
0609;49
0610;75
0611;58
0612;61
0613;60
0614;53
0615;57
0616;45
0617;57
0618;61
0619;59
0620;62
0621;49
0622;63
0623;62
0624;55
0625;54
0626;74
0627;56
0628;58
0629;59
0630;59
0701;59
0702;52
0703;59
0704;63
0705;52
0706;71
0707;50
0708;66
0709;53
0710;49
0711;53
0712;55
0713;61
0714;63
0715;48
0716;55
0717;52
0718;56
0719;64
0720;46
0721;60
0722;65
0723;66
0724;46
0725;57
0726;52
0727;53
0728;57
0729;56
0730;64
0731;60
0801;59
0802;53
0803;75
0804;60
0805;60
0806;66
0807;54
0808;55
0809;60
0810;50
0811;55
0812;51
0813;63
0814;47
0815;56
0816;61
0817;47
0818;62
0819;58
0820;54
0821;63
0822;66
0823;56
0824;55
0825;56
0826;58
0827;49
0828;47
0829;56
0830;44
0831;67
0901;66
0902;53
0903;46
0904;53
0905;50
0906;51
0907;72
0908;51
0909;55
0910;67
0911;53
0912;58
0913;52
0914;55
0915;61
0916;49
0917;57
0918;54
0919;66
0920;66
0921;64
0922;52
0923;54
0924;66
0925;59
0926;70
0927;44
0928;62
0929;47
0930;65
1001;64
1002;53
1003;64
1004;63
1005;89
1006;50
1007;62
1008;62
1009;44
1010;48
1011;57
1012;59
1013;75
1014;61
1015;61
1016;72
1017;54
1018;58
1019;56
1020;56
1021;54
1022;52
1023;72
1024;64
1025;56
1026;61
1027;66
1028;66
1029;70
1030;63
1031;74
1101;56
1102;76
1103;54
1104;62
1105;69
1106;49
1107;72
1108;65
1109;59
1110;70
1111;57
1112;52
1113;58
1114;59
1115;83
1116;66
1117;67
1118;66
1119;64
1120;68
1121;58
1122;70
1123;41
1124;61
1125;60
1126;76
1127;62
1128;67
1129;59
1130;81
1201;59
1202;71
1203;73
1204;55
1205;68
1206;75
1207;64
1208;54
1209;70
1210;52
1211;68
1212;60
1213;60
1214;52
1215;54
1216;66
1217;74
1218;66
1219;63
1220;75
1221;76
1222;66
1223;76
1224;58
1225;76
1226;84
1227;79
1228;78
1229;73
1230;83
1231;108
