0101;42
0102;43
0103;39
0104;49
0105;47
0106;52
0107;39
0108;39
0109;41
0110;37
0111;37
0112;28
0113;36
0114;36
0115;41
0116;29
0117;34
0118;29
0119;29
0120;26
0121;32
0122;34
0123;38
0124;40
0125;37
0126;34
0127;30
0128;32
0129;36
0130;24
0131;40
0201;47
0202;43
0203;31
0204;51
0205;34
0206;38
0207;29
0208;39
0209;38
0210;34
0211;34
0212;29
0213;41
0214;27
0215;33
0216;35
0217;24
0218;27
0219;39
0220;39
0221;41
0222;30
0223;23
0224;35
0225;26
0226;30
0227;38
0228;32
0229;36
0301;31
0302;30
0303;44
0304;43
0305;27
0306;35
0307;38
0308;17
0309;28
0310;30
0311;26
0312;31
0313;35
0314;23
0315;31
0316;39
0317;32
0318;31
0319;36
0320;33
0321;25
0322;45
0323;24
0324;40
0325;25
0326;27
0327;22
0328;38
0329;41
0330;36
0331;35
0401;34
0402;25
0403;30
0404;36
0405;29
0406;33
0407;33
0408;33
0409;28
0410;40
0411;35
0412;31
0413;31
0414;29
0415;29
0416;28
0417;40
0418;29
0419;28
0420;37
0421;28
0422;27
0423;40
0424;38
0425;31
0426;31
0427;29
0428;32
0429;22
0430;26
0501;29
0502;27
0503;28
0504;25
0505;29
0506;40
0507;25
0508;27
0509;31
0510;35
0511;30
0512;36
0513;26
0514;31
0515;29
0516;42
0517;25
0518;35
0519;26
0520;27
0521;36
0522;30
0523;28
0524;20
0525;28
0526;27
0527;23
0528;35
0529;33
0530;28
0531;22
0601;41
0602;28
0603;36
0604;32
0605;41
0606;35
0607;30
0608;38
0609;35
0610;26
0611;37
0612;22
0613;33
0614;39
0615;26
0616;24
0617;32
0618;32
0619;33
0620;32
0621;35
0622;23
0623;24
0624;22
0625;32
0626;21
0627;38
0628;30
0629;33
0630;21
0701;38
0702;25
0703;29
0704;29
0705;32
0706;29
0707;48
0708;33
0709;24
0710;24
0711;28
0712;35
0713;35
0714;34
0715;32
0716;27
0717;25
0718;31
0719;33
0720;22
0721;39
0722;29
0723;44
0724;28
0725;24
0726;29
0727;25
0728;22
0729;27
0730;26
0731;24
0801;34
0802;33
0803;16
0804;36
0805;34
0806;25
0807;21
0808;18
0809;32
0810;28
0811;22
0812;27
0813;30
0814;31
0815;23
0816;28
0817;29
0818;36
0819;30
0820;25
0821;29
0822;26
0823;38
0824;23
0825;31
0826;33
0827;32
0828;22
0829;39
0830;30
0831;30
0901;26
0902;30
0903;29
0904;32
0905;20
0906;25
0907;32
0908;31
0909;19
0910;21
0911;39
0912;34
0913;33
0914;23
0915;25
0916;33
0917;27
0918;31
0919;27
0920;42
0921;30
0922;28
0923;35
0924;35
0925;21
0926;37
0927;28
0928;35
0929;24
0930;21
1001;31
1002;25
1003;22
1004;28
1005;25
1006;29
1007;25
1008;28
1009;31
1010;18
1011;30
1012;32
1013;22
1014;23
1015;30
1016;32
1017;30
1018;31
1019;34
1020;29
1021;28
1022;27
1023;28
1024;30
1025;24
1026;29
1027;31
1028;28
1029;25
1030;27
1031;26
1101;19
1102;31
1103;28
1104;36
1105;37
1106;27
1107;34
1108;31
1109;32
1110;29
1111;32
1112;35
1113;29
1114;32
1115;43
1116;26
1117;36
1118;45
1119;23
1120;35
1121;31
1122;35
1123;35
1124;31
1125;34
1126;32
1127;34
1128;21
1129;34
1130;37
1201;32
1202;35
1203;38
1204;38
1205;28
1206;40
1207;33
1208;24
1209;25
1210;47
1211;31
1212;32
1213;33
1214;33
1215;38
1216;45
1217;44
1218;41
1219;38
1220;32
1221;32
1222;46
1223;35
1224;38
1225;52
1226;32
1227;31
1228;49
1229;41
1230;36
1231;51
