0101;29
0102;32
0103;32
0104;25
0105;31
0106;24
0107;23
0108;25
0109;37
0110;33
0111;21
0112;25
0113;24
0114;29
0115;30
0116;27
0117;29
0118;27
0119;28
0120;21
0121;27
0122;26
0123;32
0124;23
0125;35
0126;22
0127;22
0128;22
0129;30
0130;26
0131;17
0201;23
0202;20
0203;31
0204;24
0205;20
0206;28
0207;26
0208;24
0209;24
0210;24
0211;25
0212;40
0213;27
0214;28
0215;20
0216;32
0217;25
0218;21
0219;20
0220;27
0221;22
0222;17
0223;24
0224;24
0225;19
0226;23
0227;22
0228;23
0229;27
0301;17
0302;22
0303;28
0304;26
0305;28
0306;29
0307;24
0308;22
0309;23
0310;21
0311;25
0312;21
0313;21
0314;25
0315;32
0316;27
0317;28
0318;23
0319;29
0320;15
0321;24
0322;22
0323;30
0324;25
0325;30
0326;20
0327;28
0328;20
0329;23
0330;18
0331;25
0401;17
0402;19
0403;25
0404;24
0405;20
0406;24
0407;22
0408;18
0409;16
0410;22
0411;23
0412;27
0413;17
0414;28
0415;24
0416;25
0417;28
0418;23
0419;28
0420;22
0421;20
0422;25
0423;22
0424;17
0425;8
0426;20
0427;25
0428;27
0429;27
0430;20
0501;23
0502;19
0503;21
0504;19
0505;29
0506;19
0507;15
0508;17
0509;13
0510;20
0511;20
0512;14
0513;19
0514;18
0515;16
0516;26
0517;22
0518;12
0519;17
0520;27
0521;20
0522;23
0523;22
0524;17
0525;22
0526;21
0527;25
0528;15
0529;24
0530;24
0531;23
0601;21
0602;16
0603;21
0604;24
0605;25
0606;25
0607;29
0608;23
0609;12
0610;20
0611;21
0612;21
0613;14
0614;18
0615;21
0616;13
0617;31
0618;14
0619;23
0620;22
0621;21
0622;15
0623;20
0624;23
0625;14
0626;17
0627;13
0628;25
0629;24
0630;18
0701;27
0702;18
0703;21
0704;31
0705;20
0706;16
0707;14
0708;21
0709;19
0710;24
0711;14
0712;22
0713;20
0714;21
0715;24
0716;21
0717;15
0718;17
0719;13
0720;18
0721;21
0722;19
0723;29
0724;22
0725;13
0726;20
0727;20
0728;16
0729;26
0730;12
0731;15
0801;17
0802;16
0803;17
0804;13
0805;18
0806;17
0807;21
0808;16
0809;29
0810;18
0811;21
0812;24
0813;17
0814;24
0815;14
0816;20
0817;18
0818;16
0819;27
0820;22
0821;21
0822;21
0823;20
0824;21
0825;20
0826;25
0827;17
0828;18
0829;21
0830;23
0831;15
0901;18
0902;17
0903;23
0904;19
0905;18
0906;17
0907;17
0908;19
0909;24
0910;20
0911;17
0912;16
0913;18
0914;17
0915;19
0916;31
0917;21
0918;19
0919;20
0920;20
0921;20
0922;23
0923;20
0924;28
0925;25
0926;19
0927;21
0928;20
0929;18
0930;22
1001;21
1002;21
1003;14
1004;21
1005;23
1006;30
1007;16
1008;18
1009;24
1010;23
1011;35
1012;21
1013;24
1014;29
1015;19
1016;24
1017;22
1018;17
1019;20
1020;24
1021;18
1022;24
1023;15
1024;24
1025;28
1026;30
1027;20
1028;28
1029;23
1030;26
1031;27
1101;19
1102;20
1103;27
1104;26
1105;28
1106;21
1107;29
1108;28
1109;26
1110;19
1111;9
1112;19
1113;21
1114;18
1115;14
1116;28
1117;25
1118;13
1119;26
1120;20
1121;25
1122;15
1123;26
1124;23
1125;20
1126;23
1127;23
1128;28
1129;25
1130;29
1201;24
1202;28
1203;25
1204;18
1205;20
1206;24
1207;31
1208;13
1209;28
1210;23
1211;29
1212;17
1213;36
1214;25
1215;28
1216;19
1217;25
1218;23
1219;26
1220;29
1221;21
1222;27
1223;20
1224;27
1225;38
1226;24
1227;18
1228;35
1229;30
1230;32
1231;28
