0101;14
0102;13
0103;11
0104;15
0105;9
0106;8
0107;7
0108;6
0109;9
0110;14
0111;12
0112;9
0113;9
0114;8
0115;12
0116;6
0117;14
0118;11
0119;23
0120;15
0121;10
0122;4
0123;12
0124;11
0125;8
0126;11
0127;7
0128;11
0129;11
0130;12
0131;4
0201;8
0202;10
0203;11
0204;8
0205;17
0206;9
0207;13
0208;9
0209;12
0210;15
0211;12
0212;20
0213;8
0214;12
0215;10
0216;12
0217;7
0218;14
0219;11
0220;4
0221;11
0222;11
0223;11
0224;15
0225;12
0226;15
0227;14
0228;10
0229;7
0301;10
0302;9
0303;10
0304;6
0305;4
0306;8
0307;15
0308;10
0309;11
0310;12
0311;12
0312;15
0313;16
0314;10
0315;15
0316;9
0317;7
0318;9
0319;6
0320;6
0321;9
0322;8
0323;7
0324;15
0325;13
0326;12
0327;8
0328;10
0329;12
0330;5
0331;12
0401;7
0402;7
0403;11
0404;11
0405;10
0406;17
0407;9
0408;5
0409;10
0410;17
0411;6
0412;12
0413;5
0414;6
0415;7
0416;10
0417;10
0418;12
0419;10
0420;14
0421;8
0422;8
0423;10
0424;7
0425;8
0426;10
0427;7
0428;17
0429;13
0430;8
0501;8
0502;8
0503;10
0504;9
0505;8
0506;10
0507;9
0508;16
0509;9
0510;6
0511;9
0512;12
0513;14
0514;12
0515;13
0516;8
0517;10
0518;8
0519;10
0520;6
0521;7
0522;8
0523;13
0524;9
0525;7
0526;6
0527;7
0528;12
0529;8
0530;13
0531;6
0601;9
0602;6
0603;7
0604;10
0605;8
0606;9
0607;14
0608;4
0609;9
0610;14
0611;11
0612;13
0613;11
0614;10
0615;2
0616;10
0617;8
0618;13
0619;5
0620;9
0621;7
0622;5
0623;10
0624;6
0625;5
0626;4
0627;11
0628;5
0629;7
0630;8
0701;13
0702;11
0703;12
0704;11
0705;7
0706;7
0707;9
0708;10
0709;8
0710;8
0711;12
0712;9
0713;7
0714;7
0715;8
0716;9
0717;12
0718;9
0719;6
0720;12
0721;7
0722;12
0723;8
0724;11
0725;8
0726;9
0727;9
0728;5
0729;8
0730;9
0731;4
0801;8
0802;10
0803;11
0804;3
0805;8
0806;6
0807;7
0808;12
0809;10
0810;6
0811;6
0812;8
0813;7
0814;6
0815;9
0816;8
0817;10
0818;1
0819;9
0820;13
0821;9
0822;8
0823;9
0824;7
0825;10
0826;9
0827;7
0828;14
0829;11
0830;7
0831;6
0901;6
0902;5
0903;10
0904;9
0905;9
0906;4
0907;9
0908;16
0909;16
0910;12
0911;7
0912;4
0913;20
0914;5
0915;14
0916;12
0917;6
0918;5
0919;6
0920;4
0921;3
0922;8
0923;13
0924;10
0925;10
0926;8
0927;5
0928;9
0929;11
0930;10
1001;8
1002;6
1003;10
1004;8
1005;10
1006;10
1007;9
1008;8
1009;6
1010;8
1011;6
1012;12
1013;16
1014;7
1015;7
1016;5
1017;9
1018;9
1019;10
1020;5
1021;8
1022;21
1023;10
1024;8
1025;13
1026;10
1027;1
1028;10
1029;4
1030;9
1031;3
1101;9
1102;7
1103;13
1104;13
1105;14
1106;9
1107;7
1108;15
1109;2
1110;5
1111;3
1112;13
1113;6
1114;4
1115;10
1116;6
1117;9
1118;8
1119;9
1120;10
1121;7
1122;7
1123;8
1124;6
1125;5
1126;8
1127;9
1128;7
1129;9
1130;10
1201;7
1202;8
1203;16
1204;13
1205;9
1206;10
1207;6
1208;11
1209;11
1210;7
1211;8
1212;9
1213;9
1214;18
1215;2
1216;18
1217;10
1218;13
1219;7
1220;5
1221;11
1222;16
1223;15
1224;9
1225;5
1226;14
1227;12
1228;15
1229;9
1230;14
1231;13
