0101;19
0102;27
0103;17
0104;33
0105;21
0106;23
0107;17
0108;21
0109;18
0110;21
0111;23
0112;18
0113;22
0114;16
0115;28
0116;19
0117;27
0118;8
0119;20
0120;7
0121;11
0122;16
0123;20
0124;12
0125;12
0126;20
0127;23
0128;26
0129;24
0130;19
0131;19
0201;21
0202;15
0203;16
0204;17
0205;23
0206;21
0207;22
0208;16
0209;15
0210;12
0211;9
0212;18
0213;16
0214;17
0215;15
0216;7
0217;23
0218;20
0219;17
0220;19
0221;11
0222;15
0223;13
0224;21
0225;19
0226;16
0227;11
0228;15
0229;14
0301;15
0302;12
0303;20
0304;17
0305;18
0306;12
0307;11
0308;18
0309;16
0310;19
0311;19
0312;15
0313;15
0314;16
0315;20
0316;18
0317;13
0318;16
0319;15
0320;12
0321;20
0322;17
0323;13
0324;12
0325;16
0326;17
0327;15
0328;14
0329;19
0330;18
0331;9
0401;23
0402;21
0403;11
0404;14
0405;19
0406;11
0407;16
0408;17
0409;22
0410;13
0411;19
0412;14
0413;6
0414;18
0415;12
0416;13
0417;6
0418;27
0419;18
0420;20
0421;26
0422;24
0423;14
0424;13
0425;10
0426;18
0427;18
0428;14
0429;13
0430;12
0501;17
0502;15
0503;15
0504;16
0505;11
0506;14
0507;17
0508;19
0509;11
0510;15
0511;13
0512;16
0513;17
0514;13
0515;22
0516;13
0517;12
0518;18
0519;12
0520;20
0521;12
0522;16
0523;14
0524;22
0525;7
0526;16
0527;13
0528;10
0529;20
0530;16
0531;9
0601;14
0602;16
0603;13
0604;16
0605;10
0606;11
0607;19
0608;24
0609;10
0610;15
0611;17
0612;12
0613;13
0614;17
0615;15
0616;16
0617;22
0618;14
0619;12
0620;12
0621;7
0622;13
0623;10
0624;19
0625;12
0626;18
0627;17
0628;20
0629;16
0630;15
0701;10
0702;14
0703;15
0704;17
0705;14
0706;8
0707;14
0708;12
0709;16
0710;15
0711;12
0712;12
0713;24
0714;10
0715;12
0716;17
0717;7
0718;13
0719;10
0720;13
0721;20
0722;12
0723;17
0724;10
0725;18
0726;13
0727;13
0728;7
0729;9
0730;13
0731;10
0801;11
0802;8
0803;14
0804;9
0805;20
0806;19
0807;11
0808;11
0809;15
0810;14
0811;12
0812;21
0813;15
0814;15
0815;14
0816;16
0817;19
0818;19
0819;17
0820;17
0821;13
0822;12
0823;12
0824;12
0825;8
0826;12
0827;17
0828;12
0829;8
0830;17
0831;12
0901;16
0902;13
0903;12
0904;14
0905;12
0906;14
0907;11
0908;19
0909;16
0910;19
0911;13
0912;24
0913;8
0914;20
0915;13
0916;16
0917;15
0918;20
0919;14
0920;14
0921;15
0922;15
0923;12
0924;15
0925;16
0926;16
0927;14
0928;14
0929;19
0930;12
1001;7
1002;11
1003;15
1004;9
1005;18
1006;10
1007;13
1008;19
1009;16
1010;18
1011;14
1012;12
1013;11
1014;12
1015;15
1016;10
1017;21
1018;17
1019;14
1020;15
1021;12
1022;8
1023;15
1024;16
1025;15
1026;22
1027;14
1028;17
1029;9
1030;19
1031;21
1101;23
1102;7
1103;24
1104;17
1105;8
1106;14
1107;17
1108;18
1109;15
1110;13
1111;12
1112;13
1113;16
1114;15
1115;9
1116;19
1117;12
1118;21
1119;14
1120;14
1121;14
1122;9
1123;21
1124;18
1125;15
1126;17
1127;15
1128;18
1129;20
1130;21
1201;21
1202;19
1203;20
1204;17
1205;16
1206;19
1207;12
1208;8
1209;21
1210;12
1211;13
1212;20
1213;11
1214;24
1215;17
1216;18
1217;15
1218;10
1219;23
1220;17
1221;14
1222;14
1223;17
1224;17
1225;19
1226;27
1227;21
1228;16
1229;31
1230;24
1231;18
