0101;11
0102;16
0103;14
0104;9
0105;10
0106;7
0107;7
0108;10
0109;6
0110;9
0111;12
0112;15
0113;12
0114;13
0115;8
0116;16
0117;5
0118;5
0119;12
0120;14
0121;10
0122;8
0123;7
0124;7
0125;9
0126;15
0127;10
0128;13
0129;8
0130;10
0131;13
0201;4
0202;12
0203;17
0204;12
0205;8
0206;17
0207;7
0208;7
0209;16
0210;17
0211;12
0212;9
0213;10
0214;8
0215;6
0216;6
0217;10
0218;12
0219;8
0220;9
0221;15
0222;9
0223;15
0224;15
0225;11
0226;11
0227;17
0228;14
0229;10
0301;12
0302;11
0303;10
0304;8
0305;10
0306;12
0307;7
0308;11
0309;11
0310;9
0311;13
0312;6
0313;11
0314;11
0315;14
0316;9
0317;9
0318;9
0319;5
0320;7
0321;8
0322;9
0323;10
0324;8
0325;14
0326;13
0327;12
0328;9
0329;8
0330;5
0331;13
0401;6
0402;13
0403;9
0404;15
0405;13
0406;9
0407;12
0408;11
0409;6
0410;16
0411;12
0412;9
0413;9
0414;9
0415;14
0416;10
0417;14
0418;14
0419;14
0420;7
0421;16
0422;14
0423;11
0424;13
0425;11
0426;11
0427;14
0428;12
0429;3
0430;12
0501;8
0502;12
0503;9
0504;4
0505;10
0506;8
0507;9
0508;15
0509;10
0510;15
0511;10
0512;7
0513;5
0514;9
0515;15
0516;7
0517;16
0518;12
0519;8
0520;11
0521;4
0522;10
0523;7
0524;13
0525;14
0526;9
0527;14
0528;11
0529;12
0530;12
0531;13
0601;11
0602;12
0603;7
0604;11
0605;9
0606;15
0607;10
0608;10
0609;10
0610;12
0611;11
0612;14
0613;8
0614;16
0615;6
0616;13
0617;11
0618;15
0619;12
0620;9
0621;9
0622;7
0623;13
0624;8
0625;8
0626;8
0627;7
0628;11
0629;15
0630;9
0701;11
0702;14
0703;9
0704;6
0705;7
0706;4
0707;9
0708;11
0709;13
0710;7
0711;10
0712;6
0713;9
0714;12
0715;14
0716;23
0717;10
0718;11
0719;16
0720;11
0721;13
0722;9
0723;12
0724;13
0725;12
0726;12
0727;11
0728;12
0729;12
0730;5
0731;6
0801;11
0802;8
0803;13
0804;8
0805;10
0806;10
0807;8
0808;11
0809;15
0810;11
0811;10
0812;10
0813;5
0814;5
0815;6
0816;11
0817;11
0818;8
0819;12
0820;12
0821;13
0822;9
0823;9
0824;6
0825;10
0826;8
0827;10
0828;11
0829;10
0830;15
0831;12
0901;14
0902;7
0903;6
0904;10
0905;10
0906;7
0907;7
0908;8
0909;12
0910;12
0911;14
0912;5
0913;10
0914;4
0915;11
0916;7
0917;5
0918;9
0919;8
0920;11
0921;13
0922;12
0923;14
0924;13
0925;7
0926;10
0927;13
0928;10
0929;10
0930;7
1001;6
1002;6
1003;10
1004;12
1005;8
1006;10
1007;6
1008;10
1009;8
1010;7
1011;10
1012;10
1013;10
1014;7
1015;8
1016;12
1017;8
1018;9
1019;9
1020;13
1021;9
1022;9
1023;14
1024;4
1025;5
1026;10
1027;10
1028;13
1029;8
1030;5
1031;11
1101;8
1102;11
1103;12
1104;8
1105;6
1106;10
1107;6
1108;10
1109;12
1110;15
1111;7
1112;3
1113;18
1114;9
1115;7
1116;13
1117;10
1118;10
1119;6
1120;11
1121;9
1122;5
1123;7
1124;6
1125;11
1126;9
1127;8
1128;17
1129;13
1130;9
1201;14
1202;15
1203;16
1204;7
1205;5
1206;15
1207;11
1208;14
1209;7
1210;10
1211;9
1212;19
1213;12
1214;13
1215;16
1216;13
1217;12
1218;17
1219;16
1220;10
1221;13
1222;18
1223;13
1224;11
1225;10
1226;17
1227;11
1228;15
1229;16
1230;12
1231;12
