0101;36
0102;24
0103;30
0104;29
0105;15
0106;35
0107;28
0108;30
0109;20
0110;27
0111;29
0112;23
0113;27
0114;26
0115;31
0116;22
0117;19
0118;24
0119;25
0120;22
0121;22
0122;28
0123;20
0124;33
0125;24
0126;23
0127;32
0128;28
0129;28
0130;27
0131;30
0201;16
0202;34
0203;20
0204;17
0205;25
0206;35
0207;25
0208;29
0209;23
0210;22
0211;11
0212;29
0213;28
0214;31
0215;33
0216;29
0217;23
0218;30
0219;27
0220;24
0221;32
0222;29
0223;23
0224;21
0225;25
0226;22
0227;24
0228;25
0229;27
0301;29
0302;22
0303;31
0304;30
0305;29
0306;23
0307;18
0308;25
0309;26
0310;21
0311;25
0312;21
0313;28
0314;29
0315;21
0316;25
0317;28
0318;19
0319;19
0320;23
0321;24
0322;17
0323;29
0324;27
0325;27
0326;24
0327;19
0328;26
0329;16
0330;22
0331;21
0401;22
0402;23
0403;23
0404;21
0405;19
0406;17
0407;35
0408;27
0409;23
0410;27
0411;22
0412;19
0413;22
0414;26
0415;25
0416;22
0417;22
0418;24
0419;26
0420;21
0421;33
0422;23
0423;20
0424;14
0425;33
0426;25
0427;31
0428;24
0429;24
0430;19
0501;22
0502;23
0503;27
0504;13
0505;23
0506;20
0507;24
0508;14
0509;24
0510;22
0511;22
0512;22
0513;23
0514;21
0515;22
0516;20
0517;24
0518;23
0519;27
0520;18
0521;26
0522;25
0523;23
0524;28
0525;17
0526;30
0527;28
0528;27
0529;20
0530;20
0531;30
0601;29
0602;26
0603;23
0604;14
0605;26
0606;22
0607;24
0608;22
0609;29
0610;24
0611;27
0612;25
0613;28
0614;24
0615;17
0616;26
0617;25
0618;27
0619;23
0620;24
0621;15
0622;24
0623;10
0624;29
0625;19
0626;28
0627;24
0628;23
0629;20
0630;20
0701;20
0702;18
0703;27
0704;24
0705;18
0706;28
0707;26
0708;18
0709;21
0710;23
0711;19
0712;18
0713;19
0714;25
0715;28
0716;26
0717;31
0718;26
0719;25
0720;32
0721;21
0722;26
0723;23
0724;24
0725;26
0726;25
0727;36
0728;22
0729;30
0730;24
0731;22
0801;27
0802;26
0803;28
0804;36
0805;22
0806;24
0807;24
0808;11
0809;29
0810;18
0811;25
0812;27
0813;18
0814;22
0815;21
0816;19
0817;20
0818;27
0819;25
0820;32
0821;27
0822;19
0823;16
0824;20
0825;15
0826;22
0827;28
0828;19
0829;22
0830;24
0831;18
0901;25
0902;16
0903;14
0904;24
0905;21
0906;17
0907;18
0908;21
0909;28
0910;30
0911;20
0912;17
0913;22
0914;25
0915;20
0916;29
0917;18
0918;24
0919;23
0920;25
0921;24
0922;25
0923;27
0924;31
0925;21
0926;23
0927;27
0928;24
0929;28
0930;25
1001;24
1002;19
1003;25
1004;27
1005;20
1006;19
1007;24
1008;21
1009;26
1010;18
1011;26
1012;24
1013;26
1014;20
1015;17
1016;22
1017;15
1018;17
1019;15
1020;21
1021;23
1022;20
1023;23
1024;26
1025;18
1026;22
1027;28
1028;14
1029;28
1030;20
1031;23
1101;25
1102;21
1103;21
1104;28
1105;30
1106;26
1107;23
1108;23
1109;23
1110;21
1111;21
1112;27
1113;29
1114;33
1115;16
1116;26
1117;29
1118;22
1119;19
1120;28
1121;17
1122;26
1123;26
1124;16
1125;31
1126;23
1127;20
1128;27
1129;27
1130;24
1201;26
1202;18
1203;23
1204;35
1205;23
1206;31
1207;22
1208;20
1209;37
1210;21
1211;34
1212;29
1213;30
1214;21
1215;16
1216;34
1217;35
1218;32
1219;24
1220;22
1221;31
1222;22
1223;31
1224;33
1225;29
1226;32
1227;30
1228;25
1229;25
1230;27
1231;25
