0101;14
0102;16
0103;12
0104;10
0105;14
0106;7
0107;20
0108;14
0109;15
0110;20
0111;12
0112;13
0113;12
0114;14
0115;14
0116;10
0117;8
0118;7
0119;12
0120;12
0121;11
0122;7
0123;14
0124;11
0125;6
0126;11
0127;14
0128;5
0129;8
0130;11
0131;11
0201;9
0202;11
0203;11
0204;10
0205;14
0206;13
0207;9
0208;14
0209;11
0210;16
0211;21
0212;12
0213;9
0214;5
0215;9
0216;9
0217;18
0218;17
0219;12
0220;13
0221;16
0222;9
0223;15
0224;20
0225;18
0226;9
0227;14
0228;14
0229;7
0301;9
0302;7
0303;16
0304;17
0305;15
0306;10
0307;17
0308;8
0309;11
0310;16
0311;12
0312;13
0313;12
0314;11
0315;12
0316;16
0317;13
0318;14
0319;11
0320;14
0321;11
0322;6
0323;15
0324;11
0325;12
0326;15
0327;8
0328;10
0329;6
0330;10
0331;9
0401;11
0402;12
0403;9
0404;20
0405;10
0406;6
0407;9
0408;14
0409;12
0410;15
0411;7
0412;14
0413;10
0414;4
0415;8
0416;9
0417;16
0418;11
0419;14
0420;17
0421;10
0422;7
0423;10
0424;5
0425;13
0426;6
0427;14
0428;11
0429;17
0430;14
0501;5
0502;11
0503;11
0504;12
0505;13
0506;8
0507;9
0508;14
0509;15
0510;9
0511;14
0512;7
0513;11
0514;10
0515;7
0516;3
0517;11
0518;10
0519;9
0520;13
0521;22
0522;13
0523;6
0524;13
0525;3
0526;10
0527;13
0528;8
0529;14
0530;7
0531;18
0601;8
0602;5
0603;11
0604;11
0605;13
0606;12
0607;10
0608;12
0609;10
0610;10
0611;15
0612;12
0613;6
0614;20
0615;8
0616;6
0617;12
0618;6
0619;12
0620;9
0621;6
0622;6
0623;13
0624;9
0625;12
0626;6
0627;20
0628;9
0629;17
0630;7
0701;3
0702;14
0703;13
0704;19
0705;11
0706;11
0707;6
0708;6
0709;5
0710;11
0711;6
0712;12
0713;9
0714;15
0715;7
0716;5
0717;9
0718;9
0719;11
0720;13
0721;14
0722;14
0723;11
0724;6
0725;10
0726;8
0727;7
0728;9
0729;10
0730;11
0731;8
0801;8
0802;12
0803;9
0804;7
0805;8
0806;13
0807;7
0808;7
0809;9
0810;10
0811;6
0812;9
0813;7
0814;15
0815;7
0816;8
0817;8
0818;7
0819;13
0820;12
0821;7
0822;6
0823;11
0824;12
0825;6
0826;7
0827;9
0828;9
0829;12
0830;11
0831;6
0901;12
0902;10
0903;15
0904;12
0905;12
0906;13
0907;7
0908;13
0909;5
0910;9
0911;12
0912;5
0913;8
0914;8
0915;6
0916;7
0917;7
0918;10
0919;9
0920;12
0921;16
0922;10
0923;14
0924;11
0925;12
0926;14
0927;10
0928;11
0929;9
0930;10
1001;10
1002;10
1003;8
1004;10
1005;14
1006;12
1007;16
1008;13
1009;12
1010;5
1011;19
1012;9
1013;9
1014;7
1015;10
1016;10
1017;12
1018;9
1019;13
1020;10
1021;9
1022;12
1023;15
1024;10
1025;12
1026;17
1027;9
1028;17
1029;10
1030;13
1031;9
1101;16
1102;9
1103;12
1104;9
1105;6
1106;9
1107;9
1108;13
1109;10
1110;16
1111;10
1112;7
1113;9
1114;20
1115;12
1116;12
1117;13
1118;7
1119;9
1120;9
1121;13
1122;16
1123;7
1124;15
1125;8
1126;5
1127;12
1128;12
1129;11
1130;7
1201;11
1202;15
1203;15
1204;19
1205;7
1206;8
1207;7
1208;12
1209;9
1210;13
1211;6
1212;16
1213;17
1214;14
1215;15
1216;13
1217;16
1218;9
1219;11
1220;21
1221;10
1222;7
1223;12
1224;9
1225;9
1226;18
1227;12
1228;15
1229;16
1230;20
1231;17
