0101;2
0102;8
0103;3
0104;3
0105;9
0106;5
0107;3
0108;4
0109;9
0110;3
0111;4
0112;5
0113;3
0114;3
0115;6
0116;1
0117;6
0118;1
0119;8
0120;6
0121;7
0122;3
0123;6
0124;5
0125;5
0126;3
0127;1
0128;6
0129;1
0130;4
0131;4
0201;2
0202;2
0203;8
0204;6
0205;2
0207;2
0208;5
0209;2
0210;6
0211;4
0212;3
0213;4
0214;1
0215;6
0216;2
0217;1
0218;6
0219;4
0220;5
0221;3
0222;3
0223;4
0224;3
0225;5
0226;6
0227;2
0228;5
0229;3
0301;5
0302;3
0303;3
0304;7
0305;4
0306;5
0307;5
0308;2
0309;4
0310;4
0311;3
0312;1
0313;3
0314;5
0315;7
0316;8
0317;4
0318;1
0319;2
0320;8
0321;2
0322;4
0323;4
0324;3
0325;7
0326;7
0327;1
0328;2
0329;4
0330;3
0331;4
0401;1
0402;8
0403;1
0404;3
0405;3
0406;7
0407;2
0408;3
0409;1
0410;6
0411;2
0412;3
0413;3
0414;2
0415;5
0416;2
0417;2
0418;4
0419;5
0420;4
0421;5
0422;5
0423;2
0424;3
0425;5
0426;3
0427;3
0428;5
0429;1
0430;1
0501;4
0502;2
0503;4
0504;1
0505;2
0506;1
0507;2
0508;3
0509;4
0511;5
0512;1
0513;1
0514;4
0515;2
0516;5
0517;2
0518;3
0519;5
0520;4
0521;3
0522;4
0523;1
0524;2
0525;3
0526;3
0527;1
0528;7
0529;7
0530;2
0531;3
0601;3
0602;3
0603;5
0604;5
0605;3
0606;1
0607;2
0608;4
0609;4
0610;3
0611;4
0612;4
0613;4
0614;3
0615;3
0616;3
0617;10
0618;3
0619;6
0620;4
0621;3
0622;3
0623;5
0624;2
0625;2
0627;1
0628;2
0629;1
0630;3
0701;2
0702;4
0703;2
0704;2
0705;6
0706;4
0707;3
0708;5
0709;1
0710;3
0711;6
0712;3
0713;2
0714;3
0715;4
0716;2
0717;4
0718;2
0719;3
0720;3
0722;2
0723;5
0724;3
0725;2
0726;4
0727;2
0728;4
0729;2
0730;3
0801;3
0802;3
0803;5
0804;1
0805;5
0806;4
0807;3
0808;1
0809;1
0810;2
0811;2
0812;4
0813;1
0814;3
0815;2
0816;3
0817;3
0818;3
0819;2
0820;2
0821;4
0822;1
0823;3
0824;2
0825;3
0826;7
0827;6
0828;4
0829;6
0830;4
0831;3
0901;1
0902;2
0903;3
0904;1
0905;4
0906;1
0907;2
0908;2
0909;2
0910;1
0911;3
0912;1
0913;2
0914;3
0915;2
0916;3
0917;5
0918;5
0919;1
0920;2
0921;3
0922;4
0923;4
0924;1
0925;4
0926;2
0927;3
0928;3
0929;3
0930;1
1001;4
1003;2
1004;2
1005;3
1006;4
1007;3
1008;3
1009;5
1010;5
1011;4
1012;3
1013;2
1014;4
1015;2
1016;2
1017;6
1018;2
1019;3
1020;1
1021;7
1022;4
1023;1
1024;5
1025;2
1026;3
1027;3
1028;4
1029;2
1030;2
1031;1
1101;4
1102;3
1103;6
1104;1
1105;3
1106;2
1107;3
1108;7
1109;2
1110;2
1111;3
1112;3
1113;2
1114;3
1115;3
1116;3
1117;5
1118;6
1119;8
1120;3
1121;2
1122;2
1123;3
1124;5
1125;5
1126;9
1127;3
1128;1
1129;2
1130;3
1201;2
1204;3
1206;4
1207;4
1208;5
1209;6
1210;5
1211;3
1212;7
1213;5
1214;4
1215;2
1216;5
1217;4
1218;2
1219;5
1220;4
1221;1
1222;2
1223;3
1224;5
1225;2
1226;8
1227;3
1228;6
1229;2
1230;1
1231;2
