0101;4
0102;2
0103;4
0104;1
0105;3
0106;5
0107;6
0108;3
0109;4
0110;6
0111;4
0112;3
0114;2
0115;4
0116;4
0117;3
0118;2
0119;1
0120;1
0121;5
0122;3
0123;4
0124;3
0125;4
0126;4
0127;3
0128;3
0129;2
0130;7
0131;2
0201;3
0202;6
0203;5
0204;1
0205;3
0206;4
0207;3
0208;6
0209;6
0210;6
0211;3
0212;3
0213;3
0214;5
0215;2
0216;5
0217;1
0219;4
0220;3
0221;2
0222;5
0223;3
0224;5
0225;4
0226;4
0227;5
0228;4
0301;4
0302;4
0303;1
0304;3
0305;4
0306;4
0307;3
0308;3
0309;5
0310;6
0312;3
0313;6
0314;2
0315;6
0316;3
0317;6
0318;2
0319;4
0320;2
0322;1
0323;2
0324;6
0325;2
0326;4
0327;1
0328;6
0329;4
0330;5
0331;2
0401;3
0402;2
0403;5
0404;1
0405;2
0406;1
0407;2
0408;3
0409;5
0410;2
0411;1
0412;7
0413;6
0414;4
0415;3
0416;3
0418;2
0419;4
0420;3
0421;1
0422;1
0423;4
0424;2
0425;2
0426;4
0427;4
0428;2
0429;3
0430;3
0502;2
0503;7
0504;4
0505;3
0506;1
0507;5
0508;3
0509;1
0510;2
0511;4
0512;1
0513;2
0514;2
0515;3
0516;2
0517;5
0518;6
0519;4
0520;4
0521;3
0522;2
0523;2
0525;5
0526;1
0527;4
0528;2
0529;4
0530;2
0531;2
0601;7
0602;5
0603;6
0604;2
0607;5
0608;1
0609;1
0610;3
0611;1
0612;2
0613;3
0614;3
0615;2
0617;3
0618;5
0619;5
0620;5
0621;2
0622;3
0623;3
0624;4
0625;4
0626;2
0627;4
0628;1
0629;3
0630;1
0701;3
0702;7
0703;5
0704;1
0705;5
0706;3
0707;2
0708;4
0709;3
0710;3
0711;2
0712;2
0713;6
0714;6
0715;4
0716;2
0717;7
0718;2
0719;5
0720;5
0721;4
0722;3
0723;3
0724;3
0726;3
0727;2
0728;1
0729;6
0730;6
0731;5
0801;3
0802;2
0803;5
0804;2
0805;5
0806;2
0807;6
0808;1
0809;5
0810;4
0811;4
0812;3
0813;1
0814;3
0815;2
0816;1
0817;5
0818;2
0819;4
0820;1
0821;2
0823;3
0824;4
0825;3
0826;6
0827;7
0828;3
0829;5
0830;2
0831;5
0901;4
0902;1
0903;3
0904;4
0905;4
0906;2
0907;3
0908;4
0909;3
0910;5
0911;2
0912;4
0913;2
0914;5
0915;2
0916;2
0917;5
0918;3
0919;3
0920;3
0921;6
0922;2
0923;5
0924;4
0925;3
0926;1
0927;2
0928;5
0929;3
0930;1
1001;4
1003;4
1004;2
1005;1
1007;5
1008;4
1009;2
1010;4
1011;4
1012;3
1013;3
1014;2
1015;2
1016;7
1017;2
1018;4
1019;3
1020;3
1021;2
1022;3
1023;1
1024;4
1025;5
1026;5
1027;6
1028;3
1029;3
1030;1
1031;2
1101;5
1102;2
1103;3
1104;2
1105;6
1106;4
1107;1
1108;3
1110;5
1111;1
1112;4
1113;3
1114;1
1115;2
1116;1
1117;4
1118;6
1119;2
1120;4
1121;2
1122;6
1123;7
1124;5
1125;4
1127;2
1128;3
1129;2
1130;4
1201;2
1202;8
1203;6
1204;3
1205;4
1206;4
1207;3
1208;3
1209;2
1210;2
1211;4
1212;1
1213;2
1214;4
1215;2
1217;6
1218;3
1219;3
1220;4
1221;3
1223;2
1224;5
1225;1
1226;5
1227;6
1228;9
1229;1
1230;4
1231;3
