0101;12
0102;10
0103;5
0104;7
0105;13
0106;3
0107;11
0108;6
0109;12
0110;7
0111;7
0112;9
0113;7
0114;7
0115;7
0116;7
0117;7
0118;7
0119;4
0120;7
0121;7
0122;10
0123;2
0124;15
0125;11
0126;7
0127;4
0128;6
0129;12
0130;4
0131;4
0201;8
0202;8
0203;6
0204;3
0205;9
0206;5
0207;6
0208;7
0209;7
0210;10
0211;8
0212;6
0213;9
0214;8
0215;12
0216;7
0217;10
0218;3
0219;4
0220;7
0221;9
0222;8
0223;9
0224;6
0225;10
0226;9
0227;7
0228;6
0301;9
0302;8
0303;13
0304;12
0305;11
0306;8
0307;9
0308;9
0309;4
0310;12
0311;9
0312;8
0313;11
0314;8
0315;9
0316;8
0317;13
0318;10
0319;4
0320;6
0321;4
0322;12
0323;8
0324;8
0325;7
0326;6
0327;14
0328;10
0329;6
0330;12
0331;12
0401;8
0402;10
0403;4
0404;2
0405;5
0406;6
0407;1
0408;8
0409;8
0410;12
0411;3
0412;15
0413;4
0414;10
0415;10
0416;7
0417;5
0418;4
0419;8
0420;13
0421;13
0422;9
0423;9
0424;8
0425;8
0426;8
0427;10
0428;8
0429;8
0430;8
0501;11
0502;8
0503;5
0504;4
0505;6
0506;11
0507;6
0508;10
0509;6
0510;16
0511;16
0512;9
0513;4
0514;11
0515;6
0516;8
0517;7
0518;7
0519;9
0520;6
0521;6
0522;9
0523;8
0524;6
0525;7
0526;6
0527;3
0528;5
0529;7
0530;3
0531;7
0601;7
0602;12
0603;6
0604;9
0605;3
0606;8
0607;9
0608;8
0609;9
0610;7
0611;10
0612;5
0613;3
0614;6
0615;9
0616;6
0617;8
0618;10
0619;9
0620;2
0621;5
0622;5
0623;5
0624;4
0625;10
0626;7
0627;4
0628;7
0629;6
0630;4
0701;10
0702;8
0703;11
0704;3
0705;5
0706;3
0707;6
0708;2
0709;10
0710;8
0711;5
0712;5
0713;4
0714;13
0715;6
0716;4
0717;12
0718;5
0719;9
0720;7
0721;3
0722;7
0723;4
0724;4
0725;8
0726;9
0727;8
0728;9
0729;11
0730;6
0731;6
0801;6
0802;7
0803;7
0804;9
0805;4
0806;7
0807;7
0808;6
0809;14
0810;3
0811;3
0812;5
0813;5
0814;4
0815;5
0816;15
0817;7
0818;7
0819;10
0820;4
0821;4
0822;8
0823;7
0824;8
0825;7
0826;10
0827;6
0828;6
0829;6
0830;6
0831;4
0901;6
0902;13
0903;2
0904;7
0905;8
0906;5
0907;11
0908;8
0909;8
0910;5
0911;10
0912;14
0913;5
0914;7
0916;5
0917;3
0918;4
0919;3
0920;6
0921;6
0922;8
0923;5
0924;9
0925;4
0926;8
0927;4
0928;6
0929;6
0930;8
1001;5
1002;5
1003;10
1004;7
1005;10
1006;6
1007;7
1008;9
1009;5
1010;6
1011;7
1012;12
1013;9
1014;9
1015;10
1016;7
1017;9
1018;8
1019;3
1020;1
1021;11
1022;5
1023;7
1024;7
1025;5
1026;11
1027;8
1028;4
1029;6
1030;8
1031;7
1101;11
1102;7
1103;8
1104;14
1105;11
1106;8
1107;5
1108;7
1109;10
1110;6
1111;11
1112;3
1113;11
1114;11
1115;13
1116;7
1117;9
1118;9
1119;13
1120;14
1121;10
1122;7
1123;6
1124;6
1125;4
1126;8
1127;10
1128;5
1129;5
1130;11
1201;12
1202;8
1203;10
1204;9
1205;13
1206;6
1207;14
1208;9
1209;9
1210;5
1211;3
1212;10
1213;10
1214;7
1215;7
1216;9
1217;4
1218;12
1219;9
1220;7
1221;7
1222;12
1223;9
1224;9
1225;4
1226;11
1227;6
1228;10
1229;8
1230;5
1231;7
