0101;5
0102;6
0103;2
0104;2
0105;6
0106;6
0107;2
0108;8
0109;6
0110;6
0111;6
0112;7
0113;5
0114;6
0115;4
0116;1
0117;8
0118;5
0119;4
0120;7
0121;3
0122;7
0123;2
0124;7
0125;5
0126;6
0127;6
0128;9
0129;5
0130;8
0131;7
0201;3
0202;8
0203;3
0204;7
0205;1
0206;3
0207;6
0208;5
0209;4
0210;7
0211;4
0212;3
0213;8
0214;2
0215;8
0216;9
0217;3
0218;6
0219;1
0220;5
0221;6
0222;4
0223;4
0224;2
0225;5
0226;4
0227;9
0228;5
0301;5
0302;6
0303;1
0304;3
0305;6
0306;4
0307;6
0308;5
0309;6
0310;9
0311;5
0312;4
0313;7
0314;8
0315;12
0316;8
0317;3
0318;6
0319;7
0320;6
0321;2
0322;5
0323;8
0324;4
0325;4
0326;6
0327;5
0328;12
0329;1
0330;2
0331;4
0401;7
0402;4
0403;3
0404;4
0405;2
0406;3
0407;4
0408;6
0409;3
0410;4
0411;6
0412;5
0413;5
0414;3
0415;5
0416;6
0417;1
0418;6
0419;5
0420;5
0421;8
0422;2
0423;7
0424;4
0425;8
0426;6
0427;4
0428;3
0429;5
0430;2
0501;4
0502;5
0503;4
0504;3
0505;4
0506;1
0507;4
0508;6
0509;5
0510;3
0511;4
0512;4
0513;2
0514;11
0515;3
0516;4
0517;2
0518;5
0519;1
0520;4
0521;7
0522;6
0523;6
0524;4
0525;3
0526;4
0527;4
0528;3
0529;3
0530;2
0531;1
0601;4
0602;6
0603;4
0604;4
0605;7
0606;5
0607;4
0608;6
0609;6
0610;1
0611;9
0612;4
0613;4
0614;5
0615;9
0616;3
0617;3
0618;4
0619;3
0620;4
0621;6
0622;6
0623;2
0624;3
0625;3
0626;2
0627;4
0628;1
0629;3
0630;4
0701;6
0703;1
0704;2
0705;4
0706;4
0707;2
0708;5
0709;5
0710;7
0711;5
0712;6
0713;2
0714;6
0715;2
0716;6
0717;8
0718;6
0719;8
0720;4
0721;4
0722;5
0723;2
0724;4
0725;6
0726;2
0727;5
0728;2
0729;6
0730;6
0731;2
0801;2
0802;3
0803;5
0804;10
0805;5
0806;7
0807;2
0808;5
0809;2
0810;5
0811;3
0813;5
0814;1
0815;2
0816;6
0817;6
0818;8
0820;5
0821;8
0822;4
0823;7
0824;4
0825;1
0826;4
0827;2
0828;2
0829;6
0830;7
0831;6
0901;3
0902;3
0903;3
0904;3
0905;3
0906;2
0907;4
0908;4
0909;5
0910;2
0911;2
0912;2
0913;4
0914;4
0915;2
0916;3
0917;4
0918;3
0919;2
0920;3
0921;7
0922;3
0923;7
0924;6
0925;3
0926;3
0927;4
0928;4
0929;5
0930;2
1001;5
1002;4
1003;4
1004;4
1005;7
1006;7
1007;3
1008;3
1009;3
1010;1
1011;4
1012;4
1013;3
1014;6
1015;6
1016;3
1017;3
1018;6
1019;2
1020;4
1021;5
1022;3
1023;3
1024;5
1025;4
1026;6
1027;8
1028;7
1029;6
1030;6
1031;1
1102;3
1103;4
1104;5
1105;6
1106;3
1107;3
1108;5
1109;2
1110;4
1111;2
1112;7
1113;5
1114;5
1115;5
1116;8
1117;4
1118;6
1119;1
1120;2
1121;6
1122;4
1123;5
1124;6
1125;7
1126;6
1127;7
1128;6
1129;2
1130;9
1201;4
1202;9
1203;5
1204;4
1205;5
1206;2
1207;2
1208;7
1209;9
1210;3
1211;5
1212;5
1213;4
1214;6
1215;7
1216;8
1217;5
1218;4
1219;5
1220;2
1221;8
1222;4
1223;7
1224;3
1225;5
1226;7
1227;7
1228;3
1229;3
1230;8
1231;5
