0101;20
0102;14
0103;17
0104;19
0105;26
0106;21
0107;20
0108;23
0109;16
0110;21
0111;16
0112;19
0113;19
0114;13
0115;19
0116;22
0117;14
0118;20
0119;10
0120;17
0121;21
0122;22
0123;11
0124;23
0125;18
0126;14
0127;17
0128;12
0129;23
0130;10
0131;13
0201;14
0202;17
0203;24
0204;13
0205;22
0206;14
0207;21
0208;11
0209;11
0210;26
0211;14
0212;18
0213;23
0214;22
0215;16
0216;15
0217;13
0218;12
0219;15
0220;19
0221;20
0222;12
0223;23
0224;22
0225;33
0226;18
0227;17
0228;18
0301;22
0302;21
0303;19
0304;15
0305;20
0306;23
0307;19
0308;18
0309;13
0310;14
0311;18
0312;18
0313;17
0314;14
0315;16
0316;26
0317;14
0318;22
0319;13
0320;16
0321;18
0322;20
0323;18
0324;11
0325;14
0326;25
0327;17
0328;12
0329;17
0330;18
0331;15
0401;13
0402;25
0403;12
0404;14
0405;10
0406;22
0407;23
0408;26
0409;14
0410;14
0411;16
0412;22
0413;17
0414;11
0415;14
0416;11
0417;17
0418;13
0419;19
0420;17
0421;10
0422;20
0423;12
0424;15
0425;20
0426;20
0427;13
0428;8
0429;13
0430;17
0501;22
0502;25
0503;10
0504;10
0505;9
0506;16
0507;24
0508;17
0509;18
0510;17
0511;16
0512;12
0513;15
0514;19
0515;10
0516;12
0517;16
0518;9
0519;9
0520;15
0521;12
0522;20
0523;19
0524;9
0525;13
0526;13
0527;17
0528;16
0529;13
0530;15
0531;14
0601;11
0602;13
0603;12
0604;18
0605;22
0606;13
0607;17
0608;14
0609;14
0610;13
0611;16
0612;11
0613;11
0614;14
0615;25
0616;18
0617;15
0618;14
0619;10
0620;13
0621;16
0622;21
0623;19
0624;15
0625;12
0626;16
0627;23
0628;11
0629;16
0630;20
0701;14
0702;23
0703;14
0704;17
0705;16
0706;7
0707;14
0708;11
0709;21
0710;17
0711;17
0712;20
0713;13
0714;11
0715;12
0716;17
0717;12
0718;16
0719;10
0720;14
0721;14
0722;9
0723;10
0724;25
0725;12
0726;17
0727;11
0728;14
0729;9
0730;14
0731;18
0801;15
0802;6
0803;14
0804;16
0805;16
0806;19
0807;15
0808;17
0809;13
0810;15
0811;21
0812;9
0813;19
0814;14
0815;16
0816;11
0817;15
0818;20
0819;21
0820;20
0821;14
0822;12
0823;20
0824;15
0825;9
0826;17
0827;12
0828;13
0829;17
0830;8
0831;26
0901;20
0902;16
0903;15
0904;14
0905;13
0906;20
0907;12
0908;19
0909;21
0910;11
0911;13
0912;15
0913;12
0914;14
0915;18
0916;14
0917;15
0918;13
0919;23
0920;21
0921;27
0922;21
0923;17
0924;17
0925;11
0926;22
0927;19
0928;16
0929;24
0930;15
1001;14
1002;14
1003;15
1004;16
1005;17
1006;13
1007;11
1008;18
1009;16
1010;13
1011;21
1012;17
1013;14
1014;8
1015;18
1016;16
1017;18
1018;14
1019;13
1020;13
1021;23
1022;20
1023;14
1024;15
1025;18
1026;16
1027;15
1028;11
1029;16
1030;12
1031;22
1101;19
1102;20
1103;13
1104;14
1105;22
1106;12
1107;16
1108;16
1109;15
1110;23
1111;11
1112;18
1113;26
1114;16
1115;19
1116;12
1117;19
1118;17
1119;23
1120;19
1121;19
1122;13
1123;19
1124;18
1125;16
1126;24
1127;20
1128;9
1129;25
1130;23
1201;26
1202;25
1203;18
1204;24
1205;23
1206;18
1207;25
1208;26
1209;22
1210;22
1211;17
1212;22
1213;32
1214;14
1215;20
1216;19
1217;21
1218;15
1219;16
1220;25
1221;19
1222;17
1223;17
1224;20
1225;24
1226;23
1227;15
1228;21
1229;18
1230;19
1231;14
