0101;19
0102;22
0103;18
0104;17
0105;22
0106;26
0107;23
0108;20
0109;19
0110;22
0111;19
0112;20
0113;11
0114;22
0115;21
0116;9
0117;25
0118;14
0119;18
0120;22
0121;17
0122;18
0123;17
0124;20
0125;19
0126;16
0127;20
0128;11
0129;17
0130;24
0131;11
0201;15
0202;16
0203;16
0204;13
0205;20
0206;23
0207;26
0208;11
0209;14
0210;16
0211;15
0212;18
0213;13
0214;13
0215;8
0216;28
0217;22
0218;18
0219;19
0220;13
0221;19
0222;25
0223;16
0224;16
0225;16
0226;20
0227;22
0228;17
0301;16
0302;15
0303;23
0304;17
0305;16
0306;25
0307;18
0308;17
0309;12
0310;19
0311;18
0312;18
0313;17
0314;19
0315;16
0316;13
0317;20
0318;21
0319;13
0320;21
0321;17
0322;15
0323;15
0324;23
0325;22
0326;9
0327;20
0328;18
0329;13
0330;11
0331;17
0401;13
0402;17
0403;9
0404;15
0405;27
0406;20
0407;12
0408;12
0409;12
0410;21
0411;12
0412;17
0413;15
0414;11
0415;20
0416;17
0417;14
0418;14
0419;16
0420;18
0421;17
0422;14
0423;17
0424;16
0425;16
0426;21
0427;20
0428;9
0429;17
0430;16
0501;10
0502;6
0503;20
0504;22
0505;19
0506;11
0507;17
0508;8
0509;18
0510;17
0511;19
0512;16
0513;18
0514;18
0515;18
0516;22
0517;21
0518;13
0519;11
0520;17
0521;17
0522;14
0523;16
0524;17
0525;19
0526;13
0527;16
0528;9
0529;6
0530;16
0531;11
0601;14
0602;16
0603;20
0604;14
0605;16
0606;20
0607;22
0608;20
0609;11
0610;15
0611;11
0612;10
0613;13
0614;15
0615;19
0616;16
0617;7
0618;18
0619;18
0620;17
0621;15
0622;14
0623;16
0624;15
0625;23
0626;24
0627;12
0628;15
0629;17
0630;17
0701;17
0702;18
0703;13
0704;5
0705;14
0706;17
0707;20
0708;10
0709;11
0710;15
0711;15
0712;29
0713;21
0714;16
0715;27
0716;20
0717;17
0718;10
0719;20
0720;13
0721;12
0722;18
0723;24
0724;24
0725;16
0726;13
0727;25
0728;23
0729;9
0730;19
0731;24
0801;9
0802;18
0803;22
0804;17
0805;11
0806;12
0807;22
0808;22
0809;12
0810;19
0811;22
0812;19
0813;11
0814;15
0815;16
0816;16
0817;20
0818;18
0819;16
0820;18
0821;19
0822;25
0823;18
0824;16
0825;12
0826;17
0827;13
0828;15
0829;13
0830;16
0831;16
0901;16
0902;19
0903;11
0904;16
0905;11
0906;13
0907;17
0908;19
0909;14
0910;23
0911;15
0912;19
0913;17
0914;8
0915;8
0916;16
0917;14
0918;18
0919;14
0920;17
0921;10
0922;8
0923;7
0924;13
0925;16
0926;12
0927;7
0928;17
0929;20
0930;23
1001;11
1002;22
1003;17
1004;19
1005;18
1006;18
1007;21
1008;15
1009;20
1010;12
1011;24
1012;16
1013;11
1014;15
1015;11
1016;15
1017;12
1018;12
1019;23
1020;8
1021;16
1022;13
1023;15
1024;13
1025;18
1026;14
1027;18
1028;17
1029;19
1030;15
1031;17
1101;20
1102;15
1103;22
1104;17
1105;16
1106;24
1107;15
1108;16
1109;16
1110;13
1111;15
1112;19
1113;18
1114;26
1115;12
1116;18
1117;14
1118;15
1119;22
1120;13
1121;16
1122;19
1123;15
1124;22
1125;22
1126;17
1127;16
1128;19
1129;13
1130;26
1201;17
1202;21
1203;26
1204;20
1205;24
1206;22
1207;18
1208;21
1209;23
1210;21
1211;16
1212;10
1213;18
1214;18
1215;17
1216;20
1217;22
1218;18
1219;25
1220;22
1221;28
1222;22
1223;16
1224;24
1225;28
1226;18
1227;15
1228;21
1229;22
1230;14
1231;15
