0101;18
0102;23
0103;32
0104;30
0105;21
0106;34
0107;28
0108;30
0109;23
0110;13
0111;24
0112;21
0113;17
0114;16
0115;30
0116;25
0117;17
0118;20
0119;18
0120;16
0121;30
0122;18
0123;24
0124;15
0125;24
0126;19
0127;18
0128;30
0129;20
0130;23
0131;22
0201;19
0202;14
0203;20
0204;28
0205;25
0206;22
0207;20
0208;23
0209;10
0210;25
0211;23
0212;21
0213;30
0214;24
0215;16
0216;20
0217;24
0218;21
0219;20
0220;22
0221;27
0222;15
0223;21
0224;19
0225;21
0226;14
0227;35
0228;22
0301;29
0302;21
0303;23
0304;19
0305;17
0306;24
0307;26
0308;33
0309;20
0310;22
0311;22
0312;31
0313;21
0314;19
0315;23
0316;24
0317;15
0318;19
0319;23
0320;23
0321;21
0322;23
0323;18
0324;21
0325;26
0326;16
0327;16
0328;18
0329;29
0330;26
0331;20
0401;17
0402;16
0403;21
0404;17
0405;29
0406;13
0407;14
0408;17
0409;16
0410;21
0411;26
0412;24
0413;24
0414;14
0415;15
0416;20
0417;19
0418;22
0419;21
0420;24
0421;27
0422;15
0423;13
0424;17
0425;29
0426;15
0427;13
0428;15
0429;24
0430;22
0501;23
0502;18
0503;24
0504;16
0505;23
0506;19
0507;14
0508;22
0509;14
0510;23
0511;21
0512;17
0513;22
0514;16
0515;22
0516;16
0517;23
0518;16
0519;25
0520;21
0521;25
0522;20
0523;21
0524;25
0525;14
0526;17
0527;20
0528;19
0529;21
0530;24
0531;10
0601;13
0602;20
0603;21
0604;24
0605;18
0606;25
0607;27
0608;15
0609;11
0610;14
0611;20
0612;18
0613;11
0614;22
0615;18
0616;17
0617;18
0618;23
0619;15
0620;16
0621;14
0622;15
0623;23
0624;28
0625;41
0626;20
0627;22
0628;23
0629;16
0630;26
0701;16
0702;21
0703;18
0704;14
0705;15
0706;16
0707;17
0708;15
0709;22
0710;12
0711;14
0712;16
0713;24
0714;16
0715;21
0716;14
0717;18
0718;21
0719;15
0720;18
0721;18
0722;18
0723;17
0724;22
0725;13
0726;17
0727;23
0728;23
0729;21
0730;12
0731;13
0801;8
0802;14
0803;15
0804;23
0805;17
0806;15
0807;16
0808;24
0809;23
0810;18
0811;21
0812;12
0813;20
0814;21
0815;16
0816;10
0817;16
0818;25
0819;20
0820;14
0821;22
0822;24
0823;17
0824;20
0825;22
0826;21
0827;15
0828;19
0829;20
0830;16
0831;11
0901;13
0902;19
0903;17
0904;20
0905;13
0906;20
0907;23
0908;23
0909;17
0910;16
0911;16
0912;15
0913;18
0914;28
0915;24
0916;16
0917;23
0918;17
0919;22
0920;23
0921;17
0922;21
0923;20
0924;23
0925;13
0926;17
0927;13
0928;18
0929;12
0930;26
1001;17
1002;20
1003;21
1004;25
1005;23
1006;13
1007;21
1008;13
1009;23
1010;16
1011;24
1012;23
1013;23
1014;21
1015;13
1016;16
1017;22
1018;14
1019;11
1020;23
1021;23
1022;26
1023;12
1024;17
1025;22
1026;23
1027;20
1028;25
1029;12
1030;24
1031;15
1101;13
1102;29
1103;10
1104;18
1105;17
1106;18
1107;11
1108;18
1109;21
1110;19
1111;16
1112;24
1113;13
1114;21
1115;27
1116;24
1117;24
1118;15
1119;26
1120;25
1121;23
1122;16
1123;18
1124;18
1125;31
1126;17
1127;23
1128;16
1129;32
1130;33
1201;28
1202;24
1203;24
1204;31
1205;24
1206;27
1207;17
1208;28
1209;33
1210;22
1211;28
1212;34
1213;27
1214;31
1215;21
1216;20
1217;24
1218;22
1219;24
1220;21
1221;26
1222;21
1223;23
1224;19
1225;29
1226;30
1227;27
1228;21
1229;19
1230;30
1231;20
