0101;21
0102;24
0103;11
0104;24
0105;20
0106;19
0107;34
0108;20
0109;19
0110;19
0111;22
0112;19
0113;24
0114;18
0115;18
0116;15
0117;26
0118;29
0119;17
0120;17
0121;20
0122;25
0123;14
0124;19
0125;24
0126;25
0127;11
0128;23
0129;23
0130;20
0131;27
0201;23
0202;19
0203;24
0204;20
0205;26
0206;16
0207;28
0208;23
0209;17
0210;27
0211;22
0212;27
0213;21
0214;20
0215;28
0216;22
0217;26
0218;18
0219;30
0220;20
0221;19
0222;21
0223;21
0224;23
0225;28
0226;21
0227;24
0228;17
0301;28
0302;21
0303;24
0304;26
0305;22
0306;20
0307;31
0308;32
0309;28
0310;24
0311;22
0312;36
0313;26
0314;21
0315;36
0316;27
0317;20
0318;31
0319;27
0320;27
0321;24
0322;25
0323;24
0324;22
0325;27
0326;28
0327;19
0328;23
0329;16
0330;25
0331;26
0401;31
0402;29
0403;25
0404;24
0405;22
0406;19
0407;22
0408;24
0409;20
0410;18
0411;10
0412;11
0413;14
0414;20
0415;14
0416;21
0417;33
0418;26
0419;31
0420;20
0421;24
0422;19
0423;23
0424;21
0425;22
0426;21
0427;9
0428;29
0429;13
0430;19
0501;15
0502;21
0503;20
0504;28
0505;24
0506;18
0507;8
0508;30
0509;23
0510;22
0511;20
0512;12
0513;21
0514;18
0515;20
0516;23
0517;13
0518;17
0519;21
0520;26
0521;18
0522;15
0523;25
0524;17
0525;20
0526;13
0527;22
0528;19
0529;17
0530;16
0531;14
0601;23
0602;23
0603;16
0604;18
0605;18
0606;20
0607;19
0608;24
0609;25
0610;24
0611;19
0612;18
0613;15
0614;16
0615;25
0616;16
0617;17
0618;20
0619;17
0620;21
0621;18
0622;23
0623;13
0624;19
0625;24
0626;13
0627;19
0628;21
0629;21
0630;20
0701;18
0702;18
0703;16
0704;12
0705;17
0706;20
0707;23
0708;18
0709;21
0710;19
0711;20
0712;16
0713;16
0714;17
0715;20
0716;18
0717;25
0718;32
0719;19
0720;21
0721;12
0722;23
0723;24
0724;25
0725;22
0726;13
0727;18
0728;20
0729;17
0730;20
0731;25
0801;14
0802;25
0803;14
0804;15
0805;18
0806;20
0807;16
0808;25
0809;22
0810;18
0811;13
0812;18
0813;16
0814;15
0815;11
0816;16
0817;22
0818;22
0819;23
0820;15
0821;24
0822;23
0823;32
0824;16
0825;22
0826;22
0827;16
0828;15
0829;21
0830;23
0831;23
0901;18
0902;29
0903;17
0904;20
0905;19
0906;25
0907;29
0908;22
0909;16
0910;21
0911;17
0912;16
0913;25
0914;18
0915;17
0916;22
0917;21
0918;20
0919;13
0920;28
0921;20
0922;30
0923;24
0924;13
0925;23
0926;20
0927;25
0928;24
0929;20
0930;20
1001;20
1002;19
1003;20
1004;28
1005;16
1006;26
1007;20
1008;16
1009;17
1010;26
1011;17
1012;21
1013;26
1014;16
1015;26
1016;9
1017;11
1018;18
1019;23
1020;21
1021;23
1022;20
1023;26
1024;9
1025;16
1026;28
1027;20
1028;20
1029;19
1030;25
1031;9
1101;22
1102;22
1103;19
1104;20
1105;23
1106;16
1107;21
1108;16
1109;21
1110;14
1111;17
1112;28
1113;24
1114;17
1115;29
1116;26
1117;24
1118;19
1119;30
1120;22
1121;18
1122;24
1123;19
1124;29
1125;26
1126;20
1127;18
1128;19
1129;15
1130;27
1201;26
1202;27
1203;23
1204;21
1205;15
1206;29
1207;22
1208;29
1209;27
1210;23
1211;22
1212;20
1213;17
1214;23
1215;30
1216;29
1217;34
1218;19
1219;21
1220;43
1221;27
1222;15
1223;24
1224;18
1225;23
1226;25
1227;34
1228;32
1229;26
1230;38
1231;30
