0101;11
0102;8
0103;4
0104;13
0105;10
0106;8
0107;12
0108;11
0109;9
0110;6
0111;7
0112;11
0113;12
0114;12
0115;10
0116;7
0117;9
0118;11
0119;6
0120;8
0121;4
0122;10
0123;12
0124;10
0125;15
0126;10
0127;7
0128;5
0129;14
0130;10
0131;10
0201;8
0202;4
0203;9
0204;9
0205;9
0206;12
0207;12
0208;4
0209;7
0210;11
0211;7
0212;9
0213;8
0214;11
0215;11
0216;12
0217;6
0218;12
0219;10
0220;9
0221;15
0222;12
0223;13
0224;8
0225;9
0226;7
0227;8
0228;9
0301;12
0302;10
0303;18
0304;16
0305;14
0306;7
0307;14
0308;15
0309;6
0310;15
0311;10
0312;9
0313;6
0314;9
0315;9
0316;9
0317;10
0318;14
0319;10
0320;10
0321;12
0322;10
0323;7
0324;9
0325;11
0326;6
0327;7
0328;15
0329;10
0330;6
0331;8
0401;5
0402;10
0403;10
0404;5
0405;8
0406;9
0407;16
0408;9
0409;10
0410;7
0411;6
0412;14
0413;11
0414;8
0415;10
0416;4
0417;7
0418;8
0419;10
0420;9
0421;5
0422;11
0423;6
0424;14
0425;11
0426;10
0427;11
0428;11
0429;7
0430;7
0501;13
0502;7
0503;12
0504;4
0505;8
0506;11
0507;6
0508;9
0509;14
0510;5
0511;5
0512;6
0513;6
0514;6
0515;10
0516;5
0517;9
0518;3
0519;7
0520;5
0521;10
0522;8
0523;11
0524;12
0525;10
0526;12
0527;8
0528;10
0529;6
0530;10
0531;5
0601;10
0602;9
0603;14
0604;11
0605;12
0606;11
0607;8
0608;7
0609;8
0610;8
0611;7
0612;11
0613;7
0614;10
0615;10
0616;8
0617;8
0618;6
0619;7
0620;6
0621;13
0622;7
0623;12
0624;6
0625;6
0626;15
0627;11
0628;11
0629;8
0630;8
0701;3
0702;11
0703;7
0704;12
0705;13
0706;5
0707;7
0708;8
0709;10
0710;7
0711;7
0712;7
0713;18
0714;13
0715;9
0716;8
0717;9
0718;12
0719;8
0720;14
0721;12
0722;4
0723;11
0724;6
0725;10
0726;13
0727;10
0728;7
0729;12
0730;7
0731;5
0801;9
0802;8
0803;7
0804;9
0805;8
0806;5
0807;7
0808;8
0809;5
0810;7
0811;11
0812;8
0813;11
0814;14
0815;8
0816;10
0817;13
0818;10
0819;7
0820;6
0821;6
0822;15
0823;10
0824;4
0825;7
0826;12
0827;5
0828;13
0829;11
0830;7
0831;15
0901;14
0902;11
0903;3
0904;11
0905;9
0906;11
0907;15
0908;9
0909;4
0910;5
0911;11
0912;13
0913;5
0914;10
0915;9
0916;10
0917;5
0918;6
0919;13
0920;6
0921;9
0922;9
0923;7
0924;11
0925;6
0926;8
0927;4
0928;8
0929;7
0930;13
1001;15
1002;11
1003;10
1004;8
1005;11
1006;13
1007;7
1008;7
1009;8
1010;7
1011;10
1012;8
1013;9
1014;6
1015;8
1016;5
1017;8
1018;7
1019;11
1020;7
1021;7
1022;8
1023;13
1024;5
1025;9
1026;9
1027;7
1028;8
1029;9
1030;9
1031;9
1101;6
1102;15
1103;14
1104;10
1105;6
1106;10
1107;6
1108;6
1109;12
1110;3
1111;7
1112;5
1113;12
1114;15
1115;5
1116;6
1117;13
1118;9
1119;10
1120;12
1121;6
1122;14
1123;11
1124;12
1125;12
1126;4
1127;9
1128;9
1129;4
1130;6
1201;10
1202;7
1203;7
1204;6
1205;7
1206;9
1207;10
1208;6
1209;9
1210;9
1211;15
1212;17
1213;14
1214;15
1215;11
1216;9
1217;13
1218;13
1219;15
1220;13
1221;10
1222;16
1223;12
1224;7
1225;8
1226;14
1227;15
1228;11
1229;8
1230;7
1231;6
