0101;9
0102;12
0103;12
0104;11
0105;13
0106;13
0107;18
0108;17
0109;9
0110;12
0111;18
0112;16
0113;8
0114;13
0115;18
0116;15
0117;12
0118;17
0119;13
0120;12
0121;11
0122;17
0123;7
0124;16
0125;15
0126;8
0127;9
0128;8
0129;15
0130;12
0131;12
0201;13
0202;15
0203;13
0204;16
0205;18
0206;11
0207;10
0208;12
0209;7
0210;14
0211;15
0212;9
0213;9
0214;14
0215;23
0216;14
0217;8
0218;13
0219;18
0220;9
0221;15
0222;8
0223;13
0224;14
0225;10
0226;8
0227;5
0228;11
0301;14
0302;17
0303;14
0304;12
0305;15
0306;11
0307;14
0308;16
0309;19
0310;16
0311;9
0312;19
0313;21
0314;12
0315;15
0316;16
0317;13
0318;14
0319;9
0320;12
0321;15
0322;10
0323;18
0324;8
0325;12
0326;11
0327;11
0328;9
0329;12
0330;8
0331;9
0401;14
0402;5
0403;17
0404;14
0405;16
0406;11
0407;7
0408;15
0409;16
0410;12
0411;16
0412;10
0413;21
0414;14
0415;7
0416;14
0417;13
0418;14
0419;14
0420;14
0421;11
0422;10
0423;16
0424;13
0425;9
0426;12
0427;14
0428;7
0429;13
0430;14
0501;12
0502;8
0503;5
0504;13
0505;12
0506;11
0507;13
0508;16
0509;15
0510;19
0511;19
0512;19
0513;8
0514;15
0515;14
0516;18
0517;13
0518;13
0519;17
0520;16
0521;13
0522;11
0523;10
0524;15
0525;14
0526;13
0527;6
0528;7
0529;8
0530;9
0531;15
0601;19
0602;11
0603;13
0604;11
0605;11
0606;9
0607;13
0608;10
0609;10
0610;13
0611;9
0612;9
0613;6
0614;7
0615;14
0616;11
0617;6
0618;14
0619;10
0620;5
0621;11
0622;12
0623;13
0624;18
0625;11
0626;6
0627;18
0628;11
0629;7
0630;6
0701;8
0702;9
0703;18
0704;8
0705;8
0706;12
0707;13
0708;12
0709;7
0710;7
0711;9
0712;12
0713;7
0714;8
0715;16
0716;10
0717;11
0718;18
0719;10
0720;8
0721;10
0722;12
0723;14
0724;12
0725;13
0726;15
0727;13
0728;16
0729;11
0730;14
0731;14
0801;6
0802;11
0803;10
0804;12
0805;10
0806;12
0807;11
0808;13
0809;14
0810;7
0811;14
0812;12
0813;10
0814;8
0815;14
0816;16
0817;10
0818;17
0819;12
0820;8
0821;10
0822;18
0823;10
0824;8
0825;10
0826;14
0827;8
0828;12
0829;11
0830;10
0831;21
0901;20
0902;11
0903;13
0904;16
0905;12
0906;11
0907;12
0908;9
0909;7
0910;7
0911;10
0912;4
0913;12
0914;16
0915;6
0916;7
0917;17
0918;7
0919;12
0920;14
0921;7
0922;15
0923;14
0924;14
0925;14
0926;12
0927;7
0928;9
0929;13
0930;11
1001;15
1002;12
1003;15
1004;16
1005;13
1006;15
1007;17
1008;19
1009;16
1010;14
1011;14
1012;14
1013;16
1014;13
1015;15
1016;11
1017;10
1018;14
1019;12
1020;11
1021;9
1022;16
1023;14
1024;12
1025;13
1026;10
1027;16
1028;13
1029;18
1030;11
1031;14
1101;7
1102;12
1103;14
1104;12
1105;14
1106;11
1107;13
1108;12
1109;10
1110;8
1111;13
1112;13
1113;14
1114;16
1115;8
1116;11
1117;13
1118;14
1119;10
1120;8
1121;14
1122;16
1123;12
1124;14
1125;13
1126;11
1127;16
1128;13
1129;13
1130;19
1201;11
1202;13
1203;13
1204;18
1205;13
1206;20
1207;21
1208;16
1209;23
1210;10
1211;18
1212;19
1213;17
1214;14
1215;15
1216;15
1217;14
1218;22
1219;14
1220;12
1221;9
1222;15
1223;8
1224;12
1225;16
1226;23
1227;21
1228;12
1229;12
1230;12
1231;17
