0101;7
0102;6
0103;6
0104;6
0105;12
0106;10
0107;10
0108;5
0109;5
0110;6
0111;7
0112;5
0113;7
0114;9
0115;7
0116;6
0117;7
0118;10
0119;7
0120;2
0121;9
0122;6
0123;4
0124;11
0125;8
0126;8
0127;12
0128;8
0129;6
0130;7
0131;7
0201;7
0202;9
0203;2
0204;5
0205;4
0206;5
0207;8
0208;6
0209;5
0210;4
0211;10
0212;5
0213;5
0214;8
0215;11
0216;5
0217;3
0218;9
0219;4
0220;4
0221;5
0222;7
0223;8
0224;6
0225;10
0226;6
0227;8
0228;3
0301;5
0302;9
0303;3
0304;5
0305;5
0306;8
0307;7
0308;5
0309;8
0310;5
0311;3
0312;6
0313;10
0314;7
0315;10
0316;9
0317;7
0318;7
0319;7
0320;4
0321;7
0322;4
0323;10
0324;7
0325;4
0326;8
0327;7
0328;7
0329;7
0330;6
0331;9
0401;7
0402;5
0403;5
0404;5
0405;8
0406;4
0407;10
0408;10
0409;4
0410;8
0411;4
0412;4
0413;6
0414;2
0415;6
0416;5
0417;9
0418;5
0419;1
0420;11
0421;4
0422;9
0423;9
0424;4
0425;5
0426;5
0427;5
0428;5
0429;6
0430;8
0501;8
0502;6
0503;6
0504;2
0505;6
0506;10
0507;5
0508;5
0509;5
0510;6
0511;5
0512;6
0513;3
0514;8
0515;5
0516;5
0517;5
0518;9
0519;7
0520;9
0521;3
0522;4
0523;7
0524;5
0525;4
0526;7
0527;11
0528;11
0529;12
0530;3
0531;5
0601;8
0602;7
0603;6
0604;10
0605;7
0606;5
0607;8
0608;9
0609;7
0610;5
0611;4
0613;2
0614;8
0615;6
0616;9
0617;2
0618;4
0619;3
0620;2
0621;6
0622;4
0623;8
0624;5
0625;6
0626;3
0627;5
0628;9
0629;7
0630;4
0701;4
0702;7
0703;4
0704;7
0705;6
0706;12
0707;6
0708;5
0709;5
0710;5
0711;5
0712;5
0713;5
0714;6
0715;7
0716;2
0717;6
0718;9
0719;5
0720;6
0721;7
0722;12
0723;5
0724;8
0725;5
0726;8
0727;4
0728;4
0729;3
0730;12
0731;5
0801;7
0802;6
0803;3
0804;9
0805;12
0806;5
0807;3
0808;7
0809;4
0810;7
0811;3
0812;6
0813;1
0814;2
0815;7
0816;9
0817;4
0818;5
0819;4
0820;2
0821;4
0822;3
0823;7
0824;5
0825;6
0826;5
0827;9
0828;2
0829;2
0830;6
0831;5
0901;7
0902;5
0903;5
0904;8
0905;9
0906;2
0907;3
0908;9
0909;11
0910;5
0911;7
0912;9
0913;7
0914;1
0915;5
0916;5
0917;6
0918;6
0919;7
0920;2
0921;7
0922;5
0923;4
0924;6
0925;3
0926;9
0927;5
0928;4
0929;7
0930;5
1001;6
1002;10
1003;8
1004;7
1005;8
1006;1
1007;4
1008;2
1009;6
1010;6
1011;7
1012;12
1013;6
1014;6
1015;2
1016;7
1017;3
1018;3
1019;6
1020;8
1021;5
1022;3
1023;6
1024;7
1025;6
1026;5
1027;10
1028;2
1029;2
1030;4
1031;12
1101;5
1102;1
1103;4
1104;5
1105;11
1106;11
1107;5
1108;6
1109;6
1110;9
1111;4
1112;3
1113;4
1114;7
1115;5
1116;6
1117;11
1118;7
1119;11
1120;6
1121;4
1122;4
1123;7
1124;9
1125;9
1126;9
1127;7
1128;5
1129;11
1130;7
1201;5
1202;10
1203;6
1204;4
1205;12
1206;6
1207;5
1208;5
1209;6
1210;5
1211;10
1212;9
1213;7
1214;8
1215;9
1216;11
1217;8
1218;7
1219;6
1220;5
1221;5
1222;7
1223;8
1224;7
1225;8
1226;9
1227;7
1228;5
1229;9
1230;9
1231;7
