0101;18
0102;16
0103;20
0104;22
0105;14
0106;18
0107;20
0108;12
0109;29
0110;21
0111;17
0112;20
0113;21
0114;13
0115;13
0116;14
0117;13
0118;16
0119;7
0120;14
0121;19
0122;13
0123;18
0124;15
0125;12
0126;18
0127;16
0128;11
0129;13
0130;13
0131;13
0201;21
0202;12
0203;12
0204;14
0205;11
0206;11
0207;10
0208;11
0209;15
0210;20
0211;12
0212;16
0213;19
0214;22
0215;21
0216;16
0217;21
0218;22
0219;12
0220;18
0221;13
0222;19
0223;17
0224;14
0225;16
0226;13
0227;17
0228;9
0301;9
0302;19
0303;13
0304;21
0305;12
0306;17
0307;16
0308;23
0309;13
0310;25
0311;21
0312;15
0313;21
0314;21
0315;18
0316;20
0317;14
0318;17
0319;17
0320;15
0321;24
0322;14
0323;20
0324;18
0325;19
0326;16
0327;14
0328;10
0329;23
0330;20
0331;14
0401;9
0402;16
0403;16
0404;14
0405;20
0406;10
0407;13
0408;15
0409;13
0410;17
0411;13
0412;19
0413;19
0414;13
0415;11
0416;9
0417;4
0418;15
0419;11
0420;17
0421;17
0422;19
0423;12
0424;14
0425;13
0426;7
0427;17
0428;15
0429;16
0430;14
0501;13
0502;13
0503;20
0504;14
0505;12
0506;7
0507;8
0508;16
0509;15
0510;15
0511;6
0512;9
0513;16
0514;14
0515;7
0516;13
0517;22
0518;15
0519;17
0520;10
0521;8
0522;15
0523;26
0524;13
0525;12
0526;13
0527;20
0528;9
0529;19
0530;11
0531;16
0601;13
0602;8
0603;9
0604;14
0605;10
0606;16
0607;17
0608;13
0609;14
0610;13
0611;13
0612;6
0613;11
0614;18
0615;14
0616;11
0617;10
0618;9
0619;13
0620;14
0621;14
0622;6
0623;16
0624;19
0625;13
0626;10
0627;17
0628;14
0629;14
0630;15
0701;13
0702;12
0703;15
0704;14
0705;11
0706;17
0707;15
0708;16
0709;8
0710;14
0711;12
0712;13
0713;22
0714;5
0715;16
0716;13
0717;13
0718;13
0719;16
0720;8
0721;17
0722;12
0723;12
0724;14
0725;19
0726;14
0727;13
0728;15
0729;12
0730;11
0731;13
0801;13
0802;13
0803;20
0804;14
0805;17
0806;12
0807;11
0808;22
0809;13
0810;16
0811;15
0812;13
0813;9
0814;19
0815;9
0816;12
0817;7
0818;14
0819;12
0820;19
0821;20
0822;16
0823;15
0824;16
0825;11
0826;16
0827;8
0828;19
0829;17
0830;12
0831;15
0901;9
0902;15
0903;14
0904;13
0905;6
0906;10
0907;21
0908;18
0909;20
0910;18
0911;11
0912;13
0913;22
0914;8
0915;11
0916;11
0917;21
0918;18
0919;15
0920;22
0921;15
0922;17
0923;13
0924;15
0925;9
0926;25
0927;16
0928;16
0929;17
0930;11
1001;16
1002;16
1003;22
1004;11
1005;14
1006;7
1007;13
1008;15
1009;19
1010;17
1011;17
1012;16
1013;21
1014;15
1015;14
1016;18
1017;11
1018;20
1019;10
1020;10
1021;10
1022;21
1023;24
1024;12
1025;14
1026;13
1027;18
1028;14
1029;15
1030;19
1031;21
1101;10
1102;14
1103;18
1104;12
1105;15
1106;20
1107;18
1108;25
1109;14
1110;12
1111;11
1112;17
1113;21
1114;13
1115;16
1116;16
1117;9
1118;21
1119;20
1120;13
1121;14
1122;14
1123;16
1124;19
1125;19
1126;17
1127;14
1128;13
1129;23
1130;23
1201;19
1202;16
1203;20
1204;22
1205;17
1206;19
1207;16
1208;17
1209;24
1210;22
1211;18
1212;20
1213;18
1214;16
1215;12
1216;21
1217;15
1218;23
1219;18
1220;19
1221;18
1222;19
1223;19
1224;19
1225;15
1226;15
1227;19
1228;25
1229;18
1230;22
1231;15
