0101;23
0102;15
0103;17
0104;26
0105;19
0106;19
0107;17
0108;22
0109;15
0110;21
0111;21
0112;24
0113;13
0114;19
0115;18
0116;13
0117;16
0118;18
0119;19
0120;15
0121;19
0122;18
0123;10
0124;18
0125;22
0126;19
0127;22
0128;20
0129;20
0130;12
0131;19
0201;14
0202;10
0203;14
0204;15
0205;21
0206;12
0207;15
0208;20
0209;10
0210;14
0211;19
0212;12
0213;18
0214;18
0215;12
0216;16
0217;12
0218;17
0219;22
0220;29
0221;22
0222;17
0223;22
0224;16
0225;22
0226;23
0227;15
0228;16
0301;19
0302;28
0303;21
0304;22
0305;17
0306;19
0307;27
0308;16
0309;22
0310;15
0311;15
0312;25
0313;20
0314;30
0315;24
0316;24
0317;16
0318;13
0319;18
0320;24
0321;16
0322;23
0323;15
0324;24
0325;15
0326;13
0327;10
0328;16
0329;19
0330;19
0331;19
0401;19
0402;14
0403;15
0404;9
0405;20
0406;20
0407;14
0408;16
0409;17
0410;18
0411;15
0412;15
0413;13
0414;15
0415;17
0416;20
0417;19
0418;18
0419;15
0420;26
0421;12
0422;15
0423;19
0424;25
0425;15
0426;16
0427;12
0428;18
0429;16
0430;19
0501;18
0502;18
0503;16
0504;18
0505;20
0506;15
0507;8
0508;25
0509;18
0510;18
0511;18
0512;17
0513;24
0514;9
0515;15
0516;16
0517;18
0518;17
0519;18
0520;18
0521;20
0522;20
0523;16
0524;14
0525;14
0526;16
0527;24
0528;17
0529;22
0530;11
0531;16
0601;13
0602;18
0603;16
0604;22
0605;16
0606;18
0607;10
0608;15
0609;23
0610;20
0611;16
0612;15
0613;15
0614;21
0615;17
0616;23
0617;21
0618;19
0619;18
0620;14
0621;11
0622;14
0623;11
0624;10
0625;13
0626;16
0627;18
0628;19
0629;22
0630;20
0701;11
0702;19
0703;14
0704;14
0705;23
0706;19
0707;27
0708;15
0709;15
0710;23
0711;9
0712;11
0713;14
0714;15
0715;16
0716;16
0717;10
0718;7
0719;15
0720;16
0721;14
0722;10
0723;16
0724;18
0725;16
0726;9
0727;16
0728;13
0729;23
0730;21
0731;17
0801;18
0802;10
0803;16
0804;19
0805;14
0806;16
0807;14
0808;14
0809;6
0810;22
0811;11
0812;14
0813;13
0814;17
0815;16
0816;10
0817;23
0818;18
0819;20
0820;17
0821;15
0822;15
0823;12
0824;8
0825;13
0826;11
0827;16
0828;14
0829;14
0830;16
0831;16
0901;19
0902;18
0903;13
0904;24
0905;13
0906;15
0907;17
0908;20
0909;18
0910;7
0911;15
0912;16
0913;17
0914;20
0915;18
0916;16
0917;21
0918;13
0919;14
0920;16
0921;21
0922;14
0923;15
0924;12
0925;11
0926;17
0927;17
0928;17
0929;18
0930;23
1001;20
1002;16
1003;24
1004;19
1005;15
1006;10
1007;19
1008;16
1009;17
1010;20
1011;16
1012;18
1013;15
1014;15
1015;16
1016;20
1017;23
1018;11
1019;21
1020;18
1021;15
1022;17
1023;17
1024;16
1025;17
1026;14
1027;11
1028;13
1029;10
1030;17
1031;20
1101;13
1102;18
1103;17
1104;13
1105;17
1106;19
1107;12
1108;22
1109;12
1110;22
1111;18
1112;23
1113;13
1114;18
1115;13
1116;13
1117;9
1118;15
1119;15
1120;13
1121;19
1122;15
1123;15
1124;18
1125;23
1126;24
1127;21
1128;16
1129;18
1130;18
1201;16
1202;22
1203;29
1204;19
1205;22
1206;11
1207;19
1208;23
1209;26
1210;21
1211;15
1212;16
1213;28
1214;10
1215;18
1216;20
1217;15
1218;25
1219;24
1220;18
1221;17
1222;18
1223;32
1224;22
1225;20
1226;26
1227;20
1228;20
1229;25
1230;20
1231;23
