0101;19
0102;12
0103;13
0104;17
0105;20
0106;24
0107;19
0108;17
0109;20
0110;13
0111;20
0112;14
0113;16
0114;25
0115;17
0116;15
0117;21
0118;17
0119;20
0120;16
0121;15
0122;20
0123;18
0124;12
0125;21
0126;19
0127;12
0128;15
0129;15
0130;22
0131;19
0201;11
0202;18
0203;15
0204;22
0205;20
0206;13
0207;11
0208;14
0209;14
0210;14
0211;21
0212;21
0213;13
0214;21
0215;18
0216;19
0217;15
0218;23
0219;14
0220;16
0221;19
0222;12
0223;17
0224;24
0225;17
0226;17
0227;22
0228;18
0301;15
0302;23
0303;21
0304;18
0305;17
0306;18
0307;18
0308;26
0309;22
0310;21
0311;16
0312;26
0313;20
0314;18
0315;18
0316;23
0317;16
0318;20
0319;16
0320;15
0321;21
0322;19
0323;24
0324;18
0325;14
0326;15
0327;24
0328;18
0329;22
0330;21
0331;17
0401;15
0402;15
0403;14
0404;18
0405;15
0406;25
0407;21
0408;19
0409;17
0410;18
0411;16
0412;11
0413;18
0414;18
0415;20
0416;22
0417;23
0418;23
0419;16
0420;26
0421;16
0422;30
0423;24
0424;15
0425;15
0426;20
0427;12
0428;19
0429;20
0430;15
0501;23
0502;18
0503;12
0504;8
0505;17
0506;23
0507;11
0508;9
0509;25
0510;21
0511;12
0512;9
0513;14
0514;12
0515;12
0516;11
0517;16
0518;18
0519;20
0520;16
0521;10
0522;14
0523;9
0524;27
0525;20
0526;15
0527;12
0528;14
0529;17
0530;11
0531;16
0601;21
0602;21
0603;17
0604;15
0605;19
0606;16
0607;23
0608;26
0609;15
0610;9
0611;12
0612;14
0613;15
0614;12
0615;9
0616;19
0617;15
0618;21
0619;13
0620;19
0621;14
0622;13
0623;17
0624;9
0625;12
0626;14
0627;17
0628;13
0629;10
0630;11
0701;21
0702;9
0703;19
0704;10
0705;23
0706;11
0707;13
0708;20
0709;16
0710;18
0711;18
0712;14
0713;12
0714;9
0715;16
0716;15
0717;10
0718;16
0719;15
0720;13
0721;10
0722;15
0723;17
0724;13
0725;14
0726;17
0727;16
0728;14
0729;13
0730;14
0731;4
0801;13
0802;20
0803;18
0804;17
0805;16
0806;17
0807;19
0808;17
0809;19
0810;12
0811;11
0812;14
0813;9
0814;19
0815;19
0816;14
0817;13
0818;15
0819;10
0820;13
0821;16
0822;14
0823;13
0824;16
0825;17
0826;15
0827;9
0828;14
0829;12
0830;14
0831;17
0901;17
0902;13
0903;16
0904;23
0905;18
0906;20
0907;15
0908;13
0909;17
0910;15
0911;18
0912;20
0913;20
0914;8
0915;14
0916;12
0917;10
0918;15
0919;13
0920;17
0921;20
0922;15
0923;17
0924;15
0925;16
0926;13
0927;10
0928;16
0929;15
0930;15
1001;10
1002;17
1003;11
1004;16
1005;20
1006;14
1007;20
1008;14
1009;20
1010;17
1011;15
1012;15
1013;24
1014;18
1015;20
1016;13
1017;19
1018;22
1019;18
1020;13
1021;18
1022;15
1023;13
1024;18
1025;7
1026;15
1027;20
1028;9
1029;13
1030;22
1031;19
1101;14
1102;19
1103;20
1104;23
1105;15
1106;24
1107;18
1108;15
1109;11
1110;13
1111;20
1112;26
1113;18
1114;20
1115;12
1116;23
1117;18
1118;14
1119;13
1120;19
1121;16
1122;22
1123;15
1124;21
1125;22
1126;16
1127;24
1128;13
1129;21
1130;18
1201;24
1202;16
1203;27
1204;17
1205;26
1206;17
1207;20
1208;30
1209;20
1210;21
1211;21
1212;17
1213;24
1214;17
1215;17
1216;21
1217;17
1218;21
1219;13
1220;24
1221;24
1222;18
1223;28
1224;29
1225;17
1226;15
1227;23
1228;20
1229;15
1230;27
1231;19
