0101;11
0102;10
0103;21
0104;17
0105;13
0106;12
0107;18
0108;19
0109;10
0110;13
0111;15
0112;15
0113;19
0114;18
0115;12
0116;11
0117;15
0118;11
0119;9
0120;11
0121;15
0122;31
0123;13
0124;19
0125;10
0126;14
0127;11
0128;11
0129;8
0130;13
0131;12
0201;16
0202;7
0203;14
0204;10
0205;11
0206;13
0207;14
0208;9
0209;17
0210;15
0211;19
0212;16
0213;9
0214;16
0215;15
0216;16
0217;12
0218;19
0219;16
0220;17
0221;7
0222;16
0223;14
0224;14
0225;19
0226;12
0227;14
0228;15
0301;9
0302;14
0303;17
0304;14
0305;11
0306;14
0307;11
0308;21
0309;14
0310;18
0311;8
0312;15
0313;17
0314;16
0315;22
0316;12
0317;16
0318;12
0319;20
0320;9
0321;20
0322;20
0323;16
0324;17
0325;15
0326;17
0327;10
0328;8
0329;12
0330;14
0331;12
0401;18
0402;12
0403;16
0404;19
0405;10
0406;11
0407;16
0408;20
0409;11
0410;12
0411;14
0412;11
0413;19
0414;13
0415;19
0416;12
0417;13
0418;13
0419;9
0420;20
0421;6
0422;12
0423;8
0424;16
0425;10
0426;13
0427;11
0428;12
0429;9
0430;10
0501;8
0502;15
0503;14
0504;11
0505;13
0506;9
0507;15
0508;10
0509;12
0510;12
0511;14
0512;15
0513;11
0514;11
0515;7
0516;13
0517;7
0518;14
0519;18
0520;15
0521;15
0522;8
0523;19
0524;13
0525;15
0526;13
0527;16
0528;17
0529;13
0530;11
0531;11
0601;13
0602;13
0603;16
0604;11
0605;14
0606;7
0607;6
0608;6
0609;9
0610;15
0611;15
0612;8
0613;14
0614;4
0615;10
0616;12
0617;8
0618;11
0619;12
0620;14
0621;16
0622;12
0623;12
0624;8
0625;10
0626;11
0627;11
0628;12
0629;7
0630;11
0701;16
0702;15
0703;14
0704;14
0705;13
0706;6
0707;11
0708;11
0709;19
0710;11
0711;8
0712;12
0713;13
0714;14
0715;16
0716;13
0717;10
0718;18
0719;8
0720;15
0721;11
0722;13
0723;13
0724;13
0725;10
0726;20
0727;18
0728;8
0729;14
0730;13
0731;11
0801;12
0802;14
0803;14
0804;18
0805;10
0806;14
0807;8
0808;14
0809;12
0810;8
0811;6
0812;11
0813;8
0814;8
0815;12
0816;7
0817;15
0818;14
0819;21
0820;8
0821;20
0822;6
0823;6
0824;17
0825;14
0826;20
0827;15
0828;14
0829;12
0830;13
0831;10
0901;10
0902;11
0903;9
0904;14
0905;17
0906;5
0907;10
0908;11
0909;10
0910;12
0911;9
0912;11
0913;10
0914;11
0915;18
0916;6
0917;14
0918;12
0919;11
0920;16
0921;19
0922;12
0923;14
0924;14
0925;18
0926;8
0927;14
0928;11
0929;24
0930;20
1001;6
1002;21
1003;17
1004;9
1005;16
1006;14
1007;15
1008;14
1009;11
1010;10
1011;18
1012;13
1013;11
1014;13
1015;13
1016;12
1017;9
1018;13
1019;12
1020;12
1021;9
1022;13
1023;15
1024;16
1025;10
1026;17
1027;19
1028;9
1029;9
1030;20
1031;10
1101;9
1102;9
1103;18
1104;9
1105;19
1106;16
1107;14
1108;11
1109;13
1110;8
1111;11
1112;15
1113;7
1114;14
1115;11
1116;16
1117;9
1118;14
1119;25
1120;17
1121;15
1122;16
1123;9
1124;14
1125;14
1126;16
1127;17
1128;18
1129;18
1130;19
1201;18
1202;18
1203;15
1204;22
1205;13
1206;15
1207;13
1208;21
1209;20
1210;29
1211;14
1212;15
1213;14
1214;13
1215;17
1216;16
1217;19
1218;21
1219;18
1220;17
1221;13
1222;17
1223;18
1224;12
1225;14
1226;13
1227;9
1228;16
1229;14
1230;16
1231;13
