0101;25
0102;33
0103;26
0104;22
0105;23
0106;30
0107;31
0108;28
0109;24
0110;25
0111;22
0112;18
0113;30
0114;22
0115;19
0116;26
0117;15
0118;20
0119;38
0120;27
0121;21
0122;21
0123;29
0124;19
0125;16
0126;19
0127;25
0128;18
0129;23
0130;15
0131;25
0201;19
0202;36
0203;24
0204;23
0205;21
0206;26
0207;23
0208;20
0209;26
0210;21
0211;17
0212;18
0213;30
0214;18
0215;28
0216;21
0217;33
0218;18
0219;11
0220;24
0221;16
0222;11
0223;20
0224;24
0225;21
0226;23
0227;19
0228;24
0301;27
0302;28
0303;24
0304;20
0305;21
0306;27
0307;29
0308;21
0309;20
0310;19
0311;36
0312;30
0313;13
0314;22
0315;17
0316;32
0317;22
0318;13
0319;23
0320;24
0321;17
0322;24
0323;22
0324;21
0325;12
0326;25
0327;21
0328;20
0329;16
0330;28
0331;30
0401;20
0402;23
0403;27
0404;22
0405;15
0406;23
0407;31
0408;26
0409;26
0410;19
0411;27
0412;22
0413;20
0414;16
0415;14
0416;18
0417;20
0418;23
0419;18
0420;16
0421;23
0422;22
0423;29
0424;16
0425;15
0426;22
0427;22
0428;14
0429;23
0430;23
0501;13
0502;21
0503;22
0504;15
0505;13
0506;18
0507;13
0508;30
0509;19
0510;21
0511;24
0512;17
0513;17
0514;16
0515;19
0516;24
0517;19
0518;17
0519;22
0520;12
0521;13
0522;24
0523;23
0524;26
0525;16
0526;23
0527;20
0528;15
0529;10
0530;18
0531;23
0601;17
0602;23
0603;22
0604;14
0605;16
0606;21
0607;19
0608;16
0609;27
0610;24
0611;17
0612;12
0613;22
0614;19
0615;31
0616;24
0617;20
0618;22
0619;29
0620;22
0621;23
0622;21
0623;24
0624;19
0625;20
0626;23
0627;18
0628;23
0629;17
0630;18
0701;21
0702;29
0703;23
0704;20
0705;20
0706;21
0707;18
0708;17
0709;19
0710;25
0711;17
0712;19
0713;20
0714;25
0715;18
0716;28
0717;25
0718;17
0719;18
0720;20
0721;20
0722;20
0723;18
0724;16
0725;17
0726;26
0727;19
0728;24
0729;13
0730;24
0731;18
0801;19
0802;19
0803;19
0804;22
0805;20
0806;24
0807;20
0808;13
0809;24
0810;18
0811;23
0812;28
0813;17
0814;12
0815;21
0816;18
0817;25
0818;19
0819;15
0820;17
0821;14
0822;14
0823;19
0824;17
0825;24
0826;23
0827;18
0828;16
0829;18
0830;18
0831;16
0901;11
0902;25
0903;21
0904;25
0905;18
0906;13
0907;26
0908;16
0909;15
0910;18
0911;10
0912;14
0913;25
0914;24
0915;20
0916;25
0917;20
0918;17
0919;14
0920;25
0921;20
0922;16
0923;17
0924;19
0925;23
0926;21
0927;18
0928;17
0929;22
0930;16
1001;19
1002;19
1003;18
1004;22
1005;22
1006;17
1007;28
1008;24
1009;18
1010;21
1011;17
1012;25
1013;17
1014;20
1015;19
1016;18
1017;12
1018;18
1019;19
1020;25
1021;22
1022;22
1023;25
1024;16
1025;18
1026;12
1027;11
1028;24
1029;20
1030;20
1031;27
1101;18
1102;21
1103;16
1104;20
1105;15
1106;19
1107;15
1108;16
1109;19
1110;18
1111;25
1112;20
1113;19
1114;22
1115;20
1116;17
1117;23
1118;23
1119;19
1120;15
1121;37
1122;19
1123;23
1124;26
1125;33
1126;18
1127;24
1128;18
1129;20
1130;28
1201;32
1202;29
1203;17
1204;26
1205;21
1206;21
1207;21
1208;33
1209;22
1210;27
1211;17
1212;22
1213;25
1214;25
1215;26
1216;18
1217;37
1218;32
1219;23
1220;29
1221;25
1222;18
1223;26
1224;18
1225;27
1226;14
1227;39
1228;27
1229;18
1230;27
1231;33
