0101;7
0102;9
0103;15
0104;13
0105;15
0106;8
0107;11
0108;12
0109;5
0110;9
0111;7
0112;9
0113;4
0114;5
0115;7
0116;14
0117;7
0118;7
0119;9
0120;5
0121;9
0122;7
0123;10
0124;7
0125;17
0126;10
0127;11
0128;11
0129;8
0130;4
0131;9
0201;9
0202;10
0203;7
0204;7
0205;13
0206;9
0207;9
0208;11
0209;9
0210;8
0211;7
0212;14
0213;7
0214;11
0215;7
0216;13
0217;12
0218;12
0219;18
0220;8
0221;10
0222;9
0223;10
0224;4
0225;7
0226;13
0227;12
0228;13
0301;11
0302;13
0303;11
0304;8
0305;12
0306;11
0307;13
0308;10
0309;6
0310;18
0311;7
0312;14
0313;5
0314;15
0315;8
0316;9
0317;9
0318;6
0319;16
0320;9
0321;6
0322;13
0323;3
0324;11
0325;11
0326;14
0327;9
0328;10
0329;14
0330;6
0331;6
0401;7
0402;7
0403;11
0404;14
0405;6
0406;10
0407;7
0408;7
0409;5
0410;8
0411;11
0412;15
0413;11
0414;17
0415;7
0416;9
0417;12
0418;10
0419;13
0420;11
0421;5
0422;9
0423;5
0424;5
0425;7
0426;15
0427;9
0428;9
0429;9
0430;14
0501;11
0502;7
0503;11
0504;10
0505;6
0506;8
0507;4
0508;13
0509;13
0510;8
0511;14
0512;7
0513;7
0514;8
0515;13
0516;5
0517;11
0518;14
0519;5
0520;10
0521;9
0522;7
0523;7
0524;13
0525;8
0526;8
0527;7
0528;9
0529;4
0530;7
0531;8
0601;8
0602;9
0603;8
0604;8
0605;9
0606;8
0607;9
0608;11
0609;11
0610;7
0611;7
0612;4
0613;8
0614;9
0615;4
0616;10
0617;4
0618;9
0619;6
0620;9
0621;6
0622;4
0623;9
0624;15
0625;12
0626;8
0627;8
0628;12
0629;14
0630;7
0701;10
0702;10
0703;10
0704;8
0705;5
0706;11
0707;5
0708;10
0709;9
0710;7
0711;10
0712;12
0713;10
0714;4
0715;12
0716;10
0717;6
0718;5
0719;5
0720;5
0721;8
0722;8
0723;7
0724;12
0725;13
0726;7
0727;7
0728;4
0729;9
0730;12
0731;7
0801;9
0802;4
0803;16
0804;10
0805;8
0806;2
0807;9
0808;10
0809;10
0810;5
0811;11
0812;4
0813;8
0814;10
0815;14
0816;11
0817;9
0818;7
0819;9
0820;7
0821;15
0822;10
0823;6
0824;5
0825;11
0826;4
0827;5
0828;10
0829;10
0830;11
0831;10
0901;4
0902;11
0903;4
0904;8
0905;9
0906;6
0907;6
0908;7
0909;8
0910;2
0911;10
0912;10
0913;6
0914;10
0915;9
0916;6
0917;11
0918;5
0919;7
0920;9
0921;7
0922;8
0923;8
0924;6
0925;4
0926;8
0927;4
0928;8
0929;6
0930;10
1001;5
1002;9
1003;7
1004;8
1005;6
1006;11
1007;3
1008;8
1009;7
1010;3
1011;4
1012;8
1013;14
1014;3
1015;9
1016;4
1017;9
1018;7
1019;13
1020;9
1021;9
1022;9
1023;9
1024;13
1025;8
1026;11
1027;13
1028;9
1029;10
1030;13
1031;10
1101;6
1102;10
1103;15
1104;9
1105;8
1106;6
1107;10
1108;9
1109;14
1110;10
1111;9
1112;12
1113;8
1114;8
1115;11
1116;7
1117;7
1118;5
1119;6
1120;13
1121;9
1122;6
1123;6
1124;10
1125;10
1126;7
1127;11
1128;13
1129;10
1130;10
1201;8
1202;10
1203;7
1204;13
1205;13
1206;8
1207;9
1208;6
1209;14
1210;10
1211;12
1212;11
1213;10
1214;12
1215;8
1216;16
1217;6
1218;21
1219;12
1220;8
1221;8
1222;10
1223;8
1224;12
1225;10
1226;11
1227;14
1228;12
1229;5
1230;11
1231;11
