0101;9
0102;13
0103;13
0104;16
0105;10
0106;13
0107;18
0108;8
0109;15
0110;20
0111;13
0112;5
0113;10
0114;15
0115;15
0116;14
0117;17
0118;12
0119;15
0120;3
0121;9
0122;9
0123;15
0124;11
0125;7
0126;15
0127;6
0128;10
0129;12
0130;10
0131;6
0201;8
0202;8
0203;17
0204;11
0205;7
0206;12
0207;8
0208;11
0209;13
0210;13
0211;13
0212;13
0213;12
0214;11
0215;8
0216;13
0217;18
0218;15
0219;9
0220;10
0221;7
0222;7
0223;12
0224;14
0225;8
0226;9
0227;13
0228;10
0301;12
0302;11
0303;8
0304;16
0305;15
0306;10
0307;8
0308;14
0309;5
0310;12
0311;12
0312;17
0313;14
0314;11
0315;12
0316;15
0317;15
0318;16
0319;15
0320;11
0321;14
0322;11
0323;15
0324;14
0325;14
0326;19
0327;10
0328;9
0329;9
0330;15
0331;8
0401;11
0402;11
0403;9
0404;7
0405;20
0406;11
0407;6
0408;11
0409;18
0410;11
0411;7
0412;15
0413;15
0414;12
0415;9
0416;8
0417;7
0418;10
0419;12
0420;4
0421;7
0422;10
0423;6
0424;12
0425;4
0426;12
0427;9
0428;7
0429;7
0430;7
0501;7
0502;9
0503;5
0504;8
0505;7
0506;7
0507;12
0508;13
0509;15
0510;15
0511;10
0512;10
0513;13
0514;10
0515;13
0516;13
0517;12
0518;10
0519;6
0520;10
0521;6
0522;5
0523;9
0524;10
0525;16
0526;8
0527;5
0528;9
0529;10
0530;10
0531;10
0601;8
0602;12
0603;9
0604;15
0605;15
0606;8
0607;22
0608;7
0609;13
0610;10
0611;4
0612;5
0613;8
0614;9
0615;12
0616;11
0617;9
0618;7
0619;11
0620;6
0621;17
0622;9
0623;15
0624;9
0625;12
0626;7
0627;15
0628;4
0629;5
0630;8
0701;12
0702;10
0703;10
0704;12
0705;11
0706;7
0707;5
0708;11
0709;11
0710;7
0711;13
0712;11
0713;8
0714;6
0715;11
0716;7
0717;7
0718;16
0719;7
0720;7
0721;8
0722;10
0723;11
0724;13
0725;7
0726;8
0727;7
0728;9
0729;10
0730;9
0731;7
0801;10
0802;8
0803;8
0804;7
0805;9
0806;10
0807;7
0808;7
0809;10
0810;11
0811;7
0812;5
0813;9
0814;12
0815;9
0816;6
0817;10
0818;11
0819;6
0820;9
0821;9
0822;8
0823;10
0824;9
0825;7
0826;8
0827;4
0828;6
0829;8
0830;10
0831;5
0901;7
0902;10
0903;12
0904;3
0905;17
0906;8
0907;10
0908;9
0909;5
0910;11
0911;4
0912;11
0913;8
0914;16
0915;11
0916;12
0917;7
0918;9
0919;7
0920;11
0921;3
0922;7
0923;13
0924;7
0925;9
0926;7
0927;6
0928;9
0929;5
0930;5
1001;8
1002;12
1003;14
1004;6
1005;11
1006;8
1007;11
1008;8
1009;14
1010;8
1011;14
1012;10
1013;9
1014;15
1015;4
1016;6
1017;15
1018;5
1019;12
1020;8
1021;8
1022;6
1023;7
1024;13
1025;10
1026;15
1027;18
1028;13
1029;10
1030;4
1031;11
1101;11
1102;16
1103;12
1104;13
1105;6
1106;10
1107;15
1108;12
1109;14
1110;10
1111;7
1112;9
1113;13
1114;6
1115;9
1116;5
1117;6
1118;13
1119;8
1120;11
1121;6
1122;14
1123;8
1124;2
1125;17
1126;7
1127;7
1128;9
1129;13
1130;6
1201;10
1202;8
1203;13
1204;19
1205;10
1206;16
1207;13
1208;17
1209;9
1210;11
1211;12
1212;11
1213;8
1214;8
1215;7
1216;16
1217;6
1218;15
1219;12
1220;15
1221;14
1222;11
1223;13
1224;15
1225;11
1226;11
1227;11
1228;12
1229;8
1230;9
1231;13
