0101;7
0102;6
0103;7
0104;6
0105;3
0106;11
0107;4
0108;4
0109;6
0110;8
0111;6
0112;5
0113;5
0114;1
0115;10
0116;6
0117;3
0118;3
0119;9
0120;3
0121;5
0122;4
0123;5
0124;4
0125;7
0126;3
0127;5
0128;2
0129;6
0130;4
0131;8
0201;7
0202;4
0203;6
0204;7
0205;7
0206;3
0207;4
0208;5
0209;6
0210;6
0211;4
0212;6
0213;3
0214;4
0215;8
0216;4
0217;9
0218;8
0219;3
0220;4
0221;4
0222;8
0223;7
0224;8
0225;5
0226;10
0227;2
0228;5
0301;5
0302;7
0303;9
0304;5
0305;10
0306;5
0307;6
0308;7
0309;5
0310;8
0311;8
0312;4
0313;11
0314;6
0315;7
0316;3
0317;7
0318;3
0319;5
0320;7
0321;3
0322;7
0323;9
0324;3
0325;10
0326;7
0327;9
0328;5
0329;3
0330;10
0331;8
0401;4
0402;8
0403;4
0404;3
0405;2
0406;5
0407;5
0408;3
0409;7
0410;5
0411;6
0412;8
0413;3
0414;7
0415;5
0416;12
0417;2
0418;6
0419;5
0420;9
0421;7
0422;2
0423;8
0424;4
0425;8
0426;4
0427;3
0428;9
0429;8
0430;3
0501;11
0502;3
0503;6
0504;5
0505;10
0506;5
0507;8
0508;6
0509;9
0510;3
0511;4
0512;1
0513;6
0514;8
0515;4
0516;4
0517;6
0518;5
0519;5
0520;6
0521;1
0522;4
0523;3
0524;5
0525;4
0526;6
0527;4
0528;4
0529;9
0530;4
0531;3
0601;5
0602;9
0603;2
0604;3
0605;2
0606;6
0607;9
0608;6
0609;3
0610;7
0611;2
0612;4
0613;5
0614;3
0615;4
0616;1
0617;7
0618;3
0619;8
0620;6
0621;5
0622;4
0623;3
0624;6
0625;4
0626;8
0627;4
0628;8
0629;3
0630;2
0701;3
0702;2
0703;3
0704;5
0705;5
0706;4
0707;4
0708;2
0709;6
0710;4
0711;6
0712;7
0713;3
0714;5
0715;1
0716;9
0717;3
0718;5
0719;6
0720;5
0721;3
0722;3
0723;4
0724;2
0725;1
0726;7
0727;4
0728;3
0729;7
0730;8
0731;2
0801;3
0802;3
0803;6
0804;7
0805;4
0806;4
0807;6
0808;6
0809;2
0810;4
0811;5
0812;6
0813;3
0814;2
0815;2
0816;5
0817;1
0818;4
0819;4
0820;10
0821;3
0822;4
0823;5
0824;6
0825;3
0826;3
0827;4
0828;7
0829;9
0830;10
0831;3
0901;5
0902;5
0903;3
0904;6
0905;5
0906;8
0907;6
0908;6
0909;8
0910;7
0911;3
0912;5
0914;7
0915;4
0916;3
0917;2
0918;3
0919;6
0920;2
0921;6
0922;3
0923;7
0924;3
0925;5
0926;9
0927;2
0928;2
0929;10
0930;3
1001;8
1002;5
1004;9
1005;8
1006;7
1007;5
1008;4
1009;8
1010;7
1011;10
1012;6
1013;9
1014;5
1015;12
1016;3
1017;3
1018;9
1019;7
1020;4
1021;3
1022;5
1023;3
1024;6
1025;6
1026;5
1027;4
1028;7
1029;7
1030;7
1031;7
1101;5
1102;5
1103;5
1104;5
1105;9
1106;13
1107;4
1108;7
1109;6
1110;5
1111;4
1112;5
1113;5
1114;8
1115;7
1116;6
1117;4
1118;8
1119;8
1120;4
1121;4
1122;6
1123;4
1124;9
1125;3
1126;10
1127;3
1128;5
1129;6
1130;6
1201;8
1202;4
1203;3
1204;2
1205;5
1207;6
1208;6
1209;5
1210;6
1211;7
1212;6
1213;6
1214;5
1215;6
1216;4
1217;8
1218;5
1219;5
1220;7
1221;6
1222;8
1223;6
1224;7
1225;6
1226;1
1227;11
1228;6
1229;10
1230;12
1231;4
