0101;13
0102;12
0103;15
0104;12
0105;15
0106;19
0107;18
0108;18
0109;14
0110;23
0111;17
0112;13
0113;17
0114;10
0115;14
0116;12
0117;14
0118;15
0119;16
0120;20
0121;16
0122;10
0123;12
0124;9
0125;17
0126;13
0127;12
0128;18
0129;23
0130;21
0131;10
0201;11
0202;9
0203;8
0204;9
0205;14
0206;16
0207;9
0208;18
0209;15
0210;10
0211;12
0212;10
0213;15
0214;15
0215;16
0216;19
0217;13
0218;6
0219;14
0220;18
0221;19
0222;17
0223;18
0224;14
0225;11
0226;10
0227;13
0228;14
0301;22
0302;16
0303;8
0304;13
0305;9
0306;22
0307;9
0308;12
0309;17
0310;16
0311;9
0312;9
0313;10
0314;21
0315;21
0316;14
0317;25
0318;12
0319;5
0320;8
0321;10
0322;11
0323;9
0324;12
0325;14
0326;13
0327;7
0328;18
0329;13
0330;10
0331;11
0401;12
0402;15
0403;8
0404;6
0405;17
0406;16
0407;21
0408;13
0409;10
0410;15
0411;10
0412;12
0413;16
0414;7
0415;7
0416;11
0417;11
0418;5
0419;15
0420;15
0421;6
0422;13
0423;8
0424;10
0425;18
0426;11
0427;6
0428;14
0429;9
0430;13
0501;13
0502;12
0503;17
0504;10
0505;10
0506;6
0507;6
0508;14
0509;9
0510;8
0511;9
0512;9
0513;10
0514;15
0515;7
0516;8
0517;10
0518;15
0519;20
0520;12
0521;16
0522;10
0523;9
0524;16
0525;13
0526;14
0527;14
0528;8
0529;12
0530;7
0531;9
0601;17
0602;14
0603;8
0604;14
0605;13
0606;14
0607;15
0608;12
0609;9
0610;10
0611;12
0612;11
0613;19
0614;10
0615;13
0616;19
0617;16
0618;12
0619;15
0620;16
0621;13
0622;14
0623;9
0624;10
0625;5
0626;8
0627;6
0628;20
0629;16
0630;17
0700;1
0701;13
0702;13
0703;13
0704;16
0705;11
0706;7
0707;12
0708;7
0709;13
0710;16
0711;19
0712;11
0713;9
0714;12
0715;15
0716;12
0717;12
0718;8
0719;15
0720;9
0721;14
0722;14
0723;11
0724;11
0725;6
0726;10
0727;7
0728;17
0729;8
0730;12
0731;10
0801;16
0802;14
0803;10
0804;12
0805;16
0806;18
0807;8
0808;17
0809;10
0810;10
0811;8
0812;13
0813;9
0814;11
0815;12
0816;10
0817;7
0818;19
0819;13
0820;14
0821;10
0822;7
0823;18
0824;11
0825;14
0826;11
0827;18
0828;5
0829;10
0830;5
0831;15
0901;17
0902;5
0903;14
0904;11
0905;13
0906;14
0907;10
0908;15
0909;12
0910;17
0911;11
0912;17
0913;17
0914;9
0915;19
0916;4
0917;9
0918;8
0919;10
0920;14
0921;10
0922;9
0923;12
0924;11
0925;12
0926;17
0927;13
0928;17
0929;10
0930;11
1001;13
1002;12
1003;13
1004;12
1005;8
1006;15
1007;14
1008;14
1009;11
1010;11
1011;14
1012;22
1013;17
1014;12
1015;14
1016;12
1017;10
1018;12
1019;8
1020;11
1021;16
1022;13
1023;15
1024;13
1025;9
1026;7
1027;10
1028;10
1029;10
1030;17
1031;13
1101;11
1102;12
1103;12
1104;12
1105;16
1106;15
1107;12
1108;13
1109;17
1110;10
1111;12
1112;8
1113;15
1114;17
1115;19
1116;23
1117;16
1118;7
1119;13
1120;12
1121;8
1122;15
1123;14
1124;18
1125;12
1126;8
1127;14
1128;26
1129;18
1130;15
1201;9
1202;11
1203;14
1204;19
1205;10
1206;11
1207;25
1208;15
1209;11
1210;15
1211;17
1212;8
1213;10
1214;12
1215;15
1216;12
1217;21
1218;14
1219;14
1220;18
1221;16
1222;14
1223;17
1224;15
1225;14
1226;13
1227;15
1228;14
1229;20
1230;17
1231;18
