0101;11
0102;8
0103;12
0104;8
0105;19
0106;12
0107;11
0108;13
0109;10
0110;12
0111;10
0112;10
0113;14
0114;13
0115;7
0116;7
0117;16
0118;17
0119;10
0120;11
0121;13
0122;9
0123;11
0124;11
0125;15
0126;8
0127;13
0128;4
0129;7
0130;16
0131;7
0201;8
0202;15
0203;17
0204;14
0205;12
0206;18
0207;8
0208;11
0209;10
0210;10
0211;13
0212;11
0213;17
0214;14
0215;15
0216;13
0217;13
0218;9
0219;9
0220;12
0221;15
0222;10
0223;16
0224;15
0225;8
0226;11
0227;9
0228;15
0301;14
0302;20
0303;15
0304;13
0305;17
0306;13
0307;7
0308;16
0309;17
0310;8
0311;9
0312;13
0313;14
0314;13
0315;20
0316;13
0317;8
0318;10
0319;14
0320;11
0321;8
0322;14
0323;19
0324;15
0325;11
0326;11
0327;10
0328;11
0329;6
0330;9
0331;12
0401;11
0402;8
0403;10
0404;14
0405;14
0406;9
0407;10
0408;12
0409;6
0410;6
0411;20
0412;11
0413;12
0414;14
0415;10
0416;12
0417;12
0418;5
0419;13
0420;10
0421;10
0422;8
0423;11
0424;4
0425;11
0426;8
0427;13
0428;6
0429;8
0430;15
0501;3
0502;5
0503;7
0504;9
0505;9
0506;13
0507;12
0508;8
0509;12
0510;8
0511;11
0512;14
0513;7
0514;13
0515;9
0516;7
0517;8
0518;11
0519;15
0520;8
0521;11
0522;8
0523;10
0524;10
0525;17
0526;11
0527;11
0528;9
0529;9
0530;5
0531;16
0601;8
0602;13
0603;7
0604;12
0605;10
0606;8
0607;6
0608;11
0609;11
0610;6
0611;13
0612;12
0613;8
0614;6
0615;15
0616;11
0617;8
0618;12
0619;10
0620;10
0621;11
0622;13
0623;6
0624;13
0625;6
0626;11
0627;6
0628;12
0629;10
0630;8
0701;11
0702;6
0703;6
0704;11
0705;14
0706;9
0707;16
0708;7
0709;12
0710;14
0711;12
0712;16
0713;11
0714;9
0715;13
0716;14
0717;12
0718;12
0719;15
0720;18
0721;10
0722;7
0723;7
0724;8
0725;11
0726;8
0727;4
0728;6
0729;8
0730;10
0731;11
0801;8
0802;11
0803;10
0804;9
0805;2
0806;8
0807;7
0808;9
0809;16
0810;11
0811;8
0812;14
0813;15
0814;9
0815;12
0816;5
0817;7
0818;7
0819;10
0820;10
0821;4
0822;17
0823;8
0824;7
0825;9
0826;11
0827;4
0828;8
0829;4
0830;9
0831;9
0901;7
0902;11
0903;15
0904;14
0905;9
0906;8
0907;8
0908;7
0909;8
0910;14
0911;5
0912;8
0913;11
0914;8
0915;11
0916;6
0917;6
0918;12
0919;9
0920;9
0921;5
0922;7
0923;13
0924;11
0925;12
0926;5
0927;11
0928;13
0929;7
0930;7
1001;11
1002;12
1003;9
1004;15
1005;7
1006;13
1007;9
1008;11
1009;15
1010;11
1011;10
1012;16
1013;15
1014;10
1015;7
1016;11
1017;8
1018;10
1019;14
1020;8
1021;4
1022;8
1023;10
1024;9
1025;11
1026;12
1027;6
1028;9
1029;16
1030;12
1031;14
1101;12
1102;16
1103;14
1104;13
1105;11
1106;14
1107;8
1108;9
1109;15
1110;6
1111;11
1112;8
1113;15
1114;12
1115;13
1116;11
1117;8
1118;8
1119;10
1120;10
1121;13
1122;13
1123;9
1124;8
1125;19
1126;19
1127;10
1128;16
1129;11
1130;17
1201;5
1202;4
1203;9
1204;14
1205;13
1206;21
1207;19
1208;14
1209;12
1210;16
1211;11
1212;10
1213;17
1214;18
1215;16
1216;14
1217;14
1218;12
1219;8
1220;11
1221;5
1222;7
1223;9
1224;14
1225;13
1226;13
1227;18
1228;10
1229;13
1230;11
1231;12
