0101;25
0102;23
0103;27
0104;26
0105;28
0106;26
0107;19
0108;20
0109;19
0110;26
0111;19
0112;23
0113;21
0114;21
0115;12
0116;28
0117;10
0118;23
0119;36
0120;19
0121;22
0122;25
0123;10
0124;20
0125;18
0126;25
0127;21
0128;14
0129;28
0130;21
0131;16
0201;13
0202;21
0203;22
0204;19
0205;28
0206;18
0207;26
0208;12
0209;28
0210;15
0211;20
0212;13
0213;17
0214;18
0215;22
0216;15
0217;19
0218;19
0219;22
0220;12
0221;25
0222;20
0223;19
0224;23
0225;20
0226;17
0227;15
0228;16
0301;23
0302;26
0303;29
0304;14
0305;19
0306;23
0307;29
0308;23
0309;22
0310;23
0311;20
0312;28
0313;25
0314;24
0315;21
0316;19
0317;19
0318;28
0319;21
0320;18
0321;19
0322;23
0323;17
0324;24
0325;23
0326;15
0327;20
0328;9
0329;20
0330;13
0331;17
0401;21
0402;10
0403;17
0404;24
0405;35
0406;23
0407;21
0408;18
0409;10
0410;20
0411;13
0412;20
0413;20
0414;20
0415;17
0416;15
0417;24
0418;28
0419;8
0420;19
0421;16
0422;26
0423;15
0424;28
0425;15
0426;21
0427;36
0428;24
0429;26
0430;21
0501;14
0502;13
0503;29
0504;19
0505;15
0506;17
0507;22
0508;11
0509;23
0510;22
0511;23
0512;17
0513;15
0514;17
0515;15
0516;15
0517;18
0518;24
0519;9
0520;16
0521;17
0522;22
0523;18
0524;25
0525;20
0526;16
0527;19
0528;17
0529;15
0530;18
0531;18
0601;20
0602;18
0603;20
0604;19
0605;20
0606;15
0607;22
0608;21
0609;24
0610;25
0611;22
0612;20
0613;15
0614;19
0615;14
0616;10
0617;18
0618;18
0619;16
0620;19
0621;13
0622;16
0623;12
0624;17
0625;25
0626;22
0627;18
0628;30
0629;15
0630;14
0701;16
0702;21
0703;24
0704;23
0705;16
0706;23
0707;16
0708;13
0709;16
0710;24
0711;20
0712;14
0713;19
0714;11
0715;14
0716;15
0717;18
0718;21
0719;16
0720;18
0721;16
0722;14
0723;18
0724;23
0725;20
0726;15
0727;17
0728;11
0729;20
0730;14
0731;15
0801;9
0802;23
0803;18
0804;23
0805;18
0806;13
0807;15
0808;19
0809;18
0810;13
0811;22
0812;14
0813;13
0814;19
0815;14
0816;15
0817;16
0818;20
0819;16
0820;11
0821;13
0822;16
0823;12
0824;15
0825;13
0826;11
0827;20
0828;14
0829;20
0830;14
0831;19
0901;12
0902;21
0903;15
0904;16
0905;15
0906;19
0907;12
0908;16
0909;18
0910;17
0911;17
0912;16
0913;11
0914;26
0915;20
0916;17
0917;21
0918;12
0919;18
0920;15
0921;25
0922;10
0923;17
0924;16
0925;15
0926;18
0927;13
0928;17
0929;15
0930;19
1001;15
1002;12
1003;17
1004;23
1005;16
1006;13
1007;9
1008;13
1009;12
1010;19
1011;23
1012;20
1013;11
1014;24
1015;17
1016;14
1017;15
1018;9
1019;19
1020;26
1021;16
1022;12
1023;12
1024;17
1025;22
1026;25
1027;15
1028;12
1029;23
1030;10
1031;23
1101;21
1102;20
1103;18
1104;15
1105;26
1106;18
1107;18
1108;18
1109;15
1110;19
1111;18
1112;23
1113;16
1114;16
1115;15
1116;16
1117;16
1118;16
1119;13
1120;17
1121;15
1122;23
1123;17
1124;19
1125;19
1126;16
1127;19
1128;27
1129;18
1130;25
1201;16
1202;19
1203;23
1204;21
1205;20
1206;25
1207;25
1208;26
1209;23
1210;12
1211;15
1212;20
1213;18
1214;19
1215;21
1216;18
1217;29
1218;22
1219;15
1220;28
1221;22
1222;23
1223;32
1224;22
1225;25
1226;22
1227;27
1228;27
1229;30
1230;23
1231;28
