0101;9
0102;19
0103;12
0104;8
0105;8
0106;18
0107;13
0108;15
0109;14
0110;12
0111;14
0112;19
0113;7
0114;6
0115;14
0116;16
0117;14
0118;11
0119;21
0120;16
0121;14
0122;6
0123;21
0124;11
0125;13
0126;20
0127;13
0128;5
0129;16
0130;15
0131;13
0201;8
0202;9
0203;13
0204;13
0205;16
0206;17
0207;18
0208;14
0209;16
0210;9
0211;11
0212;17
0213;10
0214;12
0215;13
0216;19
0217;13
0218;13
0219;26
0220;20
0221;20
0222;10
0223;18
0224;18
0225;16
0226;14
0227;12
0228;13
0301;16
0302;12
0303;14
0304;15
0305;8
0306;16
0307;12
0308;16
0309;17
0310;12
0311;18
0312;12
0313;22
0314;12
0315;17
0316;14
0317;13
0318;13
0319;8
0320;11
0321;7
0322;18
0323;15
0324;13
0325;16
0326;11
0327;15
0328;11
0329;14
0330;14
0331;22
0401;11
0402;15
0403;7
0404;12
0405;15
0406;15
0407;14
0408;7
0409;9
0410;14
0411;12
0412;10
0413;10
0414;8
0415;17
0416;10
0417;12
0418;12
0419;15
0420;15
0421;14
0422;13
0423;9
0424;14
0425;14
0426;11
0427;15
0428;15
0429;14
0430;15
0501;17
0502;14
0503;8
0504;14
0505;12
0506;11
0507;17
0508;21
0509;11
0510;14
0511;17
0512;8
0513;11
0514;7
0515;8
0516;9
0517;8
0518;7
0519;13
0520;18
0521;10
0522;15
0523;12
0524;9
0525;6
0526;12
0527;15
0528;10
0529;13
0530;10
0531;10
0601;11
0602;16
0603;6
0604;7
0605;14
0606;14
0607;12
0608;11
0609;11
0610;13
0611;8
0612;9
0613;16
0614;8
0615;18
0616;12
0617;15
0618;5
0619;11
0620;9
0621;9
0622;7
0623;12
0624;16
0625;14
0626;7
0627;11
0628;11
0629;7
0630;11
0701;8
0702;10
0703;16
0704;14
0705;17
0706;17
0707;10
0708;17
0709;12
0710;7
0711;10
0712;22
0713;10
0714;11
0715;7
0716;11
0717;16
0718;12
0719;9
0720;12
0721;12
0722;13
0723;8
0724;13
0725;9
0726;9
0727;13
0728;13
0729;9
0730;17
0731;11
0801;13
0802;15
0803;8
0804;10
0805;7
0806;15
0807;17
0808;17
0809;8
0810;14
0811;12
0812;11
0813;13
0814;9
0815;11
0816;18
0817;12
0818;10
0819;12
0820;9
0821;7
0822;13
0823;8
0824;16
0825;10
0826;18
0827;16
0828;11
0829;8
0830;10
0831;10
0901;13
0902;11
0903;13
0904;12
0905;10
0906;17
0907;9
0908;18
0909;12
0910;11
0911;10
0912;11
0913;15
0914;8
0915;10
0916;15
0917;8
0918;13
0919;8
0920;6
0921;10
0922;16
0923;9
0924;10
0925;13
0926;10
0927;8
0928;9
0929;16
0930;15
1001;20
1002;9
1003;13
1004;13
1005;9
1006;11
1007;12
1008;9
1009;11
1010;12
1011;15
1012;24
1013;13
1014;12
1015;9
1016;14
1017;15
1018;12
1019;10
1020;9
1021;7
1022;15
1023;13
1024;11
1025;12
1026;10
1027;9
1028;15
1029;11
1030;9
1031;16
1101;16
1102;12
1103;10
1104;14
1105;11
1106;15
1107;14
1108;11
1109;11
1110;10
1111;10
1112;18
1113;8
1114;11
1115;15
1116;14
1117;13
1118;13
1119;9
1120;14
1121;17
1122;14
1123;15
1124;10
1125;17
1126;17
1127;15
1128;12
1129;15
1130;9
1201;11
1202;16
1203;9
1204;15
1205;9
1206;17
1207;24
1208;14
1209;10
1210;9
1211;14
1212;10
1213;16
1214;10
1215;10
1216;22
1217;14
1218;16
1219;10
1220;8
1221;13
1222;15
1223;18
1224;11
1225;17
1226;15
1227;12
1228;7
1229;12
1230;13
1231;13
