0101;5
0103;3
0104;7
0105;6
0106;6
0108;5
0109;3
0110;6
0111;1
0112;2
0113;1
0114;4
0115;3
0116;2
0117;3
0118;4
0119;6
0120;3
0121;5
0122;4
0123;2
0124;3
0125;2
0126;5
0127;3
0128;2
0129;2
0130;3
0131;3
0201;4
0202;1
0203;6
0204;1
0205;3
0206;4
0207;4
0208;2
0209;4
0210;2
0211;5
0212;3
0213;12
0214;1
0215;6
0216;4
0217;5
0218;5
0219;5
0221;4
0222;2
0223;2
0224;2
0225;4
0226;4
0227;3
0228;1
0301;3
0302;6
0303;5
0304;4
0305;1
0306;5
0307;1
0308;2
0309;2
0310;3
0311;7
0312;2
0313;2
0314;3
0315;2
0316;4
0317;2
0319;4
0320;6
0321;3
0322;7
0323;6
0325;3
0326;3
0327;3
0328;3
0329;3
0330;1
0331;3
0401;4
0402;2
0403;3
0404;7
0405;4
0406;3
0407;8
0408;2
0409;5
0410;2
0411;3
0413;3
0414;2
0415;3
0416;1
0417;3
0418;2
0419;3
0420;2
0421;2
0422;4
0423;3
0425;2
0426;5
0427;1
0428;10
0429;5
0430;3
0501;6
0502;4
0503;2
0504;2
0505;1
0506;4
0507;6
0508;2
0509;5
0510;8
0511;2
0512;1
0513;1
0514;3
0515;5
0516;4
0517;2
0518;1
0519;6
0520;3
0521;3
0522;3
0523;4
0524;2
0525;1
0526;1
0527;6
0528;2
0529;2
0530;4
0531;2
0601;4
0602;1
0603;3
0604;4
0605;3
0606;6
0607;3
0608;2
0609;3
0610;1
0612;3
0613;2
0614;1
0615;5
0616;4
0617;2
0618;4
0619;1
0620;2
0621;2
0622;2
0623;7
0624;4
0625;1
0626;4
0627;5
0628;3
0629;4
0630;2
0701;3
0702;5
0703;8
0704;4
0705;4
0706;3
0707;3
0708;3
0709;5
0710;5
0711;3
0712;4
0713;4
0714;4
0715;6
0716;4
0717;5
0718;2
0719;2
0720;5
0721;3
0722;8
0723;2
0724;2
0725;1
0726;3
0727;3
0728;2
0729;1
0730;4
0731;4
0801;4
0802;3
0803;2
0804;1
0805;8
0806;4
0807;1
0808;4
0809;2
0810;4
0811;5
0812;2
0813;3
0814;4
0815;3
0816;3
0817;6
0818;4
0819;5
0820;3
0821;3
0822;2
0823;1
0824;7
0825;4
0826;3
0827;3
0829;1
0830;1
0831;2
0901;3
0902;3
0903;2
0904;2
0905;2
0906;3
0907;1
0908;5
0909;6
0910;2
0911;4
0912;3
0913;10
0914;4
0915;3
0916;6
0917;2
0918;3
0919;1
0920;5
0921;2
0922;2
0923;2
0924;2
0925;5
0926;1
0927;1
0928;5
0929;2
0930;2
1001;2
1002;4
1003;4
1004;5
1005;5
1006;3
1007;1
1008;2
1009;5
1010;3
1011;5
1012;3
1013;1
1014;5
1015;2
1017;3
1019;2
1020;2
1021;5
1022;2
1023;3
1024;3
1025;2
1026;7
1027;2
1028;1
1029;4
1030;3
1031;5
1101;3
1102;1
1103;1
1104;2
1105;2
1106;3
1107;2
1108;1
1109;1
1110;3
1112;5
1113;5
1115;3
1116;5
1117;4
1118;4
1119;3
1120;4
1121;2
1122;3
1124;4
1125;5
1126;3
1127;3
1128;3
1129;2
1130;6
1201;2
1202;2
1203;7
1204;7
1205;4
1206;6
1207;2
1208;2
1209;3
1210;4
1211;3
1212;2
1213;5
1214;3
1215;6
1216;2
1217;4
1218;3
1219;2
1220;3
1221;1
1222;2
1223;5
1224;4
1225;4
1226;7
1227;2
1228;3
1229;7
1230;3
1231;7
