0101;44
0102;27
0103;35
0104;39
0105;38
0106;44
0107;45
0108;43
0109;37
0110;46
0111;36
0112;44
0113;33
0114;32
0115;40
0116;39
0117;29
0118;34
0119;42
0120;40
0121;27
0122;33
0123;35
0124;45
0125;31
0126;23
0127;31
0128;39
0129;43
0130;40
0131;38
0201;46
0202;38
0203;27
0204;35
0205;46
0206;33
0207;33
0208;44
0209;38
0210;37
0211;44
0212;44
0213;37
0214;38
0215;45
0216;40
0217;32
0218;38
0219;43
0220;49
0221;39
0222;43
0223;39
0224;30
0225;31
0226;48
0227;47
0228;37
0301;30
0302;40
0303;32
0304;29
0305;41
0306;31
0307;31
0308;41
0309;44
0310;29
0311;35
0312;27
0313;22
0314;37
0315;40
0316;31
0317;43
0318;28
0319;41
0320;32
0321;30
0322;38
0323;25
0324;27
0325;34
0326;33
0327;29
0328;25
0329;26
0330;25
0331;28
0401;23
0402;36
0403;33
0404;31
0405;36
0406;48
0407;38
0408;25
0409;32
0410;31
0411;35
0412;26
0413;33
0414;24
0415;44
0416;37
0417;29
0418;39
0419;41
0420;30
0421;28
0422;39
0423;29
0424;31
0425;24
0426;39
0427;39
0428;36
0429;43
0430;40
0501;37
0502;40
0503;25
0504;34
0505;34
0506;24
0507;30
0508;34
0509;32
0510;28
0511;30
0512;29
0513;31
0514;30
0515;38
0516;43
0517;26
0518;23
0519;30
0520;37
0521;38
0522;39
0523;28
0524;25
0525;39
0526;27
0527;34
0528;27
0529;38
0530;34
0531;26
0601;35
0602;37
0603;31
0604;23
0605;30
0606;27
0607;35
0608;30
0609;25
0610;39
0611;27
0612;25
0613;31
0614;30
0615;18
0616;20
0617;31
0618;25
0619;27
0620;32
0621;28
0622;31
0623;41
0624;22
0625;31
0626;29
0627;26
0628;27
0629;26
0630;38
0701;28
0702;28
0703;26
0704;33
0705;31
0706;31
0707;25
0708;32
0709;47
0710;28
0711;41
0712;34
0713;22
0714;36
0715;36
0716;32
0717;33
0718;29
0719;32
0720;32
0721;31
0722;28
0723;32
0724;26
0725;33
0726;35
0727;27
0728;23
0729;36
0730;34
0731;26
0801;33
0802;29
0803;26
0804;22
0805;36
0806;29
0807;36
0808;41
0809;27
0810;33
0811;27
0812;35
0813;24
0814;27
0815;36
0816;30
0817;33
0818;28
0819;27
0820;35
0821;26
0822;33
0823;34
0824;33
0825;26
0826;37
0827;32
0828;30
0829;22
0830;23
0831;34
0901;27
0902;24
0903;28
0904;27
0905;22
0906;33
0907;39
0908;25
0909;33
0910;31
0911;25
0912;26
0913;27
0914;29
0915;27
0916;29
0917;36
0918;32
0919;28
0920;37
0921;42
0922;26
0923;37
0924;31
0925;35
0926;26
0927;26
0928;45
0929;33
0930;31
1001;25
1002;33
1003;20
1004;28
1005;36
1006;26
1007;26
1008;20
1009;28
1010;32
1011;25
1012;36
1013;29
1014;40
1015;41
1016;27
1017;37
1018;29
1019;40
1020;39
1021;45
1022;30
1023;36
1024;40
1025;46
1026;36
1027;23
1028;36
1029;32
1030;38
1031;28
1101;24
1102;22
1103;32
1104;43
1105;24
1106;26
1107;18
1108;45
1109;38
1110;35
1111;38
1112;40
1113;23
1114;37
1115;43
1116;30
1117;36
1118;44
1119;26
1120;32
1121;31
1122;30
1123;42
1124;40
1125;26
1126;36
1127;43
1128;50
1129;34
1130;34
1201;23
1202;42
1203;32
1204;31
1205;37
1206;38
1207;25
1208;40
1209;38
1210;39
1211;42
1212;21
1213;42
1214;28
1215;37
1216;46
1217;44
1218;34
1219;33
1220;45
1221;33
1222;44
1223;29
1224;47
1225;35
1226;34
1227;29
1228;39
1229;49
1230;41
1231;28
