0101;5
0102;6
0103;11
0104;9
0105;6
0106;8
0107;8
0108;9
0109;11
0110;6
0111;4
0112;8
0113;8
0114;6
0115;6
0116;11
0117;8
0118;7
0119;12
0120;11
0121;8
0122;4
0123;3
0124;12
0125;9
0126;8
0127;12
0128;7
0129;9
0130;8
0131;6
0201;8
0202;5
0203;7
0204;11
0205;11
0206;8
0207;14
0208;15
0209;7
0210;9
0211;10
0212;12
0213;8
0214;6
0215;12
0216;5
0217;7
0218;16
0219;14
0220;6
0221;10
0222;7
0223;10
0224;8
0225;5
0226;8
0227;10
0228;11
0301;8
0302;8
0303;6
0304;4
0305;10
0306;7
0307;14
0308;10
0309;11
0310;3
0311;5
0312;8
0313;10
0314;9
0315;3
0316;7
0317;7
0318;6
0319;4
0320;11
0321;5
0322;6
0323;2
0324;7
0325;6
0326;7
0327;6
0328;7
0329;7
0330;5
0331;10
0401;9
0402;12
0403;8
0404;5
0405;5
0406;3
0407;8
0408;8
0409;6
0410;4
0411;8
0412;10
0413;5
0414;3
0415;8
0416;8
0417;9
0418;9
0419;5
0420;6
0421;4
0422;7
0423;5
0424;5
0425;7
0426;10
0427;7
0428;5
0429;5
0430;9
0501;6
0502;8
0503;7
0504;8
0505;5
0506;4
0507;2
0508;8
0509;4
0510;5
0511;4
0512;7
0513;8
0514;6
0515;7
0516;5
0517;8
0518;7
0519;5
0520;6
0521;7
0522;6
0523;12
0524;6
0525;6
0526;5
0527;5
0528;14
0529;4
0530;7
0531;6
0601;3
0602;12
0603;6
0604;9
0605;7
0606;6
0607;8
0608;2
0609;8
0610;2
0611;7
0612;5
0613;9
0614;6
0615;5
0616;9
0617;4
0618;5
0619;7
0620;9
0621;5
0622;10
0623;12
0624;5
0625;3
0626;7
0627;12
0628;8
0629;7
0630;5
0701;12
0702;6
0703;6
0704;3
0705;3
0706;7
0707;2
0708;4
0709;8
0710;8
0711;5
0712;9
0713;4
0714;8
0715;6
0716;6
0717;4
0718;7
0719;6
0720;6
0721;11
0722;4
0723;6
0724;4
0725;4
0726;6
0727;8
0728;8
0729;6
0730;9
0731;9
0801;4
0802;7
0803;7
0804;8
0805;7
0806;6
0807;13
0808;5
0809;4
0810;9
0811;5
0812;9
0813;3
0814;7
0815;2
0816;11
0817;5
0818;8
0819;8
0820;7
0821;5
0822;6
0823;5
0824;7
0825;11
0826;7
0827;6
0828;9
0829;9
0830;6
0831;6
0901;10
0902;2
0903;10
0904;4
0905;9
0906;5
0907;5
0908;8
0909;10
0910;7
0911;4
0912;7
0913;11
0914;2
0915;8
0916;6
0917;4
0918;7
0919;8
0920;5
0921;6
0922;14
0923;8
0924;10
0925;4
0926;7
0927;10
0928;7
0929;6
0930;11
1001;4
1002;8
1003;13
1004;12
1005;6
1006;5
1007;9
1008;5
1009;11
1010;12
1011;8
1012;5
1013;8
1014;4
1015;7
1016;1
1017;9
1018;12
1019;4
1020;11
1021;5
1022;12
1023;5
1024;5
1025;7
1026;7
1027;10
1028;5
1029;4
1030;4
1031;5
1101;4
1102;8
1103;10
1104;6
1105;5
1106;6
1107;5
1108;5
1109;5
1110;8
1111;2
1112;10
1113;3
1114;12
1115;10
1116;9
1117;9
1118;4
1119;8
1120;8
1121;5
1122;10
1123;9
1124;8
1125;4
1126;4
1127;16
1128;4
1129;9
1130;6
1201;10
1202;6
1203;5
1204;8
1205;8
1206;2
1207;8
1208;12
1209;4
1210;5
1211;6
1212;11
1213;6
1214;7
1215;10
1216;9
1217;8
1218;11
1219;9
1220;6
1221;11
1222;7
1223;10
1224;6
1225;4
1226;4
1227;11
1228;9
1229;9
1230;5
1231;11
