0101;10
0102;17
0103;12
0104;12
0105;12
0106;11
0107;10
0108;7
0109;12
0110;12
0111;11
0112;11
0113;11
0114;13
0115;13
0116;14
0117;11
0118;11
0119;9
0120;13
0121;10
0122;14
0123;9
0124;9
0125;15
0126;11
0127;16
0128;10
0129;13
0130;11
0131;8
0201;11
0202;14
0203;14
0204;14
0205;9
0206;21
0207;11
0208;17
0209;12
0210;14
0211;15
0212;6
0213;13
0214;12
0215;12
0216;17
0217;8
0218;9
0219;15
0220;19
0221;11
0222;14
0223;16
0224;10
0225;12
0226;11
0227;9
0228;13
0301;9
0302;11
0303;14
0304;14
0305;16
0306;15
0307;12
0308;16
0309;6
0310;9
0311;13
0312;16
0313;10
0314;14
0315;10
0316;10
0317;7
0318;17
0319;10
0320;11
0321;13
0322;13
0323;13
0324;7
0325;12
0326;7
0327;14
0328;7
0329;17
0330;7
0331;9
0401;10
0402;11
0403;7
0404;12
0405;12
0406;13
0407;10
0408;15
0409;10
0410;11
0411;12
0412;15
0413;13
0414;6
0415;10
0416;6
0417;7
0418;11
0419;11
0420;8
0421;19
0422;11
0423;8
0424;5
0425;10
0426;14
0427;17
0428;8
0429;9
0430;8
0501;14
0502;12
0503;8
0504;13
0505;18
0506;12
0507;12
0508;14
0509;13
0510;15
0511;6
0512;9
0513;12
0514;16
0515;12
0516;13
0517;8
0518;12
0519;15
0520;6
0521;15
0522;16
0523;8
0524;6
0525;9
0526;12
0527;9
0528;7
0529;17
0530;12
0531;7
0601;15
0602;9
0603;14
0604;8
0605;9
0606;14
0607;10
0608;15
0609;7
0610;6
0611;9
0612;10
0613;17
0614;15
0615;8
0616;19
0617;13
0618;10
0619;10
0620;10
0621;7
0622;9
0623;13
0624;7
0625;9
0626;15
0627;8
0628;6
0629;13
0630;14
0701;7
0702;14
0703;6
0704;10
0705;9
0706;13
0707;7
0708;8
0709;8
0710;9
0711;6
0712;9
0713;12
0714;12
0715;10
0716;11
0717;8
0718;10
0719;8
0720;18
0721;8
0722;8
0723;17
0724;12
0725;5
0726;4
0727;5
0728;9
0729;16
0730;12
0731;19
0801;8
0802;9
0803;11
0804;11
0805;10
0806;12
0807;9
0808;6
0809;8
0810;11
0811;13
0812;10
0813;8
0814;10
0815;15
0816;8
0817;13
0818;11
0819;10
0820;9
0821;10
0822;8
0823;9
0824;13
0825;11
0826;8
0827;18
0828;13
0829;10
0830;12
0831;15
0901;10
0902;7
0903;9
0904;16
0905;18
0906;13
0907;6
0908;12
0909;9
0910;6
0911;13
0912;12
0913;6
0914;8
0915;13
0916;10
0917;13
0918;9
0919;8
0920;8
0921;12
0922;11
0923;12
0924;13
0925;7
0926;11
0927;16
0928;10
0929;16
0930;5
1001;10
1002;10
1003;4
1004;10
1005;10
1006;8
1007;16
1008;13
1009;7
1010;10
1011;5
1012;11
1013;15
1014;10
1015;15
1016;10
1017;13
1018;7
1019;8
1020;7
1021;9
1022;8
1023;14
1024;14
1025;13
1026;16
1027;15
1028;10
1029;14
1030;14
1031;11
1101;14
1102;11
1103;17
1104;11
1105;10
1106;13
1107;11
1108;12
1109;11
1110;12
1111;8
1112;8
1113;17
1114;13
1115;10
1116;12
1117;9
1118;12
1119;10
1120;8
1121;10
1122;14
1123;10
1124;12
1125;13
1126;10
1127;12
1128;8
1129;22
1130;8
1201;13
1202;9
1203;10
1204;11
1205;9
1206;14
1207;11
1208;12
1209;11
1210;13
1211;13
1212;8
1213;8
1214;11
1215;16
1216;17
1217;9
1218;8
1219;7
1220;7
1221;14
1222;12
1223;13
1224;20
1225;12
1226;11
1227;9
1228;13
1229;21
1230;15
1231;7
