0101;14
0102;22
0103;28
0104;18
0105;27
0106;23
0107;28
0108;19
0109;26
0110;23
0111;26
0112;27
0113;24
0114;22
0115;24
0116;29
0117;30
0118;24
0119;17
0120;24
0121;29
0122;24
0123;19
0124;20
0125;24
0126;35
0127;27
0128;29
0129;34
0130;22
0131;22
0201;25
0202;34
0203;27
0204;32
0205;31
0206;25
0207;22
0208;27
0209;21
0210;20
0211;21
0212;23
0213;21
0214;29
0215;31
0216;33
0217;16
0218;25
0219;30
0220;24
0221;26
0222;18
0223;19
0224;31
0225;30
0226;24
0227;30
0228;30
0301;30
0302;31
0303;20
0304;23
0305;23
0306;32
0307;27
0308;27
0309;26
0310;23
0311;36
0312;22
0313;14
0314;23
0315;36
0316;22
0317;18
0318;28
0319;17
0320;23
0321;30
0322;26
0323;19
0324;26
0325;28
0326;19
0327;26
0328;29
0329;19
0330;18
0331;24
0401;27
0402;26
0403;29
0404;22
0405;20
0406;22
0407;23
0408;19
0409;23
0410;23
0411;21
0412;31
0413;25
0414;29
0415;22
0416;27
0417;20
0418;27
0419;19
0420;22
0421;27
0422;31
0423;25
0424;14
0425;22
0426;27
0427;20
0428;20
0429;28
0430;31
0501;27
0502;24
0503;22
0504;18
0505;21
0506;31
0507;35
0508;22
0509;19
0510;25
0511;21
0512;27
0513;21
0514;33
0515;25
0516;19
0517;28
0518;23
0519;20
0520;15
0521;30
0522;18
0523;23
0524;30
0525;22
0526;26
0527;33
0528;33
0529;24
0530;22
0531;27
0601;24
0602;28
0603;23
0604;13
0605;27
0606;25
0607;20
0608;17
0609;17
0610;21
0611;23
0612;18
0613;15
0614;28
0615;28
0616;22
0617;23
0618;22
0619;21
0620;23
0621;27
0622;29
0623;22
0624;22
0625;18
0626;29
0627;16
0628;18
0629;17
0630;30
0701;26
0702;25
0703;18
0704;19
0705;28
0706;18
0707;23
0708;17
0709;17
0710;23
0711;21
0712;19
0713;30
0714;26
0715;16
0716;21
0717;23
0718;28
0719;17
0720;31
0721;29
0722;19
0723;16
0724;26
0725;15
0726;10
0727;18
0728;22
0729;28
0730;22
0731;16
0801;18
0802;23
0803;14
0804;19
0805;19
0806;23
0807;22
0808;19
0809;17
0810;19
0811;19
0812;14
0813;34
0814;29
0815;22
0816;24
0817;23
0818;14
0819;23
0820;24
0821;26
0822;23
0823;31
0824;24
0825;20
0826;21
0827;18
0828;18
0829;21
0830;20
0831;22
0901;23
0902;17
0903;25
0904;21
0905;15
0906;21
0907;29
0908;21
0909;16
0910;24
0911;20
0912;27
0913;24
0914;18
0915;18
0916;26
0917;22
0918;33
0919;25
0920;21
0921;16
0922;27
0923;20
0924;16
0925;20
0926;17
0927;22
0928;22
0929;21
0930;21
1001;22
1002;22
1003;19
1004;22
1005;22
1006;23
1007;29
1008;15
1009;25
1010;25
1011;27
1012;22
1013;28
1014;23
1015;28
1016;10
1017;24
1018;25
1019;32
1020;19
1021;33
1022;23
1023;20
1024;22
1025;25
1026;21
1027;28
1028;24
1029;27
1030;17
1031;23
1101;25
1102;40
1103;31
1104;26
1105;17
1106;21
1107;24
1108;27
1109;24
1110;28
1111;17
1112;25
1113;14
1114;25
1115;35
1116;21
1117;27
1118;32
1119;18
1120;25
1121;21
1122;20
1123;13
1124;28
1125;21
1126;23
1127;29
1128;28
1129;23
1130;31
1201;21
1202;30
1203;22
1204;22
1205;41
1206;21
1207;23
1208;21
1209;22
1210;20
1211;19
1212;21
1213;23
1214;29
1215;26
1216;21
1217;29
1218;19
1219;28
1220;19
1221;23
1222;17
1223;38
1224;34
1225;22
1226;19
1227;32
1228;29
1229;31
1230;16
1231;32
