0101;3
0102;13
0103;15
0104;4
0105;6
0106;8
0107;4
0108;12
0109;9
0110;8
0111;3
0112;10
0113;7
0114;11
0115;8
0116;8
0117;7
0118;9
0119;3
0120;4
0121;7
0122;8
0123;7
0124;7
0125;6
0126;9
0127;6
0128;4
0129;13
0130;15
0131;11
0201;8
0202;8
0203;6
0204;14
0205;4
0206;11
0207;9
0208;5
0209;6
0210;8
0211;7
0212;7
0213;6
0214;6
0215;13
0216;8
0217;8
0218;10
0219;8
0220;9
0221;9
0222;6
0223;4
0224;7
0225;8
0226;8
0227;10
0228;10
0301;10
0302;9
0303;7
0304;2
0305;7
0306;8
0307;8
0308;4
0309;10
0310;9
0311;10
0312;15
0313;9
0314;6
0315;11
0316;8
0317;4
0318;14
0319;7
0320;11
0321;9
0322;6
0323;6
0324;8
0325;6
0326;7
0327;9
0328;3
0329;6
0330;10
0331;5
0401;9
0402;7
0403;8
0404;11
0405;11
0406;7
0407;10
0408;9
0409;6
0410;6
0411;7
0412;7
0413;6
0414;8
0415;7
0416;6
0417;5
0418;9
0419;9
0420;4
0421;9
0422;9
0423;5
0424;10
0425;11
0426;3
0427;6
0428;10
0429;10
0430;7
0501;7
0502;13
0503;7
0504;6
0505;7
0506;10
0507;6
0508;6
0509;6
0510;10
0511;13
0512;11
0513;9
0514;8
0515;4
0516;4
0517;8
0518;4
0519;12
0520;13
0521;10
0522;11
0523;7
0524;9
0525;10
0526;13
0527;11
0528;10
0529;8
0530;3
0531;7
0601;5
0602;5
0603;4
0604;2
0605;8
0606;6
0607;12
0608;7
0609;6
0610;4
0611;3
0612;6
0613;6
0614;5
0615;11
0616;7
0617;9
0618;3
0619;9
0620;6
0621;5
0622;5
0623;6
0624;5
0625;7
0626;6
0627;5
0628;5
0629;8
0630;6
0701;7
0702;9
0703;4
0704;8
0705;8
0706;10
0707;5
0708;8
0709;6
0710;7
0711;14
0712;5
0713;5
0714;9
0715;7
0716;9
0717;1
0718;7
0719;7
0720;4
0721;6
0722;3
0723;9
0724;8
0725;6
0726;9
0727;8
0728;9
0729;4
0730;9
0731;6
0801;5
0802;7
0803;6
0804;5
0805;6
0806;6
0807;8
0808;10
0809;12
0810;4
0811;7
0812;7
0813;2
0814;6
0815;9
0816;1
0817;11
0818;7
0819;3
0820;5
0821;7
0822;4
0823;6
0824;7
0825;10
0826;3
0827;5
0828;5
0829;5
0830;8
0831;8
0901;7
0902;8
0903;6
0904;9
0905;9
0906;5
0907;6
0908;5
0909;13
0910;4
0911;10
0912;8
0913;2
0914;6
0915;10
0916;2
0917;7
0918;6
0919;5
0920;5
0921;6
0922;4
0923;3
0924;6
0925;9
0926;6
0927;5
0928;3
0929;9
0930;9
1001;5
1002;4
1003;13
1004;3
1005;8
1006;3
1007;5
1008;9
1009;10
1010;16
1011;6
1012;9
1013;11
1014;6
1015;8
1016;8
1017;5
1018;4
1019;8
1020;12
1021;10
1022;5
1023;10
1024;9
1025;4
1026;10
1027;9
1028;8
1029;4
1030;10
1031;6
1101;15
1102;4
1103;4
1104;6
1105;6
1106;8
1107;7
1108;6
1109;9
1110;6
1111;7
1112;12
1113;9
1114;6
1115;6
1116;9
1117;4
1118;4
1119;4
1120;7
1121;5
1122;6
1123;2
1124;12
1125;6
1126;9
1127;7
1128;3
1129;4
1130;9
1201;8
1202;6
1203;2
1204;8
1205;8
1206;5
1207;4
1208;4
1209;6
1210;9
1211;11
1212;6
1213;8
1214;3
1215;6
1216;8
1217;10
1218;9
1219;6
1220;13
1221;10
1222;11
1223;11
1224;6
1225;8
1226;8
1227;12
1228;12
1229;3
1230;8
1231;13
