0101;13
0102;8
0103;13
0104;9
0105;11
0106;9
0107;11
0108;8
0109;8
0110;10
0111;11
0112;4
0113;12
0114;7
0115;5
0116;6
0117;8
0118;12
0119;7
0120;13
0121;6
0122;5
0123;10
0124;7
0125;11
0126;8
0127;9
0128;5
0129;6
0130;12
0131;6
0201;13
0202;7
0203;9
0204;5
0205;4
0206;10
0207;6
0208;9
0209;12
0210;9
0211;8
0212;12
0213;13
0214;9
0215;8
0216;5
0217;11
0218;13
0219;12
0220;11
0221;8
0222;10
0223;10
0224;9
0225;9
0226;8
0227;16
0228;14
0301;14
0302;5
0303;12
0304;14
0305;11
0306;15
0307;13
0308;8
0309;4
0310;13
0311;7
0312;8
0313;7
0314;9
0315;9
0316;11
0317;8
0318;8
0319;8
0320;10
0321;6
0322;7
0323;11
0324;13
0325;11
0326;3
0327;12
0328;8
0329;8
0330;15
0331;9
0401;5
0402;11
0403;10
0404;17
0405;9
0406;4
0407;12
0408;8
0409;10
0410;7
0411;12
0412;15
0413;7
0414;9
0415;9
0416;8
0417;9
0418;6
0419;10
0420;10
0421;8
0422;3
0423;7
0424;7
0425;9
0426;5
0427;11
0428;5
0429;9
0430;7
0501;11
0502;14
0503;6
0504;6
0505;11
0506;8
0507;13
0508;8
0509;6
0510;5
0511;10
0512;8
0513;8
0514;6
0515;9
0516;13
0517;9
0518;11
0519;6
0520;6
0521;13
0522;11
0523;7
0524;7
0525;6
0526;9
0527;6
0528;8
0529;8
0530;11
0531;12
0601;9
0602;9
0603;12
0604;12
0605;4
0606;9
0607;5
0608;2
0609;9
0610;13
0611;7
0612;2
0613;7
0614;10
0615;13
0616;6
0617;4
0618;9
0619;8
0620;7
0621;13
0622;8
0623;14
0624;11
0625;9
0626;6
0627;10
0628;13
0629;6
0630;7
0701;11
0702;9
0703;12
0704;6
0705;5
0706;6
0707;6
0708;7
0709;18
0710;15
0711;5
0712;6
0713;8
0714;5
0715;7
0716;5
0717;11
0718;12
0719;11
0720;4
0721;7
0722;7
0723;10
0724;4
0725;5
0726;13
0727;9
0728;11
0729;7
0730;10
0731;11
0801;10
0802;7
0803;9
0804;11
0805;8
0806;4
0807;8
0808;9
0809;10
0810;7
0811;9
0812;7
0813;10
0814;9
0815;11
0816;6
0817;11
0818;6
0819;9
0820;5
0821;16
0822;11
0823;7
0824;8
0825;8
0826;14
0827;7
0828;12
0829;11
0830;6
0831;8
0901;8
0902;8
0903;9
0904;14
0905;9
0906;17
0907;10
0908;10
0909;5
0910;11
0911;4
0912;13
0913;9
0914;16
0915;5
0916;4
0917;9
0918;5
0919;12
0920;8
0921;8
0922;6
0923;6
0924;3
0925;8
0926;13
0927;6
0928;3
0929;12
0930;11
1001;3
1002;10
1003;10
1004;5
1005;14
1006;5
1007;9
1008;13
1009;8
1010;9
1011;7
1012;12
1013;3
1014;10
1015;13
1016;12
1017;8
1018;8
1019;8
1020;10
1021;13
1022;9
1023;10
1024;10
1025;8
1026;8
1027;9
1028;9
1029;11
1030;8
1031;9
1101;10
1102;9
1103;6
1104;8
1105;11
1106;7
1107;15
1108;7
1109;12
1110;15
1111;10
1112;6
1113;4
1114;6
1115;7
1116;9
1117;9
1118;14
1119;9
1120;11
1121;7
1122;11
1123;12
1124;7
1125;7
1126;6
1127;8
1128;8
1129;9
1130;7
1201;8
1202;6
1203;6
1204;3
1205;7
1206;8
1207;11
1208;11
1209;5
1210;8
1211;6
1212;12
1213;10
1214;12
1215;8
1216;11
1217;9
1218;8
1219;9
1220;17
1221;12
1222;6
1223;8
1224;10
1225;8
1226;9
1227;11
1228;13
1229;8
1230;14
1231;14
