0101;5
0102;3
0103;4
0104;8
0105;3
0106;9
0107;5
0108;2
0109;11
0110;6
0111;3
0112;6
0113;8
0114;5
0115;8
0116;3
0117;7
0118;3
0119;4
0120;6
0121;2
0122;4
0123;7
0124;2
0125;5
0126;3
0127;4
0128;9
0129;5
0130;5
0131;3
0201;11
0202;3
0203;6
0204;7
0205;7
0206;9
0207;5
0208;6
0209;6
0210;7
0211;7
0212;5
0213;6
0214;2
0215;8
0216;11
0217;13
0218;5
0219;6
0220;11
0221;4
0222;7
0223;8
0224;5
0225;7
0226;10
0227;6
0228;4
0301;7
0302;5
0303;6
0304;6
0305;6
0306;7
0307;6
0308;8
0309;4
0310;9
0311;5
0312;4
0313;7
0314;8
0315;7
0316;6
0317;2
0318;3
0319;15
0320;7
0321;3
0322;5
0323;11
0324;8
0325;9
0326;9
0327;8
0328;6
0329;5
0330;7
0331;1
0401;6
0402;7
0403;6
0404;9
0405;6
0406;3
0407;8
0408;7
0409;5
0410;5
0411;4
0412;8
0413;5
0414;6
0415;6
0416;5
0417;5
0418;4
0419;2
0420;6
0421;3
0422;7
0423;5
0424;7
0425;10
0426;3
0427;6
0428;9
0429;5
0430;5
0501;5
0502;1
0503;2
0504;4
0505;3
0506;3
0507;5
0508;3
0509;3
0510;7
0511;8
0512;13
0513;5
0514;4
0515;5
0516;3
0517;7
0518;12
0519;6
0520;7
0521;6
0522;4
0523;6
0524;6
0525;6
0526;4
0527;6
0528;5
0529;5
0530;2
0531;5
0601;7
0602;8
0603;6
0604;10
0605;2
0606;5
0607;6
0608;7
0609;6
0610;1
0611;11
0612;3
0613;5
0614;2
0615;5
0616;5
0617;7
0618;5
0620;3
0621;4
0622;5
0623;4
0624;6
0625;9
0626;3
0627;3
0628;4
0629;9
0630;2
0701;6
0702;9
0703;11
0704;7
0705;7
0706;8
0707;9
0708;8
0709;9
0710;5
0711;6
0712;6
0713;3
0714;3
0715;7
0716;7
0717;3
0718;6
0719;8
0720;4
0721;10
0722;12
0723;3
0724;8
0725;6
0726;3
0727;1
0728;4
0729;3
0730;3
0731;4
0801;7
0802;10
0803;1
0804;6
0805;3
0806;7
0807;4
0808;7
0809;9
0810;3
0811;3
0812;5
0813;6
0815;4
0816;5
0817;12
0818;5
0819;5
0820;7
0821;2
0822;8
0823;7
0824;5
0825;6
0826;4
0827;8
0828;2
0829;6
0830;7
0831;3
0901;6
0902;8
0903;7
0904;4
0905;8
0906;9
0907;9
0908;5
0909;4
0910;2
0911;7
0912;6
0913;6
0914;5
0915;2
0916;4
0917;2
0918;6
0919;2
0920;3
0921;9
0922;6
0923;3
0924;5
0925;4
0926;5
0927;6
0928;2
0929;4
0930;9
1001;4
1002;3
1003;5
1004;9
1005;4
1006;4
1007;4
1008;1
1009;10
1010;5
1011;8
1012;8
1013;4
1014;6
1015;1
1016;8
1017;5
1018;6
1019;2
1020;7
1021;6
1022;5
1023;7
1024;7
1025;9
1026;4
1027;8
1028;8
1029;7
1030;6
1031;10
1101;2
1102;6
1103;6
1104;5
1105;6
1106;8
1107;6
1108;6
1109;7
1110;7
1111;3
1112;10
1113;4
1114;9
1115;5
1116;6
1117;3
1118;8
1119;4
1120;4
1121;5
1122;7
1123;7
1124;8
1125;7
1126;6
1127;5
1128;8
1129;9
1130;6
1201;8
1202;8
1203;7
1204;4
1205;5
1206;7
1207;5
1208;6
1209;2
1210;5
1211;9
1212;4
1213;2
1214;1
1215;4
1216;6
1217;6
1218;7
1219;10
1220;8
1221;6
1222;6
1223;4
1224;4
1225;10
1226;8
1227;7
1228;5
1229;12
1230;4
1231;8
