0101;28
0102;31
0103;20
0104;29
0105;37
0106;25
0107;24
0108;28
0109;28
0110;28
0111;25
0112;19
0113;24
0114;17
0115;29
0116;29
0117;24
0118;27
0119;30
0120;21
0121;20
0122;24
0123;25
0124;28
0125;32
0126;36
0127;15
0128;27
0129;20
0130;32
0131;25
0201;17
0202;28
0203;18
0204;30
0205;38
0206;25
0207;30
0208;36
0209;40
0210;27
0211;41
0212;39
0213;17
0214;30
0215;32
0216;37
0217;24
0218;30
0219;24
0220;17
0221;27
0222;34
0223;21
0224;30
0225;29
0226;33
0227;29
0228;30
0301;33
0302;23
0303;21
0304;25
0305;35
0306;24
0307;29
0308;27
0309;26
0310;31
0311;24
0312;32
0313;29
0314;17
0315;27
0316;34
0317;29
0318;23
0319;15
0320;23
0321;26
0322;23
0323;22
0324;23
0325;15
0326;26
0327;24
0328;21
0329;21
0330;24
0331;19
0401;25
0402;24
0403;23
0404;18
0405;20
0406;29
0407;17
0408;23
0409;26
0410;30
0411;24
0412;21
0413;21
0414;19
0415;32
0416;32
0417;23
0418;18
0419;27
0420;19
0421;25
0422;26
0423;24
0424;23
0425;24
0426;18
0427;28
0428;28
0429;26
0430;13
0501;23
0502;29
0503;15
0504;24
0505;29
0506;32
0507;34
0508;18
0509;25
0510;32
0511;22
0512;26
0513;16
0514;22
0515;22
0516;19
0517;24
0518;32
0519;22
0520;28
0521;25
0522;28
0523;30
0524;24
0525;35
0526;24
0527;17
0528;19
0529;26
0530;26
0531;29
0601;32
0602;15
0603;29
0604;28
0605;17
0606;25
0607;18
0608;21
0609;21
0610;17
0611;24
0612;19
0613;17
0614;24
0615;29
0616;26
0617;26
0618;25
0619;25
0620;21
0621;25
0622;19
0623;26
0624;24
0625;21
0626;23
0627;23
0628;20
0629;20
0630;25
0701;33
0702;23
0703;20
0704;18
0705;36
0706;21
0707;22
0708;27
0709;16
0710;25
0711;29
0712;22
0713;18
0714;25
0715;18
0716;25
0717;25
0718;28
0719;27
0720;17
0721;17
0722;26
0723;18
0724;27
0725;18
0726;19
0727;28
0728;27
0729;21
0730;22
0731;17
0801;26
0802;22
0803;17
0804;34
0805;22
0806;25
0807;25
0808;18
0809;21
0810;32
0811;27
0812;26
0813;31
0814;34
0815;20
0816;17
0817;25
0818;19
0819;23
0820;29
0821;23
0822;16
0823;19
0824;18
0825;28
0826;25
0827;24
0828;20
0829;29
0830;29
0831;13
0901;18
0902;25
0903;17
0904;26
0905;25
0906;17
0907;13
0908;30
0909;22
0910;25
0911;33
0912;28
0913;26
0914;18
0915;18
0916;25
0917;28
0918;29
0919;26
0920;18
0921;21
0922;13
0923;12
0924;24
0925;22
0926;13
0927;25
0928;19
0929;24
0930;24
1001;24
1002;30
1003;21
1004;20
1005;29
1006;30
1007;22
1008;23
1009;20
1010;34
1011;24
1012;25
1013;29
1014;27
1015;31
1016;31
1017;23
1018;32
1019;31
1020;24
1021;21
1022;29
1023;37
1024;34
1025;19
1026;35
1027;24
1028;20
1029;22
1030;30
1031;26
1101;25
1102;22
1103;25
1104;28
1105;27
1106;22
1107;24
1108;20
1109;23
1110;19
1111;29
1112;31
1113;21
1114;24
1115;21
1116;24
1117;23
1118;28
1119;21
1120;27
1121;24
1122;41
1123;34
1124;29
1125;41
1126;27
1127;25
1128;31
1129;35
1130;23
1201;26
1202;25
1203;23
1204;28
1205;26
1206;24
1207;26
1208;24
1209;26
1210;25
1211;19
1212;34
1213;26
1214;33
1215;21
1216;29
1217;37
1218;20
1219;50
1220;22
1221;31
1222;23
1223;27
1224;21
1225;31
1226;30
1227;34
1228;26
1229;30
1230;31
1231;23
