0101;15
0102;14
0103;17
0104;19
0105;13
0106;14
0107;21
0108;15
0109;13
0110;10
0111;16
0112;13
0113;14
0114;20
0115;17
0116;20
0117;16
0118;10
0119;19
0120;15
0121;14
0122;16
0123;14
0124;18
0125;10
0126;21
0127;15
0128;17
0129;8
0130;14
0131;12
0201;10
0202;20
0203;15
0204;17
0205;19
0206;23
0207;16
0208;15
0209;24
0210;17
0211;16
0212;13
0213;9
0214;22
0215;14
0216;13
0217;13
0218;17
0219;22
0220;14
0221;16
0222;9
0223;14
0224;12
0225;14
0226;13
0227;20
0228;18
0301;7
0302;19
0303;12
0304;17
0305;15
0306;15
0307;14
0308;8
0309;12
0310;16
0311;13
0312;14
0313;15
0314;14
0315;22
0316;14
0317;17
0318;15
0319;15
0320;9
0321;14
0322;16
0323;23
0324;15
0325;12
0326;5
0327;8
0328;14
0329;14
0330;11
0331;13
0401;14
0402;9
0403;10
0404;17
0405;17
0406;11
0407;9
0408;7
0409;17
0410;12
0411;10
0412;11
0413;18
0414;9
0415;15
0416;13
0417;14
0418;16
0419;14
0420;4
0421;10
0422;14
0423;18
0424;8
0425;11
0426;15
0427;11
0428;6
0429;11
0430;10
0501;12
0502;9
0503;8
0504;10
0505;10
0506;11
0507;21
0508;17
0509;18
0510;11
0511;12
0512;14
0513;13
0514;7
0515;11
0516;12
0517;18
0518;16
0519;10
0520;16
0521;12
0522;12
0523;18
0524;15
0525;12
0526;12
0527;17
0528;10
0529;12
0530;16
0531;13
0601;14
0602;9
0603;8
0604;10
0605;16
0606;22
0607;10
0608;8
0609;9
0610;16
0611;13
0612;9
0613;7
0614;20
0615;11
0616;19
0617;11
0618;15
0619;13
0620;8
0621;17
0622;19
0623;15
0624;9
0625;14
0626;15
0627;12
0628;7
0629;7
0630;20
0701;15
0702;17
0703;11
0704;13
0705;10
0706;13
0707;16
0708;18
0709;10
0710;15
0711;19
0712;14
0713;15
0714;8
0715;8
0716;13
0717;13
0718;16
0719;11
0720;17
0721;11
0722;18
0723;17
0724;14
0725;5
0726;11
0727;10
0728;20
0729;16
0730;13
0731;16
0801;6
0802;15
0803;16
0804;11
0805;11
0806;15
0807;13
0808;9
0809;10
0810;7
0811;16
0812;12
0813;11
0814;10
0815;13
0816;14
0817;16
0818;10
0819;4
0820;15
0821;13
0822;20
0823;14
0824;13
0825;9
0826;17
0827;11
0828;14
0829;7
0830;10
0831;13
0901;15
0902;13
0903;7
0904;17
0905;13
0906;17
0907;11
0908;7
0909;14
0910;13
0911;32
0912;12
0913;13
0914;9
0915;14
0916;13
0917;9
0918;8
0919;12
0920;9
0921;18
0922;6
0923;11
0924;18
0925;9
0926;19
0927;10
0928;23
0929;13
0930;20
1001;14
1002;14
1003;16
1004;12
1005;14
1006;15
1007;13
1008;11
1009;24
1010;8
1011;22
1012;10
1013;11
1014;17
1015;15
1016;13
1017;13
1018;21
1019;12
1020;16
1021;10
1022;12
1023;18
1024;8
1025;11
1026;21
1027;13
1028;12
1029;13
1030;19
1031;19
1101;11
1102;8
1103;10
1104;23
1105;10
1106;16
1107;12
1108;7
1109;9
1110;15
1111;19
1112;17
1113;19
1114;11
1115;13
1116;12
1117;8
1118;12
1119;15
1120;11
1121;19
1122;18
1123;15
1124;15
1125;15
1126;18
1127;7
1128;13
1129;13
1130;12
1201;10
1202;20
1203;12
1204;11
1205;18
1206;15
1207;17
1208;8
1209;19
1210;18
1211;11
1212;17
1213;15
1214;15
1215;11
1216;15
1217;14
1218;17
1219;18
1220;15
1221;16
1222;12
1223;18
1224;26
1225;23
1226;18
1227;23
1228;15
1229;12
1230;14
1231;15
