0101;11
0102;9
0103;12
0104;14
0105;7
0106;11
0107;13
0108;10
0109;9
0110;13
0111;19
0112;11
0113;14
0114;8
0115;9
0116;7
0117;8
0118;7
0119;10
0120;4
0121;8
0122;8
0123;9
0124;7
0125;13
0126;12
0127;4
0128;9
0129;10
0130;7
0131;12
0201;10
0202;9
0203;7
0204;4
0205;12
0206;11
0207;8
0208;10
0209;13
0210;8
0211;5
0212;15
0213;13
0214;14
0215;16
0216;8
0217;13
0218;14
0219;9
0220;12
0221;4
0222;13
0223;9
0224;11
0225;14
0226;14
0227;9
0228;15
0301;11
0302;13
0303;13
0304;10
0305;5
0306;8
0307;11
0308;9
0309;10
0310;6
0311;8
0312;10
0313;6
0314;7
0315;11
0316;8
0317;4
0318;7
0319;10
0320;8
0321;11
0322;9
0323;9
0324;4
0325;8
0326;8
0327;16
0328;8
0329;7
0330;8
0331;5
0401;7
0402;18
0403;13
0404;9
0405;10
0406;6
0407;7
0408;13
0409;2
0410;10
0411;13
0412;8
0413;6
0414;12
0415;9
0416;9
0417;9
0418;6
0419;11
0420;6
0421;3
0422;5
0423;12
0424;9
0425;7
0426;11
0427;3
0428;11
0429;16
0430;14
0501;7
0502;9
0503;7
0504;6
0505;11
0506;6
0507;11
0508;10
0509;7
0510;10
0511;9
0512;14
0513;8
0514;9
0515;7
0516;9
0517;8
0518;10
0519;5
0520;10
0521;16
0522;10
0523;7
0524;6
0525;8
0526;9
0527;7
0528;8
0529;5
0530;9
0531;3
0601;10
0602;11
0603;9
0604;10
0605;16
0606;5
0607;11
0608;9
0609;6
0610;10
0611;21
0612;8
0613;9
0614;12
0615;7
0616;11
0617;16
0618;1
0619;5
0620;10
0621;10
0622;11
0623;11
0624;13
0625;9
0626;8
0627;6
0628;10
0629;7
0630;7
0701;6
0702;9
0703;8
0704;8
0705;9
0706;11
0707;8
0708;9
0709;7
0710;12
0711;8
0712;8
0713;11
0714;9
0715;2
0716;4
0717;8
0718;7
0719;9
0720;8
0721;4
0722;4
0723;10
0724;7
0725;8
0726;5
0727;10
0728;8
0729;8
0730;10
0731;7
0801;6
0802;9
0803;9
0804;7
0805;8
0806;5
0807;10
0808;8
0809;6
0810;9
0811;7
0812;10
0813;10
0814;14
0815;13
0816;4
0817;8
0818;10
0819;5
0820;9
0821;8
0822;11
0823;12
0824;8
0825;8
0826;15
0827;10
0828;13
0829;9
0830;14
0831;9
0901;7
0902;6
0903;8
0904;6
0905;13
0906;3
0907;9
0908;7
0909;4
0910;8
0911;6
0912;10
0913;7
0914;7
0915;5
0916;3
0917;12
0918;6
0919;11
0920;12
0921;10
0922;15
0923;3
0924;5
0925;7
0926;10
0927;13
0928;8
0929;7
0930;5
1001;10
1002;6
1003;8
1004;8
1005;12
1006;13
1007;9
1008;9
1009;7
1010;8
1011;11
1012;5
1013;10
1014;13
1015;11
1016;10
1017;9
1018;7
1019;18
1020;8
1021;8
1022;3
1023;6
1024;6
1025;16
1026;10
1027;4
1028;9
1029;12
1030;11
1031;6
1101;8
1102;10
1103;8
1104;7
1105;12
1106;11
1107;4
1108;7
1109;10
1110;9
1111;10
1112;13
1113;17
1114;12
1115;10
1116;6
1117;9
1118;14
1119;4
1120;17
1121;13
1122;11
1123;11
1124;7
1125;8
1126;5
1127;13
1128;3
1129;9
1130;11
1201;11
1202;3
1203;8
1204;11
1205;15
1206;9
1207;12
1208;7
1209;6
1210;7
1211;10
1212;16
1213;12
1214;13
1215;9
1216;15
1217;6
1218;10
1219;15
1220;14
1221;7
1222;7
1223;10
1224;8
1225;9
1226;13
1227;14
1228;11
1229;13
1230;12
1231;11
