0101;5
0102;4
0103;5
0104;6
0105;6
0106;5
0107;6
0108;3
0109;4
0110;3
0111;1
0112;5
0113;3
0114;3
0115;4
0116;3
0117;6
0118;2
0119;2
0120;4
0121;3
0122;4
0123;4
0124;4
0125;5
0126;7
0127;6
0128;4
0129;7
0130;4
0131;7
0201;7
0202;7
0203;4
0204;5
0205;4
0206;9
0207;4
0208;2
0209;4
0210;9
0211;8
0212;4
0213;5
0214;5
0215;3
0216;10
0217;4
0218;7
0219;7
0220;4
0221;8
0222;3
0223;8
0224;5
0225;5
0226;4
0227;7
0228;6
0301;5
0302;6
0303;5
0304;5
0305;10
0306;6
0307;5
0308;4
0309;6
0310;8
0311;4
0312;4
0313;3
0314;2
0315;5
0316;5
0317;8
0318;3
0319;4
0320;4
0321;6
0322;4
0323;4
0324;3
0325;3
0326;6
0327;9
0328;9
0329;6
0330;5
0331;8
0401;8
0402;7
0403;5
0404;3
0405;4
0406;7
0407;4
0408;6
0409;6
0410;9
0411;2
0412;4
0413;8
0414;7
0415;6
0416;5
0417;4
0418;6
0419;7
0420;3
0421;5
0422;4
0423;5
0424;7
0425;3
0426;7
0427;7
0428;7
0429;6
0430;6
0501;5
0502;4
0503;8
0504;12
0505;2
0506;2
0507;5
0508;3
0509;7
0510;5
0511;5
0512;6
0513;4
0514;5
0515;6
0516;4
0517;2
0518;6
0519;6
0520;10
0521;2
0522;5
0523;4
0524;3
0525;7
0526;6
0527;6
0528;2
0529;2
0531;2
0601;3
0602;3
0603;7
0604;4
0605;6
0606;7
0607;1
0608;2
0609;4
0610;8
0611;11
0612;7
0613;5
0614;4
0615;7
0616;3
0617;5
0618;5
0619;5
0620;5
0621;2
0622;9
0623;4
0624;7
0625;5
0626;2
0627;3
0628;3
0629;5
0630;4
0701;6
0702;3
0703;2
0704;2
0705;9
0706;5
0707;6
0708;6
0709;6
0710;6
0711;5
0712;6
0713;7
0714;8
0715;10
0716;4
0717;8
0718;5
0719;6
0720;5
0721;4
0722;3
0723;3
0724;3
0725;4
0726;7
0727;7
0728;5
0729;2
0730;6
0731;5
0801;2
0802;6
0803;9
0804;2
0805;9
0806;9
0807;8
0808;4
0809;5
0810;1
0811;2
0812;5
0813;3
0814;8
0815;4
0816;1
0817;6
0818;5
0819;4
0820;7
0821;4
0822;3
0823;5
0824;7
0825;5
0826;4
0827;6
0828;3
0829;4
0830;3
0831;4
0901;4
0902;4
0903;2
0904;3
0905;4
0906;5
0907;3
0908;4
0909;2
0910;7
0911;5
0912;4
0913;3
0914;8
0915;2
0916;4
0917;8
0918;6
0919;8
0920;4
0921;2
0922;3
0923;5
0924;11
0925;2
0926;6
0927;8
0928;7
0929;6
0930;5
1001;2
1002;3
1003;2
1004;4
1005;7
1006;4
1007;3
1009;1
1010;7
1011;4
1012;3
1013;4
1014;8
1015;7
1016;3
1017;4
1018;3
1019;8
1020;2
1021;4
1022;6
1024;6
1025;6
1026;9
1027;6
1028;3
1029;4
1030;4
1031;4
1101;2
1102;3
1103;5
1104;6
1105;3
1106;7
1107;2
1108;6
1109;3
1110;2
1111;5
1112;8
1113;7
1114;7
1115;4
1116;4
1118;3
1119;1
1120;5
1121;4
1122;4
1123;4
1124;4
1125;2
1126;12
1127;7
1128;3
1129;12
1130;6
1201;5
1202;4
1203;7
1204;2
1205;2
1206;1
1207;9
1208;7
1209;8
1210;3
1211;7
1212;4
1213;3
1214;7
1215;6
1216;5
1217;4
1218;11
1219;1
1220;3
1221;8
1222;12
1223;5
1224;4
1225;6
1226;8
1227;4
1228;8
1229;8
1230;8
1231;5
