0101;15
0102;18
0103;19
0104;11
0105;20
0106;21
0107;17
0108;12
0109;12
0110;23
0111;21
0112;28
0113;16
0114;19
0115;13
0116;23
0117;25
0118;16
0119;15
0120;13
0121;11
0122;13
0123;6
0124;11
0125;13
0126;11
0127;13
0128;14
0129;13
0130;13
0131;12
0201;16
0202;12
0203;19
0204;21
0205;15
0206;17
0207;24
0208;20
0209;18
0210;22
0211;25
0212;21
0213;16
0214;16
0215;27
0216;10
0217;24
0218;10
0219;15
0220;16
0221;16
0222;27
0223;19
0224;21
0225;20
0226;10
0227;29
0228;16
0301;18
0302;14
0303;18
0304;10
0305;31
0306;13
0307;16
0308;10
0309;11
0310;19
0311;10
0312;14
0313;25
0314;17
0315;14
0316;11
0317;11
0318;13
0319;20
0320;19
0321;11
0322;13
0323;13
0324;11
0325;13
0326;15
0327;20
0328;17
0329;8
0330;9
0331;14
0401;19
0402;19
0403;16
0404;14
0405;15
0406;10
0407;13
0408;19
0409;5
0410;11
0411;16
0412;17
0413;16
0414;7
0415;12
0416;15
0417;21
0418;11
0419;15
0420;15
0421;20
0422;18
0423;22
0424;16
0425;11
0426;19
0427;14
0428;12
0429;11
0430;12
0501;7
0502;16
0503;13
0504;13
0505;10
0506;14
0507;10
0508;19
0509;18
0510;18
0511;20
0512;18
0513;22
0514;20
0515;13
0516;12
0517;13
0518;12
0519;14
0520;17
0521;22
0522;19
0523;14
0524;12
0525;17
0526;11
0527;12
0528;17
0529;15
0530;9
0531;10
0601;14
0602;13
0603;17
0604;10
0605;11
0606;11
0607;13
0608;14
0609;16
0610;18
0611;10
0612;20
0613;7
0614;21
0615;11
0616;15
0617;12
0618;11
0619;16
0620;18
0621;12
0622;14
0623;11
0624;14
0625;13
0626;14
0627;19
0628;13
0629;8
0630;12
0701;13
0702;9
0703;8
0704;13
0705;15
0706;11
0707;13
0708;13
0709;16
0710;12
0711;13
0712;18
0713;16
0714;7
0715;14
0716;16
0717;14
0718;14
0719;13
0720;12
0721;18
0722;11
0723;11
0724;13
0725;8
0726;12
0727;15
0728;11
0729;28
0730;7
0731;16
0801;18
0802;9
0803;10
0804;13
0805;15
0806;9
0807;16
0808;13
0809;16
0810;13
0811;18
0812;12
0813;9
0814;12
0815;19
0816;15
0817;16
0818;17
0819;14
0820;14
0821;15
0822;12
0823;18
0824;17
0825;15
0826;9
0827;12
0828;17
0829;12
0830;12
0831;15
0901;15
0902;14
0903;22
0904;12
0905;11
0906;7
0907;12
0908;5
0909;13
0910;6
0911;17
0912;10
0913;10
0914;10
0915;15
0916;19
0917;22
0918;14
0919;14
0920;13
0921;14
0922;16
0923;9
0924;14
0925;5
0926;13
0927;21
0928;8
0929;13
0930;12
1001;15
1002;15
1003;12
1004;22
1005;17
1006;16
1007;16
1008;17
1009;12
1010;14
1011;15
1012;11
1013;11
1014;14
1015;14
1016;11
1017;11
1018;17
1019;13
1020;9
1021;19
1022;20
1023;12
1024;14
1025;20
1026;10
1027;15
1028;21
1029;18
1030;17
1031;11
1101;12
1102;14
1103;12
1104;22
1105;18
1106;13
1107;17
1108;27
1109;14
1110;12
1111;16
1112;21
1113;16
1114;7
1115;10
1116;11
1117;10
1118;12
1119;12
1120;12
1121;13
1122;13
1123;13
1124;12
1125;10
1126;21
1127;15
1128;14
1129;23
1130;14
1201;18
1202;14
1203;13
1204;13
1205;12
1206;17
1207;17
1208;12
1209;19
1210;8
1211;24
1212;18
1213;14
1214;21
1215;12
1216;20
1217;12
1218;19
1219;15
1220;22
1221;18
1222;16
1223;15
1224;17
1225;17
1226;19
1227;20
1228;17
1229;17
1230;14
1231;21
