0101;35
0102;45
0103;44
0104;32
0105;39
0106;36
0107;36
0108;31
0109;41
0110;33
0111;43
0112;29
0113;40
0114;38
0115;40
0116;47
0117;29
0118;31
0119;43
0120;46
0121;39
0122;45
0123;28
0124;44
0125;36
0126;32
0127;40
0128;48
0129;30
0130;43
0131;42
0201;25
0202;28
0203;49
0204;36
0205;32
0206;23
0207;36
0208;64
0209;42
0210;49
0211;55
0212;39
0213;30
0214;31
0215;39
0216;46
0217;41
0218;28
0219;52
0220;26
0221;47
0222;43
0223;34
0224;34
0225;52
0226;41
0227;46
0228;50
0301;39
0302;53
0303;48
0304;41
0305;44
0306;35
0307;28
0308;37
0309;45
0310;37
0311;31
0312;36
0313;34
0314;30
0315;32
0316;41
0317;43
0318;29
0319;29
0320;26
0321;39
0322;35
0323;29
0324;32
0325;42
0326;38
0327;31
0328;37
0329;33
0330;35
0331;30
0401;31
0402;29
0403;35
0404;47
0405;33
0406;48
0407;41
0408;35
0409;33
0410;35
0411;35
0412;38
0413;26
0414;34
0415;33
0416;27
0417;26
0418;37
0419;29
0420;38
0421;25
0422;37
0423;37
0424;43
0425;30
0426;30
0427;31
0428;37
0429;40
0430;36
0501;24
0502;36
0503;33
0504;28
0505;32
0506;31
0507;33
0508;43
0509;38
0510;41
0511;37
0512;33
0513;32
0514;34
0515;37
0516;38
0517;43
0518;36
0519;21
0520;29
0521;34
0522;34
0523;35
0524;30
0525;31
0526;31
0527;38
0528;32
0529;31
0530;35
0531;28
0601;19
0602;34
0603;24
0604;30
0605;25
0606;37
0607;36
0608;37
0609;35
0610;41
0611;31
0612;33
0613;29
0614;29
0615;28
0616;37
0617;31
0618;32
0619;30
0620;42
0621;32
0622;41
0623;30
0624;33
0625;37
0626;31
0627;24
0628;41
0629;27
0630;37
0701;36
0702;36
0703;31
0704;38
0705;25
0706;28
0707;30
0708;34
0709;25
0710;33
0711;35
0712;33
0713;29
0714;32
0715;28
0716;26
0717;41
0718;28
0719;41
0720;34
0721;31
0722;34
0723;34
0724;30
0725;25
0726;22
0727;29
0728;24
0729;25
0730;32
0731;26
0801;39
0802;34
0803;39
0804;27
0805;33
0806;38
0807;31
0808;29
0809;34
0810;25
0811;36
0812;30
0813;22
0814;25
0815;21
0816;38
0817;36
0818;28
0819;25
0820;28
0821;27
0822;27
0823;32
0824;36
0825;38
0826;28
0827;29
0828;38
0829;30
0830;31
0831;31
0901;32
0902;25
0903;46
0904;23
0905;29
0906;25
0907;26
0908;34
0909;39
0910;31
0911;40
0912;23
0913;24
0914;27
0915;34
0916;29
0917;28
0918;27
0919;27
0920;37
0921;36
0922;34
0923;43
0924;36
0925;42
0926;39
0927;28
0928;24
0929;32
0930;39
1001;36
1002;47
1003;36
1004;38
1005;30
1006;32
1007;37
1008;25
1009;24
1010;37
1011;34
1012;31
1013;41
1014;47
1015;41
1016;45
1017;24
1018;33
1019;27
1020;33
1021;41
1022;37
1023;46
1024;27
1025;31
1026;32
1027;37
1028;32
1029;33
1030;40
1031;41
1101;31
1102;41
1103;26
1104;42
1105;34
1106;36
1107;40
1108;34
1109;31
1110;39
1111;37
1112;51
1113;33
1114;32
1115;37
1116;39
1117;23
1118;42
1119;41
1120;43
1121;36
1122;37
1123;47
1124;35
1125;34
1126;34
1127;41
1128;45
1129;43
1130;43
1201;35
1202;37
1203;28
1204;34
1205;40
1206;28
1207;31
1208;49
1209;34
1210;37
1211;45
1212;35
1213;38
1214;32
1215;40
1216;40
1217;46
1218;29
1219;34
1220;48
1221;44
1222;44
1223;45
1224;43
1225;39
1226;46
1227;51
1228;35
1229;36
1230;38
1231;47
