0101;52
0102;60
0103;52
0104;69
0105;75
0106;48
0107;48
0108;69
0109;55
0110;58
0111;62
0112;58
0113;69
0114;53
0115;62
0116;50
0117;53
0118;58
0119;59
0120;45
0121;54
0122;52
0123;48
0124;37
0125;47
0126;54
0127;45
0128;54
0129;58
0130;64
0131;54
0201;52
0202;54
0203;47
0204;61
0205;83
0206;59
0207;67
0208;64
0209;62
0210;67
0211;75
0212;87
0213;42
0214;64
0215;58
0216;50
0217;58
0218;56
0219;53
0220;74
0221;64
0222;66
0223;57
0224;65
0225;53
0226;70
0227;56
0228;57
0301;57
0302;61
0303;57
0304;61
0305;69
0306;57
0307;53
0308;55
0309;55
0310;43
0311;74
0312;64
0313;56
0314;48
0315;48
0316;53
0317;51
0318;52
0319;56
0320;66
0321;70
0322;52
0323;47
0324;49
0325;52
0326;61
0327;61
0328;68
0329;53
0330;51
0331;42
0401;49
0402;58
0403;51
0404;44
0405;62
0406;53
0407;46
0408;46
0409;53
0410;57
0411;61
0412;58
0413;46
0414;48
0415;50
0416;52
0417;53
0418;77
0419;55
0420;53
0421;50
0422;51
0423;52
0424;59
0425;52
0426;56
0427;52
0428;48
0429;51
0430;62
0501;46
0502;64
0503;57
0504;55
0505;54
0506;57
0507;55
0508;48
0509;44
0510;39
0511;60
0512;47
0513;49
0514;50
0515;50
0516;49
0517;55
0518;43
0519;33
0520;52
0521;46
0522;52
0523;49
0524;45
0525;33
0526;42
0527;63
0528;51
0529;54
0530;62
0531;41
0601;42
0602;47
0603;49
0604;59
0605;39
0606;54
0607;66
0608;56
0609;48
0610;50
0611;52
0612;58
0613;50
0614;51
0615;36
0616;47
0617;42
0618;51
0619;70
0620;56
0621;72
0622;60
0623;61
0624;57
0625;42
0626;54
0627;59
0628;37
0629;45
0630;45
0701;68
0702;69
0703;38
0704;41
0705;51
0706;69
0707;42
0708;52
0709;44
0710;54
0711;70
0712;65
0713;56
0714;46
0715;39
0716;59
0717;45
0718;38
0719;61
0720;46
0721;46
0722;46
0723;49
0724;57
0725;47
0726;51
0727;50
0728;39
0729;58
0730;54
0731;48
0801;51
0802;43
0803;45
0804;39
0805;59
0806;43
0807;54
0808;42
0809;39
0810;39
0811;46
0812;41
0813;44
0814;49
0815;40
0816;32
0817;40
0818;37
0819;40
0820;43
0821;39
0822;47
0823;29
0824;49
0825;52
0826;43
0827;44
0828;44
0829;62
0830;53
0831;49
0901;48
0902;47
0903;42
0904;43
0905;58
0906;60
0907;42
0908;45
0909;47
0910;54
0911;48
0912;57
0913;42
0914;49
0915;44
0916;60
0917;44
0918;49
0919;55
0920;42
0921;45
0922;36
0923;38
0924;61
0925;53
0926;45
0927;56
0928;47
0929;64
0930;44
1001;51
1002;57
1003;55
1004;55
1005;53
1006;54
1007;51
1008;57
1009;50
1010;58
1011;57
1012;56
1013;54
1014;52
1015;52
1016;51
1017;50
1018;57
1019;57
1020;52
1021;69
1022;41
1023;64
1024;53
1025;74
1026;46
1027;57
1028;58
1029;57
1030;54
1031;52
1101;53
1102;59
1103;42
1104;67
1105;50
1106;56
1107;69
1108;71
1109;69
1110;53
1111;60
1112;56
1113;59
1114;59
1115;59
1116;56
1117;56
1118;65
1119;61
1120;49
1121;67
1122;62
1123;62
1124;44
1125;63
1126;60
1127;66
1128;68
1129;46
1130;56
1201;60
1202;60
1203;55
1204;50
1205;66
1206;56
1207;56
1208;55
1209;66
1210;60
1211;56
1212;68
1213;80
1214;69
1215;51
1216;64
1217;51
1218;75
1219;68
1220;68
1221;63
1222;57
1223;60
1224;49
1225;48
1226;58
1227;56
1228;62
1229;60
1230;69
1231;59
