0101;24
0102;25
0103;23
0104;21
0105;16
0106;17
0107;18
0108;22
0109;23
0110;23
0111;21
0112;24
0113;17
0114;15
0115;25
0116;23
0117;20
0118;27
0119;17
0120;16
0121;21
0122;27
0123;20
0124;12
0125;23
0126;18
0127;27
0128;21
0129;21
0130;29
0131;26
0201;18
0202;27
0203;23
0204;18
0205;24
0206;20
0207;23
0208;32
0209;27
0210;36
0211;21
0212;30
0213;36
0214;30
0215;23
0216;31
0217;25
0218;29
0219;23
0220;27
0221;26
0222;20
0223;24
0224;29
0225;33
0226;16
0227;28
0228;19
0301;28
0302;16
0303;29
0304;16
0305;22
0306;20
0307;20
0308;21
0309;19
0310;21
0311;27
0312;21
0313;26
0314;18
0315;16
0316;24
0317;17
0318;29
0319;20
0320;23
0321;16
0322;18
0323;22
0324;13
0325;19
0326;19
0327;24
0328;33
0329;21
0330;24
0331;21
0401;26
0402;30
0403;18
0404;16
0405;31
0406;22
0407;25
0408;25
0409;23
0410;26
0411;22
0412;25
0413;26
0414;25
0415;10
0416;17
0417;22
0418;25
0419;20
0420;19
0421;19
0422;8
0423;19
0424;22
0425;26
0426;30
0427;18
0428;19
0429;20
0430;12
0501;32
0502;19
0503;13
0504;22
0505;25
0506;17
0507;26
0508;22
0509;26
0510;14
0511;20
0512;14
0513;26
0514;16
0515;20
0516;16
0517;13
0518;20
0519;23
0520;27
0521;25
0522;23
0523;24
0524;14
0525;15
0526;18
0527;22
0528;17
0529;21
0530;26
0531;26
0601;15
0602;15
0603;15
0604;21
0605;22
0606;24
0607;18
0608;18
0609;13
0610;14
0611;17
0612;18
0613;27
0614;19
0615;20
0616;23
0617;18
0618;20
0619;22
0620;26
0621;21
0622;27
0623;20
0624;23
0625;24
0626;20
0627;20
0628;16
0629;18
0630;15
0701;19
0702;24
0703;21
0704;17
0705;21
0706;26
0707;22
0708;22
0709;25
0710;17
0711;23
0712;23
0713;18
0714;23
0715;16
0716;25
0717;15
0718;20
0719;12
0720;15
0721;15
0722;20
0723;17
0724;25
0725;19
0726;23
0727;30
0728;23
0729;22
0730;24
0731;22
0801;25
0802;25
0803;17
0804;30
0805;21
0806;20
0807;21
0808;21
0809;20
0810;18
0811;24
0812;28
0813;16
0814;15
0815;18
0816;26
0817;17
0818;22
0819;20
0820;15
0821;24
0822;23
0823;18
0824;22
0825;18
0826;22
0827;14
0828;19
0829;23
0830;20
0831;22
0901;19
0902;17
0903;18
0904;18
0905;24
0906;25
0907;15
0908;14
0909;24
0910;17
0911;24
0912;21
0913;21
0914;23
0915;20
0916;18
0917;18
0918;17
0919;14
0920;16
0921;16
0922;28
0923;13
0924;25
0925;17
0926;21
0927;22
0928;20
0929;16
0930;19
1001;21
1002;23
1003;22
1004;20
1005;20
1006;24
1007;27
1008;19
1009;11
1010;27
1011;23
1012;29
1013;26
1014;20
1015;22
1016;16
1017;37
1018;22
1019;26
1020;18
1021;16
1022;20
1023;19
1024;19
1025;22
1026;19
1027;23
1028;34
1029;23
1030;31
1031;35
1101;32
1102;21
1103;19
1104;23
1105;25
1106;11
1107;19
1108;20
1109;29
1110;25
1111;22
1112;25
1113;23
1114;24
1115;23
1116;21
1117;18
1118;15
1119;27
1120;24
1121;13
1122;15
1123;26
1124;15
1125;33
1126;25
1127;36
1128;21
1129;19
1130;25
1201;24
1202;18
1203;19
1204;22
1205;19
1206;23
1207;25
1208;14
1209;26
1210;25
1211;21
1212;15
1213;22
1214;19
1215;17
1216;21
1217;36
1218;24
1219;24
1220;28
1221;22
1222;26
1223;26
1224;23
1225;27
1226;22
1227;24
1228;21
1229;17
1230;27
1231;28
