0101;4
0102;5
0103;7
0104;6
0105;3
0106;6
0107;4
0108;7
0109;8
0110;3
0111;2
0112;5
0113;8
0114;6
0115;3
0116;2
0117;6
0119;5
0120;5
0121;6
0122;6
0123;4
0124;5
0125;3
0126;8
0127;8
0128;8
0129;6
0130;6
0131;10
0201;5
0202;7
0203;7
0204;6
0205;7
0206;5
0207;4
0208;4
0209;8
0210;10
0211;3
0212;11
0213;6
0214;4
0215;5
0216;5
0217;6
0218;2
0219;5
0220;8
0221;6
0222;9
0223;2
0224;10
0225;7
0226;8
0227;9
0228;9
0301;6
0302;10
0303;6
0304;1
0305;3
0306;1
0307;4
0308;7
0309;8
0310;3
0311;5
0312;7
0313;5
0314;6
0315;7
0316;7
0317;7
0318;3
0319;9
0320;3
0321;8
0322;7
0323;1
0324;1
0325;2
0326;5
0327;5
0328;2
0329;5
0330;5
0331;8
0401;6
0402;8
0403;3
0404;8
0405;4
0407;3
0408;6
0409;6
0410;4
0411;10
0412;8
0413;5
0414;3
0415;8
0416;5
0417;2
0418;5
0419;6
0420;9
0421;2
0422;7
0423;7
0424;2
0425;4
0427;2
0428;2
0429;8
0430;5
0501;4
0502;9
0503;4
0504;4
0505;3
0506;5
0507;6
0508;7
0509;7
0510;1
0511;8
0512;9
0513;3
0514;7
0515;6
0516;5
0517;6
0518;5
0519;5
0520;4
0521;15
0522;5
0523;6
0524;6
0525;8
0526;8
0527;4
0528;3
0529;3
0530;7
0531;4
0601;9
0602;5
0603;5
0604;6
0605;6
0606;5
0607;9
0608;6
0609;6
0610;10
0611;2
0612;4
0613;4
0614;3
0615;3
0616;5
0617;6
0618;6
0619;4
0620;5
0621;8
0622;7
0623;4
0624;5
0625;7
0627;5
0628;4
0629;4
0630;5
0701;5
0702;5
0703;6
0704;5
0705;4
0706;4
0707;6
0708;3
0709;3
0710;2
0711;3
0712;13
0713;3
0714;8
0715;5
0716;4
0717;6
0718;5
0719;1
0720;8
0721;4
0722;5
0723;3
0724;11
0725;3
0726;5
0727;2
0728;3
0729;5
0730;5
0731;5
0801;4
0802;8
0803;4
0804;5
0805;3
0806;2
0807;2
0808;6
0809;5
0810;8
0811;3
0812;4
0813;2
0814;4
0815;5
0816;4
0817;7
0818;6
0819;1
0820;3
0822;2
0823;9
0824;4
0825;2
0826;5
0827;6
0828;7
0829;8
0830;6
0831;3
0901;2
0902;3
0903;4
0904;1
0905;3
0906;2
0907;4
0908;3
0909;5
0910;6
0911;4
0912;3
0913;3
0914;10
0915;7
0916;9
0917;1
0918;11
0919;9
0920;4
0921;5
0922;5
0923;5
0924;3
0925;4
0926;3
0927;5
0928;3
0929;4
0930;3
1001;4
1002;6
1003;1
1004;4
1005;1
1006;3
1007;6
1008;8
1009;7
1010;8
1011;3
1012;9
1013;11
1014;4
1015;2
1016;2
1017;3
1018;5
1019;6
1020;9
1021;5
1022;4
1023;7
1024;12
1025;8
1026;9
1027;5
1028;6
1029;7
1030;6
1031;8
1101;11
1102;3
1103;5
1104;7
1105;4
1106;4
1107;9
1108;3
1109;2
1110;3
1111;2
1112;9
1113;4
1114;5
1115;4
1116;7
1117;2
1118;6
1119;6
1120;6
1121;6
1122;7
1123;5
1124;14
1125;6
1126;10
1127;6
1128;6
1129;1
1130;3
1201;3
1202;5
1203;4
1204;3
1205;7
1206;3
1207;4
1208;3
1209;7
1210;7
1211;7
1212;8
1213;2
1214;6
1215;7
1216;4
1217;6
1218;2
1219;6
1220;6
1221;6
1222;9
1223;3
1224;7
1225;5
1226;7
1227;8
1228;5
1229;4
1230;11
1231;9
