0101;33
0102;44
0103;36
0104;33
0105;31
0106;28
0107;37
0108;29
0109;38
0110;36
0111;27
0112;29
0113;25
0114;35
0115;36
0116;22
0117;25
0118;30
0119;31
0120;28
0121;30
0122;31
0123;14
0124;37
0125;31
0126;30
0127;28
0128;40
0129;44
0130;37
0131;33
0201;34
0202;39
0203;23
0204;37
0205;30
0206;41
0207;28
0208;28
0209;29
0210;38
0211;28
0212;36
0213;37
0214;40
0215;45
0216;35
0217;35
0218;50
0219;30
0220;37
0221;35
0222;30
0223;41
0224;36
0225;42
0226;24
0227;29
0228;33
0301;43
0302;32
0303;37
0304;31
0305;34
0306;29
0307;42
0308;40
0309;32
0310;28
0311;36
0312;31
0313;38
0314;32
0315;33
0316;25
0317;23
0318;30
0319;23
0320;24
0321;31
0322;21
0323;29
0324;25
0325;36
0326;30
0327;41
0328;29
0329;37
0330;28
0331;24
0401;22
0402;29
0403;31
0404;33
0405;27
0406;30
0407;21
0408;37
0409;27
0410;31
0411;36
0412;32
0413;35
0414;36
0415;29
0416;28
0417;33
0418;22
0419;32
0420;26
0421;22
0422;33
0423;25
0424;35
0425;23
0426;38
0427;19
0428;22
0429;28
0430;39
0501;19
0502;20
0503;21
0504;21
0505;35
0506;36
0507;27
0508;28
0509;26
0510;21
0511;31
0512;31
0513;34
0514;24
0515;30
0516;36
0517;25
0518;29
0519;33
0520;19
0521;36
0522;27
0523;31
0524;22
0525;29
0526;25
0527;23
0528;19
0529;28
0530;26
0531;30
0601;18
0602;22
0603;34
0604;27
0605;37
0606;39
0607;25
0608;32
0609;28
0610;38
0611;36
0612;27
0613;21
0614;21
0615;24
0616;24
0617;29
0618;38
0619;30
0620;33
0621;30
0622;25
0623;31
0624;34
0625;28
0626;34
0627;27
0628;34
0629;18
0630;18
0701;27
0702;22
0703;32
0704;36
0705;40
0706;26
0707;29
0708;36
0709;26
0710;19
0711;34
0712;34
0713;23
0714;17
0715;27
0716;23
0717;20
0718;21
0719;27
0720;21
0721;19
0722;22
0723;26
0724;30
0725;33
0726;28
0727;23
0728;24
0729;30
0730;27
0731;20
0801;33
0802;26
0803;22
0804;30
0805;26
0806;25
0807;32
0808;34
0809;30
0810;27
0811;15
0812;23
0813;31
0814;21
0815;34
0816;24
0817;24
0818;16
0819;26
0820;33
0821;29
0822;33
0823;23
0824;23
0825;20
0826;30
0827;30
0828;21
0829;22
0830;20
0831;18
0901;20
0902;28
0903;23
0904;23
0905;30
0906;26
0907;22
0908;25
0909;31
0910;32
0911;34
0912;32
0913;18
0914;25
0915;31
0916;32
0917;21
0918;25
0919;14
0920;21
0921;25
0922;24
0923;20
0924;31
0925;37
0926;21
0927;28
0928;31
0929;32
0930;22
1001;42
1002;28
1003;23
1004;26
1005;29
1006;26
1007;34
1008;29
1009;27
1010;25
1011;28
1012;32
1013;32
1014;32
1015;22
1016;17
1017;23
1018;31
1019;39
1020;24
1021;26
1022;34
1023;34
1024;35
1025;20
1026;32
1027;33
1028;37
1029;25
1030;27
1031;37
1101;44
1102;36
1103;37
1104;18
1105;26
1106;30
1107;38
1108;41
1109;25
1110;28
1111;37
1112;40
1113;33
1114;40
1115;31
1116;25
1117;31
1118;24
1119;28
1120;28
1121;32
1122;30
1123;28
1124;36
1125;41
1126;31
1127;27
1128;27
1129;29
1130;22
1201;25
1202;32
1203;29
1204;36
1205;30
1206;35
1207;29
1208;27
1209;45
1210;27
1211;34
1212;34
1213;42
1214;31
1215;34
1216;40
1217;45
1218;28
1219;31
1220;31
1221;38
1222;33
1223;46
1224;29
1225;29
1226;36
1227;52
1228;34
1229;33
1230;23
1231;40
