0101;5
0102;6
0103;7
0104;6
0105;6
0106;5
0107;7
0108;3
0109;5
0110;6
0111;6
0112;4
0113;9
0114;3
0115;8
0116;9
0117;2
0118;7
0119;7
0120;5
0121;5
0122;6
0123;7
0124;3
0125;8
0126;5
0127;3
0128;11
0129;2
0130;4
0131;8
0201;9
0202;2
0203;5
0204;3
0205;3
0206;3
0207;6
0208;8
0209;6
0210;3
0211;5
0212;8
0213;8
0214;2
0215;8
0216;6
0217;8
0218;3
0219;7
0220;8
0221;6
0222;8
0223;7
0224;8
0225;6
0226;6
0227;5
0228;8
0301;5
0302;2
0303;4
0304;7
0305;3
0306;5
0307;9
0308;6
0309;5
0310;4
0311;5
0312;6
0313;6
0314;11
0315;5
0316;6
0317;3
0318;7
0319;6
0320;7
0321;6
0322;6
0323;4
0324;6
0325;9
0326;7
0327;5
0328;7
0329;7
0330;4
0331;4
0401;10
0402;4
0403;6
0404;7
0405;3
0406;5
0407;6
0408;5
0409;6
0410;6
0411;10
0412;3
0413;6
0414;1
0415;6
0416;4
0417;10
0418;5
0419;3
0420;2
0421;6
0422;5
0423;8
0424;4
0425;3
0426;8
0427;4
0428;6
0429;11
0430;5
0501;4
0502;10
0503;4
0504;7
0505;4
0506;12
0507;8
0508;7
0509;6
0510;2
0511;6
0512;4
0513;3
0514;7
0515;1
0516;6
0517;5
0518;11
0519;7
0520;4
0521;5
0522;4
0523;7
0524;7
0525;6
0526;9
0527;10
0528;6
0529;5
0530;7
0531;6
0601;10
0602;10
0603;8
0604;7
0605;5
0606;6
0607;5
0608;7
0609;5
0610;6
0611;7
0612;2
0613;7
0614;6
0615;6
0616;6
0617;9
0618;2
0619;15
0620;7
0621;8
0622;8
0623;3
0624;5
0625;6
0626;2
0627;7
0628;6
0629;4
0630;2
0701;6
0702;5
0703;8
0704;5
0705;5
0706;8
0707;5
0708;6
0709;6
0710;8
0711;4
0712;3
0713;5
0714;7
0715;7
0716;9
0717;3
0718;9
0719;5
0720;8
0721;9
0722;7
0723;6
0724;2
0725;12
0726;4
0727;6
0728;7
0729;8
0730;4
0731;4
0801;6
0802;3
0803;6
0804;5
0805;4
0806;6
0807;5
0808;6
0809;13
0810;7
0811;6
0812;4
0813;7
0814;10
0815;12
0816;7
0817;10
0818;4
0819;11
0820;10
0821;4
0822;7
0823;8
0824;10
0825;2
0826;11
0827;7
0828;9
0829;10
0830;5
0831;5
0901;5
0902;7
0903;4
0904;6
0905;4
0906;5
0907;12
0908;11
0909;7
0910;10
0911;4
0912;6
0913;6
0914;7
0915;6
0916;7
0917;6
0918;7
0919;6
0920;6
0921;9
0922;7
0923;9
0924;2
0925;8
0926;3
0927;6
0928;6
0929;5
0930;5
1001;6
1002;6
1003;8
1004;5
1005;6
1006;4
1007;2
1008;4
1009;5
1010;6
1011;8
1012;7
1013;7
1014;5
1015;3
1016;2
1017;4
1018;8
1019;6
1020;6
1021;4
1022;6
1023;7
1024;5
1025;2
1026;5
1027;7
1028;12
1029;8
1030;5
1031;4
1101;5
1102;7
1103;5
1104;5
1105;7
1106;10
1107;4
1108;6
1109;3
1110;7
1111;7
1112;9
1113;4
1114;3
1115;6
1116;5
1117;3
1118;6
1119;6
1120;9
1121;3
1122;3
1123;2
1124;6
1125;6
1126;9
1127;8
1128;6
1129;3
1130;1
1201;5
1202;11
1203;6
1204;5
1205;8
1206;3
1207;5
1208;7
1209;9
1210;4
1211;3
1212;5
1213;4
1214;3
1215;13
1216;7
1217;7
1218;7
1219;6
1220;2
1221;2
1222;5
1223;4
1224;4
1225;8
1226;6
1227;5
1228;10
1229;6
1230;9
1231;4
