0101;14
0102;13
0103;13
0104;18
0105;18
0106;13
0107;22
0108;14
0109;19
0110;22
0111;15
0112;15
0113;2
0114;15
0115;19
0116;19
0117;17
0118;13
0119;12
0120;8
0121;9
0122;16
0123;12
0124;7
0125;14
0126;6
0127;9
0128;11
0129;9
0130;11
0131;14
0201;13
0202;9
0203;12
0204;6
0205;10
0206;17
0207;8
0208;15
0209;2
0210;11
0211;11
0212;15
0213;16
0214;10
0215;20
0216;15
0217;18
0218;17
0219;15
0220;16
0221;12
0222;13
0223;11
0224;17
0225;12
0226;16
0227;16
0228;13
0301;17
0302;8
0303;9
0304;9
0305;10
0306;5
0307;7
0308;13
0309;10
0310;12
0311;12
0312;14
0313;13
0314;8
0315;8
0316;16
0317;11
0318;12
0319;11
0320;8
0321;11
0322;7
0323;14
0324;12
0325;13
0326;11
0327;12
0328;12
0329;7
0330;8
0331;13
0401;11
0402;8
0403;8
0404;9
0405;11
0406;9
0407;12
0408;8
0409;16
0410;11
0411;8
0412;12
0413;9
0414;12
0415;9
0416;11
0417;4
0418;5
0419;10
0420;2
0421;9
0422;11
0423;13
0424;20
0425;7
0426;16
0427;9
0428;2
0429;19
0430;5
0501;7
0502;5
0503;9
0504;7
0505;15
0506;8
0507;12
0508;8
0509;8
0510;8
0511;12
0512;10
0513;9
0514;15
0515;12
0516;6
0517;17
0518;15
0519;8
0520;10
0521;6
0522;7
0523;7
0524;8
0525;14
0526;5
0527;11
0528;10
0529;10
0530;8
0531;10
0601;11
0602;10
0603;11
0604;12
0605;7
0606;10
0607;10
0608;11
0609;7
0610;7
0611;5
0612;5
0613;16
0614;11
0615;11
0616;6
0617;15
0618;16
0619;15
0620;15
0621;21
0622;29
0623;11
0624;27
0625;14
0626;20
0627;16
0628;28
0629;16
0630;16
0701;14
0702;26
0703;23
0704;14
0705;18
0706;14
0707;16
0708;15
0709;18
0710;17
0711;16
0712;19
0713;14
0714;10
0715;15
0716;12
0717;9
0718;9
0719;7
0720;10
0721;5
0722;6
0723;11
0724;6
0725;6
0726;8
0727;6
0728;12
0729;7
0730;8
0731;8
0801;10
0802;10
0803;6
0804;12
0805;9
0806;14
0807;15
0808;7
0809;14
0810;6
0811;11
0812;9
0813;15
0814;12
0815;8
0816;14
0817;10
0818;11
0819;11
0820;5
0821;10
0822;17
0823;9
0824;13
0825;12
0826;2
0827;10
0828;6
0829;6
0830;7
0831;7
0901;11
0902;9
0903;9
0904;11
0905;15
0906;12
0907;9
0908;7
0909;10
0910;11
0911;5
0912;8
0913;1
0914;9
0915;11
0916;13
0917;7
0918;8
0919;10
0920;10
0921;10
0922;12
0923;4
0924;7
0925;5
0926;14
0927;10
0928;10
0929;11
0930;15
1001;11
1002;9
1003;10
1004;10
1005;12
1006;14
1007;10
1008;9
1009;4
1010;12
1011;14
1012;6
1013;10
1014;11
1015;12
1016;8
1017;7
1018;13
1019;10
1020;9
1021;10
1022;14
1023;12
1024;8
1025;12
1026;10
1027;8
1028;14
1029;6
1030;16
1031;12
1101;9
1102;12
1103;7
1104;18
1105;9
1106;11
1107;19
1108;10
1109;16
1110;11
1111;8
1112;13
1113;13
1114;8
1115;7
1116;11
1117;8
1118;10
1119;10
1120;12
1121;11
1122;4
1123;7
1124;9
1125;10
1126;4
1127;5
1128;11
1129;12
1130;9
1201;10
1202;15
1203;10
1204;10
1205;11
1206;7
1207;10
1208;15
1209;15
1210;13
1211;12
1212;7
1213;15
1214;9
1215;13
1216;17
1217;14
1218;10
1219;19
1220;9
1221;12
1222;2
1223;11
1224;18
1225;12
1226;17
1227;14
1228;12
1229;11
1230;6
1231;10
