0101;29
0102;17
0103;23
0104;12
0105;22
0106;23
0107;22
0108;29
0109;20
0110;26
0111;16
0112;31
0113;21
0114;14
0115;19
0116;13
0117;29
0118;14
0119;17
0120;25
0121;25
0122;20
0123;27
0124;21
0125;18
0126;17
0127;17
0128;23
0129;8
0130;15
0131;12
0201;18
0202;13
0203;15
0204;15
0205;21
0206;23
0207;21
0208;12
0209;18
0210;20
0211;15
0212;9
0213;27
0214;18
0215;23
0216;17
0217;17
0218;13
0219;16
0220;23
0221;12
0222;16
0223;18
0224;15
0225;20
0226;17
0227;12
0228;12
0301;11
0302;19
0303;9
0304;13
0305;15
0306;10
0307;11
0308;8
0309;19
0310;13
0311;14
0312;12
0313;22
0314;11
0315;13
0316;13
0317;7
0318;15
0319;15
0320;12
0321;8
0322;11
0323;17
0324;12
0325;11
0326;15
0327;15
0328;17
0329;22
0330;10
0331;5
0401;19
0402;17
0403;31
0404;17
0405;14
0406;15
0407;10
0408;16
0409;14
0410;13
0411;18
0412;18
0413;15
0414;12
0415;14
0416;12
0417;7
0418;22
0419;18
0420;16
0421;12
0422;14
0423;11
0424;17
0425;16
0426;15
0427;13
0428;18
0429;18
0430;16
0501;16
0502;23
0503;17
0504;12
0505;14
0506;12
0507;16
0508;10
0509;15
0510;9
0511;15
0512;19
0513;12
0514;14
0515;11
0516;12
0517;13
0518;11
0519;17
0520;11
0521;18
0522;13
0523;13
0524;12
0525;21
0526;12
0527;8
0528;16
0529;5
0530;22
0531;23
0601;20
0602;14
0603;12
0604;15
0605;21
0606;19
0607;20
0608;15
0609;19
0610;9
0611;25
0612;14
0613;23
0614;19
0615;28
0616;29
0617;22
0618;13
0619;31
0620;20
0621;23
0622;17
0623;5
0624;33
0625;18
0626;16
0627;18
0628;16
0629;18
0630;7
0701;10
0702;14
0703;12
0704;10
0705;12
0706;2
0707;3
0708;5
0709;6
0710;6
0711;7
0712;5
0713;8
0714;10
0715;11
0716;10
0717;15
0718;4
0719;6
0721;4
0722;4
0723;4
0724;6
0725;3
0726;4
0729;2
0730;6
0731;5
0801;10
0802;9
0803;9
0804;5
0805;16
0806;12
0807;11
0808;12
0809;15
0810;9
0811;12
0812;11
0813;11
0814;12
0815;13
0816;13
0817;15
0818;11
0819;18
0820;17
0821;11
0822;10
0823;18
0824;17
0825;11
0826;12
0827;11
0828;14
0829;8
0830;10
0831;12
0901;18
0902;15
0903;17
0904;8
0905;11
0906;20
0907;10
0908;16
0909;9
0910;14
0911;15
0912;9
0913;16
0914;19
0915;9
0916;17
0917;8
0918;16
0919;12
0920;16
0921;13
0922;11
0923;16
0924;12
0925;18
0926;14
0927;15
0928;13
0929;12
0930;11
1001;17
1002;20
1003;15
1004;8
1005;11
1006;10
1007;20
1008;16
1009;11
1010;16
1011;10
1012;9
1013;10
1014;10
1015;15
1016;14
1017;14
1018;17
1019;12
1020;16
1021;11
1022;5
1023;19
1024;16
1025;13
1026;12
1027;17
1028;19
1029;12
1030;13
1031;12
1101;21
1102;13
1103;14
1104;14
1105;12
1106;14
1107;11
1108;15
1109;14
1110;11
1111;20
1112;18
1113;17
1114;13
1115;14
1116;20
1117;18
1118;8
1119;12
1120;18
1121;10
1122;13
1123;12
1124;18
1125;15
1126;16
1127;7
1128;14
1129;14
1130;9
1201;16
1202;15
1203;17
1204;17
1205;15
1206;13
1207;18
1208;9
1209;8
1210;11
1211;16
1212;16
1213;13
1214;14
1215;19
1216;17
1217;8
1218;12
1219;13
1220;16
1221;15
1222;21
1223;12
1224;16
1225;18
1226;12
1227;12
1228;11
1229;19
1230;18
1231;12
