0101;15
0102;15
0103;21
0104;14
0105;20
0106;19
0107;15
0108;23
0109;17
0110;12
0111;17
0112;11
0113;23
0114;16
0115;11
0116;14
0117;18
0118;11
0119;15
0120;25
0121;16
0122;16
0123;17
0124;14
0125;14
0126;14
0127;13
0128;24
0129;22
0130;12
0131;16
0201;12
0202;10
0203;17
0204;12
0205;10
0206;13
0207;13
0208;15
0209;10
0210;12
0211;13
0212;12
0213;15
0214;18
0215;11
0216;8
0217;19
0218;11
0219;13
0220;10
0221;16
0222;20
0223;14
0224;11
0225;14
0226;10
0227;19
0228;10
0301;18
0302;16
0303;13
0304;11
0305;13
0306;9
0307;17
0308;8
0309;14
0310;14
0311;11
0312;10
0313;12
0314;10
0315;10
0316;10
0317;12
0318;11
0319;13
0320;11
0321;15
0322;10
0323;12
0324;11
0325;6
0326;12
0327;15
0328;9
0329;8
0330;11
0331;13
0401;10
0402;9
0403;13
0404;19
0405;16
0406;13
0407;11
0408;14
0409;12
0410;12
0411;9
0412;13
0413;15
0414;14
0415;12
0416;17
0417;8
0418;12
0419;17
0420;16
0421;14
0422;11
0423;9
0424;10
0425;14
0426;19
0427;8
0428;10
0429;11
0430;10
0501;10
0502;11
0503;8
0504;16
0505;17
0506;9
0507;16
0508;12
0509;16
0510;16
0511;7
0512;16
0513;22
0514;18
0515;6
0516;18
0517;11
0518;20
0519;13
0520;15
0521;13
0522;16
0523;13
0524;22
0525;13
0526;14
0527;11
0528;25
0529;14
0530;21
0531;8
0601;14
0602;17
0603;8
0604;10
0605;21
0606;11
0607;15
0608;11
0609;18
0610;14
0611;8
0612;33
0613;19
0614;18
0615;14
0616;12
0617;32
0618;18
0619;13
0620;10
0621;18
0622;32
0623;20
0624;19
0625;24
0626;26
0627;28
0628;18
0629;14
0630;8
0701;13
0702;21
0703;20
0704;16
0705;16
0706;16
0707;14
0708;24
0709;14
0710;12
0711;8
0712;4
0713;17
0714;4
0715;4
0716;8
0717;2
0718;16
0719;6
0720;3
0721;7
0722;5
0724;3
0725;2
0726;1
0727;3
0728;2
0729;3
0730;2
0731;1
0801;3
0802;5
0803;3
0804;1
0805;5
0806;1
0807;2
0808;6
0809;5
0810;6
0811;5
0812;6
0813;5
0814;4
0815;9
0816;6
0817;9
0818;10
0819;11
0820;10
0821;11
0822;11
0823;11
0824;9
0825;18
0826;11
0827;14
0828;8
0829;10
0830;17
0831;13
0901;9
0902;12
0903;7
0904;11
0905;16
0906;11
0907;15
0908;12
0909;9
0910;10
0911;16
0912;15
0913;6
0914;11
0915;7
0916;12
0917;6
0918;12
0919;17
0920;12
0921;9
0922;9
0923;20
0924;11
0925;14
0926;15
0927;11
0928;13
0929;13
0930;6
1001;4
1002;11
1003;13
1004;8
1005;11
1006;5
1007;9
1008;7
1009;14
1010;14
1011;8
1012;8
1013;11
1014;7
1015;11
1016;17
1017;16
1018;12
1019;18
1020;10
1021;17
1022;19
1023;15
1024;12
1025;11
1026;8
1027;16
1028;8
1029;10
1030;12
1031;17
1101;12
1102;6
1103;15
1104;19
1105;7
1106;16
1107;18
1108;14
1109;11
1110;14
1111;11
1112;14
1113;10
1114;12
1115;16
1116;9
1117;6
1118;11
1119;15
1120;12
1121;13
1122;10
1123;9
1124;11
1125;9
1126;13
1127;4
1128;14
1129;8
1130;17
1201;14
1202;13
1203;8
1204;6
1205;18
1206;12
1207;17
1208;14
1209;7
1210;13
1211;14
1212;17
1213;12
1214;12
1215;11
1216;11
1217;11
1218;19
1219;15
1220;10
1221;14
1222;13
1223;10
1224;15
1225;13
1226;12
1227;18
1228;16
1229;12
1230;13
1231;14
