0101;3
0102;6
0103;5
0104;8
0105;3
0106;10
0107;10
0108;6
0109;4
0110;4
0111;7
0112;3
0113;6
0114;3
0115;6
0116;2
0117;5
0118;3
0119;2
0120;4
0121;4
0122;6
0123;7
0124;5
0125;3
0126;2
0127;7
0128;3
0129;7
0130;3
0131;6
0201;3
0202;3
0203;5
0204;3
0205;6
0206;3
0207;7
0208;5
0209;3
0210;4
0211;6
0212;4
0213;2
0214;6
0215;3
0216;5
0217;4
0218;6
0219;4
0220;10
0221;6
0222;2
0223;9
0224;4
0225;6
0226;6
0227;1
0228;6
0301;6
0302;2
0303;2
0304;3
0305;4
0306;4
0307;7
0308;4
0309;6
0310;3
0311;2
0312;2
0313;1
0314;9
0315;5
0316;4
0317;2
0318;1
0319;6
0320;4
0321;4
0322;5
0323;9
0324;6
0325;7
0326;3
0327;2
0328;8
0329;7
0330;6
0331;5
0401;1
0402;10
0403;3
0404;3
0405;7
0406;4
0407;3
0408;5
0409;3
0410;1
0411;6
0412;7
0413;4
0414;3
0415;2
0416;5
0417;3
0418;7
0419;4
0420;3
0421;8
0422;2
0423;4
0424;7
0425;5
0426;4
0427;4
0428;3
0429;3
0430;3
0501;2
0502;4
0503;4
0504;2
0505;3
0506;5
0507;2
0508;4
0509;4
0510;3
0511;1
0512;5
0513;1
0514;2
0515;4
0516;4
0517;4
0518;6
0519;5
0520;1
0521;4
0522;5
0523;5
0524;5
0525;2
0526;4
0527;2
0528;4
0529;4
0530;5
0531;4
0601;4
0602;5
0603;3
0604;10
0605;4
0606;5
0607;1
0608;5
0609;7
0610;6
0611;9
0612;3
0613;10
0614;4
0615;8
0616;2
0617;10
0618;12
0619;16
0620;6
0621;8
0622;8
0623;10
0624;6
0625;4
0626;4
0628;8
0629;10
0630;18
0703;5
0705;1
0709;1
0711;1
0712;2
0714;1
0715;1
0716;1
0717;1
0722;1
0723;1
0726;1
0729;1
0730;1
0731;1
0802;2
0803;1
0804;3
0805;2
0808;2
0811;1
0812;1
0813;4
0814;4
0815;5
0816;6
0817;5
0818;1
0819;7
0820;2
0821;7
0822;1
0823;6
0824;2
0825;2
0826;4
0827;1
0828;7
0829;4
0830;1
0831;6
0901;4
0902;2
0903;3
0904;2
0905;3
0906;6
0907;4
0908;4
0909;7
0910;5
0911;3
0912;5
0913;3
0914;2
0915;1
0916;1
0917;2
0918;1
0919;3
0920;2
0921;5
0922;4
0923;5
0924;2
0925;2
0926;2
0927;5
0928;5
0929;4
0930;1
1001;7
1002;5
1003;1
1004;3
1005;3
1006;4
1007;5
1008;2
1009;3
1010;2
1011;3
1012;2
1013;3
1014;6
1015;3
1016;5
1017;6
1018;2
1019;3
1020;3
1021;2
1022;4
1023;3
1024;4
1025;2
1026;4
1027;1
1028;3
1029;5
1030;5
1031;7
1101;4
1102;1
1103;9
1104;3
1105;2
1106;4
1107;4
1108;6
1109;5
1110;4
1111;5
1112;6
1113;4
1114;8
1115;4
1116;3
1117;3
1118;10
1119;2
1120;6
1121;4
1122;5
1123;7
1124;4
1125;5
1126;1
1127;3
1128;1
1129;2
1130;2
1201;10
1202;5
1203;2
1204;4
1205;8
1206;3
1207;3
1208;5
1209;5
1210;6
1211;1
1212;8
1213;3
1214;5
1215;4
1216;6
1217;1
1218;4
1219;7
1220;7
1221;5
1222;3
1223;2
1224;5
1225;5
1226;5
1227;7
1228;5
1229;7
1230;1
1231;5
