0101;49
0102;37
0103;42
0104;43
0105;44
0106;48
0107;44
0108;39
0109;43
0110;47
0111;44
0112;39
0113;36
0114;53
0115;41
0116;51
0117;46
0118;31
0119;29
0120;31
0121;31
0122;33
0123;39
0124;39
0125;27
0126;37
0127;35
0128;46
0129;29
0130;40
0131;26
0201;32
0202;38
0203;39
0204;40
0205;31
0206;39
0207;38
0208;38
0209;43
0210;34
0211;37
0212;29
0213;27
0214;47
0215;36
0216;43
0217;33
0218;53
0219;35
0220;35
0221;41
0222;37
0223;29
0224;28
0225;37
0226;34
0227;43
0228;28
0301;42
0302;33
0303;33
0304;31
0305;38
0306;22
0307;21
0308;40
0309;33
0310;31
0311;31
0312;32
0313;27
0314;34
0315;22
0316;29
0317;30
0318;20
0319;31
0320;24
0321;30
0322;33
0323;20
0324;35
0325;36
0326;39
0327;23
0328;42
0329;31
0330;27
0331;37
0401;47
0402;35
0403;29
0404;30
0405;45
0406;37
0407;34
0408;28
0409;31
0410;54
0411;23
0412;38
0413;42
0414;35
0415;24
0416;34
0417;34
0418;30
0419;20
0420;33
0421;36
0422;34
0423;32
0424;27
0425;40
0426;39
0427;30
0428;33
0429;32
0430;30
0501;45
0502;39
0503;49
0504;33
0505;33
0506;37
0507;43
0508;32
0509;43
0510;33
0511;33
0512;46
0513;42
0514;54
0515;49
0516;38
0517;32
0518;40
0519;35
0520;38
0521;37
0522;27
0523;29
0524;39
0525;35
0526;29
0527;38
0528;49
0529;32
0530;42
0531;34
0601;37
0602;28
0603;48
0604;50
0605;30
0606;48
0607;57
0608;38
0609;38
0610;46
0611;48
0612;28
0613;40
0614;31
0615;44
0616;44
0617;65
0618;56
0619;50
0620;47
0621;21
0622;46
0623;34
0624;32
0625;46
0626;33
0627;43
0628;29
0629;34
0630;33
0701;29
0702;32
0703;26
0704;17
0705;23
0706;17
0707;15
0708;10
0709;15
0710;20
0711;13
0712;16
0713;15
0714;12
0715;12
0716;15
0717;19
0718;19
0719;8
0720;11
0721;11
0722;3
0723;4
0724;2
0725;3
0726;9
0727;2
0728;5
0729;3
0730;9
0731;21
0801;21
0802;19
0803;21
0804;14
0805;16
0806;24
0807;22
0808;20
0809;24
0810;30
0811;21
0812;24
0813;35
0814;31
0815;23
0816;35
0817;23
0818;26
0819;35
0820;24
0821;30
0822;29
0823;35
0824;28
0825;30
0826;30
0827;31
0828;37
0829;23
0830;30
0831;33
0901;34
0902;22
0903;30
0904;25
0905;33
0906;33
0907;40
0908;34
0909;39
0910;30
0911;34
0912;28
0913;43
0914;31
0915;20
0916;28
0917;20
0918;29
0919;27
0920;38
0921;27
0922;31
0923;27
0924;36
0925;27
0926;31
0927;33
0928;33
0929;39
0930;33
1001;33
1002;34
1003;33
1004;33
1005;30
1006;37
1007;28
1008;31
1009;30
1010;30
1011;30
1012;39
1013;39
1014;21
1015;27
1016;26
1017;39
1018;30
1019;32
1020;42
1021;31
1022;25
1023;32
1024;23
1025;34
1026;35
1027;33
1028;35
1029;31
1030;34
1031;33
1101;28
1102;21
1103;39
1104;27
1105;27
1106;29
1107;38
1108;30
1109;20
1110;36
1111;24
1112;27
1113;30
1114;41
1115;31
1116;32
1117;29
1118;31
1119;27
1120;27
1121;29
1122;25
1123;28
1124;37
1125;38
1126;36
1127;25
1128;32
1129;53
1130;68
1201;32
1202;44
1203;65
1204;49
1205;43
1206;46
1207;43
1208;50
1209;54
1210;44
1211;48
1212;41
1213;58
1214;54
1215;69
1216;52
1217;39
1218;68
1219;43
1220;47
1221;25
1222;33
1223;33
1224;42
1225;36
1226;24
1227;23
1228;36
1229;31
1230;37
1231;42
