0101;6
0102;14
0103;14
0104;6
0105;12
0106;9
0107;11
0108;12
0109;11
0110;7
0111;11
0112;14
0113;6
0114;11
0115;10
0116;11
0117;12
0118;17
0119;11
0120;14
0121;13
0122;19
0123;8
0124;11
0125;11
0126;7
0127;3
0128;9
0129;13
0130;12
0131;9
0201;6
0202;6
0203;9
0204;10
0205;11
0206;11
0207;10
0208;17
0209;9
0210;9
0211;9
0212;9
0213;10
0214;7
0215;9
0216;4
0217;5
0218;5
0219;10
0220;3
0221;8
0222;12
0223;9
0224;4
0225;8
0226;3
0227;11
0228;12
0301;10
0302;12
0303;11
0304;14
0305;5
0306;10
0307;8
0308;6
0309;11
0310;11
0311;4
0312;17
0313;14
0314;12
0315;7
0316;10
0317;11
0318;11
0319;8
0320;6
0321;6
0322;6
0323;4
0324;5
0325;6
0326;16
0327;10
0328;14
0329;6
0330;9
0331;10
0401;8
0402;4
0403;7
0404;4
0405;10
0406;7
0407;12
0408;6
0409;9
0410;7
0411;12
0412;7
0413;9
0414;7
0415;7
0416;4
0417;14
0418;8
0419;8
0420;12
0421;10
0422;10
0423;12
0424;9
0425;8
0426;5
0427;10
0428;8
0429;9
0430;11
0501;3
0502;7
0503;11
0504;5
0505;6
0506;5
0507;8
0508;7
0509;11
0510;3
0511;8
0512;4
0513;6
0514;2
0515;11
0516;7
0517;11
0518;7
0519;5
0520;8
0521;10
0522;7
0523;8
0524;7
0525;8
0526;13
0527;9
0528;7
0529;9
0530;7
0531;10
0601;6
0602;2
0603;9
0604;8
0605;7
0606;5
0607;11
0608;10
0609;11
0610;11
0611;9
0612;8
0613;19
0614;7
0615;10
0616;10
0617;15
0618;15
0619;2
0620;9
0621;15
0622;6
0623;14
0624;19
0625;14
0626;13
0627;24
0628;14
0629;16
0630;15
0701;18
0702;9
0703;19
0704;16
0705;10
0706;6
0707;15
0708;14
0709;12
0710;11
0711;8
0712;10
0713;16
0714;9
0715;5
0716;7
0717;4
0718;6
0719;4
0720;15
0721;6
0722;3
0723;8
0724;4
0725;6
0726;5
0727;5
0728;9
0729;6
0730;7
0731;8
0801;6
0802;9
0803;12
0804;10
0805;7
0806;10
0807;5
0808;2
0809;11
0810;5
0811;13
0812;6
0813;7
0814;11
0815;11
0816;5
0817;3
0818;6
0819;10
0820;5
0821;6
0822;10
0823;5
0824;3
0825;9
0826;7
0827;11
0828;5
0829;8
0830;6
0831;12
0901;1
0902;5
0903;6
0904;8
0905;8
0906;7
0907;9
0908;6
0909;2
0910;8
0911;7
0912;2
0913;1
0914;8
0915;10
0916;12
0917;6
0918;9
0919;6
0920;9
0921;10
0922;9
0923;7
0924;4
0925;5
0926;10
0927;11
0928;5
0929;3
0930;7
1001;11
1002;3
1003;5
1004;8
1005;8
1006;7
1007;8
1008;10
1009;5
1010;10
1011;6
1012;5
1013;8
1014;8
1015;9
1016;8
1017;6
1018;6
1019;9
1020;5
1021;9
1022;7
1023;4
1024;9
1025;5
1026;9
1027;1
1028;6
1029;5
1030;8
1031;8
1101;7
1102;12
1103;3
1104;10
1105;7
1106;8
1107;6
1108;7
1109;8
1110;9
1111;10
1112;10
1113;8
1114;12
1115;7
1116;7
1117;9
1118;9
1119;8
1120;8
1121;5
1122;6
1123;6
1124;12
1125;6
1126;8
1127;7
1128;9
1129;7
1130;3
1201;10
1202;5
1203;6
1204;3
1205;7
1206;8
1207;4
1208;7
1209;9
1210;9
1211;12
1212;5
1213;8
1214;4
1215;15
1216;7
1217;10
1218;5
1219;8
1220;3
1221;8
1222;2
1223;7
1224;11
1225;7
1226;8
1227;8
1228;9
1229;8
1230;11
1231;6
