0101;11
0102;12
0103;8
0104;16
0105;12
0106;7
0107;12
0108;9
0109;13
0110;10
0111;15
0112;9
0113;9
0114;18
0115;11
0116;16
0117;17
0118;12
0119;12
0120;11
0121;15
0122;8
0123;6
0124;13
0125;11
0126;6
0127;10
0128;11
0129;11
0130;4
0131;14
0201;11
0202;8
0203;14
0204;17
0205;9
0206;11
0207;14
0208;14
0209;16
0210;10
0211;9
0212;10
0213;13
0214;8
0215;13
0216;14
0217;13
0218;12
0219;6
0220;11
0221;10
0222;8
0223;11
0224;13
0225;15
0226;5
0227;9
0228;8
0301;14
0302;7
0303;16
0304;4
0305;7
0306;8
0307;9
0308;5
0309;11
0310;10
0311;12
0312;10
0313;10
0314;13
0315;15
0316;9
0317;7
0318;11
0319;9
0320;9
0321;9
0322;4
0323;9
0324;18
0325;14
0326;8
0327;13
0328;9
0329;15
0330;11
0331;10
0401;13
0402;7
0403;13
0404;10
0405;8
0406;7
0407;6
0408;14
0409;12
0410;17
0411;12
0412;13
0413;10
0414;10
0415;6
0416;10
0417;15
0418;8
0419;8
0420;3
0421;9
0422;7
0423;4
0424;13
0425;17
0426;7
0427;11
0428;8
0429;13
0430;11
0501;12
0502;12
0503;10
0504;10
0505;16
0506;11
0507;16
0508;9
0509;7
0510;12
0511;14
0512;12
0513;9
0514;10
0515;24
0516;11
0517;14
0518;11
0519;8
0520;9
0521;7
0522;14
0523;6
0524;18
0525;9
0526;10
0527;17
0528;12
0529;3
0530;17
0531;18
0601;22
0602;14
0603;6
0604;11
0605;16
0606;15
0607;14
0608;20
0609;16
0610;18
0611;28
0612;14
0613;20
0614;14
0615;16
0616;16
0617;14
0618;8
0619;10
0620;18
0621;24
0622;16
0623;14
0624;18
0625;16
0626;12
0627;10
0628;18
0629;22
0630;15
0701;7
0702;10
0703;6
0704;21
0705;8
0706;9
0707;12
0708;13
0709;4
0710;11
0711;14
0712;12
0713;15
0714;8
0715;8
0716;8
0717;9
0718;4
0719;10
0720;11
0721;7
0722;5
0723;6
0724;5
0725;6
0726;6
0727;6
0728;4
0729;10
0730;8
0731;2
0801;7
0802;7
0803;4
0804;7
0805;9
0806;5
0807;3
0808;5
0809;10
0810;5
0811;9
0812;8
0813;5
0814;7
0815;10
0816;7
0817;4
0818;4
0819;5
0820;6
0821;5
0822;7
0823;12
0824;5
0825;10
0826;10
0827;7
0828;7
0829;8
0830;11
0831;12
0901;10
0902;8
0903;9
0904;6
0905;8
0906;9
0907;6
0908;13
0909;13
0910;8
0911;14
0912;13
0913;8
0914;9
0915;8
0916;4
0917;4
0918;10
0919;14
0920;7
0921;9
0922;10
0923;9
0924;9
0925;10
0926;13
0927;6
0928;11
0929;6
0930;6
1001;8
1002;8
1003;8
1004;5
1005;13
1006;15
1007;8
1008;10
1009;8
1010;7
1011;11
1012;8
1013;7
1014;8
1015;7
1016;13
1017;8
1018;12
1019;10
1020;13
1021;6
1022;7
1023;2
1024;11
1025;12
1026;12
1027;10
1028;10
1029;10
1030;5
1031;6
1101;4
1102;9
1103;9
1104;10
1105;11
1106;9
1107;12
1108;8
1109;10
1110;12
1111;14
1112;6
1113;14
1114;7
1115;10
1116;10
1117;11
1118;9
1119;7
1120;12
1121;8
1122;12
1123;9
1124;10
1125;8
1126;11
1127;20
1128;10
1129;16
1130;10
1201;7
1202;4
1203;6
1204;9
1205;6
1206;9
1207;10
1208;9
1209;12
1210;9
1211;10
1212;5
1213;12
1214;9
1215;8
1216;5
1217;9
1218;15
1219;14
1220;10
1221;8
1222;10
1223;8
1224;8
1225;8
1226;10
1227;7
1228;6
1229;9
1230;7
1231;8
