0101;24
0102;14
0103;16
0104;12
0105;20
0106;19
0107;16
0108;9
0109;16
0110;15
0111;18
0112;9
0113;21
0114;15
0115;11
0116;11
0117;8
0118;9
0119;12
0120;13
0121;17
0122;16
0123;11
0124;16
0125;7
0126;11
0127;10
0128;5
0129;13
0130;11
0131;17
0201;19
0202;8
0203;12
0204;18
0205;14
0206;9
0207;12
0208;6
0209;11
0210;6
0211;19
0212;14
0213;12
0214;14
0215;10
0216;14
0217;13
0218;11
0219;17
0220;9
0221;10
0222;13
0223;10
0224;12
0225;6
0226;8
0227;12
0228;7
0301;8
0302;12
0303;9
0304;11
0305;13
0306;12
0307;5
0308;10
0309;10
0310;19
0311;11
0312;10
0313;11
0314;17
0315;12
0316;13
0317;14
0318;10
0319;7
0320;9
0321;7
0322;5
0323;8
0324;8
0325;10
0326;15
0327;12
0328;10
0329;16
0330;8
0331;17
0401;11
0402;12
0403;9
0404;12
0405;12
0406;13
0407;7
0408;17
0409;8
0410;10
0411;10
0412;10
0413;7
0414;8
0415;7
0416;18
0417;9
0418;10
0419;13
0420;10
0421;10
0422;15
0423;14
0424;14
0425;12
0426;6
0427;14
0428;9
0429;13
0430;9
0501;8
0502;18
0503;11
0504;19
0505;9
0506;8
0507;8
0508;19
0509;4
0510;9
0511;19
0512;19
0513;16
0514;12
0515;11
0516;11
0517;16
0518;14
0519;15
0520;21
0521;10
0522;14
0523;10
0524;7
0525;22
0526;6
0527;17
0528;14
0529;7
0530;20
0531;8
0601;12
0602;18
0603;10
0604;8
0605;8
0606;20
0607;24
0608;18
0609;16
0610;24
0611;18
0612;10
0613;10
0614;8
0615;14
0616;26
0617;14
0618;26
0619;10
0620;16
0621;20
0622;8
0623;6
0624;4
0625;16
0626;9
0627;8
0628;12
0629;12
0630;6
0701;8
0702;15
0703;8
0704;9
0705;14
0706;8
0707;11
0708;11
0709;9
0710;12
0711;6
0712;11
0713;17
0714;11
0715;7
0716;6
0717;8
0718;3
0719;6
0720;4
0721;7
0722;8
0723;6
0724;12
0725;8
0726;7
0727;13
0728;10
0729;9
0730;10
0731;8
0801;6
0802;11
0803;16
0804;9
0805;8
0806;5
0807;7
0808;13
0809;13
0810;10
0811;16
0812;6
0813;10
0814;10
0815;6
0816;8
0817;13
0818;9
0819;8
0820;14
0821;12
0822;12
0823;17
0824;8
0825;9
0826;16
0827;12
0828;12
0829;11
0830;7
0831;16
0901;11
0902;8
0903;9
0904;6
0905;19
0906;11
0907;6
0908;7
0909;7
0910;5
0911;8
0912;8
0913;7
0914;8
0915;8
0916;11
0917;9
0918;9
0919;10
0920;8
0921;15
0922;10
0923;10
0924;9
0925;9
0926;7
0927;8
0928;8
0929;7
0930;8
1001;12
1002;9
1003;8
1004;12
1005;5
1006;17
1007;8
1008;8
1009;6
1010;6
1011;2
1012;7
1013;7
1014;5
1015;7
1016;13
1017;12
1018;10
1019;5
1020;10
1021;6
1022;14
1023;9
1024;11
1025;7
1026;12
1027;14
1028;11
1029;7
1030;3
1031;12
1101;10
1102;13
1103;7
1104;8
1105;5
1106;12
1107;10
1108;14
1109;13
1110;6
1111;7
1112;13
1113;11
1114;7
1115;10
1116;8
1117;13
1118;6
1119;11
1120;11
1121;4
1122;6
1123;10
1124;11
1125;9
1126;6
1127;6
1128;7
1129;14
1130;15
1201;13
1202;5
1203;6
1204;11
1205;11
1206;9
1207;7
1208;14
1209;11
1210;8
1211;13
1212;10
1213;7
1214;10
1215;3
1216;11
1217;10
1218;11
1219;12
1220;4
1221;11
1222;14
1223;11
1224;11
1225;10
1226;7
1227;14
1228;6
1229;10
1230;13
1231;14
