0101;16
0102;25
0103;30
0104;29
0105;28
0106;33
0107;18
0108;22
0109;22
0110;25
0111;18
0112;18
0113;16
0114;24
0115;29
0116;16
0117;17
0118;28
0119;18
0120;24
0121;17
0122;23
0123;19
0124;16
0125;27
0126;29
0127;19
0128;16
0129;22
0130;21
0131;21
0201;18
0202;18
0203;18
0204;20
0205;16
0206;19
0207;20
0208;15
0209;11
0210;21
0211;15
0212;13
0213;12
0214;24
0215;14
0216;14
0217;22
0218;18
0219;11
0220;19
0221;19
0222;22
0223;9
0224;23
0225;20
0226;11
0227;19
0228;16
0301;13
0302;18
0303;19
0304;11
0305;12
0306;22
0307;11
0308;16
0309;21
0310;13
0311;23
0312;20
0313;20
0314;18
0315;20
0316;19
0317;16
0318;22
0319;12
0320;11
0321;16
0322;10
0323;12
0324;11
0325;10
0326;16
0327;15
0328;23
0329;20
0330;16
0331;21
0401;24
0402;21
0403;24
0404;21
0405;25
0406;16
0407;18
0408;18
0409;18
0410;16
0411;16
0412;19
0413;22
0414;17
0415;26
0416;13
0417;16
0418;15
0419;17
0420;8
0421;15
0422;11
0423;9
0424;19
0425;22
0426;11
0427;28
0428;9
0429;11
0430;16
0501;15
0502;33
0503;10
0504;20
0505;23
0506;15
0507;18
0508;18
0509;16
0510;20
0511;18
0512;15
0513;9
0514;16
0515;27
0516;25
0517;19
0518;11
0519;16
0520;13
0521;13
0522;21
0523;17
0524;19
0525;12
0526;23
0527;20
0528;11
0529;23
0530;16
0531;11
0601;13
0602;19
0603;22
0604;16
0605;17
0606;12
0607;28
0608;21
0609;27
0610;23
0611;20
0612;22
0613;28
0614;31
0615;22
0616;25
0617;34
0618;19
0619;24
0620;19
0621;17
0622;19
0623;40
0624;33
0625;26
0626;26
0627;20
0628;15
0629;29
0630;22
0701;28
0702;25
0703;19
0704;26
0705;22
0706;21
0707;34
0708;26
0709;37
0710;31
0711;40
0712;21
0713;31
0714;12
0715;14
0716;18
0717;21
0718;18
0719;5
0720;25
0721;8
0722;5
0723;3
0724;6
0725;9
0726;7
0727;4
0728;6
0729;7
0730;9
0731;22
0801;13
0802;11
0803;18
0804;12
0805;9
0806;13
0807;13
0808;16
0809;15
0810;13
0811;19
0812;11
0813;12
0814;17
0815;14
0816;18
0817;17
0818;19
0819;14
0820;23
0821;22
0822;19
0823;15
0824;15
0825;17
0826;15
0827;18
0828;17
0829;8
0830;12
0831;17
0901;22
0902;15
0903;15
0904;14
0905;19
0906;15
0907;13
0908;15
0909;16
0910;15
0911;13
0912;15
0913;15
0914;10
0915;22
0916;17
0917;13
0918;20
0919;15
0920;12
0921;14
0922;12
0923;14
0924;17
0925;11
0926;13
0927;11
0928;9
0929;16
0930;16
1001;15
1002;12
1003;13
1004;11
1005;18
1006;20
1007;12
1008;15
1009;10
1010;21
1011;17
1012;12
1013;7
1014;15
1015;11
1016;10
1017;15
1018;18
1019;13
1020;13
1021;17
1022;19
1023;12
1024;16
1025;20
1026;17
1027;17
1028;10
1029;14
1030;18
1031;16
1101;14
1102;24
1103;26
1104;11
1105;11
1106;19
1107;17
1108;10
1109;18
1110;19
1111;15
1112;15
1113;17
1114;18
1115;16
1116;18
1117;24
1118;17
1119;22
1120;5
1121;16
1122;10
1123;11
1124;22
1125;20
1126;12
1127;15
1128;19
1129;15
1130;12
1201;14
1202;18
1203;22
1204;11
1205;23
1206;22
1207;18
1208;20
1209;21
1210;20
1211;17
1212;7
1213;16
1214;23
1215;24
1216;19
1217;12
1218;17
1219;13
1220;12
1221;12
1222;15
1223;18
1224;10
1225;10
1226;21
1227;20
1228;18
1229;19
1230;11
1231;34
