0101;8
0102;11
0103;14
0104;11
0105;12
0106;19
0107;13
0108;22
0109;14
0110;13
0111;20
0112;9
0113;8
0114;9
0115;15
0116;17
0117;13
0118;9
0119;13
0120;12
0121;12
0122;14
0123;13
0124;11
0125;10
0126;8
0127;12
0128;6
0129;11
0130;8
0131;9
0201;15
0202;14
0203;16
0204;8
0205;8
0206;13
0207;13
0208;9
0209;14
0210;13
0211;8
0212;16
0213;8
0214;10
0215;11
0216;14
0217;10
0218;12
0219;12
0220;13
0221;10
0222;16
0223;10
0224;4
0225;9
0226;10
0227;5
0228;10
0301;7
0302;7
0303;3
0304;10
0305;16
0306;10
0307;11
0308;11
0309;9
0310;6
0311;7
0312;15
0313;14
0314;5
0315;10
0316;11
0317;14
0318;4
0319;13
0320;9
0321;5
0322;9
0323;13
0324;11
0325;11
0326;7
0327;9
0328;13
0329;9
0330;8
0331;14
0401;6
0402;10
0403;6
0404;10
0405;11
0406;6
0407;12
0408;6
0409;11
0410;15
0411;6
0412;14
0413;5
0414;12
0415;9
0416;6
0417;12
0418;10
0419;9
0420;12
0421;9
0422;12
0423;15
0424;9
0425;9
0426;8
0427;9
0428;11
0429;7
0430;16
0501;9
0502;7
0503;5
0504;11
0505;9
0506;13
0507;8
0508;10
0509;7
0510;5
0511;18
0512;10
0513;7
0514;10
0515;11
0516;9
0517;9
0518;10
0519;4
0520;7
0521;10
0522;7
0523;8
0524;9
0525;12
0526;9
0527;12
0528;8
0529;12
0530;6
0531;11
0601;9
0602;19
0603;6
0604;2
0605;11
0606;10
0607;7
0608;9
0609;6
0610;10
0611;6
0612;9
0613;12
0614;28
0615;12
0616;4
0617;16
0618;9
0619;17
0620;12
0621;16
0622;18
0623;10
0624;12
0625;11
0626;14
0627;16
0628;12
0629;18
0630;7
0701;12
0702;7
0703;5
0704;5
0705;11
0706;12
0707;11
0708;5
0709;15
0710;5
0711;10
0712;6
0713;3
0714;4
0715;7
0716;8
0717;4
0718;6
0719;4
0720;6
0721;7
0722;1
0723;1
0724;1
0725;2
0726;1
0727;3
0728;1
0729;1
0730;1
0731;2
0801;2
0802;4
0804;1
0805;5
0806;4
0807;4
0808;3
0809;5
0810;4
0811;7
0812;5
0813;6
0814;6
0815;7
0816;8
0817;4
0818;6
0819;6
0820;9
0821;9
0822;8
0823;10
0824;8
0825;19
0826;9
0827;8
0828;5
0829;5
0830;8
0831;9
0901;7
0902;8
0903;4
0904;14
0905;7
0906;5
0907;7
0908;10
0909;13
0910;5
0911;4
0912;9
0913;2
0914;8
0915;12
0916;8
0917;8
0918;8
0919;9
0920;8
0921;10
0922;10
0923;7
0924;7
0925;11
0926;5
0927;8
0928;8
0929;7
0930;10
1001;5
1002;12
1003;8
1004;9
1005;9
1006;7
1007;9
1008;6
1009;7
1010;9
1011;3
1012;7
1013;6
1014;13
1015;4
1016;8
1017;13
1018;7
1019;10
1020;9
1021;7
1022;7
1023;5
1024;5
1025;10
1026;8
1027;6
1028;5
1029;8
1030;8
1031;5
1101;16
1102;15
1103;16
1104;13
1105;18
1106;6
1107;9
1108;4
1109;11
1110;7
1111;7
1112;8
1113;12
1114;7
1115;8
1116;8
1117;10
1118;7
1119;10
1120;13
1121;6
1122;17
1123;10
1124;5
1125;9
1126;8
1127;9
1128;6
1129;9
1130;9
1201;5
1202;9
1203;10
1204;7
1205;6
1206;6
1207;12
1208;10
1209;10
1210;8
1211;7
1212;5
1213;10
1214;5
1215;4
1216;7
1217;9
1218;7
1219;8
1220;6
1221;6
1222;15
1223;10
1224;6
1225;6
1226;10
1227;14
1228;6
1229;6
1230;10
1231;13
