0101;9
0102;27
0103;23
0104;16
0105;26
0106;15
0107;20
0108;15
0109;17
0110;14
0111;15
0112;19
0113;18
0114;19
0115;11
0116;17
0117;20
0118;6
0119;17
0120;15
0121;15
0122;23
0123;17
0124;19
0125;14
0126;13
0127;13
0128;10
0129;13
0130;15
0131;13
0201;14
0202;14
0203;11
0204;17
0205;10
0206;10
0207;14
0208;16
0209;12
0210;14
0211;13
0212;10
0213;12
0214;20
0215;15
0216;11
0217;12
0218;8
0219;13
0220;7
0221;15
0222;9
0223;9
0224;14
0225;7
0226;10
0227;9
0228;9
0301;11
0302;14
0303;18
0304;10
0305;15
0306;11
0307;5
0308;7
0309;10
0310;13
0311;10
0312;15
0313;11
0314;8
0315;12
0316;12
0317;11
0318;18
0319;7
0320;10
0321;5
0322;8
0323;11
0324;16
0325;10
0326;11
0327;12
0328;4
0329;11
0330;7
0331;4
0401;14
0402;12
0403;13
0404;16
0405;10
0406;10
0407;13
0408;12
0409;17
0410;13
0411;9
0412;11
0413;12
0414;8
0415;12
0416;12
0417;8
0418;14
0419;11
0420;12
0421;14
0422;11
0423;6
0424;13
0425;8
0426;13
0427;15
0428;7
0429;9
0430;13
0501;10
0502;15
0503;22
0504;12
0505;14
0506;15
0507;11
0508;10
0509;19
0510;6
0511;9
0512;10
0513;14
0514;12
0515;11
0516;11
0517;10
0518;10
0519;7
0520;17
0521;7
0522;8
0523;13
0524;13
0525;12
0526;14
0527;15
0528;11
0529;12
0530;10
0531;17
0601;14
0602;12
0603;22
0604;14
0605;15
0606;19
0607;17
0608;17
0609;11
0610;10
0611;11
0612;12
0613;17
0614;12
0615;10
0616;25
0617;28
0618;14
0619;11
0620;16
0621;24
0622;16
0623;24
0624;6
0625;14
0626;22
0627;26
0628;30
0629;24
0630;16
0702;2
0704;2
0708;4
0709;6
0710;1
0712;6
0713;1
0714;2
0715;2
0716;2
0717;2
0719;1
0721;1
0722;1
0723;3
0724;2
0725;1
0726;1
0727;2
0728;1
0729;2
0730;1
0731;4
0801;5
0802;7
0803;10
0804;8
0805;12
0806;5
0807;5
0808;10
0809;12
0810;12
0811;12
0812;15
0813;11
0814;12
0815;17
0816;16
0817;18
0818;6
0819;9
0820;10
0821;10
0822;8
0823;11
0824;12
0825;15
0826;12
0827;14
0828;10
0829;14
0830;12
0831;11
0901;9
0902;14
0903;14
0904;9
0905;12
0906;14
0907;7
0908;10
0909;18
0910;13
0911;4
0912;10
0913;10
0914;8
0915;10
0916;14
0917;9
0918;11
0919;10
0920;10
0921;9
0922;7
0923;8
0924;12
0925;4
0926;13
0927;12
0928;11
0929;26
0930;9
1001;13
1002;10
1003;12
1004;10
1005;9
1006;15
1007;14
1008;14
1009;11
1010;8
1011;2
1012;9
1013;13
1014;14
1015;9
1016;13
1017;13
1018;14
1019;11
1020;12
1021;8
1022;7
1023;11
1024;12
1025;11
1026;17
1027;8
1028;7
1029;10
1030;12
1031;16
1101;13
1102;11
1103;10
1104;17
1105;10
1106;15
1107;12
1108;12
1109;9
1110;12
1111;10
1112;14
1113;12
1114;11
1115;15
1116;12
1117;5
1118;11
1119;8
1120;9
1121;16
1122;14
1123;8
1124;9
1125;10
1126;9
1127;7
1128;14
1129;6
1130;9
1201;11
1202;14
1203;13
1204;8
1205;14
1206;10
1207;16
1208;7
1209;12
1210;11
1211;13
1212;7
1213;12
1214;9
1215;10
1216;11
1217;9
1218;14
1219;13
1220;12
1221;10
1222;19
1223;14
1224;9
1225;16
1226;10
1227;10
1228;13
1229;16
1230;7
1231;8
