0101;20
0102;18
0103;24
0104;18
0105;11
0106;21
0107;19
0108;31
0109;21
0110;21
0111;22
0112;20
0113;20
0114;15
0115;19
0116;24
0117;15
0118;19
0119;20
0120;14
0121;12
0122;24
0123;18
0124;15
0125;16
0126;15
0127;14
0128;20
0129;17
0130;11
0131;12
0201;23
0202;16
0203;20
0204;22
0205;13
0206;15
0207;24
0208;20
0209;11
0210;18
0211;21
0212;28
0213;15
0214;21
0215;10
0216;11
0217;15
0218;19
0219;18
0220;16
0221;13
0222;26
0223;21
0224;15
0225;24
0226;21
0227;13
0228;15
0301;17
0302;20
0303;15
0304;9
0305;10
0306;12
0307;13
0308;19
0309;19
0310;22
0311;18
0312;14
0313;14
0314;15
0315;16
0316;13
0317;18
0318;19
0319;20
0320;20
0321;11
0322;18
0323;13
0324;11
0325;13
0326;8
0327;13
0328;18
0329;21
0330;12
0331;14
0401;26
0402;10
0403;15
0404;19
0405;16
0406;15
0407;17
0408;14
0409;13
0410;23
0411;16
0412;16
0413;17
0414;19
0415;16
0416;15
0417;14
0418;12
0419;21
0420;22
0421;19
0422;19
0423;17
0424;8
0425;11
0426;11
0427;17
0428;17
0429;20
0430;15
0501;25
0502;12
0503;23
0504;17
0505;17
0506;15
0507;12
0508;16
0509;16
0510;12
0511;10
0512;17
0513;18
0514;12
0515;26
0516;20
0517;21
0518;16
0519;21
0520;15
0521;18
0522;16
0523;21
0524;20
0525;25
0526;16
0527;14
0528;20
0529;25
0530;20
0531;26
0601;24
0602;14
0603;10
0604;27
0605;20
0606;25
0607;14
0608;11
0609;18
0610;19
0611;18
0612;18
0613;28
0614;18
0615;21
0616;18
0617;19
0618;26
0619;34
0620;12
0621;34
0622;33
0623;22
0624;30
0625;20
0626;26
0627;34
0628;30
0629;26
0630;18
0701;28
0702;28
0703;14
0704;22
0705;20
0706;14
0707;16
0708;22
0709;13
0710;4
0711;28
0712;9
0713;10
0714;28
0715;14
0716;10
0717;14
0718;6
0719;6
0720;6
0721;13
0722;4
0723;2
0724;2
0726;1
0727;1
0728;1
0729;4
0730;10
0731;10
0801;11
0802;23
0803;25
0804;19
0805;21
0806;21
0807;13
0808;14
0809;23
0810;14
0811;19
0812;13
0813;17
0814;20
0815;17
0816;12
0817;8
0818;17
0819;20
0820;8
0821;10
0822;11
0823;15
0824;17
0825;18
0826;16
0827;12
0828;17
0829;20
0830;12
0831;14
0901;24
0902;13
0903;15
0904;20
0905;8
0906;19
0907;12
0908;21
0909;13
0910;20
0911;16
0912;17
0913;7
0914;13
0915;15
0916;13
0917;14
0918;11
0919;7
0920;13
0921;17
0922;14
0923;15
0924;18
0925;11
0926;19
0927;26
0928;14
0929;16
0930;11
1001;16
1002;22
1003;16
1004;21
1005;18
1006;11
1007;17
1008;14
1009;18
1010;13
1011;12
1012;13
1013;17
1014;11
1015;10
1016;14
1017;9
1018;15
1019;12
1020;19
1021;15
1022;9
1023;7
1024;12
1025;15
1026;12
1027;21
1028;13
1029;14
1030;20
1031;15
1101;13
1102;16
1103;18
1104;26
1105;15
1106;13
1107;17
1108;20
1109;16
1110;13
1111;15
1112;9
1113;11
1114;21
1115;13
1116;23
1117;20
1118;14
1119;14
1120;11
1121;14
1122;13
1123;16
1124;14
1125;15
1126;13
1127;22
1128;16
1129;21
1130;21
1201;20
1202;16
1203;20
1204;12
1205;13
1206;18
1207;14
1208;24
1209;20
1210;18
1211;12
1212;18
1213;14
1214;20
1215;15
1216;17
1217;17
1218;18
1219;18
1220;23
1221;16
1222;14
1223;10
1224;13
1225;24
1226;21
1227;15
1228;9
1229;13
1230;9
1231;22
