0101;50
0102;45
0103;44
0104;46
0105;52
0106;46
0107;34
0108;41
0109;43
0110;44
0111;43
0112;53
0113;57
0114;45
0115;44
0116;57
0117;43
0118;42
0119;53
0120;52
0121;44
0122;50
0123;35
0124;39
0125;51
0126;44
0127;35
0128;59
0129;39
0130;41
0131;36
0201;41
0202;42
0203;36
0204;44
0205;42
0206;47
0207;37
0208;40
0209;36
0210;50
0211;38
0212;35
0213;39
0214;43
0215;24
0216;30
0217;39
0218;51
0219;54
0220;34
0221;39
0222;28
0223;30
0224;30
0225;30
0226;42
0227;30
0228;40
0301;43
0302;37
0303;49
0304;35
0305;35
0306;36
0307;35
0308;34
0309;34
0310;38
0311;47
0312;39
0313;37
0314;37
0315;39
0316;31
0317;41
0318;42
0319;30
0320;34
0321;36
0322;38
0323;45
0324;35
0325;34
0326;43
0327;42
0328;39
0329;57
0330;47
0331;39
0401;59
0402;54
0403;64
0404;48
0405;38
0406;61
0407;53
0408;32
0409;39
0410;55
0411;56
0412;45
0413;47
0414;61
0415;58
0416;44
0417;45
0418;45
0419;39
0420;48
0421;41
0422;36
0423;41
0424;46
0425;72
0426;57
0427;44
0428;48
0429;44
0430;46
0501;40
0502;71
0503;61
0504;42
0505;49
0506;58
0507;53
0508;27
0509;53
0510;53
0511;48
0512;44
0513;50
0514;66
0515;59
0516;48
0517;27
0518;50
0519;73
0520;53
0521;45
0522;50
0523;44
0524;44
0525;56
0526;47
0527;45
0528;59
0529;63
0530;60
0531;62
0601;52
0602;52
0603;52
0604;63
0605;49
0606;55
0607;58
0608;39
0609;51
0610;52
0611;68
0612;74
0613;46
0614;37
0615;45
0616;34
0617;52
0618;53
0619;53
0620;59
0621;55
0622;82
0623;68
0624;52
0625;62
0626;71
0627;72
0628;58
0629;40
0630;54
0701;22
0702;24
0703;21
0704;25
0705;18
0706;24
0707;30
0708;26
0709;36
0710;30
0711;31
0712;15
0713;18
0714;13
0715;25
0716;39
0717;19
0718;11
0719;11
0720;8
0721;9
0722;2
0723;3
0724;2
0725;1
0726;4
0727;1
0728;2
0729;2
0730;4
0731;17
0801;12
0802;14
0803;18
0804;20
0805;19
0806;15
0807;12
0808;19
0809;16
0810;11
0811;19
0812;18
0813;23
0814;16
0815;18
0816;19
0817;26
0818;26
0819;29
0820;37
0821;37
0822;44
0823;26
0824;43
0825;33
0826;27
0827;33
0828;25
0829;35
0830;34
0831;28
0901;28
0902;34
0903;30
0904;37
0905;44
0906;33
0907;33
0908;26
0909;15
0910;28
0911;36
0912;28
0913;25
0914;27
0915;34
0916;32
0917;43
0918;34
0919;34
0920;32
0921;30
0922;32
0923;34
0924;34
0925;32
0926;30
0927;29
0928;35
0929;32
0930;22
1001;32
1002;38
1003;27
1004;26
1005;28
1006;34
1007;26
1008;36
1009;30
1010;32
1011;27
1012;30
1013;28
1014;31
1015;39
1016;31
1017;29
1018;30
1019;29
1020;37
1021;32
1022;35
1023;25
1024;41
1025;30
1026;34
1027;37
1028;33
1029;27
1030;38
1031;42
1101;34
1102;29
1103;42
1104;35
1105;41
1106;37
1107;38
1108;33
1109;28
1110;32
1111;34
1112;37
1113;27
1114;32
1115;45
1116;39
1117;42
1118;29
1119;38
1120;44
1121;41
1122;32
1123;26
1124;41
1125;28
1126;33
1127;39
1128;34
1129;32
1130;44
1201;31
1202;42
1203;39
1204;29
1205;42
1206;40
1207;37
1208;38
1209;27
1210;34
1211;37
1212;35
1213;55
1214;33
1215;32
1216;44
1217;30
1218;41
1219;55
1220;35
1221;40
1222;33
1223;33
1224;40
1225;41
1226;35
1227;40
1228;35
1229;33
1230;30
1231;37
