0101;15
0102;16
0103;13
0104;12
0105;17
0106;23
0107;12
0108;11
0109;22
0110;12
0111;9
0112;11
0113;10
0114;8
0115;11
0116;7
0117;13
0118;11
0119;8
0120;17
0121;14
0122;10
0123;11
0124;12
0125;9
0126;15
0127;4
0128;12
0129;13
0130;8
0131;8
0201;12
0202;10
0203;10
0204;9
0205;13
0206;15
0207;8
0208;11
0209;10
0210;10
0211;6
0212;8
0213;10
0214;6
0215;10
0216;13
0217;9
0218;10
0219;4
0220;14
0221;9
0222;7
0223;14
0224;12
0225;12
0226;9
0227;11
0228;5
0301;13
0302;12
0303;9
0304;14
0305;7
0306;13
0307;7
0308;5
0309;10
0310;8
0311;13
0312;7
0313;11
0314;7
0315;9
0316;8
0317;11
0318;9
0319;10
0320;9
0321;5
0322;10
0323;8
0324;11
0325;8
0326;14
0327;9
0328;12
0329;10
0330;8
0331;10
0401;9
0402;11
0403;15
0404;11
0405;8
0406;11
0407;7
0408;6
0409;17
0410;11
0411;9
0412;8
0413;18
0414;12
0415;10
0416;12
0417;7
0418;9
0419;9
0420;6
0421;9
0422;6
0423;9
0424;15
0425;15
0426;9
0427;5
0428;8
0429;9
0430;16
0501;17
0502;8
0503;13
0504;13
0505;11
0506;12
0507;11
0508;12
0509;12
0510;5
0511;10
0512;10
0513;12
0514;9
0515;11
0516;8
0517;7
0518;11
0519;11
0520;4
0521;8
0522;7
0523;13
0524;10
0525;6
0526;10
0527;11
0528;18
0529;10
0530;10
0531;6
0601;6
0602;12
0603;7
0604;9
0605;15
0606;5
0607;12
0608;10
0609;10
0610;14
0611;9
0612;14
0613;9
0614;7
0615;8
0616;8
0617;9
0618;7
0619;14
0620;12
0621;12
0622;21
0623;12
0624;10
0625;24
0626;16
0627;12
0628;12
0629;20
0630;16
0701;13
0702;16
0703;12
0704;7
0705;12
0706;12
0707;8
0708;18
0709;10
0710;12
0711;18
0712;2
0713;13
0714;6
0715;10
0716;16
0717;2
0718;8
0719;12
0720;4
0721;4
0722;4
0723;1
0730;1
0731;1
0801;1
0802;2
0803;1
0805;2
0808;2
0810;3
0811;2
0812;4
0813;9
0814;5
0815;6
0816;2
0817;7
0818;1
0819;5
0820;5
0821;5
0822;8
0823;11
0824;7
0825;7
0826;4
0827;10
0828;7
0829;7
0830;7
0831;15
0901;7
0902;11
0903;4
0904;11
0905;9
0906;10
0907;11
0908;8
0909;7
0910;9
0911;9
0912;5
0913;10
0914;5
0915;8
0916;9
0917;10
0918;11
0919;12
0920;13
0921;8
0922;13
0923;6
0924;4
0925;7
0926;7
0927;6
0928;8
0929;13
0930;18
1001;6
1002;8
1003;10
1004;14
1005;5
1006;9
1007;12
1008;10
1009;10
1010;14
1011;2
1012;5
1013;5
1014;6
1015;2
1016;9
1017;7
1018;13
1019;8
1020;10
1021;3
1022;9
1023;10
1024;8
1025;8
1026;7
1027;7
1028;8
1029;3
1030;10
1031;8
1101;8
1102;7
1103;9
1104;11
1105;4
1106;12
1107;11
1108;7
1109;12
1110;9
1111;9
1112;10
1113;8
1114;5
1115;7
1116;5
1117;7
1118;7
1119;9
1120;11
1121;5
1122;7
1123;8
1124;8
1125;4
1126;8
1127;10
1128;5
1129;9
1130;6
1201;10
1202;5
1203;8
1204;4
1205;14
1206;7
1207;8
1208;11
1209;10
1210;7
1211;14
1212;9
1213;8
1214;9
1215;8
1216;4
1217;6
1218;13
1219;8
1220;10
1221;11
1222;8
1223;17
1224;17
1225;10
1226;10
1227;8
1228;10
1229;9
1230;7
1231;9
