0101;6
0102;2
0103;5
0104;3
0105;3
0106;8
0107;4
0108;10
0109;10
0110;4
0111;5
0112;7
0113;6
0114;8
0115;8
0116;9
0117;6
0118;12
0119;4
0120;6
0121;7
0122;3
0123;4
0124;5
0125;11
0126;4
0127;12
0128;3
0129;5
0130;4
0131;6
0201;5
0202;9
0203;5
0204;7
0205;4
0206;7
0207;8
0208;3
0209;8
0210;7
0211;9
0212;5
0213;7
0214;5
0215;3
0216;9
0217;6
0218;5
0219;6
0220;7
0221;8
0222;8
0223;5
0224;8
0225;5
0226;3
0227;4
0228;3
0301;9
0302;3
0303;6
0304;4
0305;5
0306;2
0307;7
0308;2
0309;7
0310;2
0311;7
0312;7
0313;5
0314;10
0315;1
0316;5
0317;8
0318;6
0319;4
0320;7
0321;2
0322;4
0323;7
0324;3
0325;6
0326;7
0327;8
0328;4
0329;6
0330;7
0331;5
0401;9
0402;8
0403;4
0404;4
0405;4
0406;4
0407;5
0408;2
0409;6
0410;4
0411;5
0412;8
0413;9
0414;6
0415;4
0416;9
0417;7
0418;9
0419;5
0420;2
0421;6
0422;4
0423;3
0424;3
0425;8
0426;6
0427;9
0428;9
0429;5
0430;5
0501;8
0502;3
0503;2
0504;2
0505;12
0506;4
0507;4
0508;7
0509;10
0510;4
0511;9
0512;3
0513;8
0514;4
0515;8
0516;3
0517;4
0518;2
0519;4
0520;5
0521;5
0522;4
0523;10
0524;5
0525;4
0526;8
0527;6
0528;6
0529;7
0530;8
0531;12
0601;4
0602;14
0603;9
0604;6
0605;14
0606;2
0607;6
0608;8
0609;14
0610;10
0611;8
0612;6
0613;7
0614;4
0615;9
0616;10
0617;10
0618;9
0619;6
0620;8
0621;22
0623;10
0624;14
0625;18
0626;6
0627;8
0628;8
0629;9
0630;18
0701;6
0702;2
0703;6
0704;2
0705;2
0706;7
0707;6
0708;10
0709;6
0710;5
0711;3
0712;10
0713;6
0714;6
0715;1
0716;6
0717;3
0718;2
0719;2
0720;2
0725;1
0728;1
0729;1
0731;3
0801;1
0802;2
0803;3
0804;1
0805;3
0806;1
0807;2
0809;3
0810;3
0811;5
0812;1
0813;5
0814;4
0815;3
0816;5
0817;1
0818;7
0819;3
0820;7
0821;4
0822;8
0823;3
0824;4
0825;8
0826;5
0827;4
0828;6
0829;3
0830;5
0831;10
0901;3
0902;5
0903;5
0904;3
0905;6
0906;11
0907;3
0908;3
0909;8
0910;6
0911;8
0912;8
0913;8
0914;7
0915;2
0916;5
0917;4
0918;4
0919;4
0920;4
0921;4
0922;4
0923;7
0924;5
0925;5
0926;5
0927;7
0928;5
0929;3
0930;5
1001;5
1002;4
1003;4
1004;2
1005;4
1006;7
1007;1
1008;3
1009;9
1010;8
1011;4
1012;8
1013;3
1014;4
1015;6
1016;5
1017;4
1018;5
1019;7
1020;8
1021;12
1022;6
1023;8
1024;3
1025;4
1027;2
1028;2
1029;3
1030;3
1031;4
1101;10
1102;5
1103;6
1104;6
1105;8
1106;5
1107;6
1108;4
1109;11
1110;7
1111;6
1112;7
1113;4
1114;6
1115;4
1116;3
1117;7
1118;3
1119;5
1120;6
1121;5
1122;6
1123;2
1124;5
1125;4
1126;4
1127;2
1128;9
1129;5
1130;7
1201;8
1202;3
1203;6
1204;4
1205;4
1206;4
1207;12
1208;5
1209;5
1210;10
1211;5
1212;2
1213;2
1214;4
1215;6
1216;4
1217;4
1218;2
1219;6
1220;7
1221;2
1222;5
1223;5
1224;4
1225;8
1226;8
1227;3
1228;3
1229;7
1230;5
1231;6
