0101;31
0102;44
0103;32
0104;39
0105;43
0106;53
0107;48
0108;40
0109;43
0110;41
0111;34
0112;35
0113;53
0114;42
0115;38
0116;45
0117;27
0118;39
0119;41
0120;30
0121;41
0122;41
0123;30
0124;43
0125;24
0126;48
0127;37
0128;26
0129;25
0130;31
0131;33
0201;29
0202;41
0203;42
0204;24
0205;25
0206;27
0207;36
0208;41
0209;35
0210;32
0211;29
0212;33
0213;30
0214;40
0215;22
0216;26
0217;38
0218;45
0219;38
0220;30
0221;32
0222;28
0223;27
0224;32
0225;32
0226;25
0227;26
0228;24
0301;34
0302;29
0303;23
0304;31
0305;25
0306;19
0307;24
0308;29
0309;29
0310;30
0311;30
0312;37
0313;21
0314;17
0315;29
0316;33
0317;21
0318;30
0319;24
0320;25
0321;25
0322;30
0323;23
0324;31
0325;27
0326;22
0327;29
0328;28
0329;38
0330;18
0331;31
0401;26
0402;24
0403;27
0404;28
0405;32
0406;26
0407;39
0408;24
0409;28
0410;29
0411;24
0412;26
0413;31
0414;27
0415;18
0416;30
0417;20
0418;28
0419;26
0420;28
0421;33
0422;24
0423;25
0424;32
0425;27
0426;38
0427;16
0428;25
0429;25
0430;18
0501;25
0502;29
0503;17
0504;19
0505;20
0506;27
0507;19
0508;22
0509;25
0510;24
0511;15
0512;16
0513;20
0514;28
0515;26
0516;26
0517;27
0518;28
0519;27
0520;26
0521;24
0522;20
0523;17
0524;19
0525;19
0526;26
0527;26
0528;17
0529;18
0530;20
0531;13
0601;6
0602;6
0603;4
0604;13
0605;5
0606;6
0607;12
0608;13
0609;9
0610;12
0611;8
0612;12
0613;13
0614;11
0615;8
0616;9
0617;11
0618;5
0619;6
0620;9
0621;7
0622;5
0623;6
0624;2
0625;5
0626;1
0627;4
0628;3
0629;3
0630;5
0701;15
0702;10
0703;21
0704;21
0705;23
0706;21
0707;20
0708;16
0709;12
0710;20
0711;17
0712;14
0713;11
0714;16
0715;22
0716;14
0717;13
0718;12
0719;22
0720;22
0721;19
0722;19
0723;24
0724;20
0725;16
0726;15
0727;15
0728;25
0729;20
0730;11
0731;19
0801;21
0802;26
0803;19
0804;17
0805;29
0806;18
0807;27
0808;32
0809;27
0810;34
0811;28
0812;25
0813;26
0814;22
0815;39
0816;18
0817;29
0818;26
0819;27
0820;23
0821;23
0822;25
0823;35
0824;19
0825;32
0826;30
0827;22
0828;29
0829;26
0830;25
0831;23
0901;17
0902;27
0903;21
0904;19
0905;18
0906;22
0907;22
0908;24
0909;22
0910;36
0911;16
0912;21
0913;20
0914;20
0915;29
0916;24
0917;23
0918;24
0919;32
0920;29
0921;32
0922;28
0923;42
0924;23
0925;31
0926;20
0927;27
0928;30
0929;27
0930;18
1001;21
1002;22
1003;26
1004;25
1005;23
1006;18
1007;16
1008;34
1009;21
1010;21
1011;22
1012;26
1013;26
1014;31
1015;25
1016;23
1017;24
1018;30
1019;28
1020;21
1021;19
1022;26
1023;31
1024;28
1025;18
1026;24
1027;29
1028;29
1029;28
1030;27
1031;38
1101;30
1102;27
1103;22
1104;29
1105;32
1106;29
1107;29
1108;44
1109;25
1110;22
1111;30
1112;32
1113;28
1114;28
1115;31
1116;32
1117;17
1118;30
1119;21
1120;31
1121;29
1122;26
1123;29
1124;20
1125;28
1126;28
1127;34
1128;34
1129;21
1130;21
1201;26
1202;25
1203;23
1204;25
1205;25
1206;29
1207;33
1208;37
1209;28
1210;25
1211;33
1212;17
1213;37
1214;29
1215;32
1216;32
1217;26
1218;31
1219;16
1220;35
1221;27
1222;18
1223;26
1224;35
1225;29
1226;32
1227;33
1228;23
1229;24
1230;26
1231;26
