0101;28
0102;31
0103;19
0104;36
0105;31
0106;20
0107;22
0108;18
0109;23
0110;28
0111;21
0112;15
0113;23
0114;23
0115;16
0116;25
0117;21
0118;20
0119;27
0120;19
0121;22
0122;15
0123;19
0124;13
0125;24
0126;10
0127;18
0128;19
0129;17
0130;19
0131;12
0201;14
0202;19
0203;13
0204;20
0205;20
0206;17
0207;19
0208;14
0209;9
0210;14
0211;10
0212;12
0213;19
0214;17
0215;13
0216;14
0217;20
0218;17
0219;13
0220;13
0221;19
0222;11
0223;16
0224;18
0225;18
0226;12
0227;15
0228;18
0301;25
0302;17
0303;13
0304;8
0305;8
0306;13
0307;19
0308;12
0309;13
0310;12
0311;12
0312;14
0313;9
0314;13
0315;14
0316;16
0317;21
0318;11
0319;15
0320;13
0321;6
0322;11
0323;15
0324;13
0325;17
0326;15
0327;10
0328;16
0329;12
0330;11
0331;16
0401;27
0402;11
0403;14
0404;19
0405;38
0406;17
0407;19
0408;25
0409;24
0410;19
0411;29
0412;19
0413;21
0414;18
0415;15
0416;23
0417;11
0418;21
0419;33
0420;16
0421;16
0422;18
0423;15
0424;29
0425;24
0426;22
0427;13
0428;23
0429;22
0430;16
0501;22
0502;21
0503;13
0504;22
0505;13
0506;12
0507;28
0508;22
0509;22
0510;18
0511;22
0512;11
0513;20
0514;6
0515;11
0516;22
0517;21
0518;7
0519;24
0520;23
0521;19
0522;10
0523;9
0524;20
0525;24
0526;20
0527;12
0528;20
0529;14
0530;14
0531;8
0601;11
0602;6
0603;5
0604;5
0605;11
0606;7
0607;9
0608;19
0609;8
0610;6
0611;8
0612;4
0613;10
0614;13
0615;12
0616;9
0617;11
0618;16
0619;26
0620;16
0621;18
0622;22
0623;20
0624;10
0625;14
0626;14
0627;20
0628;11
0629;19
0630;21
0701;12
0702;12
0703;15
0704;20
0705;25
0706;11
0707;29
0708;12
0709;21
0710;22
0711;23
0712;22
0713;26
0714;17
0715;30
0716;11
0717;6
0718;18
0719;12
0720;17
0721;11
0722;16
0723;3
0724;5
0725;8
0726;6
0727;4
0728;6
0729;7
0730;3
0731;2
0801;14
0802;5
0803;4
0804;9
0805;8
0806;5
0807;8
0808;13
0809;4
0810;7
0811;11
0812;13
0813;3
0814;6
0815;9
0816;5
0817;10
0818;10
0819;13
0820;12
0821;10
0822;19
0823;15
0824;15
0825;11
0826;14
0827;16
0828;10
0829;21
0830;12
0831;17
0901;14
0902;12
0903;19
0904;13
0905;7
0906;17
0907;8
0908;14
0909;18
0910;13
0911;15
0912;13
0913;11
0914;11
0915;7
0916;19
0917;14
0918;24
0919;12
0920;14
0921;13
0922;13
0923;15
0924;18
0925;13
0926;22
0927;16
0928;13
0929;16
0930;9
1001;8
1002;14
1003;12
1004;10
1005;23
1006;12
1007;10
1008;14
1009;18
1010;17
1011;8
1012;9
1013;15
1014;16
1015;11
1016;6
1017;20
1018;16
1019;13
1020;13
1021;8
1022;12
1023;12
1024;13
1025;15
1026;15
1027;12
1028;11
1029;14
1030;14
1031;22
1101;9
1102;14
1103;18
1104;13
1105;12
1106;15
1107;11
1108;10
1109;14
1110;18
1111;18
1112;13
1113;10
1114;10
1115;13
1116;12
1117;16
1118;10
1119;18
1120;8
1121;15
1122;13
1123;19
1124;16
1125;14
1126;9
1127;8
1128;17
1129;15
1130;15
1201;11
1202;17
1203;15
1204;22
1205;9
1206;21
1207;18
1208;15
1209;15
1210;21
1211;13
1212;18
1213;15
1214;16
1215;16
1216;17
1217;19
1218;11
1219;13
1220;18
1221;11
1222;17
1223;16
1224;17
1225;5
1226;16
1227;13
1228;12
1229;11
1230;16
1231;12
