0101;5
0102;4
0103;10
0104;9
0105;3
0106;9
0107;9
0108;11
0109;8
0110;5
0111;10
0112;3
0113;10
0114;11
0115;5
0116;6
0117;7
0118;11
0119;6
0120;6
0121;4
0122;4
0123;8
0124;3
0125;4
0126;8
0127;10
0128;9
0129;3
0130;14
0131;5
0201;9
0202;4
0203;5
0204;4
0205;5
0206;4
0207;3
0208;6
0209;5
0210;6
0211;2
0212;9
0213;6
0214;11
0215;5
0216;10
0217;5
0218;4
0219;6
0220;6
0221;7
0222;6
0223;3
0224;4
0225;4
0226;9
0227;1
0228;7
0301;5
0302;9
0303;5
0304;3
0305;5
0306;4
0307;6
0308;10
0309;8
0310;6
0311;3
0312;4
0313;4
0314;8
0315;4
0316;5
0317;8
0318;3
0319;3
0320;3
0321;8
0322;10
0323;4
0324;6
0325;5
0326;5
0327;9
0328;6
0329;7
0330;2
0331;5
0401;2
0402;11
0403;3
0404;2
0405;7
0406;2
0407;3
0408;4
0409;2
0410;6
0411;4
0412;2
0413;2
0414;8
0415;5
0416;6
0417;4
0418;8
0419;6
0420;1
0421;9
0422;7
0423;5
0424;4
0425;3
0426;6
0427;7
0428;9
0429;12
0430;4
0501;6
0502;2
0503;8
0504;7
0505;5
0506;3
0507;5
0508;4
0509;4
0510;3
0511;5
0512;6
0513;7
0514;9
0515;13
0516;6
0517;1
0518;11
0519;10
0520;5
0521;5
0522;7
0523;8
0524;9
0525;5
0526;10
0527;6
0528;5
0529;2
0530;4
0531;12
0601;5
0602;3
0603;3
0604;8
0605;2
0606;11
0607;2
0608;12
0609;6
0610;7
0611;2
0612;5
0613;8
0614;3
0615;8
0616;6
0617;13
0618;6
0619;6
0620;8
0621;8
0622;12
0623;8
0624;2
0625;6
0626;8
0627;12
0628;4
0629;14
0630;5
0701;10
0702;4
0703;6
0704;6
0705;8
0706;11
0707;10
0708;8
0709;6
0710;4
0711;6
0712;6
0713;8
0714;4
0715;2
0716;3
0717;12
0718;8
0719;5
0720;5
0721;5
0722;4
0723;3
0724;3
0725;2
0727;1
0728;3
0729;2
0730;2
0801;2
0802;5
0803;3
0804;1
0805;5
0806;1
0807;5
0808;5
0809;1
0810;2
0811;4
0812;4
0813;1
0814;5
0815;2
0816;1
0817;2
0818;11
0819;3
0820;8
0821;4
0822;7
0823;7
0824;7
0825;3
0826;6
0827;5
0828;8
0829;1
0830;7
0831;3
0901;5
0902;9
0903;6
0904;2
0905;3
0906;6
0907;4
0908;5
0909;5
0910;4
0911;4
0912;5
0913;4
0914;4
0915;5
0916;6
0917;5
0918;5
0919;6
0920;4
0921;10
0922;3
0923;6
0924;5
0925;8
0927;1
0928;7
0929;8
0930;7
1001;2
1002;4
1003;3
1004;5
1005;3
1006;9
1007;4
1008;5
1009;7
1010;6
1011;3
1012;6
1013;3
1014;2
1015;3
1016;5
1017;6
1018;3
1019;3
1020;3
1021;2
1022;3
1023;5
1024;3
1025;4
1026;4
1027;6
1028;9
1029;4
1030;7
1031;2
1101;3
1102;6
1103;4
1104;8
1105;7
1106;7
1107;8
1108;4
1109;12
1110;5
1111;5
1112;2
1113;6
1114;8
1115;2
1116;11
1117;8
1118;6
1119;2
1120;4
1121;5
1122;8
1123;2
1124;4
1125;4
1126;2
1127;12
1128;6
1129;2
1130;8
1201;5
1202;5
1203;3
1204;8
1205;4
1206;2
1207;6
1208;4
1209;5
1210;6
1211;5
1212;4
1213;3
1214;7
1215;7
1216;4
1217;4
1218;5
1219;8
1220;8
1221;5
1222;1
1223;4
1224;3
1225;2
1226;5
1227;7
1228;4
1229;5
1230;3
1231;3
