0101;13
0102;11
0103;13
0104;11
0105;10
0106;20
0107;9
0108;7
0109;4
0110;7
0111;10
0112;3
0113;8
0114;9
0115;4
0116;3
0117;7
0118;5
0119;5
0120;8
0121;10
0122;10
0123;4
0124;2
0125;5
0126;6
0127;10
0128;7
0129;5
0130;4
0131;11
0201;5
0202;6
0203;12
0204;10
0205;10
0206;5
0207;1
0208;8
0209;6
0210;5
0211;5
0212;7
0213;6
0214;10
0215;3
0216;3
0217;5
0218;6
0219;7
0220;6
0221;7
0222;8
0223;3
0224;6
0225;5
0226;11
0227;7
0228;3
0301;4
0302;5
0303;6
0304;8
0305;10
0306;5
0307;6
0308;6
0309;6
0310;6
0311;6
0312;8
0313;4
0314;5
0315;3
0316;4
0317;11
0318;8
0319;6
0320;6
0321;7
0322;11
0323;5
0324;5
0325;3
0326;5
0327;7
0328;2
0329;6
0330;6
0331;5
0401;7
0402;6
0403;5
0404;2
0405;3
0406;5
0407;6
0408;6
0409;3
0410;2
0411;8
0412;6
0414;7
0416;4
0417;9
0418;4
0419;5
0420;4
0421;3
0422;5
0423;7
0424;5
0425;6
0426;5
0427;4
0428;6
0429;5
0430;7
0501;7
0502;3
0503;7
0504;6
0505;3
0506;3
0507;5
0508;8
0509;4
0510;11
0511;4
0512;7
0513;8
0514;4
0515;6
0516;4
0517;10
0518;7
0519;6
0520;6
0521;5
0522;1
0523;5
0524;3
0525;6
0526;8
0527;7
0528;3
0529;8
0530;12
0531;7
0601;2
0602;8
0603;4
0604;9
0605;4
0606;13
0607;2
0608;3
0609;8
0610;13
0611;8
0612;10
0613;9
0614;10
0615;7
0616;20
0617;7
0618;10
0619;9
0620;8
0621;4
0622;14
0623;18
0624;15
0625;8
0626;16
0627;10
0628;16
0629;8
0630;4
0701;4
0702;12
0703;10
0704;6
0705;7
0706;6
0707;4
0708;2
0710;4
0711;4
0712;6
0713;2
0714;14
0715;2
0716;4
0718;6
0720;8
0721;4
0722;4
0723;4
0725;1
0726;2
0727;4
0731;1
0801;2
0802;4
0803;5
0804;4
0805;3
0806;3
0807;3
0808;3
0810;2
0811;2
0812;5
0813;1
0814;3
0815;7
0816;3
0817;6
0818;8
0819;4
0820;8
0821;8
0822;4
0823;10
0824;5
0825;9
0826;2
0827;9
0828;2
0829;2
0830;4
0831;5
0901;7
0902;5
0903;6
0904;4
0905;7
0906;2
0907;4
0908;4
0909;4
0910;8
0911;6
0912;3
0913;4
0914;4
0915;3
0916;4
0917;4
0918;7
0919;5
0920;8
0921;1
0922;6
0923;4
0924;9
0925;9
0926;2
0927;4
0928;10
0929;6
0930;6
1001;9
1002;5
1003;5
1004;6
1005;7
1006;4
1007;9
1008;4
1009;4
1010;4
1011;3
1012;6
1013;3
1014;1
1015;3
1016;4
1017;4
1018;3
1019;7
1020;6
1021;5
1022;6
1023;6
1024;4
1025;6
1026;5
1027;5
1028;6
1029;4
1030;3
1031;4
1101;8
1102;8
1103;11
1104;9
1105;13
1106;7
1107;9
1108;5
1109;6
1110;5
1111;3
1112;3
1113;5
1114;3
1115;11
1116;8
1117;1
1118;6
1119;8
1120;3
1121;7
1122;8
1123;8
1124;1
1125;2
1126;6
1127;5
1128;8
1129;4
1130;4
1201;6
1202;8
1203;5
1204;5
1205;7
1206;6
1207;5
1208;5
1209;8
1210;2
1211;4
1212;6
1213;6
1214;1
1215;4
1216;6
1217;5
1218;6
1219;4
1220;6
1221;3
1222;7
1223;1
1224;5
1225;8
1226;7
1227;5
1228;4
1229;8
1230;4
1231;8
