0101;24
0102;35
0103;24
0104;26
0105;27
0106;34
0107;18
0108;37
0109;22
0110;28
0111;24
0112;23
0113;24
0114;37
0115;28
0116;27
0117;29
0118;19
0119;25
0120;30
0121;22
0122;24
0123;23
0124;21
0125;26
0126;12
0127;21
0128;30
0129;22
0130;26
0131;12
0201;23
0202;23
0203;32
0204;17
0205;17
0206;17
0207;23
0208;19
0209;28
0210;25
0211;15
0212;23
0213;15
0214;24
0215;14
0216;21
0217;19
0218;21
0219;27
0220;16
0221;16
0222;17
0223;20
0224;22
0225;15
0226;17
0227;23
0228;26
0301;16
0302;15
0303;23
0304;14
0305;23
0306;19
0307;23
0308;24
0309;17
0310;19
0311;23
0312;16
0313;17
0314;22
0315;12
0316;19
0317;24
0318;16
0319;17
0320;22
0321;14
0322;24
0323;17
0324;18
0325;25
0326;19
0327;15
0328;13
0329;20
0330;13
0331;20
0401;24
0402;22
0403;20
0404;17
0405;20
0406;21
0407;15
0408;28
0409;15
0410;22
0411;12
0412;18
0413;20
0414;17
0415;16
0416;14
0417;21
0418;25
0419;18
0420;19
0421;15
0422;17
0423;14
0424;18
0425;20
0426;16
0427;17
0428;17
0429;22
0430;23
0501;37
0502;25
0503;32
0504;27
0505;29
0506;21
0507;20
0508;21
0509;26
0510;23
0511;22
0512;33
0513;28
0514;23
0515;17
0516;23
0517;20
0518;21
0519;20
0520;14
0521;26
0522;22
0523;24
0524;28
0525;18
0526;21
0527;23
0528;30
0529;19
0530;20
0531;13
0601;8
0602;14
0603;13
0604;9
0605;9
0606;11
0607;9
0608;15
0609;11
0610;16
0611;12
0612;11
0613;18
0614;12
0615;12
0616;13
0617;16
0618;21
0619;11
0620;12
0621;21
0622;10
0623;21
0624;22
0625;17
0626;25
0627;20
0628;11
0629;34
0630;22
0701;18
0702;32
0703;15
0704;22
0705;19
0706;28
0707;21
0708;34
0709;30
0710;14
0711;4
0712;2
0713;4
0714;18
0715;3
0716;10
0717;1
0719;3
0720;1
0721;2
0724;2
0725;2
0726;2
0727;2
0728;1
0730;1
0731;4
0801;7
0802;5
0803;6
0804;4
0805;5
0806;6
0807;10
0808;4
0809;8
0810;6
0811;8
0812;7
0813;4
0814;5
0815;12
0816;6
0817;6
0818;8
0819;13
0820;16
0821;19
0822;20
0823;17
0824;12
0825;26
0826;19
0827;11
0828;15
0829;10
0830;14
0831;22
0901;10
0902;13
0903;12
0904;14
0905;17
0906;12
0907;18
0908;12
0909;18
0910;18
0911;14
0912;29
0913;13
0914;23
0915;11
0916;14
0917;14
0918;20
0919;13
0920;24
0921;11
0922;18
0923;18
0924;20
0925;15
0926;18
0927;12
0928;17
0929;19
0930;20
1001;17
1002;20
1003;20
1004;18
1005;11
1006;14
1007;22
1008;16
1009;16
1010;24
1011;11
1012;15
1013;23
1014;17
1015;12
1016;17
1017;20
1018;11
1019;17
1020;13
1021;20
1022;13
1023;13
1024;14
1025;24
1026;21
1027;19
1028;19
1029;14
1030;4
1031;17
1101;19
1102;11
1103;12
1104;12
1105;15
1106;18
1107;21
1108;21
1109;13
1110;21
1111;19
1112;14
1113;15
1114;19
1115;18
1116;16
1117;17
1118;7
1119;23
1120;7
1121;28
1122;11
1123;24
1124;15
1125;15
1126;17
1127;19
1128;11
1129;23
1130;25
1201;19
1202;23
1203;25
1204;14
1205;12
1206;9
1207;17
1208;12
1209;19
1210;16
1211;19
1212;14
1213;20
1214;21
1215;17
1216;22
1217;22
1218;26
1219;19
1220;28
1221;13
1222;18
1223;17
1224;20
1225;23
1226;23
1227;15
1228;15
1229;21
1230;16
1231;32
