0101;18
0102;11
0103;11
0104;21
0105;14
0106;14
0107;14
0108;18
0109;11
0110;17
0111;11
0112;11
0113;11
0114;13
0115;17
0116;13
0117;14
0118;11
0119;12
0120;7
0121;9
0122;12
0123;14
0124;14
0125;4
0126;11
0127;11
0128;12
0129;9
0130;11
0131;6
0201;9
0202;11
0203;6
0204;6
0205;16
0206;12
0207;12
0208;10
0209;8
0210;12
0211;15
0212;8
0213;8
0214;5
0215;12
0216;5
0217;11
0218;6
0219;11
0220;8
0221;12
0222;14
0223;13
0224;8
0225;12
0226;10
0227;6
0228;10
0301;3
0302;10
0303;6
0304;11
0305;4
0306;7
0307;11
0308;13
0309;10
0310;5
0311;3
0312;7
0313;7
0314;12
0315;4
0316;9
0317;10
0318;11
0319;5
0320;5
0321;9
0322;9
0323;10
0324;9
0325;9
0326;7
0327;10
0328;14
0329;20
0330;7
0331;7
0401;8
0402;8
0403;9
0404;10
0405;10
0406;8
0407;5
0408;6
0409;11
0410;14
0411;5
0412;5
0413;4
0414;10
0415;8
0416;5
0417;5
0418;7
0419;6
0420;13
0421;9
0422;6
0423;10
0424;8
0425;6
0426;8
0427;8
0428;6
0429;10
0430;13
0501;8
0502;10
0503;7
0504;13
0505;6
0506;9
0507;8
0508;5
0509;7
0510;9
0511;4
0512;7
0513;10
0514;5
0515;6
0516;9
0517;4
0518;8
0519;7
0520;6
0521;7
0522;9
0523;8
0524;5
0525;2
0526;6
0527;7
0528;12
0529;9
0530;6
0531;9
0601;5
0602;5
0603;5
0604;9
0605;7
0606;4
0607;7
0608;3
0609;3
0610;6
0611;6
0612;1
0613;6
0614;2
0615;2
0616;1
0617;1
0618;2
0621;1
0629;1
0630;1
0701;4
0702;7
0703;3
0704;1
0705;2
0706;4
0707;4
0708;7
0709;1
0710;6
0711;2
0712;3
0713;5
0716;2
0717;3
0718;5
0719;4
0720;7
0721;3
0722;3
0723;2
0724;7
0725;4
0726;2
0727;7
0728;2
0729;1
0730;5
0731;5
0801;3
0802;1
0803;4
0804;5
0805;6
0806;7
0807;6
0808;4
0809;5
0810;3
0811;9
0812;4
0813;4
0814;6
0815;5
0816;5
0817;4
0818;5
0819;8
0820;3
0821;4
0822;7
0823;8
0824;8
0825;6
0826;10
0827;5
0828;5
0829;6
0830;4
0831;9
0901;10
0902;8
0903;11
0904;7
0905;11
0906;9
0907;5
0908;7
0909;10
0910;7
0911;4
0912;8
0913;7
0914;8
0915;8
0916;7
0917;9
0918;11
0919;7
0920;7
0921;1
0922;4
0923;14
0924;7
0925;9
0926;14
0927;5
0928;7
0929;8
0930;8
1001;9
1002;12
1003;6
1004;8
1005;4
1006;7
1007;14
1008;7
1009;10
1010;7
1011;4
1012;4
1013;6
1014;8
1015;8
1016;7
1017;11
1018;5
1019;12
1020;9
1021;12
1022;5
1023;8
1024;6
1025;4
1026;14
1027;7
1028;10
1029;12
1030;7
1031;8
1101;11
1102;10
1103;12
1104;5
1105;10
1106;7
1107;9
1108;12
1109;6
1110;8
1111;8
1112;7
1113;9
1114;4
1115;8
1116;13
1117;4
1118;7
1119;5
1120;8
1121;5
1122;10
1123;8
1124;9
1125;7
1126;8
1127;7
1128;9
1129;7
1130;12
1201;6
1202;9
1203;11
1204;8
1205;7
1206;10
1207;12
1208;6
1209;10
1210;6
1211;9
1212;15
1213;5
1214;6
1215;11
1216;8
1217;9
1218;7
1219;16
1220;12
1221;7
1222;7
1223;8
1224;10
1225;5
1226;7
1227;11
1228;10
1229;7
1230;6
1231;4
