0101;65
0102;93
0103;98
0104;122
0105;84
0106;107
0107;94
0108;84
0109;103
0110;95
0111;92
0112;76
0113;101
0114;95
0115;85
0116;84
0117;82
0118;77
0119;90
0120;105
0121;79
0122;79
0123;77
0124;72
0125;60
0126;69
0127;78
0128;62
0129;83
0130;80
0131;77
0201;75
0202;67
0203;69
0204;71
0205;76
0206;63
0207;72
0208;83
0209;62
0210;62
0211;74
0212;71
0213;82
0214;74
0215;71
0216;54
0217;68
0218;75
0219;64
0220;77
0221;50
0222;81
0223;65
0224;61
0225;74
0226;68
0227;52
0228;60
0301;61
0302;69
0303;65
0304;75
0305;64
0306;63
0307;62
0308;52
0309;68
0310;83
0311;81
0312;70
0313;63
0314;66
0315;51
0316;60
0317;63
0318;78
0319;66
0320;65
0321;63
0322;57
0323;57
0324;64
0325;59
0326;54
0327;62
0328;57
0329;58
0330;68
0331;65
0401;65
0402;65
0403;78
0404;58
0405;59
0406;63
0407;56
0408;50
0409;84
0410;75
0411;55
0412;66
0413;59
0414;63
0415;91
0416;61
0417;57
0418;76
0419;66
0420;66
0421;75
0422;68
0423;64
0424;51
0425;66
0426;63
0427;58
0428;80
0429;58
0430;60
0501;78
0502;65
0503;75
0504;60
0505;65
0506;75
0507;80
0508;73
0509;74
0510;82
0511;71
0512;69
0513;90
0514;97
0515;71
0516;82
0517;99
0518;64
0519;73
0520;72
0521;65
0522;66
0523;82
0524;71
0525;75
0526;59
0527;80
0528;68
0529;89
0530;69
0531;101
0601;73
0602;76
0603;102
0604;92
0605;84
0606;64
0607;107
0608;72
0609;95
0610;103
0611;108
0612;80
0613;82
0614;86
0615;83
0616;91
0617;108
0618;100
0619;88
0620;102
0621;120
0622;96
0623;106
0624;105
0625;137
0626;128
0627;108
0628;110
0629;67
0630;79
0701;51
0702;74
0703;58
0704;57
0705;66
0706;58
0707;52
0708;55
0709;47
0710;63
0711;46
0712;42
0713;43
0714;31
0715;31
0716;27
0717;23
0718;18
0719;29
0720;20
0721;30
0722;22
0723;22
0724;29
0725;24
0726;21
0727;23
0728;30
0729;22
0730;25
0731;25
0801;30
0802;24
0803;32
0804;20
0805;35
0806;44
0807;46
0808;52
0809;41
0810;38
0811;58
0812;46
0813;49
0814;56
0815;46
0816;43
0817;46
0818;49
0819;41
0820;66
0821;60
0822;47
0823;43
0824;59
0825;66
0826;75
0827;48
0828;62
0829;53
0830;50
0831;65
0901;61
0902;64
0903;42
0904;68
0905;51
0906;49
0907;57
0908;67
0909;56
0910;59
0911;65
0912;56
0913;58
0914;55
0915;57
0916;54
0917;49
0918;69
0919;63
0920;58
0921;57
0922;60
0923;66
0924;59
0925;52
0926;65
0927;57
0928;54
0929;57
0930;53
1001;77
1002;59
1003;47
1004;53
1005;64
1006;64
1007;57
1008;69
1009;71
1010;53
1011;51
1012;67
1013;69
1014;51
1015;60
1016;58
1017;61
1018;66
1019;75
1020;49
1021;70
1022;72
1023;73
1024;65
1025;56
1026;62
1027;67
1028;69
1029;72
1030;61
1031;71
1101;63
1102;58
1103;57
1104;77
1105;70
1106;73
1107;60
1108;54
1109;50
1110;81
1111;59
1112;51
1113;76
1114;52
1115;64
1116;66
1117;63
1118;52
1119;48
1120;52
1121;70
1122;63
1123;63
1124;68
1125;73
1126;55
1127;59
1128;67
1129;61
1130;54
1201;80
1202;52
1203;57
1204;73
1205;63
1206;58
1207;63
1208;48
1209;73
1210;56
1211;63
1212;69
1213;67
1214;73
1215;63
1216;60
1217;66
1218;60
1219;63
1220;66
1221;66
1222;65
1223;65
1224;70
1225;65
1226;72
1227;62
1228;75
1229;54
1230;69
1231;62
