0101;50
0102;55
0103;49
0104;54
0105;50
0106;62
0107;60
0108;53
0109;46
0110;56
0111;50
0112;55
0113;54
0114;63
0115;56
0116;55
0117;54
0118;55
0119;47
0120;56
0121;46
0122;38
0123;36
0124;39
0125;36
0126;49
0127;37
0128;31
0129;40
0130;35
0131;39
0201;35
0202;34
0203;33
0204;45
0205;44
0206;45
0207;40
0208;40
0209;41
0210;40
0211;34
0212;40
0213;40
0214;36
0215;46
0216;45
0217;37
0218;36
0219;29
0220;34
0221;38
0222;46
0223;38
0224;52
0225;31
0226;39
0227;37
0228;29
0301;39
0302;39
0303;46
0304;32
0305;35
0306;31
0307;32
0308;41
0309;33
0310;28
0311;29
0312;38
0313;31
0314;29
0315;35
0316;29
0317;33
0318;30
0319;46
0320;33
0321;32
0322;31
0323;35
0324;32
0325;42
0326;30
0327;41
0328;45
0329;30
0330;29
0331;51
0401;27
0402;34
0403;26
0404;35
0405;39
0406;32
0407;35
0408;30
0409;46
0410;35
0411;39
0412;35
0413;34
0414;34
0415;41
0416;33
0417;35
0418;42
0419;32
0420;41
0421;34
0422;46
0423;31
0424;46
0425;32
0426;44
0427;57
0428;28
0429;32
0430;41
0501;38
0502;46
0503;40
0504;42
0505;38
0506;39
0507;36
0508;36
0509;40
0510;45
0511;45
0512;37
0513;43
0514;33
0515;33
0516;46
0517;35
0518;28
0519;45
0520;38
0521;34
0522;42
0523;41
0524;46
0525;30
0526;29
0527;46
0528;33
0529;40
0530;39
0531;60
0601;46
0602;35
0603;75
0604;52
0605;55
0606;44
0607;64
0608;45
0609;58
0610;45
0611;49
0612;58
0613;41
0614;58
0615;46
0616;62
0617;43
0618;52
0619;62
0620;56
0621;58
0622;68
0623;48
0624;60
0625;58
0626;68
0627;71
0628;64
0629;53
0630;47
0701;54
0702;23
0703;28
0704;23
0705;21
0706;36
0707;19
0708;21
0709;34
0710;22
0711;26
0712;10
0713;26
0714;24
0715;21
0716;8
0717;21
0718;15
0719;16
0720;10
0721;13
0722;16
0723;14
0724;16
0725;11
0726;10
0727;11
0728;15
0729;14
0730;15
0731;16
0801;17
0802;14
0803;18
0804;19
0805;23
0806;21
0807;21
0808;30
0809;18
0810;31
0811;42
0812;18
0813;19
0814;32
0815;23
0816;26
0817;27
0818;31
0819;34
0820;24
0821;27
0822;25
0823;28
0824;19
0825;32
0826;38
0827;29
0828;39
0829;32
0830;32
0831;39
0901;37
0902;24
0903;36
0904;28
0905;24
0906;29
0907;28
0908;22
0909;38
0910;27
0911;33
0912;25
0913;43
0914;32
0915;30
0916;33
0917;25
0918;22
0919;35
0920;24
0921;29
0922;39
0923;44
0924;47
0925;27
0926;31
0927;26
0928;37
0929;44
0930;32
1001;34
1002;36
1003;37
1004;31
1005;26
1006;42
1007;35
1008;45
1009;32
1010;36
1011;33
1012;41
1013;33
1014;38
1015;38
1016;27
1017;34
1018;31
1019;27
1020;35
1021;36
1022;38
1023;27
1024;30
1025;42
1026;36
1027;41
1028;37
1029;33
1030;32
1031;40
1101;36
1102;33
1103;33
1104;35
1105;41
1106;37
1107;36
1108;44
1109;30
1110;43
1111;35
1112;27
1113;48
1114;33
1115;30
1116;43
1117;47
1118;24
1119;38
1120;35
1121;23
1122;33
1123;35
1124;38
1125;33
1126;28
1127;23
1128;42
1129;47
1130;26
1201;29
1202;35
1203;36
1204;30
1205;22
1206;34
1207;32
1208;54
1209;33
1210;41
1211;39
1212;42
1213;27
1214;46
1215;40
1216;34
1217;40
1218;33
1219;46
1220;26
1221;35
1222;47
1223;37
1224;21
1225;36
1226;35
1227;35
1228;33
1229;36
1230;29
1231;36
