0101;26
0102;23
0103;28
0104;26
0105;23
0106;31
0107;21
0108;29
0109;20
0110;24
0111;35
0112;33
0113;27
0114;26
0115;18
0116;26
0117;23
0118;28
0119;27
0120;26
0121;11
0122;25
0123;22
0124;17
0125;26
0126;20
0127;15
0128;24
0129;22
0130;15
0131;11
0201;15
0202;26
0203;24
0204;18
0205;17
0206;22
0207;17
0208;17
0209;18
0210;26
0211;15
0212;13
0213;21
0214;29
0215;21
0216;20
0217;22
0218;23
0219;17
0220;22
0221;25
0222;21
0223;20
0224;17
0225;23
0226;16
0227;20
0228;22
0301;23
0302;19
0303;24
0304;25
0305;17
0306;21
0307;29
0308;19
0309;15
0310;16
0311;22
0312;16
0313;16
0314;22
0315;24
0316;11
0317;25
0318;16
0319;22
0320;21
0321;28
0322;13
0323;23
0324;24
0325;16
0326;18
0327;14
0328;35
0329;30
0330;25
0331;27
0401;19
0402;31
0403;26
0404;23
0405;20
0406;35
0407;36
0408;42
0409;19
0410;30
0411;20
0412;31
0413;32
0414;23
0415;24
0416;23
0417;31
0418;30
0419;24
0420;36
0421;28
0422;32
0423;37
0424;21
0425;26
0426;31
0427;29
0428;27
0429;30
0430;26
0501;17
0502;30
0503;29
0504;26
0505;34
0506;28
0507;24
0508;36
0509;35
0510;30
0511;20
0512;20
0513;19
0514;31
0515;28
0516;23
0517;14
0518;25
0519;33
0520;30
0521;20
0522;32
0523;30
0524;24
0525;23
0526;39
0527;23
0528;21
0529;29
0530;22
0531;22
0601;21
0602;27
0603;26
0604;20
0605;26
0606;25
0607;25
0608;22
0609;31
0610;38
0611;32
0612;19
0613;26
0614;22
0615;20
0616;29
0617;32
0618;19
0619;23
0620;26
0621;23
0622;22
0623;25
0624;26
0625;18
0626;23
0627;38
0628;18
0629;40
0630;20
0701;16
0702;25
0703;13
0704;10
0705;15
0706;20
0707;23
0708;17
0709;8
0710;14
0711;20
0712;15
0713;19
0714;14
0715;16
0716;12
0717;7
0718;13
0719;12
0720;13
0721;5
0722;4
0723;2
0726;1
0727;2
0728;3
0729;3
0730;4
0731;8
0801;17
0802;7
0803;8
0804;13
0805;4
0806;11
0807;5
0808;14
0809;8
0810;15
0811;10
0812;9
0813;13
0814;5
0815;15
0816;9
0817;10
0818;13
0819;8
0820;18
0821;12
0822;16
0823;20
0824;19
0825;24
0826;13
0827;19
0828;18
0829;16
0830;12
0831;17
0901;11
0902;22
0903;17
0904;8
0905;17
0906;13
0907;21
0908;12
0909;21
0910;15
0911;15
0912;18
0913;18
0914;17
0915;17
0916;20
0917;19
0918;17
0919;17
0920;13
0921;18
0922;15
0923;10
0924;17
0925;16
0926;27
0927;9
0928;16
0929;19
0930;23
1001;19
1002;19
1003;12
1004;15
1005;18
1006;21
1007;12
1008;15
1009;10
1010;18
1011;17
1012;13
1013;12
1014;17
1015;14
1016;14
1017;18
1018;23
1019;19
1020;18
1021;22
1022;19
1023;15
1024;15
1025;15
1026;17
1027;17
1028;10
1029;14
1030;11
1031;20
1101;17
1102;21
1103;10
1104;26
1105;19
1106;22
1107;19
1108;31
1109;20
1110;20
1111;19
1112;19
1113;24
1114;19
1115;17
1116;14
1117;20
1118;16
1119;15
1120;11
1121;17
1122;17
1123;19
1124;21
1125;24
1126;30
1127;20
1128;14
1129;17
1130;15
1201;22
1202;19
1203;20
1204;15
1205;19
1206;15
1207;20
1208;17
1209;23
1210;21
1211;17
1212;18
1213;14
1214;14
1215;19
1216;24
1217;18
1218;20
1219;18
1220;15
1221;13
1222;17
1223;26
1224;20
1225;13
1226;23
1227;22
1228;22
1229;12
1230;23
1231;27
