0000;1
0101;66
0102;82
0103;78
0104;65
0105;62
0106;65
0107;67
0108;53
0109;80
0110;73
0111;68
0112;54
0113;59
0114;64
0115;60
0116;64
0117;66
0118;71
0119;46
0120;69
0121;63
0122;59
0123;63
0124;43
0125;69
0126;48
0127;46
0128;58
0129;49
0130;62
0131;44
0201;50
0202;46
0203;37
0204;67
0205;54
0206;55
0207;52
0208;60
0209;51
0210;58
0211;65
0212;46
0213;63
0214;45
0215;51
0216;45
0217;54
0218;52
0219;39
0220;45
0221;45
0222;42
0223;46
0224;48
0225;56
0226;57
0227;53
0228;42
0301;50
0302;47
0303;52
0304;49
0305;65
0306;56
0307;59
0308;45
0309;44
0310;47
0311;52
0312;43
0313;32
0314;53
0315;43
0316;32
0317;52
0318;66
0319;73
0320;53
0321;52
0322;40
0323;46
0324;43
0325;54
0326;37
0327;56
0328;41
0329;46
0330;42
0331;40
0401;38
0402;62
0403;49
0404;50
0405;56
0406;30
0407;56
0408;57
0409;44
0410;51
0411;52
0412;46
0413;39
0414;48
0415;47
0416;53
0417;63
0418;41
0419;56
0420;38
0421;54
0422;45
0423;44
0424;58
0425;57
0426;53
0427;40
0428;47
0429;45
0430;69
0501;82
0502;75
0503;89
0504;61
0505;72
0506;71
0507;49
0508;72
0509;60
0510;74
0511;54
0512;60
0513;64
0514;77
0515;64
0516;71
0517;70
0518;73
0519;67
0520;95
0521;71
0522;61
0523;66
0524;53
0525;86
0526;55
0527;81
0528;61
0529;62
0530;69
0531;109
0601;82
0602;77
0603;101
0604;82
0605;85
0606;84
0607;76
0608;113
0609;92
0610;109
0611;113
0612;82
0613;78
0614;98
0615;82
0616;100
0617;90
0618;84
0619;126
0620;96
0621;75
0622;54
0623;91
0624;97
0625;72
0626;100
0627;80
0628;75
0629;94
0630;55
0701;50
0702;38
0703;47
0704;41
0705;41
0706;49
0707;45
0708;56
0709;46
0710;48
0711;45
0712;39
0713;47
0714;51
0715;39
0716;42
0717;49
0718;56
0719;40
0720;33
0721;55
0722;49
0723;36
0724;39
0725;38
0726;45
0727;38
0728;44
0729;48
0730;46
0731;28
0801;41
0802;44
0803;25
0804;45
0805;40
0806;30
0807;38
0808;44
0809;33
0810;37
0811;56
0812;58
0813;48
0814;46
0815;35
0816;42
0817;35
0818;47
0819;44
0820;34
0821;39
0822;41
0823;42
0824;53
0825;59
0826;38
0827;33
0828;34
0829;45
0830;28
0831;44
0901;44
0902;36
0903;34
0904;36
0905;46
0906;35
0907;34
0908;31
0909;47
0910;44
0911;47
0912;56
0913;44
0914;49
0915;39
0916;51
0917;57
0918;48
0919;57
0920;41
0921;50
0922;38
0923;49
0924;49
0925;51
0926;51
0927;44
0928;40
0929;46
0930;52
1001;45
1002;32
1003;43
1004;30
1005;29
1006;44
1007;50
1008;47
1009;48
1010;47
1011;39
1012;40
1013;42
1014;40
1015;40
1016;51
1017;57
1018;41
1019;46
1020;40
1021;39
1022;55
1023;58
1024;45
1025;48
1026;34
1027;40
1028;48
1029;46
1030;48
1031;43
1101;52
1102;47
1103;51
1104;54
1105;44
1106;58
1107;39
1108;54
1109;42
1110;42
1111;55
1112;42
1113;51
1114;43
1115;49
1116;57
1117;38
1118;47
1119;56
1120;39
1121;62
1122;58
1123;54
1124;53
1125;62
1126;50
1127;50
1128;48
1129;46
1130;52
1201;43
1202;49
1203;39
1204;58
1205;58
1206;55
1207;49
1208;54
1209;61
1210;35
1211;58
1212;46
1213;52
1214;39
1215;49
1216;55
1217;48
1218;51
1219;55
1220;53
1221;45
1222;44
1223;55
1224;42
1225;44
1226;54
1227;51
1228;56
1229;40
1230;51
1231;42
