0101;30
0102;36
0103;29
0104;24
0105;36
0106;47
0107;20
0108;26
0109;24
0110;28
0111;30
0112;30
0113;26
0114;33
0115;36
0116;41
0117;37
0118;35
0119;33
0120;25
0121;18
0122;36
0123;26
0124;21
0125;30
0126;25
0127;24
0128;19
0129;36
0130;20
0131;29
0201;25
0202;16
0203;31
0204;22
0205;27
0206;26
0207;26
0208;31
0209;25
0210;24
0211;27
0212;27
0213;30
0214;24
0215;25
0216;25
0217;32
0218;28
0219;22
0220;30
0221;36
0222;23
0223;30
0224;24
0225;20
0226;24
0227;32
0228;29
0301;30
0302;26
0303;19
0304;21
0305;23
0306;18
0307;25
0308;30
0309;25
0310;18
0311;23
0312;27
0313;23
0314;23
0315;23
0316;29
0317;24
0318;28
0319;22
0320;17
0321;34
0322;19
0323;27
0324;37
0325;29
0326;22
0327;22
0328;26
0329;26
0330;24
0331;27
0401;20
0402;27
0403;25
0404;28
0405;36
0406;18
0407;29
0408;22
0409;20
0410;28
0411;19
0412;22
0413;30
0414;19
0415;29
0416;27
0417;18
0418;25
0419;22
0420;18
0421;21
0422;27
0423;19
0424;17
0425;26
0426;19
0427;22
0428;34
0429;37
0430;27
0501;28
0502;31
0503;29
0504;39
0505;22
0506;17
0507;25
0508;27
0509;26
0510;19
0511;23
0512;28
0513;28
0514;24
0515;17
0516;24
0517;19
0518;20
0519;24
0520;23
0521;21
0522;22
0523;22
0524;18
0525;19
0526;28
0527;29
0528;21
0529;24
0530;25
0531;22
0601;27
0602;29
0603;24
0604;22
0605;30
0606;26
0607;29
0608;38
0609;32
0610;26
0611;45
0612;33
0613;35
0614;31
0615;33
0616;32
0617;44
0618;52
0619;36
0620;23
0621;39
0622;55
0623;61
0624;34
0625;24
0626;44
0627;38
0628;40
0629;50
0630;36
0701;39
0702;29
0703;24
0704;31
0705;22
0706;17
0707;15
0708;15
0709;30
0710;34
0711;24
0712;20
0713;18
0714;23
0715;31
0716;12
0717;12
0718;14
0719;6
0720;3
0721;3
0722;3
0724;1
0725;1
0726;1
0727;1
0728;1
0729;3
0730;4
0731;3
0801;8
0802;5
0803;5
0804;6
0805;9
0806;5
0807;8
0808;13
0809;26
0810;23
0811;23
0812;16
0813;12
0814;13
0815;18
0816;16
0817;20
0818;24
0819;23
0820;22
0821;24
0822;21
0823;29
0824;19
0825;24
0826;22
0827;22
0828;23
0829;22
0830;22
0831;21
0901;20
0902;22
0903;14
0904;24
0905;27
0906;15
0907;19
0908;21
0909;20
0910;18
0911;26
0912;29
0913;24
0914;17
0915;24
0916;21
0917;25
0918;21
0919;23
0920;16
0921;20
0922;27
0923;16
0924;22
0925;23
0926;18
0927;27
0928;26
0929;17
0930;24
1001;18
1002;29
1003;25
1004;23
1005;20
1006;18
1007;29
1008;25
1009;20
1010;22
1011;34
1012;26
1013;17
1014;22
1015;22
1016;19
1017;23
1018;27
1019;23
1020;30
1021;25
1022;25
1023;15
1024;22
1025;17
1026;24
1027;31
1028;24
1029;21
1030;26
1031;29
1101;34
1102;31
1103;38
1104;28
1105;19
1106;23
1107;23
1108;18
1109;18
1110;27
1111;25
1112;16
1113;20
1114;33
1115;25
1116;21
1117;34
1118;27
1119;15
1120;23
1121;17
1122;20
1123;20
1124;30
1125;23
1126;21
1127;27
1128;27
1129;33
1130;31
1201;20
1202;29
1203;23
1204;27
1205;21
1206;24
1207;30
1208;37
1209;20
1210;35
1211;26
1212;18
1213;22
1214;30
1215;27
1216;18
1217;30
1218;25
1219;25
1220;23
1221;21
1222;24
1223;16
1224;35
1225;24
1226;31
1227;23
1228;33
1229;19
1230;20
1231;24
