0101;10
0102;16
0103;11
0104;23
0105;15
0106;14
0107;14
0108;17
0109;14
0110;9
0111;19
0112;16
0113;8
0114;21
0115;29
0116;16
0117;20
0118;8
0119;17
0120;10
0121;13
0122;14
0123;12
0124;12
0125;14
0126;12
0127;11
0128;13
0129;13
0130;6
0131;15
0201;8
0202;10
0203;15
0204;9
0205;16
0206;17
0207;15
0208;16
0209;15
0210;15
0211;15
0212;10
0213;14
0214;10
0215;10
0216;11
0217;9
0218;9
0219;9
0220;15
0221;8
0222;9
0223;13
0224;20
0225;16
0226;14
0227;10
0228;17
0301;13
0302;9
0303;10
0304;15
0305;13
0306;13
0307;11
0308;13
0309;15
0310;11
0311;10
0312;10
0313;8
0314;4
0315;11
0316;10
0317;13
0318;11
0319;10
0320;16
0321;5
0322;10
0323;9
0324;9
0325;16
0326;12
0327;9
0328;8
0329;9
0330;5
0331;14
0401;10
0402;14
0403;15
0404;17
0405;12
0406;11
0407;8
0408;10
0409;12
0410;13
0411;13
0412;6
0413;13
0414;19
0415;10
0416;9
0417;5
0418;16
0419;8
0420;9
0421;12
0422;9
0423;15
0424;3
0425;8
0426;11
0427;14
0428;13
0429;9
0430;7
0501;12
0502;6
0503;9
0504;14
0505;11
0506;4
0507;6
0508;12
0509;9
0510;5
0511;11
0512;11
0513;14
0514;12
0515;16
0516;10
0517;11
0518;7
0519;6
0520;7
0521;5
0522;5
0523;9
0524;2
0525;9
0526;9
0527;10
0528;7
0529;6
0530;8
0531;7
0601;5
0602;10
0603;5
0604;7
0605;5
0606;4
0607;6
0608;8
0609;2
0610;6
0611;7
0612;4
0613;5
0614;1
0615;6
0616;4
0617;2
0618;5
0619;1
0620;2
0621;1
0702;1
0706;4
0707;3
0708;3
0709;3
0710;2
0711;4
0712;2
0713;2
0714;3
0715;1
0716;2
0717;3
0718;3
0719;2
0720;2
0721;1
0722;2
0723;2
0724;8
0726;4
0727;9
0728;5
0729;7
0730;7
0731;3
0801;2
0802;9
0803;5
0804;18
0805;9
0806;13
0807;6
0808;10
0809;11
0810;11
0811;12
0812;11
0813;10
0814;17
0815;4
0816;8
0817;10
0818;7
0819;9
0820;5
0821;8
0822;6
0823;18
0824;11
0825;10
0826;14
0827;9
0828;7
0829;6
0830;9
0831;12
0901;8
0902;15
0903;10
0904;7
0905;9
0906;8
0907;8
0908;8
0909;13
0910;6
0911;7
0912;19
0913;5
0914;4
0915;10
0916;13
0917;10
0918;9
0919;11
0920;9
0921;10
0922;11
0923;9
0924;8
0925;13
0926;10
0927;13
0928;18
0929;13
0930;6
1001;12
1002;10
1003;10
1004;10
1005;11
1006;13
1007;13
1008;8
1009;9
1010;16
1011;14
1012;11
1013;7
1014;8
1015;6
1016;7
1017;10
1018;3
1019;11
1020;11
1021;11
1022;5
1023;11
1024;5
1025;14
1026;13
1027;12
1028;10
1029;13
1030;10
1031;11
1101;6
1102;9
1103;18
1104;11
1105;10
1106;19
1107;14
1108;10
1109;14
1110;10
1111;6
1112;8
1113;11
1114;4
1115;11
1116;12
1117;11
1118;9
1119;7
1120;10
1121;16
1122;14
1123;12
1124;13
1125;12
1126;15
1127;12
1128;8
1129;11
1130;12
1201;13
1202;11
1203;8
1204;8
1205;12
1206;14
1207;9
1208;9
1209;8
1210;8
1211;16
1212;11
1213;8
1214;10
1215;9
1216;16
1217;6
1218;9
1219;9
1220;11
1221;9
1222;10
1223;6
1224;15
1225;18
1226;10
1227;11
1228;9
1229;13
1230;11
1231;16
