0101;12
0102;13
0103;11
0104;15
0105;13
0106;5
0107;9
0108;7
0109;15
0110;12
0111;11
0112;9
0113;10
0114;9
0115;17
0116;13
0117;13
0118;6
0119;12
0120;7
0121;13
0122;8
0123;4
0124;10
0125;11
0126;10
0127;6
0128;16
0129;11
0130;12
0131;11
0201;10
0202;6
0203;12
0204;17
0205;9
0206;7
0207;9
0208;11
0209;10
0210;14
0211;10
0212;14
0213;11
0214;8
0215;9
0216;9
0217;12
0218;11
0219;9
0220;8
0221;10
0222;16
0223;13
0224;11
0225;8
0226;5
0227;15
0228;10
0301;15
0302;8
0303;7
0304;11
0305;8
0306;10
0307;9
0308;9
0309;13
0310;13
0311;13
0312;7
0313;15
0314;13
0315;13
0316;13
0317;15
0318;12
0319;9
0320;10
0321;9
0322;12
0323;7
0324;11
0325;2
0326;13
0327;12
0328;11
0329;6
0330;8
0331;9
0401;14
0402;10
0403;13
0404;9
0405;6
0406;12
0407;7
0408;9
0409;12
0410;11
0411;11
0412;10
0413;7
0414;11
0415;14
0416;6
0417;8
0418;12
0419;10
0420;5
0421;7
0422;9
0423;7
0424;11
0425;14
0426;8
0427;10
0428;9
0429;9
0430;5
0501;12
0502;7
0503;4
0504;13
0505;12
0506;11
0507;8
0508;10
0509;11
0510;10
0511;12
0512;7
0513;10
0514;2
0515;7
0516;8
0517;8
0518;5
0519;9
0520;9
0521;13
0522;5
0523;8
0524;9
0525;5
0526;7
0527;6
0528;16
0529;5
0530;8
0531;4
0601;11
0602;9
0603;9
0604;13
0605;11
0606;15
0607;7
0608;8
0609;13
0610;8
0611;11
0612;6
0613;12
0614;10
0615;15
0616;12
0617;6
0618;7
0619;9
0620;7
0621;9
0622;10
0623;4
0624;8
0625;10
0626;8
0627;8
0628;10
0629;8
0630;9
0701;12
0702;9
0703;4
0704;17
0705;10
0706;10
0707;5
0708;6
0709;6
0710;5
0711;13
0712;9
0713;15
0714;7
0715;7
0716;7
0717;9
0718;14
0719;9
0720;17
0721;9
0722;9
0723;7
0724;11
0725;6
0726;8
0727;12
0728;10
0729;6
0730;2
0731;10
0801;7
0802;13
0803;9
0804;12
0805;7
0806;7
0807;7
0808;8
0809;10
0810;9
0811;7
0812;11
0813;9
0814;5
0815;5
0816;10
0817;6
0818;8
0819;9
0820;10
0821;10
0822;11
0823;8
0824;9
0825;11
0826;10
0827;8
0828;10
0829;8
0830;7
0831;12
0901;10
0902;16
0903;13
0904;12
0905;6
0906;7
0907;11
0908;11
0909;8
0910;7
0911;9
0912;10
0913;11
0914;18
0915;4
0916;12
0917;6
0918;3
0919;11
0920;11
0921;6
0922;8
0923;7
0924;6
0925;7
0926;4
0927;8
0928;11
0929;11
0930;14
1001;8
1002;9
1003;11
1004;6
1005;15
1006;8
1007;5
1008;13
1009;15
1010;12
1011;6
1012;14
1013;10
1014;11
1015;10
1016;8
1017;7
1018;13
1019;8
1020;13
1021;13
1022;10
1023;8
1024;6
1025;13
1026;4
1027;10
1028;8
1029;5
1030;9
1031;7
1101;3
1102;10
1103;12
1104;7
1105;12
1106;8
1107;17
1108;10
1109;11
1110;12
1111;19
1112;11
1113;9
1114;17
1115;7
1116;12
1117;11
1118;9
1119;8
1120;11
1121;11
1122;11
1123;14
1124;20
1125;12
1126;12
1127;11
1128;8
1129;9
1130;4
1201;11
1202;9
1203;5
1204;12
1205;11
1206;9
1207;11
1208;3
1209;12
1210;9
1211;12
1212;10
1213;9
1214;11
1215;10
1216;9
1217;6
1218;14
1219;14
1220;12
1221;15
1222;12
1223;12
1224;14
1225;18
1226;10
1227;12
1228;9
1229;6
1230;8
1231;7
