0101;8
0102;18
0103;17
0104;11
0105;10
0106;13
0107;13
0108;12
0109;16
0110;16
0111;11
0112;14
0113;16
0114;14
0115;10
0116;6
0117;9
0118;12
0119;11
0120;10
0121;5
0122;12
0123;16
0124;14
0125;14
0126;19
0127;10
0128;11
0129;16
0130;8
0131;10
0201;8
0202;11
0203;13
0204;12
0205;4
0206;4
0207;8
0208;8
0209;14
0210;17
0211;15
0212;16
0213;16
0214;17
0215;14
0216;13
0217;10
0218;13
0219;9
0220;20
0221;15
0222;13
0223;13
0224;14
0225;10
0226;11
0227;16
0228;14
0301;12
0302;14
0303;12
0304;14
0305;10
0306;15
0307;14
0308;15
0309;17
0310;9
0311;14
0312;10
0313;8
0314;12
0315;10
0316;14
0317;18
0318;10
0319;8
0320;9
0321;7
0322;10
0323;7
0324;19
0325;19
0326;11
0327;9
0328;11
0329;10
0330;8
0331;13
0401;10
0402;10
0403;10
0404;11
0405;11
0406;11
0407;8
0408;6
0409;9
0410;6
0411;12
0412;14
0413;15
0414;9
0415;18
0416;8
0417;12
0418;12
0419;16
0420;7
0421;6
0422;11
0423;8
0424;5
0425;11
0426;11
0427;15
0428;10
0429;14
0430;11
0501;16
0502;10
0503;5
0504;16
0505;9
0506;11
0507;16
0508;6
0509;11
0510;13
0511;10
0512;8
0513;5
0514;16
0515;8
0516;10
0517;12
0518;15
0519;12
0520;15
0521;18
0522;12
0523;8
0524;6
0525;9
0526;11
0527;12
0528;16
0529;10
0530;6
0531;10
0601;10
0602;8
0603;8
0604;10
0605;6
0606;7
0607;13
0608;16
0609;15
0610;2
0611;5
0612;14
0613;12
0614;9
0615;11
0616;10
0617;18
0618;10
0619;13
0620;5
0621;9
0622;7
0623;13
0624;10
0625;5
0626;9
0627;14
0628;15
0629;13
0630;12
0701;18
0702;9
0703;10
0704;13
0705;12
0706;13
0707;16
0708;10
0709;12
0710;14
0711;7
0712;11
0713;7
0714;9
0715;14
0716;14
0717;19
0718;14
0719;12
0720;13
0721;8
0722;7
0723;4
0724;15
0725;17
0726;11
0727;8
0728;2
0729;8
0730;17
0731;18
0801;14
0802;12
0803;11
0804;10
0805;11
0806;9
0807;9
0808;14
0809;9
0810;17
0811;12
0812;7
0813;11
0814;5
0815;8
0816;11
0817;13
0818;6
0819;11
0820;15
0821;13
0822;7
0823;10
0824;11
0825;7
0826;10
0827;10
0828;11
0829;6
0830;12
0831;11
0901;7
0902;10
0903;10
0904;7
0905;16
0906;9
0907;12
0908;8
0909;14
0910;9
0911;10
0912;10
0913;12
0914;13
0915;13
0916;11
0917;11
0918;12
0919;9
0920;8
0921;13
0922;7
0923;11
0924;8
0925;10
0926;6
0927;8
0928;13
0929;19
0930;13
1001;12
1002;11
1003;17
1004;14
1005;11
1006;11
1007;14
1008;15
1009;12
1010;18
1011;5
1012;10
1013;14
1014;12
1015;7
1016;5
1017;13
1018;15
1019;14
1020;16
1021;7
1022;12
1023;13
1024;13
1025;9
1026;9
1027;12
1028;11
1029;20
1030;7
1031;14
1101;14
1102;11
1103;11
1104;13
1105;19
1106;11
1107;12
1108;13
1109;8
1110;18
1111;11
1112;15
1113;8
1114;12
1115;21
1116;9
1117;9
1118;10
1119;7
1120;14
1121;11
1122;14
1123;10
1124;13
1125;11
1126;14
1127;11
1128;13
1129;8
1130;8
1201;11
1202;16
1203;11
1204;11
1205;11
1206;9
1207;9
1208;7
1209;14
1210;8
1211;9
1212;11
1213;11
1214;11
1215;10
1216;16
1217;11
1218;6
1219;16
1220;11
1221;10
1222;16
1223;13
1224;8
1225;16
1226;9
1227;9
1228;15
1229;11
1230;10
1231;15
