0101;37
0102;31
0103;32
0104;34
0105;35
0106;48
0107;38
0108;28
0109;37
0110;39
0111;43
0112;32
0113;43
0114;33
0115;23
0116;28
0117;37
0118;33
0119;27
0120;30
0121;38
0122;31
0123;35
0124;35
0125;27
0126;32
0127;36
0128;41
0129;29
0130;36
0131;30
0201;43
0202;26
0203;33
0204;28
0205;38
0206;36
0207;32
0208;32
0209;28
0210;32
0211;29
0212;42
0213;20
0214;46
0215;32
0216;31
0217;31
0218;25
0219;39
0220;39
0221;26
0222;34
0223;47
0224;33
0225;45
0226;26
0227;24
0228;31
0301;23
0302;34
0303;32
0304;36
0305;34
0306;30
0307;35
0308;38
0309;28
0310;28
0311;22
0312;29
0313;34
0314;26
0315;28
0316;29
0317;39
0318;32
0319;38
0320;37
0321;36
0322;35
0323;37
0324;42
0325;42
0326;31
0327;35
0328;33
0329;22
0330;29
0331;23
0401;22
0402;19
0403;41
0404;27
0405;29
0406;23
0407;23
0408;33
0409;37
0410;32
0411;27
0412;26
0413;25
0414;37
0415;28
0416;25
0417;23
0418;35
0419;31
0420;36
0421;33
0422;32
0423;25
0424;26
0425;26
0426;36
0427;30
0428;39
0429;29
0430;31
0501;29
0502;29
0503;31
0504;27
0505;27
0506;26
0507;26
0508;37
0509;30
0510;31
0511;20
0512;16
0513;23
0514;34
0515;30
0516;28
0517;28
0518;37
0519;34
0520;35
0521;28
0522;31
0523;33
0524;37
0525;22
0526;38
0527;36
0528;27
0529;30
0530;20
0531;31
0601;24
0602;32
0603;33
0604;24
0605;22
0606;26
0607;18
0608;32
0609;36
0610;25
0611;32
0612;29
0613;46
0614;35
0615;30
0616;24
0617;24
0618;19
0619;28
0620;26
0621;24
0622;34
0623;23
0624;36
0625;35
0626;35
0627;31
0628;21
0629;33
0630;30
0701;32
0702;33
0703;39
0704;35
0705;34
0706;37
0707;20
0708;34
0709;21
0710;25
0711;33
0712;32
0713;24
0714;26
0715;26
0716;37
0717;36
0718;34
0719;31
0720;31
0721;28
0722;31
0723;34
0724;25
0725;30
0726;34
0727;25
0728;36
0729;35
0730;30
0731;29
0801;34
0802;41
0803;26
0804;36
0805;25
0806;34
0807;32
0808;25
0809;31
0810;19
0811;28
0812;36
0813;28
0814;25
0815;30
0816;22
0817;32
0818;36
0819;35
0820;26
0821;26
0822;27
0823;28
0824;31
0825;33
0826;32
0827;26
0828;25
0829;33
0830;27
0831;17
0901;29
0902;35
0903;34
0904;26
0905;27
0906;33
0907;36
0908;23
0909;33
0910;22
0911;28
0912;36
0913;38
0914;28
0915;22
0916;28
0917;33
0918;41
0919;36
0920;25
0921;24
0922;31
0923;26
0924;24
0925;17
0926;27
0927;37
0928;24
0929;34
0930;35
1001;22
1002;31
1003;30
1004;36
1005;33
1006;19
1007;35
1008;24
1009;30
1010;32
1011;28
1012;39
1013;35
1014;24
1015;22
1016;33
1017;30
1018;28
1019;18
1020;27
1021;35
1022;20
1023;30
1024;27
1025;28
1026;33
1027;30
1028;20
1029;25
1030;25
1031;29
1101;28
1102;28
1103;27
1104;27
1105;29
1106;22
1107;27
1108;44
1109;30
1110;24
1111;33
1112;41
1113;35
1114;27
1115;30
1116;32
1117;25
1118;39
1119;28
1120;31
1121;26
1122;35
1123;31
1124;17
1125;25
1126;21
1127;30
1128;25
1129;34
1130;24
1201;33
1202;30
1203;36
1204;31
1205;30
1206;40
1207;30
1208;28
1209;32
1210;26
1211;33
1212;30
1213;29
1214;38
1215;29
1216;29
1217;37
1218;37
1219;33
1220;26
1221;36
1222;28
1223;27
1224;30
1225;36
1226;36
1227;31
1228;31
1229;42
1230;33
1231;29
