0101;7
0102;9
0103;6
0104;3
0105;2
0106;8
0107;14
0108;11
0109;9
0110;8
0111;10
0112;7
0113;5
0114;10
0115;4
0116;12
0117;9
0118;7
0119;6
0120;4
0121;10
0122;8
0123;7
0124;12
0125;5
0126;3
0127;10
0128;3
0129;5
0130;9
0131;7
0201;6
0202;9
0203;4
0204;8
0205;4
0206;9
0207;10
0208;6
0209;12
0210;6
0211;5
0212;8
0213;5
0214;8
0215;7
0216;10
0217;6
0218;4
0219;8
0220;5
0221;9
0222;6
0223;8
0224;14
0225;9
0226;6
0227;6
0228;5
0301;3
0302;6
0303;9
0304;4
0305;10
0306;6
0307;8
0308;12
0309;6
0310;12
0311;8
0312;6
0313;4
0314;9
0315;9
0316;4
0317;5
0318;11
0319;4
0320;8
0321;9
0322;5
0323;6
0324;10
0325;2
0326;6
0327;6
0328;3
0329;3
0330;5
0331;8
0401;7
0402;6
0403;4
0404;6
0405;11
0406;8
0407;9
0408;5
0409;6
0410;8
0411;3
0412;7
0413;3
0414;5
0415;6
0416;6
0417;4
0418;10
0419;7
0420;7
0421;11
0422;11
0423;11
0424;11
0425;4
0426;3
0427;8
0428;5
0429;5
0430;5
0501;5
0502;9
0503;2
0504;6
0505;7
0506;4
0507;5
0508;7
0509;5
0510;5
0511;5
0512;6
0513;5
0514;7
0515;6
0516;8
0517;2
0518;2
0519;3
0520;10
0521;3
0522;4
0523;4
0524;5
0525;9
0526;7
0527;8
0528;8
0529;11
0530;6
0531;9
0601;4
0602;4
0603;4
0604;5
0605;6
0606;4
0607;6
0608;5
0609;5
0610;6
0611;8
0612;7
0613;6
0614;6
0615;4
0616;9
0617;7
0618;6
0619;3
0620;12
0621;3
0622;6
0623;4
0624;3
0625;4
0626;4
0627;8
0628;9
0629;2
0630;5
0701;2
0702;2
0703;5
0704;8
0705;6
0706;7
0707;5
0708;2
0709;5
0710;11
0711;4
0712;6
0713;7
0715;4
0716;5
0717;7
0718;9
0719;6
0720;9
0721;7
0722;8
0723;6
0724;7
0725;10
0726;6
0727;3
0728;5
0729;6
0730;8
0731;3
0801;2
0802;10
0803;5
0804;3
0805;7
0806;8
0807;7
0808;6
0809;6
0810;1
0811;5
0812;10
0813;9
0814;4
0815;8
0816;9
0817;3
0818;8
0819;7
0820;3
0821;5
0822;6
0823;4
0824;8
0825;4
0826;7
0827;5
0828;7
0829;10
0830;5
0831;8
0901;11
0902;8
0903;8
0904;5
0905;6
0906;4
0907;5
0908;4
0909;9
0910;3
0911;9
0912;8
0913;3
0914;7
0915;5
0916;6
0917;4
0918;9
0919;6
0920;4
0921;5
0922;8
0923;3
0924;5
0925;2
0926;7
0927;3
0928;6
0929;7
0930;4
1001;6
1002;6
1003;8
1004;9
1005;9
1006;6
1007;6
1008;8
1009;9
1010;4
1011;6
1012;5
1013;5
1014;3
1015;10
1016;14
1017;3
1018;4
1019;4
1020;4
1021;16
1022;2
1023;5
1024;5
1025;3
1026;4
1027;3
1028;9
1029;9
1030;5
1031;5
1101;6
1102;12
1103;5
1104;5
1105;12
1106;3
1107;13
1108;6
1109;8
1110;5
1111;6
1112;2
1113;5
1114;9
1115;11
1116;7
1117;3
1118;7
1119;4
1120;4
1121;3
1122;6
1123;13
1124;4
1125;11
1126;5
1127;9
1128;4
1129;7
1130;3
1201;9
1202;8
1203;4
1204;9
1205;9
1206;6
1207;3
1208;6
1209;13
1210;8
1211;5
1212;6
1213;6
1214;7
1215;2
1216;5
1217;4
1218;3
1219;10
1220;12
1221;4
1222;10
1223;7
1224;8
1225;9
1226;7
1227;4
1228;3
1229;9
1230;8
1231;10
