0101;16
0102;13
0103;16
0104;24
0105;10
0106;15
0107;10
0108;15
0109;17
0110;12
0111;13
0112;16
0113;15
0114;19
0115;8
0116;12
0117;5
0118;17
0119;18
0120;21
0121;11
0122;16
0123;10
0124;18
0125;17
0126;17
0127;13
0128;11
0129;12
0130;12
0131;21
0201;15
0202;13
0203;12
0204;14
0205;10
0206;11
0207;11
0208;13
0209;18
0210;17
0211;8
0212;11
0213;8
0214;13
0215;20
0216;15
0217;15
0218;18
0219;10
0220;16
0221;12
0222;13
0223;14
0224;9
0225;12
0226;17
0227;11
0228;7
0301;16
0302;11
0303;15
0304;10
0305;8
0306;16
0307;19
0308;17
0309;15
0310;16
0311;17
0312;14
0313;13
0314;12
0315;10
0316;22
0317;12
0318;10
0319;16
0320;17
0321;9
0322;10
0323;11
0324;13
0325;10
0326;14
0327;11
0328;15
0329;9
0330;8
0331;13
0401;13
0402;12
0403;12
0404;9
0405;10
0406;11
0407;6
0408;6
0409;8
0410;10
0411;11
0412;17
0413;16
0414;14
0415;11
0416;10
0417;15
0418;18
0419;11
0420;10
0421;17
0422;10
0423;14
0424;13
0425;10
0426;11
0427;15
0428;17
0429;9
0430;11
0501;14
0502;15
0503;10
0504;17
0505;18
0506;15
0507;11
0508;15
0509;16
0510;10
0511;9
0512;9
0513;11
0514;13
0515;17
0516;7
0517;15
0518;7
0519;11
0520;11
0521;16
0522;10
0523;12
0524;8
0525;11
0526;12
0527;15
0528;7
0529;11
0530;9
0531;11
0601;12
0602;16
0603;13
0604;13
0605;14
0606;14
0607;9
0608;11
0609;13
0610;17
0611;16
0612;13
0613;12
0614;11
0615;12
0616;6
0617;9
0618;12
0619;11
0620;12
0621;8
0622;15
0623;13
0624;11
0625;9
0626;10
0627;14
0628;13
0629;8
0630;16
0701;25
0702;10
0703;21
0704;13
0705;18
0706;14
0707;8
0708;3
0709;11
0710;13
0711;14
0712;11
0713;9
0714;22
0715;20
0716;10
0717;11
0718;12
0719;11
0720;13
0721;15
0722;11
0723;15
0724;13
0725;15
0726;13
0727;14
0728;12
0729;15
0730;14
0731;16
0801;9
0802;13
0803;13
0804;8
0805;11
0806;9
0807;9
0808;8
0809;17
0810;8
0811;14
0812;12
0813;7
0814;9
0815;14
0816;10
0817;15
0818;11
0819;16
0820;11
0821;12
0822;12
0823;18
0824;19
0825;10
0826;10
0827;11
0828;6
0829;14
0830;7
0831;15
0901;13
0902;14
0903;15
0904;17
0905;16
0906;14
0907;11
0908;8
0909;13
0910;14
0911;11
0912;13
0913;11
0914;11
0915;7
0916;11
0917;9
0918;15
0919;10
0920;7
0921;10
0922;13
0923;9
0924;13
0925;8
0926;13
0927;6
0928;8
0929;17
0930;15
1001;11
1002;11
1003;8
1004;9
1005;20
1006;14
1007;11
1008;15
1009;21
1010;13
1011;19
1012;17
1013;12
1014;10
1015;12
1016;6
1017;19
1018;11
1019;12
1020;11
1021;14
1022;18
1023;13
1024;11
1025;15
1026;10
1027;12
1028;8
1029;14
1030;6
1031;13
1101;7
1102;14
1103;13
1104;11
1105;10
1106;15
1107;10
1108;15
1109;12
1110;13
1111;10
1112;12
1113;23
1114;10
1115;18
1116;7
1117;11
1118;13
1119;13
1120;15
1121;15
1122;11
1123;15
1124;10
1125;19
1126;19
1127;9
1128;12
1129;13
1130;8
1201;13
1202;12
1203;13
1204;14
1205;9
1206;17
1207;13
1208;18
1209;13
1210;18
1211;9
1212;14
1213;8
1214;9
1215;15
1216;13
1217;13
1218;9
1219;21
1220;9
1221;17
1222;15
1223;11
1224;16
1225;10
1226;16
1227;11
1228;11
1229;9
1230;9
1231;7
