0101;13
0102;6
0103;14
0104;16
0105;13
0106;8
0107;14
0108;20
0109;16
0110;11
0111;15
0112;15
0113;13
0114;18
0115;17
0116;15
0117;19
0118;21
0119;8
0120;9
0121;15
0122;18
0123;10
0124;9
0125;17
0126;17
0127;15
0128;8
0129;6
0130;16
0131;9
0201;12
0202;16
0203;9
0204;12
0205;14
0206;8
0207;14
0208;8
0209;7
0210;14
0211;12
0212;15
0213;10
0214;15
0215;16
0216;12
0217;16
0218;9
0219;15
0220;14
0221;9
0222;10
0223;15
0224;14
0225;17
0226;9
0227;8
0228;17
0301;12
0302;14
0303;19
0304;15
0305;19
0306;21
0307;14
0308;26
0309;11
0310;14
0311;14
0312;13
0313;11
0314;10
0315;11
0316;15
0317;8
0318;4
0319;17
0320;16
0321;15
0322;11
0323;16
0324;13
0325;13
0326;13
0327;16
0328;12
0329;11
0330;11
0331;8
0401;12
0402;15
0403;13
0404;12
0405;5
0406;11
0407;10
0408;17
0409;13
0410;12
0411;10
0412;16
0413;13
0414;3
0415;14
0416;11
0417;13
0418;14
0419;9
0420;11
0421;18
0422;14
0423;12
0424;11
0425;11
0426;18
0427;14
0428;15
0429;9
0430;9
0501;9
0502;9
0503;15
0504;14
0505;12
0506;10
0507;12
0508;14
0509;10
0510;11
0511;11
0512;9
0513;9
0514;7
0515;15
0516;12
0517;15
0518;15
0519;12
0520;8
0521;13
0522;13
0523;13
0524;12
0525;16
0526;8
0527;10
0528;13
0529;5
0530;10
0531;9
0601;15
0602;8
0603;16
0604;8
0605;10
0606;8
0607;9
0608;14
0609;10
0610;11
0611;9
0612;15
0613;8
0614;15
0615;11
0616;11
0617;8
0618;11
0619;13
0620;10
0621;8
0622;21
0623;10
0624;10
0625;10
0626;17
0627;14
0628;10
0629;13
0630;8
0701;13
0702;14
0703;13
0704;14
0705;8
0706;8
0707;14
0708;12
0709;13
0710;14
0711;13
0712;10
0713;11
0714;19
0715;16
0716;6
0717;17
0718;15
0719;12
0720;7
0721;10
0722;13
0723;15
0724;9
0725;15
0726;19
0727;12
0728;14
0729;11
0730;13
0731;11
0801;12
0802;10
0803;7
0804;14
0805;10
0806;6
0807;12
0808;13
0809;10
0810;6
0811;13
0812;15
0813;14
0814;13
0815;13
0816;16
0817;11
0818;11
0819;15
0820;12
0821;9
0822;5
0823;12
0824;13
0825;11
0826;12
0827;15
0828;12
0829;10
0830;10
0831;15
0901;9
0902;14
0903;11
0904;12
0905;12
0906;11
0907;8
0908;15
0909;13
0910;11
0911;12
0912;11
0913;12
0914;10
0915;9
0916;5
0917;14
0918;14
0919;7
0920;11
0921;10
0922;12
0923;6
0924;6
0925;7
0926;15
0927;10
0928;7
0929;14
0930;5
1001;12
1002;11
1003;6
1004;11
1005;9
1006;10
1007;13
1008;9
1009;11
1010;11
1011;14
1012;16
1013;14
1014;8
1015;8
1016;20
1017;9
1018;11
1019;18
1020;8
1021;4
1022;7
1023;16
1024;10
1025;11
1026;13
1027;17
1028;17
1029;10
1030;14
1031;10
1101;17
1102;15
1103;14
1104;14
1105;9
1106;18
1107;13
1108;12
1109;12
1110;14
1111;14
1112;13
1113;14
1114;5
1115;14
1116;9
1117;21
1118;15
1119;13
1120;12
1121;15
1122;8
1123;11
1124;15
1125;18
1126;13
1127;12
1128;14
1129;11
1130;11
1201;9
1202;12
1203;15
1204;9
1205;9
1206;17
1207;16
1208;8
1209;10
1210;13
1211;10
1212;21
1213;19
1214;13
1215;6
1216;12
1217;17
1218;8
1219;12
1220;14
1221;12
1222;19
1223;18
1224;19
1225;9
1226;9
1227;18
1228;12
1229;10
1230;15
1231;10
