0101;11
0102;8
0103;15
0104;13
0105;19
0106;11
0107;13
0108;12
0109;20
0110;13
0111;17
0112;7
0113;11
0114;10
0115;17
0116;15
0117;17
0118;16
0119;12
0120;14
0121;8
0122;15
0123;14
0124;11
0125;14
0126;14
0127;8
0128;14
0129;15
0130;8
0131;13
0201;8
0202;11
0203;14
0204;10
0205;6
0206;12
0207;17
0208;10
0209;8
0210;15
0211;11
0212;14
0213;8
0214;7
0215;18
0216;14
0217;8
0218;14
0219;15
0220;15
0221;5
0222;5
0223;9
0224;6
0225;13
0226;10
0227;18
0228;14
0301;11
0302;13
0303;10
0304;11
0305;12
0306;12
0307;19
0308;14
0309;15
0310;11
0311;12
0312;12
0313;12
0314;10
0315;8
0316;18
0317;17
0318;6
0319;16
0320;9
0321;8
0322;7
0323;18
0324;11
0325;10
0326;6
0327;12
0328;15
0329;12
0330;12
0331;13
0401;11
0402;10
0403;8
0404;15
0405;12
0406;5
0407;8
0408;7
0409;13
0410;14
0411;12
0412;11
0413;6
0414;13
0415;4
0416;9
0417;8
0418;4
0419;12
0420;10
0421;9
0422;8
0423;14
0424;13
0425;7
0426;12
0427;6
0428;9
0429;17
0430;14
0501;17
0502;13
0503;15
0504;19
0505;9
0506;15
0507;9
0508;15
0509;11
0510;12
0511;10
0512;11
0513;10
0514;8
0515;8
0516;18
0517;7
0518;11
0519;10
0520;8
0521;14
0522;10
0523;11
0524;11
0525;8
0526;14
0527;14
0528;8
0529;12
0530;13
0531;7
0601;12
0602;16
0603;13
0604;11
0605;5
0606;6
0607;11
0608;13
0609;7
0610;11
0611;12
0612;16
0613;16
0614;7
0615;11
0616;8
0617;11
0618;10
0619;11
0620;11
0621;10
0622;10
0623;5
0624;15
0625;11
0626;9
0627;12
0628;7
0629;8
0630;11
0701;9
0702;13
0703;11
0704;10
0705;9
0706;11
0707;12
0708;10
0709;9
0710;17
0711;9
0712;7
0713;12
0714;8
0715;5
0716;16
0717;17
0718;10
0719;10
0720;5
0721;12
0722;12
0723;12
0724;12
0725;8
0726;16
0727;7
0728;8
0729;15
0730;5
0731;12
0801;13
0802;5
0803;4
0804;14
0805;13
0806;12
0807;19
0808;12
0809;12
0810;10
0811;12
0812;5
0813;17
0814;12
0815;5
0816;7
0817;14
0818;17
0819;16
0820;8
0821;9
0822;10
0823;11
0824;10
0825;5
0826;12
0827;15
0828;10
0829;9
0830;11
0831;11
0901;13
0902;14
0903;14
0904;8
0905;5
0906;17
0907;9
0908;8
0909;11
0910;9
0911;7
0912;10
0913;13
0914;13
0915;12
0916;11
0917;14
0918;9
0919;8
0920;8
0921;14
0922;12
0923;10
0924;12
0925;14
0926;9
0927;13
0928;14
0929;10
0930;12
1001;6
1002;15
1003;7
1004;11
1005;9
1006;17
1007;9
1008;4
1009;11
1010;13
1011;11
1012;12
1013;10
1014;14
1015;9
1016;10
1017;13
1018;12
1019;10
1020;10
1021;13
1022;12
1023;18
1024;11
1025;9
1026;7
1027;9
1028;11
1029;8
1030;6
1031;15
1101;10
1102;5
1103;11
1104;7
1105;8
1106;10
1107;8
1108;10
1109;7
1110;10
1111;8
1112;10
1113;12
1114;7
1115;13
1116;12
1117;10
1118;9
1119;9
1120;9
1121;11
1122;11
1123;10
1124;12
1125;6
1126;10
1127;9
1128;15
1129;9
1130;18
1201;15
1202;16
1203;11
1204;14
1205;13
1206;7
1207;14
1208;9
1209;10
1210;16
1211;6
1212;7
1213;19
1214;16
1215;8
1216;10
1217;15
1218;12
1219;12
1220;13
1221;13
1222;10
1223;15
1224;10
1225;13
1226;20
1227;8
1228;11
1229;15
1230;13
1231;17
