0101;12
0102;8
0103;8
0104;11
0105;7
0106;12
0107;10
0108;11
0109;14
0110;7
0111;13
0112;14
0113;11
0114;8
0115;9
0116;7
0117;14
0118;9
0119;6
0120;11
0121;10
0122;8
0123;11
0124;13
0125;10
0126;8
0127;8
0128;12
0129;15
0130;12
0131;14
0201;15
0202;12
0203;12
0204;14
0205;17
0206;14
0207;17
0208;10
0209;12
0210;10
0211;13
0212;8
0213;9
0214;10
0215;13
0216;13
0217;5
0218;16
0219;11
0220;14
0221;6
0222;7
0223;11
0224;8
0225;10
0226;9
0227;16
0228;13
0301;11
0302;14
0303;9
0304;12
0305;8
0306;10
0307;7
0308;12
0309;5
0310;15
0311;11
0312;13
0313;12
0314;11
0315;7
0316;6
0317;8
0318;7
0319;10
0320;13
0321;8
0322;7
0323;7
0324;14
0325;6
0326;5
0327;9
0328;6
0329;8
0330;7
0331;14
0401;9
0402;8
0403;16
0404;9
0405;11
0406;14
0407;7
0408;11
0409;9
0410;8
0411;11
0412;9
0413;6
0414;4
0415;5
0416;12
0417;10
0418;7
0419;8
0420;11
0421;8
0422;12
0423;5
0424;9
0425;12
0426;8
0427;8
0428;12
0429;12
0430;3
0501;11
0502;13
0503;5
0504;9
0505;6
0506;12
0507;9
0508;11
0509;15
0510;6
0511;10
0512;7
0513;7
0514;7
0515;9
0516;6
0517;8
0518;18
0519;8
0520;8
0521;15
0522;10
0523;12
0524;9
0525;9
0526;11
0527;11
0528;8
0529;14
0530;9
0531;10
0601;6
0602;10
0603;11
0604;5
0605;8
0606;4
0607;10
0608;11
0609;10
0610;10
0611;14
0612;10
0613;7
0614;12
0615;7
0616;13
0617;13
0618;10
0619;10
0620;1
0621;11
0622;7
0623;14
0624;10
0625;10
0626;10
0627;14
0628;5
0629;7
0630;10
0701;15
0702;7
0703;11
0704;12
0705;12
0706;9
0707;9
0708;9
0709;7
0710;10
0711;14
0712;5
0713;9
0714;5
0715;7
0716;12
0717;6
0718;9
0719;16
0720;10
0721;13
0722;8
0723;5
0724;10
0725;9
0726;12
0727;9
0728;7
0729;9
0730;9
0731;10
0801;11
0802;6
0803;7
0804;10
0805;6
0806;15
0807;6
0808;7
0809;7
0810;9
0811;4
0812;6
0813;7
0814;11
0815;12
0816;4
0817;7
0818;3
0819;9
0820;7
0821;19
0822;13
0823;9
0824;9
0825;10
0826;7
0827;8
0828;10
0829;9
0830;7
0831;10
0901;15
0902;8
0903;5
0904;7
0905;11
0906;8
0907;16
0908;16
0909;6
0910;7
0911;17
0912;12
0913;9
0914;7
0915;7
0916;11
0917;8
0918;11
0919;4
0920;10
0921;10
0922;13
0923;8
0924;7
0925;7
0926;7
0927;3
0928;9
0929;10
0930;9
1001;6
1002;4
1003;9
1004;13
1005;9
1006;6
1007;4
1008;9
1009;8
1010;4
1011;7
1012;6
1013;8
1014;8
1015;7
1016;12
1017;3
1018;11
1019;14
1020;7
1021;9
1022;13
1023;9
1024;8
1025;9
1026;8
1027;11
1028;12
1029;7
1030;11
1031;15
1101;10
1102;8
1103;11
1104;11
1105;12
1106;6
1107;11
1108;8
1109;8
1110;8
1111;4
1112;5
1113;18
1114;8
1115;6
1116;11
1117;13
1118;11
1119;10
1120;13
1121;4
1122;16
1123;8
1124;12
1125;10
1126;5
1127;10
1128;12
1129;8
1130;8
1201;9
1202;10
1203;6
1204;15
1205;5
1206;15
1207;8
1208;9
1209;11
1210;4
1211;13
1212;14
1213;11
1214;8
1215;13
1216;10
1217;9
1218;6
1219;9
1220;6
1221;22
1222;16
1223;8
1224;8
1225;14
1226;10
1227;12
1228;15
1229;12
1230;12
1231;12
