0101;29
0102;35
0103;29
0104;34
0105;24
0106;23
0107;29
0108;22
0109;24
0110;30
0111;27
0112;25
0113;28
0114;23
0115;18
0116;19
0117;46
0118;22
0119;31
0120;19
0121;25
0122;31
0123;29
0124;40
0125;22
0126;29
0127;23
0128;28
0129;33
0130;29
0131;33
0201;33
0202;30
0203;25
0204;35
0205;35
0206;34
0207;41
0208;27
0209;33
0210;29
0211;30
0212;37
0213;36
0214;31
0215;36
0216;30
0217;24
0218;23
0219;22
0220;26
0221;30
0222;22
0223;30
0224;28
0225;36
0226;27
0227;30
0228;32
0301;33
0302;26
0303;38
0304;28
0305;29
0306;31
0307;32
0308;28
0309;29
0310;28
0311;25
0312;38
0313;28
0314;25
0315;24
0316;34
0317;29
0318;25
0319;22
0320;33
0321;30
0322;37
0323;19
0324;31
0325;32
0326;34
0327;20
0328;20
0329;31
0330;23
0331;27
0401;37
0402;27
0403;25
0404;23
0405;26
0406;32
0407;20
0408;27
0409;17
0410;31
0411;26
0412;31
0413;23
0414;33
0415;23
0416;30
0417;20
0418;18
0419;20
0420;20
0421;30
0422;29
0423;29
0424;25
0425;29
0426;20
0427;30
0428;28
0429;28
0430;20
0501;25
0502;18
0503;26
0504;30
0505;34
0506;21
0507;27
0508;23
0509;24
0510;33
0511;27
0512;30
0513;26
0514;28
0515;28
0516;29
0517;30
0518;36
0519;29
0520;20
0521;11
0522;25
0523;32
0524;21
0525;26
0526;21
0527;21
0528;31
0529;18
0530;28
0531;20
0601;39
0602;30
0603;25
0604;27
0605;28
0606;34
0607;30
0608;24
0609;30
0610;19
0611;30
0612;26
0613;26
0614;30
0615;16
0616;30
0617;37
0618;29
0619;30
0620;15
0621;23
0622;21
0623;20
0624;23
0625;27
0626;22
0627;39
0628;18
0629;29
0630;32
0701;32
0702;27
0703;31
0704;28
0705;24
0706;26
0707;31
0708;19
0709;27
0710;19
0711;21
0712;26
0713;25
0714;23
0715;23
0716;23
0717;28
0718;38
0719;24
0720;29
0721;24
0722;33
0723;20
0724;36
0725;19
0726;19
0727;18
0728;27
0729;21
0730;19
0731;19
0801;22
0802;27
0803;21
0804;26
0805;31
0806;21
0807;26
0808;26
0809;23
0810;20
0811;27
0812;26
0813;19
0814;36
0815;26
0816;23
0817;24
0818;23
0819;29
0820;19
0821;17
0822;27
0823;27
0824;23
0825;10
0826;33
0827;15
0828;24
0829;29
0830;23
0831;18
0901;27
0902;32
0903;34
0904;30
0905;39
0906;23
0907;29
0908;21
0909;25
0910;28
0911;30
0912;30
0913;25
0914;24
0915;18
0916;25
0917;32
0918;27
0919;27
0920;22
0921;22
0922;31
0923;19
0924;20
0925;25
0926;27
0927;22
0928;34
0929;24
0930;34
1001;27
1002;26
1003;19
1004;22
1005;36
1006;21
1007;16
1008;24
1009;23
1010;15
1011;25
1012;27
1013;18
1014;22
1015;24
1016;19
1017;35
1018;29
1019;27
1020;30
1021;30
1022;25
1023;25
1024;20
1025;22
1026;21
1027;27
1028;23
1029;27
1030;22
1031;38
1101;24
1102;31
1103;20
1104;20
1105;24
1106;28
1107;24
1108;43
1109;34
1110;19
1111;31
1112;15
1113;18
1114;33
1115;34
1116;24
1117;25
1118;19
1119;28
1120;27
1121;32
1122;26
1123;23
1124;28
1125;25
1126;33
1127;27
1128;17
1129;25
1130;22
1201;27
1202;26
1203;27
1204;25
1205;34
1206;22
1207;33
1208;27
1209;28
1210;21
1211;30
1212;31
1213;26
1214;30
1215;27
1216;25
1217;30
1218;20
1219;27
1220;31
1221;30
1222;28
1223;15
1224;31
1225;31
1226;29
1227;34
1228;25
1229;31
1230;26
1231;32
