0101;20
0102;35
0103;25
0104;34
0105;26
0106;22
0107;28
0108;23
0109;30
0110;25
0111;17
0112;35
0113;30
0114;31
0115;19
0116;30
0117;31
0118;33
0119;24
0120;27
0121;29
0122;27
0123;22
0124;20
0125;23
0126;26
0127;27
0128;25
0129;24
0130;29
0131;35
0201;24
0202;22
0203;22
0204;19
0205;27
0206;28
0207;33
0208;23
0209;21
0210;27
0211;24
0212;24
0213;15
0214;23
0215;35
0216;35
0217;39
0218;22
0219;25
0220;30
0221;27
0222;25
0223;32
0224;21
0225;21
0226;27
0227;33
0228;20
0301;28
0302;38
0303;35
0304;32
0305;23
0306;28
0307;32
0308;31
0309;30
0310;29
0311;26
0312;25
0313;31
0314;26
0315;17
0316;20
0317;15
0318;26
0319;25
0320;26
0321;24
0322;25
0323;27
0324;23
0325;16
0326;29
0327;24
0328;29
0329;28
0330;23
0331;25
0401;17
0402;35
0403;18
0404;28
0405;20
0406;31
0407;22
0408;27
0409;15
0410;27
0411;26
0412;22
0413;24
0414;25
0415;28
0416;26
0417;35
0418;26
0419;21
0420;24
0421;27
0422;22
0423;24
0424;18
0425;24
0426;22
0427;21
0428;22
0429;20
0430;18
0501;15
0502;18
0503;26
0504;23
0505;24
0506;30
0507;20
0508;20
0509;28
0510;20
0511;26
0512;27
0513;27
0514;25
0515;32
0516;17
0517;27
0518;22
0519;26
0520;25
0521;24
0522;20
0523;22
0524;29
0525;19
0526;17
0527;21
0528;22
0529;21
0530;24
0531;22
0601;19
0602;17
0603;21
0604;26
0605;16
0606;26
0607;27
0608;29
0609;27
0610;25
0611;23
0612;19
0613;23
0614;22
0615;20
0616;23
0617;22
0618;35
0619;17
0620;22
0621;22
0622;16
0623;24
0624;17
0625;20
0626;23
0627;23
0628;28
0629;15
0630;24
0701;27
0702;19
0703;19
0704;25
0705;22
0706;28
0707;25
0708;26
0709;27
0710;18
0711;32
0712;31
0713;28
0714;31
0715;21
0716;21
0717;21
0718;27
0719;32
0720;39
0721;23
0722;23
0723;30
0724;20
0725;20
0726;24
0727;27
0728;22
0729;15
0730;26
0731;26
0801;15
0802;16
0803;34
0804;17
0805;18
0806;22
0807;29
0808;16
0809;20
0810;21
0811;27
0812;20
0813;25
0814;17
0815;14
0816;20
0817;29
0818;26
0819;16
0820;22
0821;19
0822;14
0823;24
0824;28
0825;26
0826;20
0827;18
0828;21
0829;27
0830;27
0831;28
0901;26
0902;27
0903;15
0904;26
0905;20
0906;18
0907;28
0908;24
0909;23
0910;33
0911;17
0912;23
0913;26
0914;22
0915;15
0916;24
0917;30
0918;21
0919;26
0920;22
0921;24
0922;26
0923;25
0924;26
0925;26
0926;28
0927;23
0928;31
0929;30
0930;27
1001;23
1002;35
1003;27
1004;27
1005;13
1006;17
1007;21
1008;30
1009;33
1010;22
1011;24
1012;21
1013;21
1014;20
1015;29
1016;22
1017;26
1018;22
1019;25
1020;23
1021;26
1022;33
1023;23
1024;21
1025;28
1026;24
1027;32
1028;41
1029;23
1030;26
1031;33
1101;19
1102;18
1103;29
1104;23
1105;24
1106;26
1107;20
1108;33
1109;22
1110;33
1111;28
1112;33
1113;26
1114;26
1115;31
1116;19
1117;21
1118;19
1119;33
1120;27
1121;31
1122;31
1123;24
1124;30
1125;21
1126;31
1127;29
1128;17
1129;29
1130;27
1201;23
1202;32
1203;29
1204;26
1205;28
1206;25
1207;28
1208;21
1209;21
1210;23
1211;34
1212;21
1213;27
1214;23
1215;16
1216;29
1217;24
1218;30
1219;27
1220;22
1221;40
1222;26
1223;25
1224;25
1225;21
1226;28
1227;21
1228;24
1229;31
1230;23
1231;35
