0101;33
0102;30
0103;53
0104;53
0105;44
0106;36
0107;38
0108;35
0109;41
0110;41
0111;34
0112;37
0113;35
0114;34
0115;37
0116;45
0117;42
0118;50
0119;46
0120;29
0121;31
0122;33
0123;35
0124;40
0125;38
0126;32
0127;34
0128;49
0129;34
0130;48
0131;37
0201;30
0202;39
0203;26
0204;37
0205;43
0206;36
0207;34
0208;30
0209;41
0210;35
0211;41
0212;32
0213;40
0214;33
0215;34
0216;35
0217;50
0218;27
0219;31
0220;38
0221;36
0222;38
0223;31
0224;42
0225;39
0226;35
0227;34
0228;48
0301;34
0302;32
0303;49
0304;31
0305;31
0306;27
0307;32
0308;41
0309;47
0310;41
0311;34
0312;28
0313;34
0314;28
0315;46
0316;42
0317;41
0318;30
0319;27
0320;43
0321;31
0322;36
0323;35
0324;30
0325;29
0326;19
0327;37
0328;31
0329;41
0330;31
0331;36
0401;26
0402;34
0403;42
0404;34
0405;30
0406;34
0407;38
0408;33
0409;38
0410;32
0411;27
0412;24
0413;32
0414;35
0415;22
0416;30
0417;45
0418;25
0419;36
0420;30
0421;33
0422;38
0423;32
0424;38
0425;35
0426;27
0427;45
0428;35
0429;31
0430;32
0501;27
0502;45
0503;34
0504;33
0505;34
0506;35
0507;17
0508;30
0509;39
0510;31
0511;34
0512;32
0513;37
0514;39
0515;25
0516;38
0517;43
0518;38
0519;22
0520;25
0521;27
0522;37
0523;32
0524;35
0525;27
0526;29
0527;45
0528;32
0529;31
0530;30
0531;39
0601;36
0602;30
0603;24
0604;33
0605;45
0606;30
0607;47
0608;43
0609;35
0610;37
0611;39
0612;35
0613;32
0614;30
0615;39
0616;26
0617;23
0618;31
0619;33
0620;27
0621;31
0622;34
0623;26
0624;34
0625;30
0626;36
0627;23
0628;23
0629;31
0630;35
0701;30
0702;34
0703;47
0704;35
0705;22
0706;35
0707;24
0708;30
0709;49
0710;28
0711;33
0712;36
0713;28
0714;27
0715;50
0716;26
0717;46
0718;52
0719;46
0720;37
0721;48
0722;24
0723;29
0724;30
0725;34
0726;30
0727;33
0728;33
0729;30
0730;32
0731;37
0801;23
0802;26
0803;27
0804;23
0805;33
0806;24
0807;35
0808;38
0809;32
0810;39
0811;29
0812;33
0813;29
0814;34
0815;31
0816;35
0817;25
0818;40
0819;35
0820;33
0821;27
0822;29
0823;39
0824;38
0825;34
0826;38
0827;25
0828;33
0829;44
0830;32
0831;28
0901;35
0902;34
0903;37
0904;29
0905;43
0906;48
0907;37
0908;39
0909;29
0910;23
0911;33
0912;45
0913;43
0914;36
0915;31
0916;32
0917;31
0918;33
0919;24
0920;27
0921;41
0922;42
0923;23
0924;37
0925;37
0926;27
0927;18
0928;29
0929;40
0930;37
1001;36
1002;39
1003;34
1004;30
1005;39
1006;27
1007;36
1008;25
1009;29
1010;37
1011;30
1012;46
1013;31
1014;34
1015;33
1016;37
1017;39
1018;26
1019;27
1020;39
1021;32
1022;27
1023;37
1024;28
1025;34
1026;35
1027;36
1028;41
1029;22
1030;31
1031;36
1101;35
1102;41
1103;39
1104;26
1105;28
1106;33
1107;40
1108;31
1109;29
1110;42
1111;29
1112;30
1113;33
1114;35
1115;33
1116;31
1117;40
1118;34
1119;33
1120;37
1121;38
1122;27
1123;38
1124;35
1125;34
1126;30
1127;29
1128;34
1129;38
1130;33
1201;34
1202;36
1203;39
1204;42
1205;34
1206;28
1207;48
1208;33
1209;40
1210;24
1211;28
1212;35
1213;38
1214;36
1215;29
1216;40
1217;34
1218;45
1219;36
1220;36
1221;38
1222;35
1223;25
1224;36
1225;33
1226;29
1227;35
1228;45
1229;55
1230;47
1231;46
