0101;8
0102;9
0103;13
0104;12
0105;10
0106;10
0107;11
0108;9
0109;14
0110;11
0111;14
0112;8
0113;10
0114;10
0115;7
0116;13
0117;12
0118;13
0119;10
0120;8
0121;7
0122;9
0123;13
0124;11
0125;3
0126;13
0127;7
0128;11
0129;9
0130;15
0131;7
0201;5
0202;6
0203;9
0204;9
0205;8
0206;9
0207;6
0208;16
0209;8
0210;15
0211;11
0212;8
0213;12
0214;7
0215;9
0216;6
0217;9
0218;8
0219;11
0220;8
0221;7
0222;14
0223;10
0224;9
0225;13
0226;5
0227;11
0228;4
0301;8
0302;7
0303;5
0304;8
0305;6
0306;8
0307;8
0308;8
0309;13
0310;6
0311;12
0312;6
0313;3
0314;11
0315;6
0316;7
0317;4
0318;8
0319;7
0320;8
0321;9
0322;11
0323;9
0324;5
0325;6
0326;6
0327;5
0328;11
0329;6
0330;6
0331;10
0401;7
0402;6
0403;5
0404;8
0405;3
0406;7
0407;8
0408;7
0409;12
0410;4
0411;13
0412;4
0413;17
0414;7
0415;9
0416;7
0417;9
0418;9
0419;11
0420;10
0421;2
0422;5
0423;12
0424;11
0425;7
0426;10
0427;10
0428;10
0429;9
0430;10
0501;11
0502;11
0503;4
0504;9
0505;6
0506;1
0507;6
0508;10
0509;14
0510;10
0511;15
0512;9
0513;8
0514;9
0515;5
0516;11
0517;7
0518;6
0519;3
0520;9
0521;9
0522;8
0523;5
0524;8
0525;5
0526;9
0527;14
0528;17
0529;15
0530;4
0531;10
0601;12
0602;4
0603;15
0604;8
0605;9
0606;12
0607;10
0608;5
0609;5
0610;10
0611;9
0612;7
0613;5
0614;13
0615;10
0616;2
0617;9
0618;8
0619;10
0620;7
0621;9
0622;7
0623;5
0624;8
0625;4
0626;5
0627;9
0628;11
0629;13
0630;15
0701;5
0702;6
0703;12
0704;6
0705;10
0706;4
0707;9
0708;11
0709;7
0710;7
0711;9
0712;11
0713;2
0714;10
0715;8
0716;12
0717;9
0718;13
0719;10
0720;16
0721;10
0722;8
0723;8
0724;6
0725;15
0726;9
0727;5
0728;13
0729;7
0730;8
0731;12
0801;4
0802;7
0803;12
0804;9
0805;8
0806;4
0807;9
0808;7
0809;9
0810;8
0811;11
0812;9
0813;5
0814;11
0815;3
0816;10
0817;10
0818;11
0819;10
0820;11
0821;7
0822;8
0823;11
0824;5
0825;9
0826;8
0827;14
0828;9
0829;11
0830;10
0831;15
0901;8
0902;6
0903;12
0904;3
0905;13
0906;15
0907;6
0908;8
0909;8
0910;8
0911;5
0912;12
0913;16
0914;7
0915;5
0916;7
0917;9
0918;8
0919;5
0920;5
0921;6
0922;5
0923;7
0924;9
0925;13
0926;7
0927;7
0928;9
0929;5
0930;11
1001;10
1002;4
1003;7
1004;4
1005;8
1006;11
1007;6
1008;10
1009;8
1010;5
1011;8
1012;7
1013;13
1014;7
1015;15
1016;8
1017;11
1018;8
1019;5
1020;6
1021;6
1022;8
1023;7
1024;9
1025;11
1026;8
1027;10
1028;11
1029;10
1030;10
1031;9
1101;10
1102;14
1103;9
1104;4
1105;7
1106;6
1107;9
1108;7
1109;11
1110;11
1111;10
1112;11
1113;8
1114;5
1115;8
1116;16
1117;8
1118;8
1119;12
1120;5
1121;7
1122;5
1123;11
1124;5
1125;8
1126;7
1127;8
1128;6
1129;7
1130;6
1201;7
1202;5
1203;5
1204;13
1205;7
1206;10
1207;11
1208;14
1209;4
1210;7
1211;12
1212;6
1213;8
1214;7
1215;9
1216;6
1217;11
1218;9
1219;10
1220;6
1221;3
1222;10
1223;11
1224;8
1225;4
1226;15
1227;7
1228;10
1229;8
1230;8
1231;14
