0101;5
0102;3
0103;3
0104;4
0105;6
0106;3
0107;1
0108;1
0109;3
0110;3
0111;4
0113;3
0114;2
0115;2
0117;4
0118;3
0119;4
0120;2
0121;3
0122;1
0123;2
0124;2
0125;2
0126;2
0127;4
0128;5
0130;2
0131;2
0201;1
0202;2
0203;4
0204;1
0205;3
0206;1
0207;2
0208;1
0209;3
0210;4
0211;5
0213;3
0214;3
0215;1
0217;3
0218;6
0219;2
0220;2
0221;2
0223;2
0224;2
0225;2
0226;5
0227;1
0228;5
0301;1
0302;5
0304;1
0305;1
0306;4
0307;2
0308;3
0309;3
0310;2
0311;1
0312;6
0313;2
0314;4
0315;2
0316;4
0317;3
0318;2
0320;1
0321;3
0322;1
0325;1
0327;6
0328;1
0329;4
0330;3
0331;2
0401;4
0402;2
0403;3
0404;1
0405;6
0406;1
0407;1
0410;4
0411;3
0412;3
0414;2
0415;1
0416;2
0417;1
0418;5
0419;4
0420;2
0421;1
0422;2
0423;2
0425;1
0426;1
0427;2
0430;7
0501;1
0502;1
0503;7
0504;1
0505;1
0506;1
0507;1
0508;1
0509;3
0510;2
0511;1
0512;2
0513;4
0514;4
0515;3
0516;2
0517;1
0518;2
0519;3
0521;2
0522;3
0524;3
0525;2
0526;3
0527;3
0528;3
0529;1
0530;1
0531;1
0601;1
0602;3
0603;1
0604;1
0605;2
0606;3
0607;1
0608;2
0609;5
0610;1
0611;2
0612;2
0613;2
0615;3
0616;4
0617;2
0618;1
0619;5
0620;3
0621;2
0622;1
0623;4
0624;1
0625;3
0626;3
0627;2
0628;3
0629;2
0630;2
0701;1
0702;2
0703;1
0704;1
0705;1
0706;2
0708;3
0709;4
0711;1
0713;2
0714;3
0715;1
0716;2
0717;3
0719;2
0722;2
0723;2
0724;3
0725;2
0726;1
0728;5
0730;3
0731;2
0802;2
0803;1
0804;4
0805;4
0806;1
0807;1
0808;1
0809;2
0810;5
0811;4
0813;3
0814;3
0815;1
0816;2
0818;1
0819;1
0820;3
0821;3
0823;4
0824;5
0825;4
0826;3
0827;4
0828;1
0829;1
0830;1
0831;1
0901;2
0902;4
0903;1
0904;4
0905;3
0906;2
0907;3
0908;1
0910;4
0911;2
0912;1
0913;3
0914;1
0915;1
0916;2
0917;3
0918;4
0919;3
0920;2
0921;1
0922;4
0923;3
0924;4
0925;1
0926;2
0927;1
0929;1
0930;3
1001;2
1002;4
1003;2
1004;1
1005;2
1006;3
1007;3
1008;4
1009;1
1010;1
1011;2
1012;4
1013;2
1014;2
1015;6
1016;2
1017;2
1018;2
1019;3
1020;2
1021;3
1022;2
1023;3
1024;1
1026;2
1027;1
1028;6
1030;1
1101;2
1102;2
1103;2
1104;4
1105;2
1106;2
1107;3
1108;1
1109;2
1110;2
1111;4
1112;2
1113;1
1114;2
1115;2
1116;2
1117;1
1119;1
1120;7
1121;1
1122;2
1123;2
1124;4
1126;1
1127;1
1129;2
1130;1
1201;2
1202;4
1203;3
1204;1
1205;4
1206;4
1208;1
1209;4
1210;4
1211;2
1212;3
1213;7
1214;1
1215;5
1216;2
1217;2
1218;1
1219;1
1220;4
1221;2
1222;5
1223;3
1224;2
1225;3
1226;4
1227;3
1228;3
1229;1
1230;6
1231;3
