0101;10
0102;12
0103;15
0104;11
0105;21
0106;13
0107;16
0108;18
0109;14
0110;11
0111;6
0112;15
0113;9
0114;13
0115;20
0116;13
0117;11
0118;13
0119;16
0120;13
0121;12
0122;24
0123;13
0124;18
0125;14
0126;14
0127;11
0128;15
0129;13
0130;17
0131;19
0201;16
0202;16
0203;16
0204;14
0205;10
0206;15
0207;17
0208;8
0209;15
0210;15
0211;18
0212;18
0213;17
0214;23
0215;20
0216;17
0217;15
0218;19
0219;21
0220;14
0221;12
0222;12
0223;12
0224;14
0225;14
0226;9
0227;21
0228;17
0301;12
0302;5
0303;27
0304;12
0305;11
0306;14
0307;12
0308;9
0309;9
0310;13
0311;11
0312;13
0313;10
0314;13
0315;13
0316;13
0317;15
0318;13
0319;12
0320;16
0321;10
0322;13
0323;17
0324;13
0325;16
0326;21
0327;14
0328;12
0329;16
0330;8
0331;11
0401;17
0402;16
0403;13
0404;9
0405;10
0406;13
0407;11
0408;12
0409;19
0410;9
0411;9
0412;10
0413;12
0414;9
0415;8
0416;8
0417;14
0418;20
0419;11
0420;12
0421;8
0422;10
0423;12
0424;11
0425;18
0426;8
0427;7
0428;14
0429;10
0430;12
0501;10
0502;13
0503;6
0504;20
0505;11
0506;10
0507;14
0508;10
0509;14
0510;11
0511;11
0512;10
0513;8
0514;14
0515;16
0516;19
0517;11
0518;12
0519;9
0520;10
0521;8
0522;11
0523;5
0524;8
0525;11
0526;14
0527;11
0528;11
0529;9
0530;8
0531;15
0601;14
0602;20
0603;11
0604;11
0605;17
0606;11
0607;12
0608;15
0609;17
0610;15
0611;21
0612;12
0613;14
0614;11
0615;13
0616;13
0617;14
0618;21
0619;16
0620;13
0621;21
0622;14
0623;12
0624;7
0625;5
0626;11
0627;10
0628;14
0629;10
0630;15
0701;19
0702;16
0703;23
0704;12
0705;14
0706;12
0707;11
0708;9
0709;8
0710;10
0711;12
0712;12
0713;13
0714;14
0715;16
0716;12
0717;21
0718;15
0719;18
0720;12
0721;14
0722;8
0723;14
0724;12
0725;12
0726;5
0727;8
0728;5
0729;7
0730;9
0731;7
0801;13
0802;16
0803;16
0804;9
0805;14
0806;10
0807;14
0808;13
0809;17
0810;15
0811;12
0812;15
0813;14
0814;8
0815;13
0816;17
0817;13
0818;12
0819;9
0820;16
0821;13
0822;8
0823;10
0824;13
0825;11
0826;11
0827;13
0828;8
0829;9
0830;10
0831;15
0901;16
0902;10
0903;9
0904;8
0905;13
0906;10
0907;15
0908;14
0909;9
0910;7
0911;12
0912;13
0913;12
0914;8
0915;8
0916;13
0917;15
0918;8
0919;7
0920;9
0921;11
0922;13
0923;9
0924;11
0925;12
0926;12
0927;13
0928;8
0929;14
0930;14
1001;11
1002;12
1003;18
1004;7
1005;16
1006;14
1007;9
1008;11
1009;12
1010;16
1011;13
1012;15
1013;16
1014;14
1015;12
1016;16
1017;11
1018;9
1019;14
1020;8
1021;11
1022;11
1023;10
1024;7
1025;10
1026;12
1027;15
1028;12
1029;10
1030;8
1031;9
1101;12
1102;19
1103;15
1104;12
1105;11
1106;18
1107;21
1108;17
1109;10
1110;7
1111;12
1112;8
1113;9
1114;16
1115;14
1116;10
1117;11
1118;14
1119;10
1120;17
1121;13
1122;8
1123;16
1124;15
1125;12
1126;11
1127;12
1128;8
1129;7
1130;7
1201;8
1202;10
1203;10
1204;11
1205;18
1206;14
1207;14
1208;16
1209;3
1210;10
1211;13
1212;10
1213;10
1214;14
1215;9
1216;17
1217;5
1218;10
1219;14
1220;13
1221;7
1222;9
1223;11
1224;11
1225;7
1226;6
1227;13
1228;16
1229;13
1230;11
1231;10
