0101;3
0102;11
0103;3
0105;5
0106;6
0107;6
0108;4
0109;3
0110;1
0111;6
0112;4
0113;5
0114;11
0115;3
0116;6
0117;4
0118;7
0119;1
0120;5
0121;7
0122;7
0123;4
0124;5
0125;7
0126;4
0127;1
0128;5
0129;1
0130;4
0131;5
0201;2
0202;4
0203;7
0204;6
0205;3
0206;9
0207;5
0208;7
0209;7
0210;9
0211;4
0212;4
0213;2
0214;7
0215;5
0216;6
0217;4
0218;6
0219;9
0220;9
0221;2
0222;3
0223;4
0224;6
0225;5
0226;7
0227;6
0228;5
0301;6
0302;4
0303;4
0304;6
0305;4
0306;2
0307;6
0308;5
0309;3
0310;5
0311;7
0312;4
0313;8
0314;5
0315;2
0316;4
0317;4
0318;5
0319;4
0320;6
0321;4
0322;6
0323;6
0324;7
0325;5
0326;3
0327;4
0328;7
0329;10
0330;5
0331;6
0401;4
0402;9
0403;3
0404;5
0405;8
0406;4
0407;3
0408;3
0409;6
0410;4
0411;6
0412;6
0413;7
0414;5
0415;7
0416;6
0417;6
0418;5
0419;6
0420;8
0421;4
0422;3
0423;5
0424;5
0425;6
0426;8
0427;9
0428;5
0429;3
0430;3
0501;3
0502;4
0503;11
0504;4
0505;3
0506;3
0507;3
0508;6
0509;5
0510;3
0511;7
0512;7
0513;7
0514;9
0515;2
0517;12
0518;4
0519;3
0520;2
0521;2
0522;7
0523;2
0524;4
0525;3
0526;6
0527;4
0528;5
0529;4
0530;5
0531;3
0601;3
0602;4
0603;6
0604;3
0605;6
0606;6
0607;7
0608;5
0609;6
0610;7
0611;11
0612;3
0613;7
0614;5
0615;1
0616;3
0617;2
0618;4
0619;9
0620;3
0621;3
0622;5
0623;10
0624;4
0625;2
0626;8
0627;6
0628;4
0629;2
0630;6
0701;6
0702;11
0703;6
0704;8
0705;6
0706;2
0707;3
0708;6
0709;4
0710;4
0711;3
0712;5
0713;8
0714;3
0715;3
0716;5
0717;5
0718;3
0719;3
0720;3
0721;6
0722;4
0723;8
0724;3
0725;5
0726;5
0727;5
0728;7
0729;6
0730;5
0731;5
0801;5
0802;7
0803;3
0804;2
0805;3
0806;7
0807;6
0808;5
0809;5
0810;5
0811;3
0812;4
0813;6
0814;5
0815;8
0816;5
0817;5
0818;6
0819;4
0820;6
0821;3
0822;3
0823;6
0824;4
0825;5
0826;3
0827;10
0828;5
0829;2
0830;9
0831;3
0901;3
0902;6
0903;4
0904;5
0905;3
0906;2
0907;1
0908;5
0909;6
0910;4
0911;12
0912;2
0913;4
0914;1
0915;8
0916;4
0917;5
0918;5
0919;5
0920;6
0921;10
0922;3
0923;5
0924;5
0925;2
0926;4
0927;6
0928;6
0929;2
0930;1
1001;2
1002;4
1003;2
1004;5
1005;4
1006;5
1007;4
1008;5
1009;4
1010;2
1011;4
1012;7
1013;7
1014;5
1015;4
1016;5
1017;6
1018;5
1019;3
1020;2
1021;2
1022;8
1023;6
1024;7
1025;2
1026;10
1027;4
1028;4
1029;7
1030;2
1031;12
1101;7
1102;5
1103;4
1104;5
1105;1
1106;4
1107;8
1108;5
1109;9
1110;6
1111;5
1112;5
1113;4
1114;3
1115;10
1116;4
1117;3
1118;9
1119;3
1120;5
1121;6
1122;7
1123;3
1124;4
1125;5
1126;5
1127;5
1128;2
1129;4
1130;2
1201;3
1202;6
1203;4
1204;7
1205;2
1206;4
1207;1
1208;1
1209;4
1210;8
1211;3
1212;3
1213;7
1214;4
1215;6
1216;6
1217;2
1218;5
1219;7
1220;5
1221;4
1222;2
1223;3
1224;6
1225;7
1226;5
1227;2
1228;5
1229;13
1230;4
1231;6
