0101;31
0102;13
0103;19
0104;24
0105;16
0106;22
0107;25
0108;17
0109;20
0110;19
0111;17
0112;19
0113;19
0114;22
0115;11
0116;20
0117;15
0118;25
0119;21
0120;25
0121;23
0122;15
0123;28
0124;20
0125;17
0126;20
0127;15
0128;18
0129;25
0130;18
0131;23
0201;17
0202;18
0203;19
0204;13
0205;31
0206;22
0207;24
0208;12
0209;26
0210;24
0211;30
0212;13
0213;21
0214;28
0215;24
0216;21
0217;19
0218;11
0219;19
0220;19
0221;16
0222;30
0223;22
0224;18
0225;12
0226;21
0227;16
0228;15
0301;18
0302;20
0303;25
0304;27
0305;23
0306;21
0307;15
0308;18
0309;20
0310;14
0311;26
0312;18
0313;20
0314;24
0315;19
0316;13
0317;22
0318;22
0319;22
0320;23
0321;30
0322;16
0323;24
0324;15
0325;20
0326;18
0327;18
0328;17
0329;23
0330;19
0331;19
0401;17
0402;20
0403;10
0404;15
0405;22
0406;13
0407;22
0408;15
0409;15
0410;20
0411;16
0412;19
0413;10
0414;24
0415;17
0416;19
0417;18
0418;24
0419;16
0420;18
0421;20
0422;18
0423;15
0424;22
0425;15
0426;14
0427;19
0428;15
0429;23
0430;17
0501;13
0502;18
0503;24
0504;13
0505;17
0506;18
0507;16
0508;19
0509;26
0510;15
0511;18
0512;19
0513;20
0514;12
0515;23
0516;19
0517;23
0518;23
0519;14
0520;11
0521;15
0522;17
0523;18
0524;16
0525;20
0526;16
0527;10
0528;23
0529;14
0530;15
0531;14
0601;20
0602;14
0603;8
0604;28
0605;15
0606;16
0607;22
0608;17
0609;24
0610;22
0611;12
0612;19
0613;14
0614;13
0615;13
0616;19
0617;14
0618;15
0619;18
0620;19
0621;26
0622;20
0623;16
0624;9
0625;8
0626;14
0627;20
0628;21
0629;15
0630;14
0701;11
0702;17
0703;26
0704;22
0705;19
0706;23
0707;20
0708;13
0709;14
0710;21
0711;17
0712;23
0713;18
0714;24
0715;20
0716;20
0717;21
0718;28
0719;25
0720;17
0721;16
0722;18
0723;18
0724;13
0725;17
0726;18
0727;26
0728;15
0729;19
0730;11
0731;13
0801;19
0802;16
0803;26
0804;23
0805;20
0806;16
0807;21
0808;25
0809;14
0810;21
0811;21
0812;18
0813;15
0814;10
0815;21
0816;13
0817;16
0818;22
0819;16
0820;19
0821;13
0822;26
0823;24
0824;11
0825;21
0826;16
0827;20
0828;10
0829;21
0830;24
0831;14
0901;18
0902;18
0903;14
0904;22
0905;25
0906;12
0907;21
0908;16
0909;9
0910;16
0911;17
0912;12
0913;14
0914;15
0915;18
0916;20
0917;18
0918;15
0919;17
0920;21
0921;12
0922;19
0923;20
0924;19
0925;15
0926;16
0927;17
0928;23
0929;21
0930;13
1001;18
1002;13
1003;10
1004;18
1005;15
1006;19
1007;20
1008;22
1009;20
1010;21
1011;18
1012;12
1013;15
1014;19
1015;18
1016;13
1017;14
1018;24
1019;19
1020;18
1021;27
1022;14
1023;19
1024;16
1025;18
1026;22
1027;19
1028;11
1029;26
1030;23
1031;20
1101;16
1102;14
1103;18
1104;16
1105;15
1106;19
1107;12
1108;19
1109;20
1110;23
1111;15
1112;20
1113;16
1114;17
1115;18
1116;31
1117;10
1118;21
1119;14
1120;20
1121;20
1122;15
1123;25
1124;20
1125;29
1126;12
1127;16
1128;18
1129;14
1130;15
1201;24
1202;19
1203;16
1204;21
1205;18
1206;15
1207;20
1208;23
1209;16
1210;19
1211;20
1212;15
1213;17
1214;11
1215;26
1216;20
1217;14
1218;17
1219;12
1220;19
1221;13
1222;25
1223;13
1224;22
1225;17
1226;27
1227;20
1228;27
1229;23
1230;39
1231;26
