0101;4
0102;11
0103;9
0104;9
0105;5
0106;5
0107;3
0108;6
0109;6
0110;10
0111;6
0112;8
0113;12
0114;6
0115;7
0116;5
0117;9
0118;7
0119;8
0120;11
0121;11
0122;6
0123;12
0124;8
0125;9
0126;2
0127;4
0128;8
0129;9
0130;7
0131;9
0201;5
0202;4
0203;6
0204;7
0205;12
0206;7
0207;7
0208;5
0209;6
0210;9
0211;3
0212;5
0213;9
0214;7
0215;8
0216;7
0217;7
0218;8
0219;10
0220;5
0221;6
0222;14
0223;7
0224;10
0225;21
0226;9
0227;9
0228;9
0301;5
0302;8
0303;9
0304;9
0305;9
0306;13
0307;4
0308;9
0309;4
0310;5
0311;11
0312;7
0313;4
0314;8
0315;3
0316;6
0317;8
0318;2
0319;7
0320;7
0321;8
0322;9
0323;8
0324;9
0325;4
0326;6
0327;4
0328;7
0329;4
0330;9
0331;8
0401;9
0402;2
0403;10
0404;7
0405;5
0406;6
0407;10
0408;15
0409;7
0410;8
0411;3
0412;7
0413;4
0414;5
0415;7
0416;5
0417;8
0418;11
0419;10
0420;12
0421;10
0422;9
0423;5
0424;7
0425;10
0426;5
0427;10
0428;7
0429;3
0430;3
0501;4
0502;7
0503;7
0504;9
0505;14
0506;8
0507;3
0508;8
0509;9
0510;9
0511;8
0512;8
0513;11
0514;6
0515;8
0516;8
0517;8
0518;8
0519;2
0520;5
0521;1
0522;12
0523;14
0524;5
0525;7
0526;4
0527;9
0528;4
0529;6
0530;5
0531;5
0601;10
0602;5
0603;7
0604;7
0605;10
0606;12
0607;11
0608;4
0609;6
0610;6
0611;3
0612;7
0613;10
0614;9
0615;7
0616;4
0617;7
0618;12
0619;7
0620;6
0621;8
0622;6
0623;6
0624;5
0625;1
0626;9
0627;12
0628;9
0629;8
0630;7
0701;7
0702;4
0703;9
0704;3
0705;5
0706;4
0707;2
0708;9
0709;10
0710;5
0711;8
0712;11
0713;6
0714;8
0715;4
0716;8
0717;5
0718;8
0719;5
0720;4
0721;6
0722;12
0723;9
0724;9
0725;10
0726;5
0727;8
0728;11
0729;8
0730;7
0731;6
0801;8
0802;2
0803;8
0804;3
0805;6
0806;7
0807;8
0808;9
0809;9
0810;12
0811;8
0812;7
0813;4
0814;10
0815;7
0816;6
0817;9
0818;4
0819;7
0820;7
0821;2
0822;6
0823;8
0824;5
0825;2
0826;4
0827;3
0828;4
0829;3
0830;12
0831;3
0901;9
0902;8
0903;13
0904;9
0905;6
0906;8
0907;5
0908;8
0909;7
0910;7
0911;6
0912;8
0913;7
0914;5
0915;10
0916;11
0917;9
0918;6
0919;12
0920;6
0921;7
0922;7
0923;9
0924;10
0925;4
0926;8
0927;5
0928;5
0929;7
0930;8
1001;6
1002;10
1003;4
1004;11
1005;6
1006;6
1007;7
1008;6
1009;12
1010;9
1011;7
1012;6
1013;3
1014;4
1015;5
1016;12
1017;12
1018;7
1019;3
1020;8
1021;6
1022;4
1023;8
1024;7
1025;6
1026;6
1027;6
1028;6
1029;9
1030;8
1031;5
1101;5
1102;4
1103;6
1104;9
1105;2
1106;5
1107;6
1108;4
1109;10
1110;6
1111;4
1112;3
1113;7
1114;10
1115;6
1116;4
1117;10
1118;7
1119;4
1120;6
1121;7
1122;7
1123;8
1124;3
1125;5
1126;5
1127;11
1128;6
1129;4
1130;6
1201;3
1202;12
1203;7
1204;11
1205;10
1206;4
1207;5
1208;6
1209;9
1210;6
1211;7
1212;4
1213;5
1214;8
1215;6
1216;10
1217;9
1218;6
1219;7
1220;10
1221;3
1222;7
1223;6
1224;14
1225;12
1226;12
1227;11
1228;9
1229;4
1230;10
1231;10
