0101;12
0102;16
0103;17
0104;10
0105;13
0106;12
0107;11
0108;17
0109;21
0110;20
0111;17
0112;22
0113;16
0114;16
0115;17
0116;21
0117;17
0118;11
0119;15
0120;17
0121;7
0122;11
0123;11
0124;12
0125;7
0126;20
0127;13
0128;9
0129;14
0130;19
0131;7
0201;14
0202;14
0203;19
0204;13
0205;8
0206;13
0207;11
0208;13
0209;9
0210;17
0211;12
0212;10
0213;16
0214;10
0215;14
0216;14
0217;10
0218;16
0219;14
0220;16
0221;13
0222;13
0223;10
0224;19
0225;14
0226;13
0227;14
0228;14
0301;10
0302;15
0303;21
0304;15
0305;17
0306;14
0307;11
0308;9
0309;9
0310;16
0311;8
0312;11
0313;14
0314;9
0315;14
0316;20
0317;11
0318;13
0319;14
0320;28
0321;17
0322;17
0323;15
0324;10
0325;17
0326;16
0327;8
0328;10
0329;14
0330;11
0331;18
0401;10
0402;10
0403;22
0404;14
0405;12
0406;10
0407;17
0408;12
0409;18
0410;13
0411;10
0412;10
0413;8
0414;12
0415;14
0416;15
0417;11
0418;17
0419;13
0420;12
0421;8
0422;17
0423;20
0424;17
0425;6
0426;11
0427;16
0428;15
0429;15
0430;13
0501;15
0502;10
0503;13
0504;14
0505;9
0506;9
0507;23
0508;8
0509;10
0510;18
0511;10
0512;15
0513;15
0514;16
0515;11
0516;7
0517;10
0518;12
0519;9
0520;23
0521;8
0522;10
0523;13
0524;7
0525;13
0526;12
0527;16
0528;15
0529;12
0530;11
0531;13
0601;11
0602;15
0603;9
0604;9
0605;17
0606;15
0607;10
0608;17
0609;11
0610;10
0611;7
0612;15
0613;10
0614;8
0615;11
0616;10
0617;17
0618;12
0619;13
0620;16
0621;12
0622;16
0623;8
0624;13
0625;14
0626;10
0627;21
0628;11
0629;14
0630;21
0701;15
0702;21
0703;14
0704;20
0705;14
0706;13
0707;5
0708;12
0709;8
0710;15
0711;17
0712;13
0713;14
0714;16
0715;11
0716;13
0717;23
0718;19
0719;13
0720;12
0721;12
0722;17
0723;13
0724;18
0725;24
0726;24
0727;11
0728;13
0729;15
0730;13
0731;14
0801;14
0802;15
0803;14
0804;7
0805;9
0806;16
0807;11
0808;13
0809;9
0810;13
0811;14
0812;15
0813;11
0814;10
0815;10
0816;15
0817;6
0818;19
0819;17
0820;14
0821;8
0822;14
0823;8
0824;11
0825;9
0826;12
0827;14
0828;12
0829;12
0830;16
0831;12
0901;13
0902;7
0903;18
0904;12
0905;13
0906;13
0907;10
0908;13
0909;10
0910;8
0911;14
0912;9
0913;13
0914;6
0915;9
0916;15
0917;6
0918;12
0919;10
0920;16
0921;19
0922;8
0923;13
0924;9
0925;16
0926;13
0927;11
0928;15
0929;7
0930;11
1001;15
1002;12
1003;9
1004;5
1005;12
1006;15
1007;7
1008;10
1009;20
1010;11
1011;13
1012;6
1013;10
1014;10
1015;10
1016;10
1017;13
1018;15
1019;14
1020;17
1021;16
1022;13
1023;9
1024;14
1025;18
1026;8
1027;16
1028;16
1029;9
1030;16
1031;16
1101;10
1102;6
1103;11
1104;15
1105;15
1106;12
1107;17
1108;12
1109;10
1110;10
1111;10
1112;17
1113;14
1114;6
1115;15
1116;19
1117;22
1118;13
1119;10
1120;13
1121;13
1122;8
1123;12
1124;11
1125;8
1126;17
1127;12
1128;7
1129;6
1130;14
1201;12
1202;14
1203;12
1204;10
1205;15
1206;18
1207;13
1208;14
1209;15
1210;18
1211;13
1212;19
1213;12
1214;16
1215;13
1216;16
1217;11
1218;15
1219;14
1220;15
1221;14
1222;14
1223;14
1224;16
1225;17
1226;22
1227;15
1228;24
1229;18
1230;7
1231;11
