0101;34
0102;44
0103;30
0104;39
0105;36
0106;49
0107;41
0108;28
0109;34
0110;37
0111;31
0112;39
0113;28
0114;29
0115;34
0116;51
0117;44
0118;33
0119;37
0120;40
0121;35
0122;45
0123;37
0124;39
0125;29
0126;42
0127;51
0128;38
0129;27
0130;46
0131;45
0201;41
0202;40
0203;33
0204;34
0205;34
0206;35
0207;37
0208;35
0209;43
0210;49
0211;35
0212;27
0213;24
0214;45
0215;43
0216;51
0217;27
0218;30
0219;46
0220;35
0221;34
0222;50
0223;42
0224;33
0225;34
0226;43
0227;20
0228;40
0301;41
0302;32
0303;43
0304;23
0305;26
0306;30
0307;31
0308;27
0309;29
0310;27
0311;34
0312;27
0313;34
0314;24
0315;24
0316;37
0317;42
0318;39
0319;34
0320;46
0321;44
0322;29
0323;34
0324;41
0325;35
0326;42
0327;47
0328;41
0329;31
0330;35
0331;32
0401;35
0402;25
0403;38
0404;44
0405;42
0406;24
0407;38
0408;27
0409;34
0410;33
0411;39
0412;40
0413;25
0414;28
0415;34
0416;35
0417;26
0418;43
0419;41
0420;33
0421;37
0422;29
0423;37
0424;32
0425;31
0426;31
0427;39
0428;39
0429;27
0430;47
0501;32
0502;27
0503;29
0504;27
0505;26
0506;38
0507;32
0508;25
0509;39
0510;28
0511;28
0512;21
0513;32
0514;25
0515;26
0516;24
0517;28
0518;34
0519;34
0520;40
0521;34
0522;27
0523;38
0524;27
0525;27
0526;31
0527;39
0528;29
0529;36
0530;26
0531;29
0601;24
0602;32
0603;29
0604;37
0605;30
0606;28
0607;34
0608;35
0609;34
0610;34
0611;33
0612;43
0613;38
0614;24
0615;27
0616;39
0617;39
0618;33
0619;31
0620;35
0621;35
0622;42
0623;32
0624;35
0625;32
0626;29
0627;32
0628;33
0629;35
0630;35
0701;27
0702;27
0703;39
0704;31
0705;35
0706;35
0707;33
0708;25
0709;30
0710;23
0711;46
0712;37
0713;38
0714;43
0715;31
0716;35
0717;32
0718;34
0719;34
0720;45
0721;42
0722;37
0723;34
0724;28
0725;36
0726;39
0727;43
0728;36
0729;37
0730;33
0731;31
0801;37
0802;31
0803;22
0804;32
0805;18
0806;21
0807;27
0808;18
0809;33
0810;30
0811;38
0812;25
0813;27
0814;35
0815;28
0816;23
0817;29
0818;34
0819;31
0820;25
0821;28
0822;24
0823;36
0824;29
0825;24
0826;33
0827;23
0828;44
0829;32
0830;42
0831;33
0901;29
0902;38
0903;37
0904;36
0905;47
0906;38
0907;36
0908;25
0909;24
0910;37
0911;36
0912;29
0913;28
0914;36
0915;44
0916;28
0917;24
0918;30
0919;33
0920;31
0921;36
0922;36
0923;41
0924;36
0925;30
0926;34
0927;27
0928;39
0929;33
0930;29
1001;23
1002;25
1003;36
1004;35
1005;22
1006;34
1007;20
1008;31
1009;31
1010;40
1011;22
1012;47
1013;27
1014;30
1015;39
1016;24
1017;34
1018;26
1019;42
1020;38
1021;39
1022;36
1023;39
1024;31
1025;35
1026;30
1027;39
1028;34
1029;45
1030;30
1031;39
1101;41
1102;28
1103;29
1104;32
1105;26
1106;33
1107;43
1108;47
1109;31
1110;26
1111;39
1112;37
1113;34
1114;27
1115;45
1116;30
1117;39
1118;31
1119;30
1120;36
1121;45
1122;40
1123;43
1124;32
1125;26
1126;45
1127;36
1128;38
1129;42
1130;29
1201;37
1202;34
1203;37
1204;43
1205;32
1206;28
1207;29
1208;29
1209;23
1210;46
1211;24
1212;29
1213;43
1214;43
1215;41
1216;36
1217;33
1218;50
1219;38
1220;32
1221;40
1222;33
1223;33
1224;29
1225;31
1226;37
1227;34
1228;40
1229;35
1230;44
1231;37
