0101;9
0102;3
0103;7
0104;4
0105;9
0106;4
0107;6
0108;2
0109;9
0110;6
0111;5
0112;6
0113;5
0114;7
0115;6
0116;9
0117;10
0118;4
0119;4
0120;10
0121;8
0122;7
0123;5
0124;8
0125;5
0126;6
0127;4
0128;5
0129;5
0130;6
0131;6
0201;3
0202;2
0203;9
0204;5
0205;6
0206;5
0207;9
0208;4
0209;10
0210;5
0211;3
0212;3
0213;6
0214;2
0215;3
0216;7
0217;9
0218;9
0219;7
0220;6
0221;6
0222;5
0223;9
0224;6
0225;7
0226;7
0227;7
0228;3
0301;7
0302;9
0303;9
0304;6
0305;7
0306;3
0307;3
0308;9
0309;11
0310;7
0311;8
0312;5
0313;6
0314;4
0315;7
0316;7
0317;6
0318;4
0319;4
0320;2
0321;6
0322;8
0323;3
0324;7
0325;5
0326;1
0327;7
0328;2
0329;5
0330;6
0331;6
0401;3
0402;2
0403;4
0404;10
0405;5
0406;4
0407;5
0408;5
0409;3
0410;3
0411;1
0412;3
0413;7
0414;8
0415;3
0416;6
0417;5
0418;2
0419;6
0420;5
0421;4
0422;7
0423;4
0424;4
0425;5
0426;10
0427;1
0428;3
0429;5
0430;5
0501;3
0502;6
0503;7
0504;8
0505;5
0506;3
0507;3
0508;7
0509;7
0510;2
0511;5
0512;7
0513;6
0514;5
0515;4
0516;7
0517;9
0518;5
0519;1
0520;7
0521;5
0522;5
0523;3
0524;4
0525;6
0526;8
0527;3
0528;6
0529;3
0530;8
0531;3
0601;1
0602;6
0603;4
0604;5
0605;3
0606;6
0607;1
0608;8
0609;12
0610;5
0611;8
0612;5
0613;8
0614;6
0615;3
0616;7
0617;3
0618;8
0619;5
0620;6
0621;2
0622;6
0623;4
0624;3
0625;7
0626;4
0627;3
0628;3
0629;5
0630;3
0701;6
0702;2
0703;4
0704;6
0705;3
0706;4
0707;4
0708;3
0709;4
0710;4
0711;6
0712;6
0713;9
0714;3
0715;1
0716;5
0717;4
0718;1
0719;5
0720;2
0721;6
0722;6
0723;4
0724;3
0725;3
0726;2
0727;1
0728;7
0729;5
0730;3
0731;4
0801;4
0802;4
0803;3
0804;3
0805;3
0806;5
0807;3
0808;10
0809;8
0810;5
0811;6
0812;4
0813;6
0814;6
0815;5
0816;6
0817;6
0818;2
0819;3
0820;7
0821;5
0822;2
0823;7
0824;7
0825;3
0827;5
0828;6
0829;4
0830;5
0831;3
0901;7
0902;3
0903;4
0904;5
0905;3
0906;7
0907;5
0908;1
0909;5
0910;7
0911;4
0912;8
0913;4
0914;4
0915;2
0916;5
0917;2
0918;4
0919;4
0920;4
0921;2
0922;6
0923;4
0924;7
0925;10
0926;1
0927;5
0928;4
0929;3
0930;5
1001;3
1002;5
1003;3
1004;8
1005;7
1006;2
1008;4
1009;3
1010;3
1011;7
1012;1
1013;4
1014;5
1015;6
1016;6
1017;1
1018;1
1019;7
1020;5
1021;2
1022;6
1023;4
1024;6
1025;5
1026;2
1027;3
1028;5
1029;7
1030;4
1031;9
1101;9
1102;2
1103;7
1104;1
1105;7
1106;6
1107;7
1108;4
1109;13
1110;8
1111;11
1112;7
1113;6
1114;3
1115;3
1116;5
1117;3
1118;6
1119;1
1120;11
1121;1
1122;5
1123;5
1124;5
1125;2
1126;6
1127;5
1128;4
1129;1
1130;8
1201;6
1202;6
1203;5
1204;4
1205;11
1206;7
1207;5
1208;5
1209;7
1210;4
1211;2
1212;5
1213;8
1214;7
1215;6
1216;7
1217;3
1218;2
1219;3
1220;4
1221;1
1222;10
1223;4
1224;6
1225;8
1226;6
1227;6
1228;4
1229;6
1230;4
1231;3
