0101;45
0102;61
0103;53
0104;44
0105;41
0106;52
0107;59
0108;46
0109;41
0110;47
0111;42
0112;46
0113;45
0114;51
0115;46
0116;40
0117;46
0118;61
0119;61
0120;46
0121;48
0122;52
0123;41
0124;42
0125;50
0126;48
0127;64
0128;47
0129;48
0130;47
0131;53
0201;50
0202;42
0203;57
0204;47
0205;51
0206;63
0207;62
0208;60
0209;49
0210;54
0211;51
0212;38
0213;45
0214;42
0215;50
0216;46
0217;41
0218;60
0219;41
0220;43
0221;49
0222;48
0223;40
0224;47
0225;47
0226;55
0227;49
0228;38
0301;54
0302;46
0303;34
0304;43
0305;54
0306;56
0307;54
0308;56
0309;55
0310;38
0311;53
0312;37
0313;45
0314;54
0315;45
0316;52
0317;52
0318;49
0319;48
0320;42
0321;49
0322;52
0323;49
0324;41
0325;48
0326;37
0327;46
0328;39
0329;49
0330;41
0331;48
0401;46
0402;34
0403;44
0404;36
0405;42
0406;41
0407;44
0408;50
0409;39
0410;34
0411;42
0412;58
0413;41
0414;45
0415;48
0416;50
0417;47
0418;46
0419;44
0420;50
0421;47
0422;39
0423;39
0424;50
0425;39
0426;44
0427;32
0428;44
0429;31
0430;38
0501;45
0502;50
0503;46
0504;45
0505;42
0506;53
0507;37
0508;39
0509;41
0510;51
0511;40
0512;48
0513;31
0514;27
0515;54
0516;57
0517;40
0518;48
0519;37
0520;46
0521;33
0522;36
0523;44
0524;49
0525;42
0526;48
0527;45
0528;37
0529;37
0530;37
0531;45
0601;46
0602;38
0603;43
0604;45
0605;32
0606;51
0607;39
0608;44
0609;37
0610;37
0611;43
0612;51
0613;56
0614;44
0615;37
0616;48
0617;47
0618;37
0619;38
0620;45
0621;46
0622;47
0623;41
0624;41
0625;41
0626;38
0627;45
0628;46
0629;44
0630;41
0701;42
0702;50
0703;58
0704;44
0705;40
0706;43
0707;51
0708;44
0709;38
0710;40
0711;45
0712;43
0713;44
0714;37
0715;40
0716;30
0717;39
0718;45
0719;51
0720;53
0721;53
0722;46
0723;35
0724;45
0725;50
0726;45
0727;48
0728;44
0729;37
0730;47
0731;35
0801;33
0802;37
0803;37
0804;37
0805;29
0806;40
0807;44
0808;30
0809;38
0810;43
0811;35
0812;38
0813;43
0814;38
0815;23
0816;31
0817;45
0818;36
0819;36
0820;27
0821;40
0822;36
0823;26
0824;34
0825;43
0826;32
0827;29
0828;35
0829;44
0830;42
0831;39
0901;32
0902;37
0903;29
0904;34
0905;35
0906;29
0907;47
0908;52
0909;39
0910;39
0911;37
0912;53
0913;41
0914;49
0915;55
0916;48
0917;35
0918;39
0919;38
0920;33
0921;38
0922;34
0923;42
0924;33
0925;54
0926;43
0927;32
0928;39
0929;50
0930;40
1001;44
1002;47
1003;34
1004;45
1005;45
1006;56
1007;39
1008;49
1009;47
1010;47
1011;49
1012;52
1013;36
1014;33
1015;48
1016;47
1017;37
1018;42
1019;57
1020;43
1021;46
1022;41
1023;47
1024;40
1025;38
1026;41
1027;51
1028;45
1029;46
1030;30
1031;51
1101;37
1102;45
1103;38
1104;38
1105;40
1106;49
1107;51
1108;50
1109;60
1110;45
1111;45
1112;55
1113;50
1114;54
1115;38
1116;44
1117;55
1118;27
1119;45
1120;38
1121;52
1122;53
1123;60
1124;43
1125;46
1126;38
1127;42
1128;39
1129;48
1130;36
1201;45
1202;42
1203;50
1204;53
1205;54
1206;46
1207;48
1208;35
1209;50
1210;35
1211;44
1212;39
1213;41
1214;34
1215;48
1216;45
1217;43
1218;42
1219;47
1220;47
1221;44
1222;61
1223;64
1224;37
1225;61
1226;40
1227;66
1228;54
1229;51
1230;43
1231;53
