0101;22
0102;26
0103;33
0104;21
0105;23
0106;29
0107;30
0108;17
0109;26
0110;21
0111;16
0112;16
0113;32
0114;33
0115;27
0116;23
0117;26
0118;28
0119;28
0120;21
0121;21
0122;26
0123;18
0124;23
0125;25
0126;21
0127;30
0128;17
0129;25
0130;33
0131;19
0201;18
0202;24
0203;17
0204;20
0205;15
0206;23
0207;13
0208;25
0209;26
0210;21
0211;26
0212;27
0213;19
0214;29
0215;25
0216;26
0217;18
0218;32
0219;19
0220;28
0221;33
0222;30
0223;26
0224;15
0225;26
0226;21
0227;18
0228;24
0301;24
0302;20
0303;19
0304;19
0305;17
0306;24
0307;16
0308;12
0309;12
0310;19
0311;24
0312;19
0313;33
0314;25
0315;19
0316;27
0317;25
0318;21
0319;28
0320;28
0321;25
0322;20
0323;23
0324;20
0325;17
0326;24
0327;25
0328;17
0329;24
0330;22
0331;16
0401;25
0402;10
0403;28
0404;16
0405;20
0406;21
0407;18
0408;20
0409;23
0410;19
0411;10
0412;23
0413;22
0414;17
0415;27
0416;20
0417;21
0418;24
0419;21
0420;13
0421;19
0422;21
0423;21
0424;20
0425;17
0426;12
0427;31
0428;19
0429;24
0430;14
0501;19
0502;18
0503;28
0504;16
0505;23
0506;32
0507;26
0508;20
0509;20
0510;19
0511;29
0512;23
0513;29
0514;26
0515;12
0516;20
0517;20
0518;22
0519;8
0520;19
0521;21
0522;21
0523;19
0524;21
0525;24
0526;21
0527;26
0528;22
0529;23
0530;17
0531;23
0601;27
0602;28
0603;21
0604;20
0605;19
0606;26
0607;16
0608;20
0609;13
0610;24
0611;21
0612;24
0613;23
0614;27
0615;21
0616;25
0617;17
0618;22
0619;21
0620;15
0621;19
0622;25
0623;16
0624;18
0625;18
0626;13
0627;16
0628;21
0629;19
0630;13
0701;25
0702;22
0703;13
0704;24
0705;15
0706;16
0707;13
0708;25
0709;21
0710;12
0711;22
0712;20
0713;12
0714;18
0715;17
0716;20
0717;18
0718;16
0719;33
0720;25
0721;21
0722;15
0723;17
0724;21
0725;23
0726;25
0727;29
0728;26
0729;14
0730;18
0731;31
0801;25
0802;16
0803;16
0804;15
0805;20
0806;13
0807;19
0808;13
0809;14
0810;24
0811;13
0812;14
0813;16
0814;22
0815;20
0816;17
0817;25
0818;19
0819;20
0820;17
0821;21
0822;19
0823;30
0824;13
0825;18
0826;21
0827;23
0828;17
0829;20
0830;18
0831;17
0901;20
0902;18
0903;21
0904;20
0905;17
0906;28
0907;23
0908;19
0909;28
0910;18
0911;22
0912;22
0913;14
0914;17
0915;16
0916;15
0917;20
0918;18
0919;12
0920;18
0921;22
0922;28
0923;21
0924;14
0925;23
0926;16
0927;19
0928;24
0929;18
0930;17
1001;17
1002;22
1003;20
1004;23
1005;20
1006;20
1007;22
1008;31
1009;16
1010;17
1011;20
1012;21
1013;24
1014;23
1015;20
1016;29
1017;22
1018;24
1019;23
1020;26
1021;21
1022;19
1023;27
1024;15
1025;15
1026;26
1027;25
1028;22
1029;30
1030;21
1031;17
1101;14
1102;25
1103;21
1104;22
1105;22
1106;22
1107;21
1108;26
1109;32
1110;27
1111;23
1112;26
1113;30
1114;23
1115;26
1116;21
1117;18
1118;21
1119;23
1120;13
1121;20
1122;13
1123;26
1124;28
1125;16
1126;16
1127;25
1128;24
1129;21
1130;24
1201;19
1202;18
1203;20
1204;16
1205;24
1206;27
1207;16
1208;23
1209;16
1210;23
1211;20
1212;26
1213;25
1214;17
1215;12
1216;21
1217;34
1218;22
1219;24
1220;24
1221;19
1222;28
1223;17
1224;23
1225;21
1226;18
1227;24
1228;32
1229;20
1230;21
1231;34
