0101;10
0102;18
0103;23
0104;24
0105;16
0106;15
0107;16
0108;14
0109;19
0110;25
0111;32
0112;17
0113;11
0114;19
0115;23
0116;17
0117;17
0118;11
0119;21
0120;15
0121;10
0122;17
0123;16
0124;20
0125;19
0126;14
0127;17
0128;20
0129;15
0130;15
0131;25
0201;19
0202;22
0203;23
0204;26
0205;15
0206;21
0207;31
0208;25
0209;24
0210;10
0211;15
0212;20
0213;20
0214;15
0215;13
0216;14
0217;21
0218;20
0219;16
0220;28
0221;15
0222;15
0223;13
0224;11
0225;16
0226;23
0227;16
0228;11
0301;16
0302;15
0303;25
0304;10
0305;24
0306;21
0307;22
0308;19
0309;14
0310;19
0311;14
0312;12
0313;13
0314;20
0315;15
0316;15
0317;12
0318;18
0319;14
0320;18
0321;21
0322;11
0323;16
0324;13
0325;10
0326;13
0327;21
0328;7
0329;22
0330;20
0331;20
0401;6
0402;13
0403;21
0404;23
0405;14
0406;10
0407;15
0408;21
0409;14
0410;13
0411;12
0412;14
0413;16
0414;18
0415;17
0416;21
0417;21
0418;14
0419;14
0420;18
0421;19
0422;19
0423;9
0424;16
0425;15
0426;16
0427;18
0428;19
0429;13
0430;15
0501;16
0502;18
0503;24
0504;13
0505;19
0506;12
0507;13
0508;13
0509;9
0510;15
0511;19
0512;18
0513;13
0514;15
0515;14
0516;20
0517;11
0518;21
0519;13
0520;17
0521;12
0522;20
0523;17
0524;15
0525;9
0526;10
0527;12
0528;13
0529;14
0530;20
0531;12
0601;13
0602;13
0603;15
0604;17
0605;9
0606;11
0607;21
0608;17
0609;15
0610;15
0611;11
0612;15
0613;9
0614;6
0615;12
0616;8
0617;14
0618;22
0619;17
0620;15
0621;18
0622;22
0623;6
0624;14
0625;15
0626;8
0627;16
0628;13
0629;17
0630;11
0701;12
0702;10
0703;15
0704;14
0705;19
0706;14
0707;18
0708;11
0709;10
0710;11
0711;28
0712;18
0713;10
0714;21
0715;15
0716;17
0717;13
0718;17
0719;23
0720;12
0721;31
0722;16
0723;14
0724;19
0725;16
0726;15
0727;18
0728;11
0729;15
0730;15
0731;17
0801;9
0802;16
0803;9
0804;16
0805;9
0806;15
0807;13
0808;14
0809;14
0810;17
0811;18
0812;15
0813;22
0814;12
0815;11
0816;10
0817;17
0818;18
0819;12
0820;12
0821;22
0822;13
0823;11
0824;15
0825;11
0826;18
0827;14
0828;21
0829;18
0830;15
0831;15
0901;15
0902;14
0903;12
0904;22
0905;9
0906;17
0907;18
0908;11
0909;9
0910;14
0911;16
0912;14
0913;23
0914;11
0915;15
0916;11
0917;14
0918;14
0919;16
0920;12
0921;10
0922;9
0923;14
0924;21
0925;24
0926;16
0927;17
0928;12
0929;9
0930;18
1001;15
1002;12
1003;15
1004;18
1005;15
1006;15
1007;18
1008;12
1009;14
1010;17
1011;15
1012;15
1013;11
1014;14
1015;8
1016;12
1017;13
1018;15
1019;18
1020;19
1021;14
1022;15
1023;9
1024;23
1025;12
1026;15
1027;13
1028;10
1029;17
1030;12
1031;14
1101;11
1102;11
1103;19
1104;16
1105;11
1106;14
1107;12
1108;12
1109;21
1110;12
1111;17
1112;11
1113;18
1114;19
1115;19
1116;6
1117;16
1118;14
1119;12
1120;15
1121;11
1122;7
1123;15
1124;14
1125;24
1126;11
1127;23
1128;14
1129;15
1130;15
1201;8
1202;14
1203;6
1204;11
1205;14
1206;13
1207;15
1208;18
1209;15
1210;19
1211;16
1212;8
1213;19
1214;18
1215;10
1216;17
1217;15
1218;11
1219;20
1220;15
1221;11
1222;10
1223;20
1224;13
1225;10
1226;21
1227;21
1228;18
1229;14
1230;17
1231;12
