0101;4
0102;3
0103;6
0104;4
0105;6
0106;3
0107;1
0108;7
0109;3
0110;4
0111;6
0112;3
0113;6
0114;3
0115;6
0116;7
0117;5
0118;3
0119;3
0120;3
0121;3
0123;6
0124;1
0125;4
0126;3
0127;2
0128;2
0129;7
0130;2
0131;4
0201;8
0202;8
0203;2
0204;2
0205;4
0206;5
0207;1
0208;3
0209;6
0210;3
0211;6
0212;3
0213;7
0214;3
0215;2
0216;7
0217;3
0218;1
0219;6
0220;3
0221;2
0222;2
0223;2
0224;4
0225;5
0226;5
0227;2
0228;3
0301;2
0302;2
0303;2
0304;3
0305;2
0306;1
0307;5
0308;8
0309;4
0310;6
0311;2
0312;8
0313;4
0314;5
0315;5
0316;5
0317;2
0318;2
0320;3
0321;5
0322;7
0323;3
0324;2
0325;2
0326;4
0327;4
0328;4
0330;3
0331;3
0401;3
0402;8
0403;5
0404;1
0405;3
0406;3
0407;2
0408;6
0409;1
0410;4
0411;2
0412;3
0413;4
0414;2
0415;6
0416;2
0417;5
0418;2
0419;2
0420;4
0421;4
0422;2
0423;2
0424;2
0425;1
0426;1
0427;2
0428;2
0429;3
0430;3
0501;2
0502;3
0503;2
0504;1
0505;3
0506;5
0507;5
0508;3
0509;1
0510;4
0511;1
0512;4
0513;6
0514;2
0515;5
0516;5
0517;1
0519;1
0520;3
0521;2
0522;2
0523;4
0524;1
0525;2
0526;4
0527;2
0528;2
0529;3
0530;6
0531;5
0601;2
0602;2
0603;1
0604;2
0605;12
0606;4
0607;3
0608;4
0609;1
0610;9
0611;1
0612;9
0613;5
0614;3
0615;7
0616;4
0617;3
0618;2
0619;1
0620;1
0621;1
0622;6
0623;5
0624;2
0625;1
0626;2
0627;6
0628;4
0630;2
0701;4
0702;5
0703;3
0704;2
0705;4
0706;1
0707;4
0708;4
0709;2
0710;6
0711;7
0712;4
0713;3
0714;2
0715;3
0716;3
0717;1
0718;4
0719;4
0721;5
0722;4
0723;1
0724;4
0725;7
0726;3
0727;5
0728;6
0729;1
0731;6
0801;4
0802;3
0803;1
0804;2
0805;1
0806;1
0807;6
0808;7
0809;1
0810;4
0811;3
0812;1
0813;4
0815;2
0816;4
0817;2
0818;5
0819;2
0820;3
0821;3
0822;7
0823;3
0824;3
0825;5
0826;3
0827;3
0828;5
0829;4
0831;3
0901;4
0902;5
0903;2
0904;2
0905;5
0906;2
0907;5
0908;2
0909;6
0910;2
0911;3
0912;6
0913;2
0914;6
0916;5
0917;4
0918;4
0919;1
0920;3
0921;5
0922;6
0923;2
0924;2
0925;5
0926;5
0927;3
0928;2
0929;2
0930;1
1001;4
1002;1
1003;2
1004;1
1005;2
1006;1
1007;1
1008;3
1009;2
1010;1
1011;8
1012;4
1013;5
1015;5
1016;2
1017;3
1018;2
1019;3
1020;6
1022;1
1024;3
1025;1
1026;2
1027;3
1028;4
1029;2
1030;1
1031;3
1101;4
1102;3
1103;4
1104;1
1105;4
1106;3
1107;1
1108;3
1109;3
1110;2
1111;7
1112;4
1113;5
1114;4
1115;5
1116;6
1118;4
1119;2
1120;1
1121;3
1122;1
1123;2
1124;3
1125;1
1126;4
1127;4
1128;6
1129;3
1130;6
1201;3
1202;7
1203;3
1205;3
1206;5
1207;4
1208;4
1209;1
1210;6
1211;5
1212;1
1213;4
1214;7
1215;4
1216;1
1217;8
1218;3
1219;3
1220;4
1221;6
1222;6
1223;3
1224;1
1225;6
1226;6
1227;6
1228;2
1229;1
1230;1
1231;3
