0101;8
0102;6
0103;8
0104;6
0105;9
0106;5
0107;10
0108;6
0109;6
0110;11
0111;5
0112;8
0113;6
0114;5
0115;8
0116;12
0117;15
0118;6
0119;7
0120;6
0121;5
0122;13
0123;3
0124;4
0125;7
0126;10
0127;10
0128;14
0129;8
0130;7
0131;10
0201;6
0202;12
0203;8
0204;8
0205;10
0206;10
0207;12
0208;8
0209;10
0210;5
0211;3
0212;11
0213;7
0214;8
0215;13
0216;5
0217;13
0218;7
0219;9
0220;3
0221;7
0222;11
0223;8
0224;5
0225;9
0226;8
0227;13
0228;7
0301;9
0302;9
0303;4
0304;8
0305;10
0306;13
0307;4
0308;6
0309;10
0310;7
0311;8
0312;8
0313;9
0314;12
0315;12
0316;8
0317;10
0318;13
0319;4
0320;9
0321;9
0322;5
0323;5
0324;8
0325;4
0326;7
0327;6
0328;4
0329;8
0330;6
0331;5
0401;11
0402;4
0403;5
0404;9
0405;18
0406;10
0407;9
0408;8
0409;5
0410;7
0411;10
0412;8
0413;11
0414;6
0415;10
0416;8
0417;4
0418;6
0419;5
0420;10
0421;12
0422;4
0423;9
0424;8
0425;4
0426;7
0427;4
0428;7
0429;7
0430;5
0501;8
0502;8
0503;9
0504;8
0505;6
0506;7
0507;5
0508;9
0509;9
0510;8
0511;5
0512;10
0513;7
0514;11
0515;5
0516;6
0517;11
0518;9
0519;14
0520;7
0521;6
0522;3
0523;15
0524;7
0525;6
0526;7
0527;7
0528;7
0529;10
0530;10
0531;11
0601;5
0602;7
0603;10
0604;8
0605;8
0606;16
0607;4
0608;7
0609;9
0610;14
0611;12
0612;8
0613;8
0614;9
0615;7
0616;2
0617;9
0618;13
0619;7
0620;9
0621;14
0622;7
0623;11
0624;6
0625;5
0626;6
0627;8
0628;7
0629;6
0630;6
0701;10
0702;9
0703;11
0704;7
0705;6
0706;5
0707;7
0708;5
0709;14
0710;7
0711;9
0712;6
0713;11
0714;9
0715;6
0716;10
0717;7
0718;8
0719;10
0720;4
0721;3
0722;8
0723;13
0724;5
0725;11
0726;6
0727;3
0728;8
0729;11
0730;8
0731;4
0801;5
0802;9
0803;10
0804;9
0805;5
0806;10
0807;5
0808;4
0809;8
0810;8
0811;11
0812;15
0813;8
0814;10
0815;10
0816;7
0817;7
0818;4
0819;8
0820;10
0821;5
0822;5
0823;9
0824;6
0825;9
0826;6
0827;9
0828;10
0829;7
0830;9
0831;7
0901;5
0902;3
0903;10
0904;2
0905;6
0906;9
0907;11
0908;10
0909;10
0910;12
0911;4
0912;3
0913;6
0914;7
0915;6
0916;4
0917;11
0918;7
0919;4
0920;2
0921;10
0922;8
0923;13
0924;14
0925;9
0926;8
0927;10
0928;10
0929;6
0930;15
1001;10
1002;8
1003;7
1004;10
1005;11
1006;8
1007;11
1008;8
1009;11
1010;6
1011;12
1012;12
1013;7
1014;8
1015;5
1016;13
1017;6
1018;5
1019;10
1020;4
1021;8
1022;9
1023;5
1024;10
1025;10
1026;6
1027;9
1028;4
1029;15
1030;10
1031;8
1101;3
1102;13
1103;5
1104;11
1105;12
1106;9
1107;8
1108;2
1109;7
1110;10
1111;8
1112;10
1113;9
1114;6
1115;8
1116;9
1117;6
1118;6
1119;8
1120;7
1121;6
1122;5
1123;13
1124;7
1125;4
1126;3
1127;7
1128;5
1129;6
1130;4
1201;7
1202;11
1203;6
1204;9
1205;11
1206;9
1207;5
1208;5
1209;8
1210;13
1211;8
1212;14
1213;6
1214;15
1215;8
1216;14
1217;8
1218;7
1219;3
1220;6
1221;5
1223;7
1224;8
1225;10
1226;7
1227;7
1228;9
1229;6
1230;11
1231;7
