0113;1
0120;1
0121;2
0126;1
0127;1
0129;2
0211;1
0212;1
0213;1
0214;1
0216;1
0217;1
0219;1
0221;1
0222;1
0224;1
0305;1
0310;1
0313;1
0318;2
0319;1
0321;1
0322;1
0323;1
0325;1
0327;1
0328;1
0404;1
0413;1
0415;1
0417;1
0420;1
0425;1
0426;1
0501;2
0502;2
0524;1
0531;1
0605;1
0611;1
0627;1
0629;1
0701;1
0702;1
0709;3
0720;1
0721;1
0728;1
0802;1
0803;1
0805;1
0816;1
0819;1
0830;1
0902;1
0908;1
0920;1
0927;1
0928;1
1005;1
1010;1
1013;1
1025;1
1026;1
1101;1
1105;1
1108;1
1122;1
1124;1
1216;1
1224;1
1226;2
1227;1
1229;1
1230;1
