0101;16
0102;9
0103;9
0104;15
0105;9
0106;16
0107;5
0108;12
0109;10
0110;11
0111;9
0112;14
0113;7
0114;8
0115;8
0116;9
0117;9
0118;13
0119;8
0120;13
0121;18
0122;4
0123;6
0124;18
0125;8
0126;14
0127;16
0128;13
0129;8
0130;13
0131;13
0201;12
0202;15
0203;11
0204;9
0205;5
0206;9
0207;9
0208;15
0209;14
0210;15
0211;13
0212;4
0213;12
0214;7
0215;16
0216;13
0217;11
0218;8
0219;11
0220;7
0221;13
0222;9
0223;8
0224;11
0225;12
0226;13
0227;6
0228;12
0229;10
0301;15
0302;14
0303;17
0304;10
0305;18
0306;15
0307;13
0308;13
0309;10
0310;17
0311;18
0312;11
0313;17
0314;10
0315;17
0316;6
0317;9
0318;16
0319;15
0320;9
0321;12
0322;16
0323;15
0324;9
0325;14
0326;10
0327;9
0328;10
0329;13
0330;15
0331;8
0401;9
0402;18
0403;9
0404;7
0405;14
0406;8
0407;11
0408;6
0409;7
0410;12
0411;16
0412;10
0413;12
0414;4
0415;12
0416;8
0417;11
0418;7
0419;14
0420;13
0421;8
0422;12
0423;10
0424;11
0425;12
0426;9
0427;17
0428;12
0429;9
0430;17
0501;11
0502;8
0503;8
0504;14
0505;12
0506;10
0507;9
0508;13
0509;14
0510;17
0511;14
0512;9
0513;5
0514;11
0515;6
0516;8
0517;8
0518;15
0519;16
0520;10
0521;14
0522;9
0523;4
0524;12
0525;7
0526;9
0527;7
0528;14
0529;11
0530;13
0531;7
0601;6
0602;13
0603;10
0604;8
0605;12
0606;9
0607;6
0608;14
0609;15
0610;9
0611;14
0612;8
0613;8
0614;10
0615;10
0616;14
0617;8
0618;10
0619;11
0620;11
0621;8
0622;9
0623;7
0624;7
0625;10
0626;4
0627;13
0628;15
0629;11
0630;12
0701;9
0702;14
0703;11
0704;8
0705;8
0706;10
0707;17
0708;16
0709;8
0710;8
0711;10
0712;9
0713;5
0714;6
0715;12
0716;14
0717;11
0718;12
0719;5
0720;10
0721;6
0722;12
0723;10
0724;6
0725;12
0726;5
0727;8
0728;14
0729;8
0730;10
0731;7
0801;9
0802;11
0803;6
0804;7
0805;9
0806;11
0807;13
0808;15
0809;14
0810;6
0811;16
0812;6
0813;3
0814;9
0815;10
0816;7
0817;12
0818;10
0819;6
0820;7
0821;7
0822;8
0823;11
0824;12
0825;9
0826;11
0827;11
0828;5
0829;8
0830;11
0831;7
0901;11
0902;10
0903;13
0904;9
0905;11
0906;10
0907;11
0908;10
0909;10
0910;16
0911;8
0912;11
0913;11
0914;10
0915;10
0916;7
0917;7
0918;11
0919;13
0920;8
0921;7
0922;7
0923;10
0924;10
0925;7
0926;5
0927;9
0928;9
0929;3
0930;10
1001;11
1002;14
1003;14
1004;9
1005;7
1006;10
1007;7
1008;9
1009;9
1010;12
1011;16
1012;8
1013;16
1014;15
1015;7
1016;14
1017;8
1018;13
1019;7
1020;6
1021;10
1022;14
1023;6
1024;9
1025;9
1026;7
1027;15
1028;13
1029;7
1030;9
1031;12
1101;5
1102;7
1103;11
1104;6
1105;6
1106;15
1107;13
1108;6
1109;8
1110;10
1111;9
1112;13
1113;15
1114;12
1115;9
1116;7
1117;9
1118;12
1119;14
1120;12
1121;5
1122;10
1123;14
1124;7
1125;7
1126;6
1127;11
1128;14
1129;11
1130;12
1201;9
1202;11
1203;14
1204;13
1205;8
1206;11
1207;6
1208;12
1209;5
1210;11
1211;15
1212;13
1213;11
1214;11
1215;9
1216;12
1217;6
1218;10
1219;18
1220;12
1221;9
1222;9
1223;10
1224;11
1225;11
1226;5
1227;7
1228;17
1229;12
1230;15
1231;7
