0101;3
0102;5
0103;3
0104;1
0105;2
0107;2
0108;3
0109;1
0110;2
0111;1
0112;1
0114;3
0115;2
0116;5
0117;1
0118;5
0119;3
0120;3
0121;3
0122;2
0123;2
0124;2
0125;4
0127;2
0128;2
0130;2
0131;4
0201;4
0202;2
0203;3
0204;2
0205;4
0206;3
0208;3
0209;3
0210;1
0211;2
0212;2
0213;6
0214;5
0215;3
0216;4
0217;6
0218;2
0220;1
0221;2
0222;2
0223;2
0224;3
0227;3
0228;1
0229;5
0301;5
0302;6
0303;1
0304;3
0305;2
0306;1
0308;4
0309;1
0310;2
0312;1
0313;4
0314;4
0316;4
0318;2
0319;5
0320;2
0321;1
0323;4
0324;2
0326;2
0327;3
0328;1
0329;3
0331;3
0401;5
0402;1
0403;4
0404;3
0405;6
0406;3
0407;1
0408;4
0409;6
0410;2
0411;3
0412;4
0413;3
0415;1
0416;2
0417;4
0418;2
0421;8
0423;2
0424;3
0425;1
0426;2
0427;2
0429;4
0430;5
0501;3
0502;3
0503;3
0505;1
0506;3
0507;2
0508;1
0509;3
0510;3
0511;1
0512;1
0513;2
0514;3
0515;4
0516;2
0517;1
0518;1
0519;1
0520;4
0521;1
0522;1
0524;6
0525;1
0526;1
0527;1
0528;1
0529;2
0530;2
0531;3
0601;1
0602;1
0603;1
0604;2
0606;3
0607;1
0608;2
0609;4
0610;1
0611;4
0612;1
0613;3
0614;2
0615;1
0616;1
0617;1
0618;1
0619;5
0620;3
0621;2
0623;5
0624;3
0625;4
0626;1
0629;4
0630;1
0701;5
0702;1
0704;4
0706;3
0707;1
0708;3
0709;1
0710;1
0711;3
0712;2
0713;4
0714;3
0715;2
0716;1
0717;1
0718;2
0719;2
0720;3
0721;4
0722;1
0723;4
0724;2
0725;1
0726;2
0727;8
0728;3
0729;1
0731;3
0801;1
0802;1
0803;2
0804;2
0805;4
0806;2
0807;1
0808;3
0809;3
0810;2
0811;2
0812;4
0813;3
0815;4
0816;3
0817;3
0818;2
0819;1
0820;2
0821;1
0822;3
0823;3
0824;3
0825;4
0827;1
0828;3
0829;4
0830;2
0831;2
0902;1
0903;2
0904;2
0905;3
0906;2
0907;1
0908;1
0909;1
0910;2
0911;1
0912;1
0913;2
0914;2
0915;5
0917;2
0918;4
0919;2
0920;2
0921;3
0922;2
0923;3
0924;1
0925;2
0926;4
0927;1
0928;2
1001;1
1002;1
1003;1
1004;2
1005;1
1007;2
1008;2
1009;2
1010;4
1012;1
1013;4
1014;3
1015;5
1016;1
1017;4
1018;2
1019;1
1020;1
1022;1
1023;1
1025;3
1026;3
1027;4
1029;2
1030;3
1101;8
1102;9
1103;3
1104;2
1105;2
1106;1
1107;1
1108;1
1109;4
1110;2
1111;6
1113;1
1114;3
1115;2
1116;5
1117;2
1118;4
1119;4
1120;3
1121;1
1122;4
1125;2
1126;1
1127;4
1128;1
1129;3
1130;2
1201;3
1203;1
1204;3
1205;3
1206;2
1207;1
1208;2
1210;4
1211;4
1212;3
1213;3
1215;1
1216;3
1217;1
1218;4
1219;4
1220;3
1221;2
1222;2
1223;3
1224;4
1225;2
1226;3
1227;3
1228;1
1229;2
1230;1
1231;2
