0101;2
0102;2
0103;2
0105;1
0106;4
0107;4
0108;2
0109;2
0110;1
0111;5
0112;2
0113;1
0114;2
0115;2
0116;2
0117;2
0118;2
0119;1
0120;3
0121;1
0122;3
0123;2
0124;2
0125;1
0126;3
0127;3
0128;4
0129;2
0130;5
0131;3
0201;1
0202;2
0203;1
0204;2
0205;3
0207;4
0208;2
0209;1
0210;3
0211;2
0212;2
0213;4
0214;2
0215;1
0216;2
0217;1
0219;3
0220;4
0221;3
0222;3
0223;2
0224;5
0225;1
0226;4
0227;1
0228;2
0229;3
0301;6
0302;3
0303;4
0304;3
0305;2
0306;6
0307;5
0308;4
0309;2
0310;2
0311;3
0312;1
0313;3
0314;2
0315;2
0316;3
0317;4
0318;3
0319;3
0320;3
0321;4
0322;4
0323;3
0324;3
0325;4
0326;4
0327;6
0328;1
0329;1
0330;4
0331;2
0401;3
0403;1
0404;1
0405;1
0406;1
0407;2
0408;2
0409;1
0410;2
0411;4
0413;4
0414;1
0415;2
0416;3
0417;2
0418;2
0419;2
0420;1
0421;5
0422;1
0423;1
0424;2
0425;1
0426;2
0427;2
0428;3
0429;2
0430;4
0501;3
0502;4
0503;1
0504;3
0505;1
0506;3
0507;2
0508;2
0509;1
0510;2
0511;2
0512;2
0513;2
0514;3
0515;2
0516;3
0517;2
0518;3
0519;4
0520;6
0521;1
0522;1
0523;5
0524;2
0525;3
0526;4
0527;3
0528;1
0529;4
0530;4
0531;1
0601;2
0602;3
0603;1
0605;3
0606;2
0607;1
0608;3
0609;1
0610;4
0611;4
0612;4
0613;1
0614;3
0615;2
0616;3
0617;3
0618;2
0619;1
0620;1
0621;5
0622;2
0623;1
0624;2
0625;2
0626;1
0627;3
0629;2
0630;3
0701;3
0702;5
0703;4
0704;1
0705;3
0706;1
0707;2
0708;1
0709;1
0713;3
0714;1
0715;4
0716;2
0717;3
0718;4
0719;1
0720;3
0721;2
0722;3
0723;1
0725;3
0727;2
0728;2
0729;4
0730;2
0731;1
0801;6
0802;4
0803;3
0804;3
0805;3
0806;1
0807;4
0808;2
0809;3
0810;3
0811;4
0812;1
0813;2
0814;1
0816;1
0817;3
0818;1
0819;3
0820;1
0821;3
0822;7
0823;1
0824;4
0826;2
0827;2
0828;3
0829;2
0830;2
0901;5
0902;4
0903;5
0904;2
0905;1
0906;2
0907;3
0908;5
0909;2
0910;4
0912;5
0913;3
0915;1
0916;1
0917;5
0918;2
0919;5
0920;1
0921;3
0923;2
0925;1
0926;5
0928;2
0929;3
1001;3
1002;2
1003;2
1004;1
1006;2
1007;5
1009;1
1010;1
1011;3
1012;1
1013;2
1014;3
1015;2
1016;5
1017;2
1018;2
1019;1
1021;2
1022;1
1023;1
1024;2
1025;1
1026;2
1027;2
1028;2
1029;4
1030;3
1031;2
1101;2
1102;3
1104;2
1105;2
1106;2
1107;4
1108;4
1109;3
1110;1
1111;1
1112;3
1115;5
1116;4
1117;2
1118;2
1119;4
1120;6
1121;3
1122;2
1123;1
1124;4
1125;3
1126;4
1128;1
1129;1
1130;4
1201;3
1202;2
1203;1
1204;1
1205;2
1206;3
1207;2
1208;4
1209;4
1210;5
1211;1
1212;1
1213;1
1215;1
1216;2
1217;5
1218;3
1219;2
1221;1
1222;4
1223;3
1224;6
1226;1
1227;2
1228;3
1229;1
1230;1
1231;3
