0101;16
0102;14
0103;21
0104;12
0105;13
0106;13
0107;17
0108;14
0109;22
0110;10
0111;13
0112;15
0113;20
0114;12
0115;13
0116;21
0117;25
0118;21
0119;18
0120;15
0121;14
0122;18
0123;13
0124;17
0125;22
0126;21
0127;14
0128;18
0129;19
0130;21
0131;15
0201;13
0202;29
0203;23
0204;15
0205;11
0206;22
0207;15
0208;13
0209;23
0210;15
0211;23
0212;16
0213;25
0214;13
0215;16
0216;20
0217;22
0218;21
0219;22
0220;16
0221;16
0222;10
0223;19
0224;22
0225;19
0226;15
0227;24
0228;20
0229;23
0301;23
0302;7
0303;15
0304;22
0305;19
0306;16
0307;18
0308;18
0309;18
0310;20
0311;11
0312;15
0313;18
0314;16
0315;26
0316;20
0317;20
0318;18
0319;15
0320;16
0321;14
0322;17
0323;21
0324;13
0325;22
0326;24
0327;7
0328;14
0329;17
0330;20
0331;18
0401;16
0402;14
0403;18
0404;13
0405;14
0406;12
0407;17
0408;19
0409;16
0410;16
0411;18
0412;16
0413;25
0414;16
0415;14
0416;14
0417;20
0418;12
0419;14
0420;18
0421;15
0422;22
0423;20
0424;16
0425;14
0426;19
0427;15
0428;13
0429;13
0430;7
0501;16
0502;24
0503;14
0504;11
0505;20
0506;15
0507;14
0508;22
0509;26
0510;13
0511;16
0512;14
0513;14
0514;11
0515;13
0516;17
0517;12
0518;25
0519;20
0520;15
0521;14
0522;14
0523;8
0524;19
0525;13
0526;11
0527;16
0528;13
0529;15
0530;13
0531;16
0601;18
0602;8
0603;17
0604;16
0605;10
0606;14
0607;18
0608;18
0609;15
0610;11
0611;15
0612;15
0613;7
0614;19
0615;14
0616;20
0617;18
0618;14
0619;17
0620;13
0621;14
0622;11
0623;13
0624;13
0625;21
0626;27
0627;10
0628;12
0629;13
0630;18
0701;13
0702;25
0703;12
0704;13
0705;14
0706;12
0707;15
0708;12
0709;13
0710;19
0711;8
0712;16
0713;13
0714;19
0715;15
0716;16
0717;17
0718;19
0719;15
0720;13
0721;12
0722;13
0723;11
0724;15
0725;22
0726;15
0727;13
0728;19
0729;13
0730;16
0731;10
0801;9
0802;12
0803;15
0804;14
0805;13
0806;17
0807;11
0808;14
0809;14
0810;9
0811;15
0812;18
0813;15
0814;20
0815;11
0816;16
0817;8
0818;17
0819;17
0820;22
0821;13
0822;16
0823;20
0824;14
0825;21
0826;17
0827;14
0828;11
0829;16
0830;14
0831;14
0901;9
0902;14
0903;12
0904;10
0905;12
0906;17
0907;17
0908;16
0909;13
0910;5
0911;10
0912;21
0913;7
0914;13
0915;10
0916;14
0917;12
0918;23
0919;17
0920;18
0921;11
0922;17
0923;11
0924;6
0925;13
0926;19
0927;21
0928;7
0929;13
0930;16
1001;18
1002;11
1003;18
1004;17
1005;17
1006;13
1007;17
1008;21
1009;19
1010;17
1011;18
1012;20
1013;13
1014;12
1015;16
1016;11
1017;11
1018;13
1019;10
1020;21
1021;15
1022;13
1023;12
1024;17
1025;7
1026;13
1027;14
1028;18
1029;13
1030;19
1031;12
1101;22
1102;7
1103;17
1104;15
1105;14
1106;20
1107;13
1108;15
1109;16
1110;15
1111;19
1112;15
1113;17
1114;13
1115;17
1116;17
1117;14
1118;9
1119;13
1120;14
1121;16
1122;15
1123;14
1124;12
1125;13
1126;13
1127;15
1128;18
1129;16
1130;13
1201;14
1202;17
1203;20
1204;11
1205;8
1206;23
1207;17
1208;13
1209;17
1210;18
1211;9
1212;13
1213;14
1214;13
1215;16
1216;8
1217;15
1218;20
1219;17
1220;17
1221;11
1222;19
1223;18
1224;16
1225;15
1226;14
1227;12
1228;14
1229;21
1230;17
1231;20
