0101;3
0102;4
0103;3
0104;8
0105;5
0106;1
0107;6
0108;3
0109;5
0110;5
0111;7
0112;2
0113;7
0114;6
0115;3
0116;3
0118;2
0119;5
0120;3
0121;3
0122;2
0123;3
0124;1
0125;2
0126;4
0127;4
0128;1
0129;5
0130;3
0131;3
0201;5
0202;1
0203;5
0204;6
0205;4
0206;2
0207;2
0208;3
0209;2
0210;3
0211;4
0212;4
0213;4
0215;2
0216;6
0217;4
0219;4
0220;1
0221;5
0222;3
0223;5
0224;5
0225;5
0226;7
0227;5
0228;2
0229;7
0301;2
0302;5
0303;2
0304;2
0305;1
0306;8
0307;2
0308;1
0309;3
0310;2
0311;5
0312;4
0313;6
0314;3
0315;5
0316;2
0317;3
0318;4
0319;9
0320;3
0321;6
0322;3
0323;2
0324;2
0325;3
0326;4
0327;1
0328;2
0329;6
0330;7
0331;3
0401;4
0402;3
0403;4
0404;6
0405;6
0406;2
0407;2
0408;2
0409;4
0410;3
0412;1
0413;2
0414;1
0415;4
0416;3
0417;7
0418;4
0419;1
0420;2
0421;1
0422;1
0423;5
0424;4
0425;6
0426;4
0427;3
0428;4
0429;2
0430;2
0501;5
0502;3
0503;3
0504;3
0505;1
0506;4
0507;4
0508;3
0509;8
0510;2
0511;1
0512;5
0513;1
0514;4
0515;3
0516;4
0517;4
0518;1
0519;4
0520;3
0521;3
0522;2
0523;3
0524;3
0526;1
0527;6
0528;5
0529;3
0530;3
0531;5
0601;2
0602;5
0603;3
0604;2
0605;5
0606;4
0607;5
0608;2
0609;4
0610;2
0611;2
0612;1
0613;4
0614;4
0615;6
0616;2
0617;4
0618;5
0619;2
0620;2
0621;3
0622;6
0623;4
0624;3
0625;4
0626;4
0627;3
0628;6
0629;9
0630;5
0701;3
0702;6
0703;4
0704;6
0706;4
0707;6
0708;2
0709;2
0710;7
0711;5
0712;4
0713;5
0714;2
0715;4
0716;2
0717;6
0719;2
0720;3
0721;6
0722;6
0723;5
0724;3
0725;3
0726;2
0727;3
0728;2
0729;3
0730;4
0731;4
0802;4
0803;3
0804;2
0805;4
0806;2
0807;3
0808;2
0809;2
0810;2
0812;5
0813;4
0814;2
0815;4
0816;4
0817;5
0818;3
0819;3
0820;4
0821;6
0822;2
0823;4
0824;3
0825;5
0826;3
0827;4
0828;2
0829;7
0830;4
0831;2
0901;3
0902;4
0903;2
0904;3
0905;5
0906;7
0907;3
0908;4
0909;1
0910;4
0911;4
0912;2
0913;4
0914;4
0915;3
0916;5
0917;4
0918;5
0919;4
0920;4
0921;2
0922;3
0923;3
0924;3
0925;4
0926;3
0927;2
0928;6
0929;1
0930;2
1001;4
1002;3
1004;3
1005;6
1006;2
1007;3
1008;5
1009;5
1010;3
1011;3
1012;4
1013;1
1014;1
1015;3
1016;2
1017;4
1018;3
1019;1
1020;3
1021;2
1022;2
1023;4
1024;2
1025;3
1026;2
1027;5
1028;2
1029;3
1030;6
1031;3
1101;5
1102;5
1103;2
1104;3
1105;3
1106;3
1107;3
1108;4
1109;3
1110;1
1111;5
1112;5
1113;1
1114;1
1115;6
1116;1
1117;1
1118;5
1119;2
1120;3
1121;2
1122;3
1123;2
1124;5
1125;2
1126;8
1127;3
1128;4
1129;7
1130;4
1201;2
1202;2
1203;2
1204;4
1205;3
1206;2
1207;6
1208;3
1209;5
1210;5
1211;2
1212;4
1213;6
1214;2
1215;1
1216;4
1217;8
1218;4
1219;5
1221;5
1222;4
1223;1
1224;3
1227;4
1228;2
1229;4
1230;3
1231;2
