0101;32
0102;20
0103;32
0104;21
0105;41
0106;37
0107;24
0108;32
0109;21
0110;23
0111;22
0112;23
0113;14
0114;23
0115;32
0116;15
0117;25
0118;22
0119;31
0120;30
0121;19
0122;31
0123;22
0124;34
0125;25
0126;33
0127;25
0128;22
0129;30
0130;38
0131;21
0201;23
0202;27
0203;33
0204;25
0205;20
0206;25
0207;32
0208;27
0209;29
0210;17
0211;22
0212;37
0213;22
0214;29
0215;32
0216;28
0217;38
0218;43
0219;32
0220;34
0221;29
0222;28
0223;27
0224;18
0225;25
0226;30
0227;28
0228;28
0229;26
0301;23
0302;24
0303;34
0304;22
0305;30
0306;28
0307;30
0308;28
0309;23
0310;17
0311;34
0312;36
0313;29
0314;31
0315;20
0316;31
0317;33
0318;27
0319;33
0320;36
0321;38
0322;22
0323;26
0324;36
0325;24
0326;22
0327;32
0328;30
0329;31
0330;34
0331;34
0401;27
0402;30
0403;28
0404;26
0405;41
0406;33
0407;24
0408;29
0409;33
0410;37
0411;34
0412;26
0413;23
0414;18
0415;33
0416;27
0417;22
0418;20
0419;25
0420;33
0421;25
0422;24
0423;31
0424;26
0425;23
0426;17
0427;30
0428;25
0429;29
0430;15
0501;25
0502;28
0503;31
0504;23
0505;27
0506;21
0507;34
0508;28
0509;24
0510;39
0511;34
0512;28
0513;18
0514;26
0515;27
0516;19
0517;27
0518;22
0519;34
0520;29
0521;20
0522;23
0523;21
0524;26
0525;26
0526;17
0527;23
0528;28
0529;22
0530;26
0531;24
0601;22
0602;21
0603;25
0604;24
0605;18
0606;25
0607;18
0608;44
0609;28
0610;21
0611;24
0612;26
0613;39
0614;30
0615;28
0616;31
0617;25
0618;29
0619;19
0620;19
0621;26
0622;38
0623;21
0624;31
0625;28
0626;29
0627;22
0628;37
0629;18
0630;23
0701;26
0702;30
0703;19
0704;21
0705;25
0706;23
0707;29
0708;18
0709;22
0710;22
0711;17
0712;27
0713;29
0714;22
0715;25
0716;28
0717;29
0718;27
0719;19
0720;29
0721;25
0722;17
0723;30
0724;26
0725;24
0726;26
0727;24
0728;26
0729;30
0730;35
0731;18
0801;27
0802;27
0803;14
0804;25
0805;26
0806;17
0807;27
0808;18
0809;27
0810;20
0811;22
0812;33
0813;16
0814;26
0815;15
0816;18
0817;19
0818;21
0819;19
0820;20
0821;22
0822;18
0823;21
0824;13
0825;23
0826;18
0827;22
0828;20
0829;20
0830;20
0831;27
0901;24
0902;19
0903;31
0904;21
0905;25
0906;20
0907;29
0908;18
0909;26
0910;16
0911;21
0912;22
0913;20
0914;35
0915;25
0916;27
0917;23
0918;21
0919;32
0920;31
0921;22
0922;29
0923;19
0924;29
0925;29
0926;37
0927;19
0928;31
0929;18
0930;26
1001;21
1002;30
1003;27
1004;21
1005;35
1006;20
1007;18
1008;23
1009;28
1010;20
1011;24
1012;20
1013;21
1014;24
1015;31
1016;31
1017;26
1018;28
1019;24
1020;30
1021;30
1022;26
1023;34
1024;29
1025;29
1026;35
1027;24
1028;22
1029;22
1030;23
1031;26
1101;24
1102;28
1103;26
1104;23
1105;26
1106;21
1107;27
1108;27
1109;34
1110;20
1111;28
1112;22
1113;22
1114;25
1115;25
1116;26
1117;24
1118;30
1119;31
1120;32
1121;17
1122;22
1123;32
1124;24
1125;24
1126;30
1127;22
1128;30
1129;24
1130;25
1201;30
1202;18
1203;29
1204;16
1205;25
1206;34
1207;18
1208;33
1209;22
1210;24
1211;27
1212;30
1213;25
1214;21
1215;27
1216;23
1217;32
1218;22
1219;24
1220;28
1221;29
1222;18
1223;29
1224;26
1225;32
1226;30
1227;27
1228;42
1229;20
1230;18
1231;28
