0101;7
0102;3
0103;9
0104;6
0105;5
0106;6
0107;3
0108;6
0109;1
0110;7
0111;2
0112;6
0113;10
0114;7
0115;4
0116;9
0117;5
0118;7
0119;6
0120;7
0121;7
0122;7
0123;8
0124;3
0125;5
0126;3
0127;4
0128;5
0129;5
0130;4
0131;6
0201;5
0202;5
0203;4
0204;3
0205;6
0206;2
0207;5
0208;5
0209;6
0210;3
0211;7
0212;4
0213;6
0214;7
0215;7
0216;5
0217;4
0218;4
0219;8
0220;6
0221;10
0222;3
0223;4
0224;5
0225;5
0226;5
0227;9
0228;5
0229;8
0301;3
0302;6
0303;3
0304;5
0305;6
0306;6
0307;4
0308;3
0309;5
0310;3
0311;8
0312;5
0313;2
0314;6
0315;5
0316;8
0317;6
0318;6
0319;6
0320;7
0321;6
0322;12
0323;3
0324;9
0325;5
0326;1
0327;2
0328;3
0329;7
0330;4
0331;9
0401;8
0402;7
0403;6
0404;5
0405;6
0406;5
0407;4
0408;4
0409;8
0410;2
0411;3
0412;8
0413;2
0414;2
0415;7
0416;7
0417;5
0418;4
0419;3
0420;3
0421;6
0422;5
0423;3
0424;5
0425;4
0426;5
0427;5
0428;3
0429;2
0430;7
0501;8
0502;6
0503;3
0504;2
0505;1
0506;5
0507;4
0508;4
0509;4
0510;3
0511;4
0512;5
0513;8
0514;3
0515;6
0516;5
0517;6
0518;5
0519;2
0520;3
0521;6
0522;9
0523;2
0524;5
0525;7
0526;7
0527;4
0528;4
0529;1
0530;3
0531;6
0601;6
0602;9
0603;4
0604;5
0605;5
0606;3
0607;6
0608;3
0609;4
0610;5
0611;5
0612;2
0613;4
0614;7
0615;4
0616;4
0617;3
0618;4
0619;4
0620;3
0621;4
0622;7
0623;3
0624;4
0625;4
0626;5
0627;3
0628;6
0629;2
0630;3
0701;9
0702;5
0703;5
0704;3
0705;7
0706;6
0707;8
0708;4
0709;4
0710;7
0711;5
0712;7
0713;2
0714;2
0715;4
0716;4
0717;4
0718;4
0719;2
0720;7
0721;5
0722;7
0723;4
0724;5
0725;7
0726;1
0727;3
0728;2
0729;3
0730;3
0731;3
0801;4
0802;1
0803;5
0804;2
0805;7
0806;5
0807;2
0808;4
0809;3
0810;2
0811;10
0812;2
0813;4
0814;8
0815;11
0816;6
0817;6
0818;1
0819;7
0820;5
0821;5
0822;10
0823;3
0824;7
0825;5
0826;1
0827;6
0828;5
0829;4
0830;7
0831;1
0901;3
0902;2
0903;9
0905;1
0906;5
0907;7
0908;2
0909;3
0910;3
0911;6
0912;5
0913;6
0914;7
0915;3
0916;3
0917;3
0918;6
0919;7
0920;5
0921;2
0922;5
0923;5
0924;2
0925;6
0926;2
0927;2
0928;4
0930;2
1001;6
1002;4
1003;6
1004;5
1005;8
1006;4
1007;3
1008;8
1009;2
1010;5
1011;6
1012;6
1013;2
1014;6
1015;1
1016;1
1017;1
1018;4
1019;2
1020;2
1021;5
1022;2
1023;9
1024;6
1025;3
1026;4
1027;4
1028;8
1029;2
1030;8
1031;7
1101;3
1102;4
1103;6
1104;4
1105;6
1106;7
1107;2
1108;5
1109;4
1110;3
1111;3
1112;7
1113;6
1114;6
1116;4
1117;4
1118;4
1119;1
1120;7
1121;7
1122;5
1123;3
1124;6
1125;3
1126;5
1127;5
1128;2
1129;3
1130;5
1201;2
1202;7
1203;5
1204;2
1205;7
1206;4
1207;2
1208;3
1209;2
1210;4
1211;2
1212;6
1213;4
1214;2
1215;5
1216;2
1217;3
1218;3
1219;4
1220;6
1221;8
1222;4
1223;4
1224;5
1225;1
1226;2
1227;9
1228;4
1229;4
1230;4
1231;5
