0101;7
0102;6
0103;9
0104;8
0105;6
0106;8
0107;11
0108;5
0109;3
0110;15
0111;9
0112;8
0113;11
0114;9
0115;7
0116;8
0117;5
0118;11
0119;15
0120;6
0121;11
0122;5
0123;10
0124;9
0125;7
0126;5
0127;9
0128;9
0129;6
0130;5
0131;6
0201;9
0202;8
0203;8
0204;6
0205;9
0206;9
0207;7
0208;12
0209;6
0210;7
0211;3
0212;9
0213;10
0214;8
0215;5
0216;6
0217;6
0218;5
0219;10
0220;12
0221;7
0222;12
0223;6
0224;11
0225;11
0226;6
0227;4
0228;9
0229;12
0301;13
0302;6
0303;8
0304;9
0305;7
0306;9
0307;8
0308;11
0309;6
0310;6
0311;4
0312;12
0313;11
0314;6
0315;13
0316;6
0317;8
0318;14
0319;7
0320;5
0321;5
0322;7
0323;10
0324;3
0325;14
0326;13
0327;11
0328;9
0329;9
0330;6
0331;12
0401;8
0402;6
0403;14
0404;8
0405;4
0406;6
0407;6
0408;6
0409;4
0410;5
0411;10
0412;8
0413;12
0414;10
0415;8
0416;5
0417;9
0418;11
0419;8
0420;6
0421;6
0422;3
0423;11
0424;7
0425;8
0426;10
0427;15
0428;6
0429;4
0430;6
0501;7
0502;7
0503;7
0504;9
0505;6
0506;6
0507;10
0508;13
0509;11
0510;6
0511;7
0512;11
0513;9
0514;7
0515;9
0516;10
0517;7
0518;9
0519;7
0520;6
0521;11
0522;2
0523;7
0524;5
0525;12
0526;7
0527;7
0528;7
0529;5
0530;5
0531;6
0601;5
0602;5
0603;8
0604;4
0605;3
0606;6
0607;13
0608;4
0609;7
0610;7
0611;8
0612;8
0613;9
0614;15
0615;3
0616;5
0617;13
0618;9
0619;9
0620;9
0621;11
0622;15
0623;7
0624;9
0625;9
0626;9
0627;7
0628;13
0629;9
0630;8
0701;17
0702;4
0703;11
0704;13
0705;12
0706;7
0707;9
0708;6
0709;5
0710;8
0711;3
0712;7
0713;6
0714;9
0715;7
0716;4
0717;5
0718;6
0719;5
0720;10
0721;5
0722;6
0723;7
0724;9
0725;7
0726;8
0727;4
0728;7
0729;10
0730;6
0731;8
0801;6
0802;7
0803;9
0804;7
0805;7
0806;8
0807;9
0808;9
0809;6
0810;9
0811;5
0812;10
0813;6
0814;5
0815;9
0816;5
0817;7
0818;10
0819;6
0820;12
0821;7
0822;6
0823;7
0824;5
0825;9
0826;11
0827;7
0828;6
0829;10
0830;10
0831;7
0901;9
0902;3
0903;5
0904;5
0905;13
0906;8
0907;6
0908;4
0909;9
0910;7
0911;10
0912;7
0913;6
0914;5
0915;11
0916;14
0917;10
0918;9
0919;10
0920;12
0921;8
0922;13
0923;4
0924;3
0925;10
0926;8
0927;7
0928;6
0929;10
0930;7
1001;6
1002;9
1003;10
1004;10
1005;5
1006;12
1007;6
1008;6
1009;7
1010;10
1011;7
1012;4
1013;6
1014;4
1015;6
1016;9
1017;9
1018;10
1019;5
1020;8
1021;5
1022;8
1023;10
1024;13
1025;8
1026;10
1027;6
1028;12
1029;12
1030;6
1031;11
1101;8
1102;10
1103;6
1104;11
1105;7
1106;10
1107;8
1108;5
1109;8
1110;8
1111;14
1112;7
1113;9
1114;6
1115;6
1116;4
1117;4
1118;8
1119;8
1120;7
1121;5
1122;11
1123;9
1124;11
1125;6
1126;9
1127;7
1128;12
1129;1
1130;11
1201;7
1202;7
1203;8
1204;12
1205;9
1206;9
1207;5
1208;8
1209;8
1210;7
1211;8
1212;11
1213;8
1214;7
1215;8
1216;5
1217;2
1218;7
1219;7
1220;6
1221;10
1222;4
1223;5
1224;7
1225;7
1226;7
1227;5
1228;12
1229;10
1230;12
1231;9
