0101;9
0102;8
0103;13
0104;10
0105;7
0106;7
0107;9
0108;8
0109;2
0110;6
0111;6
0112;7
0113;10
0114;7
0115;2
0116;5
0117;4
0118;5
0119;5
0120;11
0121;8
0122;4
0123;11
0124;4
0125;7
0126;7
0127;6
0128;8
0129;6
0130;9
0131;9
0201;12
0202;12
0203;13
0204;7
0205;7
0206;8
0207;8
0208;8
0209;6
0210;10
0211;20
0212;4
0213;6
0214;8
0215;9
0216;9
0217;16
0218;9
0219;6
0220;5
0221;9
0222;7
0223;6
0224;7
0225;11
0226;15
0227;9
0228;7
0229;8
0301;6
0302;8
0303;9
0304;9
0305;11
0306;3
0307;10
0308;5
0309;5
0310;10
0311;14
0312;12
0313;10
0314;10
0315;10
0316;11
0317;15
0318;8
0319;10
0320;10
0321;6
0322;14
0323;7
0324;16
0325;7
0326;10
0327;5
0328;9
0329;7
0330;8
0331;7
0401;16
0402;11
0403;10
0404;3
0405;16
0406;7
0407;5
0408;4
0409;13
0410;6
0411;10
0412;13
0413;6
0414;12
0415;10
0416;9
0417;13
0418;7
0419;11
0420;12
0421;5
0422;8
0423;9
0424;3
0425;7
0426;8
0427;5
0428;11
0429;13
0430;8
0501;6
0502;8
0503;8
0504;7
0505;10
0506;8
0507;10
0508;13
0509;13
0510;12
0511;9
0512;7
0513;7
0514;2
0515;8
0516;5
0517;8
0518;6
0519;8
0520;2
0521;4
0522;9
0523;4
0524;4
0525;10
0526;4
0527;13
0528;8
0529;8
0530;9
0531;6
0601;6
0602;6
0603;14
0604;9
0605;8
0606;13
0607;8
0608;10
0609;9
0610;10
0611;8
0612;9
0613;9
0614;6
0615;5
0616;9
0617;11
0618;3
0619;10
0620;2
0621;5
0622;10
0623;11
0624;14
0625;8
0626;7
0627;12
0628;4
0629;10
0630;15
0701;17
0702;8
0703;10
0704;11
0705;16
0706;6
0707;10
0708;9
0709;5
0710;5
0711;5
0712;7
0713;6
0714;8
0715;3
0716;9
0717;17
0718;10
0719;9
0720;8
0721;8
0722;3
0723;4
0724;2
0725;7
0726;13
0727;7
0728;9
0729;6
0730;12
0731;3
0801;11
0802;4
0803;14
0804;7
0805;7
0806;7
0807;7
0808;9
0809;14
0810;9
0811;7
0812;8
0813;10
0814;8
0815;9
0816;8
0817;10
0818;6
0819;6
0820;6
0821;11
0822;11
0823;14
0824;8
0825;5
0826;9
0827;9
0828;5
0829;8
0830;5
0831;4
0901;15
0902;4
0903;11
0904;8
0905;9
0906;6
0907;10
0908;6
0909;8
0910;8
0911;10
0912;7
0913;9
0914;8
0915;8
0916;10
0917;7
0918;8
0919;6
0920;2
0921;9
0922;7
0923;11
0924;8
0925;6
0926;6
0927;5
0928;10
0929;8
0930;5
1001;8
1002;10
1003;9
1004;6
1005;10
1006;8
1007;6
1008;10
1009;10
1010;7
1011;5
1012;5
1013;4
1014;8
1015;5
1016;6
1017;9
1018;8
1019;7
1020;8
1021;7
1022;7
1023;6
1024;3
1025;7
1026;12
1027;7
1028;9
1029;3
1030;7
1031;11
1101;6
1102;6
1103;7
1104;9
1105;9
1106;4
1107;9
1108;10
1109;9
1110;5
1111;9
1112;8
1113;8
1114;6
1115;9
1116;4
1117;7
1118;11
1119;5
1120;4
1121;10
1122;7
1123;3
1124;8
1125;10
1126;7
1127;11
1128;13
1129;15
1130;8
1201;9
1202;6
1203;9
1204;4
1205;7
1206;8
1207;6
1208;10
1209;8
1210;12
1211;4
1212;5
1213;7
1214;13
1215;9
1216;12
1217;9
1218;12
1219;8
1220;12
1221;6
1222;8
1223;7
1224;6
1225;13
1226;8
1227;4
1228;8
1229;6
1230;6
1231;8
