0100;2
0101;11
0102;2
0103;8
0104;7
0105;8
0106;6
0107;12
0108;8
0109;7
0110;8
0111;7
0112;8
0113;11
0114;3
0115;6
0116;3
0117;7
0118;6
0119;5
0120;8
0121;5
0122;5
0123;4
0124;12
0125;6
0126;14
0127;4
0128;10
0129;6
0130;12
0131;10
0201;13
0202;5
0203;6
0204;6
0205;9
0206;6
0207;7
0208;4
0209;10
0210;10
0211;7
0212;10
0213;9
0214;12
0215;8
0216;7
0217;13
0218;9
0219;12
0220;8
0221;7
0222;11
0223;8
0224;5
0225;11
0226;11
0227;7
0228;10
0229;10
0301;7
0302;8
0303;3
0304;17
0305;8
0306;3
0307;10
0308;8
0309;6
0310;9
0311;5
0312;12
0313;8
0314;5
0315;11
0316;7
0317;10
0318;8
0319;10
0320;16
0321;9
0322;10
0323;5
0324;15
0325;15
0326;5
0327;5
0328;10
0329;7
0330;9
0331;3
0401;9
0402;14
0403;9
0404;14
0405;12
0406;9
0407;8
0408;8
0409;5
0410;3
0411;5
0412;8
0413;7
0414;3
0415;8
0416;10
0417;13
0418;7
0419;9
0420;11
0421;9
0422;2
0423;10
0424;5
0425;6
0426;6
0427;11
0428;7
0429;9
0430;10
0501;8
0502;6
0503;12
0504;5
0505;9
0506;13
0507;9
0508;6
0509;9
0510;4
0511;6
0512;11
0513;16
0514;9
0515;5
0516;9
0517;5
0518;4
0519;6
0520;10
0521;4
0522;5
0523;6
0524;9
0525;8
0526;8
0527;6
0528;12
0529;7
0530;5
0531;8
0601;13
0602;6
0603;8
0604;10
0605;5
0606;2
0607;6
0608;6
0609;6
0610;2
0611;5
0612;3
0613;9
0614;7
0615;7
0616;8
0617;2
0618;6
0619;5
0620;6
0621;9
0622;10
0623;9
0624;6
0625;6
0626;8
0627;9
0628;8
0629;6
0630;10
0701;11
0702;8
0703;12
0704;8
0705;13
0706;10
0707;6
0708;6
0709;7
0710;4
0711;5
0712;4
0713;6
0714;5
0715;8
0716;9
0717;6
0718;5
0719;11
0720;14
0721;5
0722;5
0723;6
0724;5
0725;5
0726;10
0727;5
0728;6
0729;4
0730;9
0731;9
0801;5
0802;7
0803;5
0804;12
0805;5
0806;2
0807;6
0808;7
0809;13
0810;9
0811;3
0812;5
0813;6
0814;4
0815;8
0816;8
0817;6
0818;4
0819;6
0820;6
0821;8
0822;6
0823;7
0824;8
0825;14
0826;5
0827;7
0828;10
0829;6
0830;5
0831;7
0901;8
0902;7
0903;6
0904;6
0905;14
0906;6
0907;8
0908;7
0909;7
0910;4
0911;8
0912;5
0913;4
0914;9
0915;12
0916;5
0917;6
0918;5
0919;7
0920;3
0921;8
0922;14
0923;6
0924;4
0925;4
0926;3
0927;7
0928;3
0929;5
0930;6
1001;5
1002;7
1003;8
1004;3
1005;8
1006;3
1007;7
1008;4
1009;11
1010;14
1011;8
1012;7
1013;9
1014;7
1015;8
1016;8
1017;11
1018;8
1019;7
1020;5
1021;5
1022;11
1023;8
1024;14
1025;10
1026;8
1027;3
1028;9
1029;10
1030;8
1031;7
1101;6
1102;12
1103;4
1104;13
1105;15
1106;5
1107;6
1108;8
1109;9
1110;9
1111;4
1112;10
1113;11
1114;5
1115;8
1116;9
1117;9
1118;10
1119;10
1120;5
1121;7
1122;7
1123;7
1124;7
1125;5
1126;8
1127;8
1128;5
1129;13
1130;7
1201;12
1202;8
1203;9
1204;9
1205;4
1206;6
1207;3
1208;11
1209;6
1210;10
1211;4
1212;10
1213;9
1214;6
1215;6
1216;5
1217;16
1218;8
1219;12
1220;6
1221;7
1222;7
1223;10
1224;9
1225;9
1226;6
1227;8
1228;14
1229;11
1230;5
1231;3
