0101;13
0102;6
0103;10
0104;5
0105;4
0106;13
0107;11
0108;7
0109;7
0110;5
0111;13
0112;12
0113;10
0114;8
0115;6
0116;7
0117;8
0118;6
0119;10
0120;6
0121;17
0122;8
0123;9
0124;9
0125;7
0126;8
0127;9
0128;8
0129;16
0130;5
0131;9
0201;6
0202;11
0203;10
0204;5
0205;10
0206;8
0207;6
0208;4
0209;14
0210;9
0211;9
0212;10
0213;9
0214;9
0215;5
0216;10
0217;12
0218;9
0219;10
0220;8
0221;8
0222;6
0223;10
0224;11
0225;6
0226;2
0227;18
0228;13
0229;4
0300;1
0301;13
0302;4
0303;7
0304;6
0305;11
0306;7
0307;8
0308;6
0309;9
0310;10
0311;9
0312;15
0313;17
0314;15
0315;9
0316;13
0317;8
0318;10
0319;11
0320;5
0321;12
0322;14
0323;10
0324;13
0325;4
0326;10
0327;16
0328;11
0329;12
0330;6
0331;11
0401;9
0402;9
0403;12
0404;10
0405;5
0406;11
0407;7
0408;6
0409;12
0410;8
0411;10
0412;11
0413;9
0414;7
0415;8
0416;10
0417;12
0418;10
0419;11
0420;7
0421;13
0422;8
0423;8
0424;11
0425;5
0426;9
0427;9
0428;11
0429;5
0430;8
0501;9
0502;14
0503;11
0504;11
0505;12
0506;8
0507;11
0508;9
0509;14
0510;2
0511;6
0512;9
0513;5
0514;6
0515;10
0516;10
0517;7
0518;5
0519;10
0520;9
0521;9
0522;7
0523;11
0524;14
0525;9
0526;5
0527;6
0528;10
0529;6
0530;7
0531;12
0601;7
0602;6
0603;8
0604;11
0605;7
0606;14
0607;7
0608;5
0609;10
0610;7
0611;13
0612;11
0613;13
0614;9
0615;4
0616;3
0617;9
0618;9
0619;10
0620;5
0621;5
0622;8
0623;9
0624;8
0625;12
0626;9
0627;14
0628;16
0629;11
0630;15
0701;7
0702;12
0703;13
0704;16
0705;14
0706;11
0707;7
0708;14
0709;6
0710;6
0711;7
0712;12
0713;7
0714;4
0715;7
0716;8
0717;7
0718;10
0719;5
0720;6
0721;6
0722;9
0723;3
0724;5
0725;10
0726;8
0727;12
0728;8
0729;7
0730;6
0731;3
0801;8
0802;10
0803;7
0804;9
0805;11
0806;7
0807;6
0808;7
0809;12
0810;7
0811;3
0812;15
0813;6
0814;14
0815;11
0816;9
0817;13
0818;10
0819;6
0820;8
0821;13
0822;5
0823;9
0824;8
0825;9
0826;13
0827;7
0828;6
0829;7
0830;6
0831;11
0901;2
0902;9
0903;14
0904;7
0905;7
0906;9
0907;9
0908;4
0909;12
0910;7
0911;3
0912;8
0913;7
0914;6
0915;5
0916;9
0917;13
0918;7
0919;7
0920;10
0921;7
0922;8
0923;13
0924;14
0925;13
0926;9
0927;6
0928;6
0929;9
0930;6
1001;13
1002;7
1003;8
1004;8
1005;3
1006;7
1007;8
1008;10
1009;10
1010;9
1011;8
1012;8
1013;5
1014;17
1015;8
1016;5
1017;15
1018;9
1019;5
1020;11
1021;5
1022;5
1023;6
1024;7
1025;14
1026;4
1027;3
1028;10
1029;9
1030;9
1031;5
1101;9
1102;9
1103;5
1104;8
1105;8
1106;8
1107;7
1108;7
1109;10
1110;7
1111;8
1112;11
1113;14
1114;10
1115;4
1116;11
1117;8
1118;7
1119;13
1120;11
1121;10
1122;10
1123;7
1124;9
1125;10
1126;4
1127;16
1128;6
1129;12
1130;13
1201;8
1202;11
1203;7
1204;5
1205;8
1206;8
1207;10
1208;8
1209;7
1210;7
1211;6
1212;6
1213;8
1214;4
1215;9
1216;14
1217;6
1218;9
1219;7
1220;8
1221;10
1222;4
1223;8
1224;5
1225;9
1226;9
1227;8
1228;9
1229;6
1230;9
1231;12
