0101;23
0102;26
0103;22
0104;25
0105;15
0106;16
0107;23
0108;22
0109;25
0110;24
0111;30
0112;29
0113;28
0114;17
0115;25
0116;15
0117;27
0118;24
0119;22
0120;25
0121;25
0122;15
0123;21
0124;28
0125;27
0126;22
0127;26
0128;20
0129;27
0130;20
0131;19
0201;21
0202;27
0203;26
0204;25
0205;16
0206;25
0207;34
0208;28
0209;20
0210;28
0211;15
0212;20
0213;25
0214;21
0215;31
0216;19
0217;27
0218;23
0219;27
0220;25
0221;27
0222;34
0223;21
0224;29
0225;31
0226;25
0227;25
0228;17
0229;27
0301;31
0302;21
0303;24
0304;22
0305;17
0306;25
0307;24
0308;23
0309;16
0310;25
0311;28
0312;34
0313;26
0314;23
0315;33
0316;26
0317;30
0318;21
0319;33
0320;32
0321;18
0322;30
0323;32
0324;29
0325;22
0326;27
0327;21
0328;34
0329;19
0330;29
0331;15
0401;24
0402;19
0403;34
0404;26
0405;28
0406;25
0407;23
0408;23
0409;20
0410;16
0411;29
0412;22
0413;33
0414;17
0415;18
0416;25
0417;18
0418;30
0419;19
0420;17
0421;27
0422;21
0423;15
0424;23
0425;27
0426;19
0427;30
0428;28
0429;20
0430;28
0501;22
0502;19
0503;34
0504;18
0505;29
0506;22
0507;23
0508;24
0509;22
0510;19
0511;24
0512;23
0513;24
0514;21
0515;17
0516;17
0517;26
0518;22
0519;22
0520;18
0521;30
0522;21
0523;21
0524;21
0525;24
0526;24
0527;26
0528;34
0529;14
0530;17
0531;27
0601;24
0602;21
0603;22
0604;14
0605;27
0606;36
0607;18
0608;29
0609;20
0610;15
0611;15
0612;32
0613;23
0614;20
0615;23
0616;27
0617;32
0618;27
0619;19
0620;25
0621;20
0622;15
0623;26
0624;25
0625;24
0626;20
0627;33
0628;34
0629;40
0630;28
0701;33
0702;28
0703;35
0704;27
0705;26
0706;26
0707;23
0708;11
0709;13
0710;21
0711;31
0712;33
0713;24
0714;18
0715;26
0716;22
0717;13
0718;14
0719;12
0720;11
0721;15
0722;21
0723;17
0724;15
0725;25
0726;17
0727;27
0728;26
0729;28
0730;19
0731;19
0801;14
0802;26
0803;16
0804;20
0805;15
0806;29
0807;16
0808;23
0809;14
0810;25
0811;20
0812;21
0813;26
0814;27
0815;14
0816;16
0817;24
0818;25
0819;26
0820;17
0821;20
0822;26
0823;29
0824;22
0825;19
0826;16
0827;18
0828;17
0829;19
0830;17
0831;22
0901;16
0902;19
0903;24
0904;23
0905;17
0906;25
0907;24
0908;22
0909;20
0910;24
0911;16
0912;20
0913;20
0914;17
0915;16
0916;27
0917;25
0918;17
0919;25
0920;22
0921;34
0922;21
0923;20
0924;10
0925;26
0926;11
0927;25
0928;27
0929;29
0930;27
1001;15
1002;16
1003;15
1004;14
1005;22
1006;26
1007;20
1008;25
1009;24
1010;16
1011;24
1012;26
1013;27
1014;17
1015;24
1016;19
1017;20
1018;32
1019;20
1020;29
1021;19
1022;15
1023;29
1024;25
1025;17
1026;23
1027;21
1028;18
1029;22
1030;29
1031;21
1101;27
1102;29
1103;23
1104;15
1105;19
1106;25
1107;28
1108;27
1109;21
1110;14
1111;27
1112;15
1113;13
1114;26
1115;42
1116;12
1117;25
1118;20
1119;29
1120;23
1121;26
1122;27
1123;29
1124;29
1125;29
1126;16
1127;19
1128;29
1129;23
1130;15
1201;19
1202;19
1203;20
1204;27
1205;23
1206;26
1207;25
1208;20
1209;22
1210;27
1211;22
1212;29
1213;19
1214;31
1215;27
1216;21
1217;24
1218;23
1219;10
1220;33
1221;21
1222;25
1223;20
1224;32
1225;26
1226;14
1227;21
1228;21
1229;27
1230;26
1231;21
