0101;22
0102;12
0103;21
0104;20
0105;17
0106;16
0107;16
0108;14
0109;11
0110;10
0111;19
0112;10
0113;17
0114;20
0115;12
0116;19
0117;10
0118;11
0119;10
0120;19
0121;14
0122;11
0123;9
0124;15
0125;15
0126;11
0127;20
0128;8
0129;15
0130;15
0131;16
0201;18
0202;13
0203;13
0204;13
0205;13
0206;11
0207;18
0208;14
0209;13
0210;13
0211;19
0212;8
0213;15
0214;17
0215;13
0216;16
0217;24
0218;23
0219;14
0220;10
0221;18
0222;21
0223;14
0224;20
0225;16
0226;11
0227;19
0228;17
0229;16
0301;32
0302;12
0303;19
0304;16
0305;10
0306;12
0307;13
0308;12
0309;10
0310;17
0311;13
0312;10
0313;12
0314;18
0315;16
0316;15
0317;12
0318;19
0319;13
0320;16
0321;18
0322;23
0323;7
0324;12
0325;7
0326;16
0327;23
0328;14
0329;12
0330;13
0331;8
0401;14
0402;11
0403;22
0404;12
0405;16
0406;9
0407;20
0408;12
0409;12
0410;19
0411;18
0412;11
0413;14
0414;9
0415;18
0416;20
0417;22
0418;13
0419;8
0420;17
0421;16
0422;11
0423;15
0424;20
0425;12
0426;13
0427;15
0428;8
0429;19
0430;13
0501;13
0502;12
0503;23
0504;18
0505;19
0506;17
0507;13
0508;17
0509;11
0510;21
0511;14
0512;17
0513;8
0514;12
0515;12
0516;9
0517;13
0518;15
0519;7
0520;23
0521;20
0522;9
0523;11
0524;12
0525;10
0526;17
0527;16
0528;10
0529;18
0530;15
0531;6
0601;12
0602;19
0603;9
0604;12
0605;14
0606;13
0607;10
0608;15
0609;13
0610;15
0611;11
0612;20
0613;9
0614;15
0615;16
0616;13
0617;8
0618;15
0619;15
0620;13
0621;16
0622;14
0623;7
0624;17
0625;16
0626;20
0627;11
0628;18
0629;16
0630;23
0701;12
0702;15
0703;16
0704;11
0705;11
0706;21
0707;18
0708;12
0709;15
0710;13
0711;11
0712;19
0713;10
0714;14
0715;8
0716;11
0717;20
0718;13
0719;9
0720;10
0721;10
0722;8
0723;10
0724;15
0725;11
0726;10
0727;16
0728;17
0729;10
0730;8
0731;14
0801;10
0802;8
0803;14
0804;8
0805;10
0806;12
0807;12
0808;10
0809;12
0810;8
0811;16
0812;11
0813;12
0814;12
0815;10
0816;10
0817;11
0818;6
0819;7
0820;6
0821;14
0822;21
0823;22
0824;9
0825;6
0826;16
0827;5
0828;11
0829;14
0830;9
0831;8
0901;9
0902;13
0903;14
0904;18
0905;20
0906;13
0907;11
0908;6
0909;9
0910;6
0911;10
0912;8
0913;15
0914;19
0915;14
0916;13
0917;11
0918;16
0919;14
0920;17
0921;15
0922;15
0923;15
0924;15
0925;12
0926;8
0927;9
0928;16
0929;14
0930;17
1001;11
1002;9
1003;11
1004;14
1005;9
1006;16
1007;10
1008;19
1009;12
1010;15
1011;10
1012;12
1013;17
1014;14
1015;18
1016;21
1017;16
1018;19
1019;18
1020;14
1021;9
1022;14
1023;13
1024;13
1025;11
1026;10
1027;7
1028;11
1029;18
1030;18
1031;15
1101;20
1102;9
1103;16
1104;13
1105;16
1106;11
1107;16
1108;17
1109;10
1110;12
1111;15
1112;6
1113;14
1114;14
1115;14
1116;14
1117;19
1118;12
1119;14
1120;9
1121;10
1122;16
1123;12
1124;20
1125;8
1126;21
1127;13
1128;17
1129;9
1130;12
1201;11
1202;11
1203;17
1204;19
1205;18
1206;12
1207;10
1208;16
1209;16
1210;14
1211;10
1212;20
1213;24
1214;19
1215;13
1216;14
1217;15
1218;17
1219;21
1220;18
1221;19
1222;15
1223;20
1224;21
1225;15
1226;11
1227;16
1228;11
1229;21
1230;14
1231;23
