0101;19
0102;11
0103;14
0104;24
0105;24
0106;21
0107;20
0108;18
0109;17
0110;20
0111;17
0112;15
0113;24
0114;15
0115;15
0116;12
0117;19
0118;14
0119;17
0120;14
0121;17
0122;16
0123;21
0124;20
0125;13
0126;16
0127;21
0128;16
0129;26
0130;11
0131;17
0201;13
0202;19
0203;23
0204;18
0205;17
0206;15
0207;17
0208;19
0209;18
0210;28
0211;18
0212;18
0213;19
0214;26
0215;18
0216;27
0217;20
0218;21
0219;16
0220;30
0221;20
0222;10
0223;25
0224;16
0225;23
0226;15
0227;19
0228;24
0229;14
0301;24
0302;24
0303;20
0304;24
0305;26
0306;14
0307;12
0308;20
0309;18
0310;19
0311;20
0312;23
0313;17
0314;21
0315;23
0316;23
0317;11
0318;26
0319;26
0320;22
0321;15
0322;21
0323;19
0324;18
0325;19
0326;25
0327;24
0328;15
0329;13
0330;12
0331;16
0401;21
0402;17
0403;18
0404;11
0405;17
0406;18
0407;21
0408;18
0409;20
0410;18
0411;17
0412;23
0413;24
0414;15
0415;17
0416;19
0417;20
0418;19
0419;15
0420;19
0421;18
0422;14
0423;16
0424;17
0425;13
0426;17
0427;16
0428;20
0429;23
0430;18
0501;21
0502;12
0503;17
0504;16
0505;17
0506;22
0507;14
0508;18
0509;23
0510;19
0511;13
0512;17
0513;13
0514;14
0515;9
0516;12
0517;21
0518;23
0519;15
0520;11
0521;16
0522;13
0523;13
0524;22
0525;16
0526;12
0527;18
0528;15
0529;16
0530;14
0531;17
0601;16
0602;18
0603;12
0604;13
0605;13
0606;11
0607;24
0608;17
0609;12
0610;14
0611;14
0612;15
0613;15
0614;21
0615;13
0616;12
0617;13
0618;17
0619;20
0620;14
0621;14
0622;14
0623;13
0624;16
0625;16
0626;7
0627;18
0628;12
0629;17
0630;17
0701;14
0702;15
0703;10
0704;16
0705;20
0706;16
0707;15
0708;18
0709;14
0710;20
0711;21
0712;17
0713;16
0714;15
0715;11
0716;19
0717;12
0718;15
0719;21
0720;12
0721;13
0722;9
0723;21
0724;9
0725;8
0726;15
0727;12
0728;14
0729;13
0730;11
0731;14
0801;14
0802;15
0803;22
0804;13
0805;17
0806;9
0807;14
0808;12
0809;13
0810;12
0811;16
0812;15
0813;13
0814;16
0815;12
0816;10
0817;10
0818;18
0819;13
0820;14
0821;10
0822;25
0823;12
0824;19
0825;19
0826;13
0827;10
0828;12
0829;14
0830;16
0831;9
0901;15
0902;9
0903;19
0904;20
0905;9
0906;15
0907;10
0908;12
0909;17
0910;12
0911;20
0912;19
0913;15
0914;13
0915;7
0916;25
0917;17
0918;17
0919;14
0920;12
0921;13
0922;16
0923;12
0924;8
0925;12
0926;19
0927;19
0928;23
0929;18
0930;12
1001;10
1002;13
1003;17
1004;15
1005;12
1006;20
1007;15
1008;11
1009;15
1010;23
1011;12
1012;18
1013;19
1014;15
1015;14
1016;14
1017;12
1018;20
1019;17
1020;24
1021;12
1022;21
1023;15
1024;12
1025;13
1026;14
1027;22
1028;14
1029;20
1030;9
1031;18
1101;15
1102;16
1103;13
1104;16
1105;16
1106;21
1107;14
1108;12
1109;13
1110;15
1111;14
1112;14
1113;15
1114;14
1115;10
1116;11
1117;17
1118;12
1119;15
1120;16
1121;14
1122;16
1123;14
1124;17
1125;16
1126;17
1127;16
1128;16
1129;23
1130;25
1201;22
1202;14
1203;20
1204;14
1205;18
1206;11
1207;21
1208;18
1209;16
1210;16
1211;18
1212;19
1213;9
1214;19
1215;18
1216;21
1217;19
1218;23
1219;19
1220;21
1221;18
1222;15
1223;21
1224;12
1225;21
1226;19
1227;19
1228;28
1229;23
1230;19
1231;15
