0101;24
0102;25
0103;19
0104;27
0105;20
0106;22
0107;24
0108;19
0109;14
0110;19
0111;18
0112;22
0113;28
0114;26
0115;25
0116;25
0117;23
0118;22
0119;19
0120;31
0121;19
0122;23
0123;24
0124;17
0125;22
0126;24
0127;24
0128;15
0129;14
0130;19
0131;14
0201;30
0202;21
0203;26
0204;22
0205;18
0206;21
0207;31
0208;21
0209;23
0210;22
0211;27
0212;14
0213;20
0214;19
0215;26
0216;28
0217;19
0218;22
0219;25
0220;19
0221;24
0222;14
0223;23
0224;19
0225;21
0226;28
0227;21
0228;23
0229;26
0301;25
0302;27
0303;19
0304;14
0305;22
0306;26
0307;18
0308;30
0309;28
0310;27
0311;20
0312;29
0313;24
0314;26
0315;27
0316;25
0317;12
0318;27
0319;21
0320;25
0321;24
0322;31
0323;27
0324;14
0325;21
0326;24
0327;11
0328;16
0329;29
0330;28
0331;21
0401;26
0402;27
0403;29
0404;21
0405;23
0406;26
0407;20
0408;22
0409;25
0410;22
0411;27
0412;21
0413;27
0414;19
0415;22
0416;16
0417;23
0418;15
0419;24
0420;16
0421;26
0422;18
0423;23
0424;21
0425;19
0426;14
0427;14
0428;18
0429;11
0430;28
0501;20
0502;29
0503;18
0504;22
0505;17
0506;23
0507;20
0508;16
0509;22
0510;19
0511;15
0512;19
0513;17
0514;14
0515;19
0516;13
0517;11
0518;15
0519;18
0520;21
0521;19
0522;22
0523;31
0524;20
0525;18
0526;16
0527;17
0528;27
0529;17
0530;17
0531;24
0601;19
0602;20
0603;17
0604;15
0605;18
0606;18
0607;22
0608;30
0609;28
0610;21
0611;19
0612;14
0613;12
0614;15
0615;22
0616;18
0617;13
0618;21
0619;31
0620;14
0621;31
0622;22
0623;24
0624;19
0625;30
0626;27
0627;35
0628;31
0629;49
0630;45
0701;46
0702;37
0703;34
0704;31
0705;33
0706;21
0707;24
0708;25
0709;25
0710;20
0711;29
0712;16
0713;23
0714;17
0715;20
0716;16
0717;18
0718;18
0719;17
0720;23
0721;19
0722;19
0723;25
0724;17
0725;23
0726;17
0727;26
0728;14
0729;18
0730;21
0731;18
0801;14
0802;17
0803;18
0804;14
0805;16
0806;21
0807;24
0808;15
0809;19
0810;28
0811;19
0812;13
0813;25
0814;14
0815;25
0816;24
0817;19
0818;21
0819;19
0820;29
0821;33
0822;25
0823;16
0824;25
0825;21
0826;19
0827;17
0828;14
0829;17
0830;21
0831;15
0901;22
0902;17
0903;15
0904;22
0905;14
0906;16
0907;23
0908;23
0909;27
0910;21
0911;27
0912;14
0913;23
0914;21
0915;25
0916;19
0917;19
0918;25
0919;22
0920;12
0921;20
0922;20
0923;25
0924;26
0925;26
0926;18
0927;25
0928;14
0929;23
0930;12
1001;21
1002;20
1003;23
1004;19
1005;23
1006;19
1007;19
1008;21
1009;28
1010;18
1011;21
1012;22
1013;12
1014;20
1015;30
1016;15
1017;22
1018;22
1019;15
1020;28
1021;20
1022;26
1023;24
1024;13
1025;25
1026;25
1027;17
1028;24
1029;22
1030;25
1031;18
1101;26
1102;19
1103;21
1104;21
1105;20
1106;21
1107;22
1108;20
1109;19
1110;24
1111;23
1112;23
1113;12
1114;22
1115;23
1116;11
1117;40
1118;18
1119;21
1120;20
1121;19
1122;14
1123;14
1124;24
1125;24
1126;24
1127;21
1128;32
1129;23
1130;28
1201;19
1202;36
1203;18
1204;18
1205;28
1206;23
1207;20
1208;20
1209;19
1210;24
1211;27
1212;18
1213;17
1214;19
1215;21
1216;25
1217;29
1218;17
1219;18
1220;24
1221;19
1222;34
1223;28
1224;22
1225;29
1226;21
1227;31
1228;29
1229;22
1230;32
1231;35
