0101;34
0102;47
0103;35
0104;38
0105;45
0106;34
0107;26
0108;36
0109;30
0110;32
0111;30
0112;34
0113;29
0114;25
0115;31
0116;36
0117;32
0118;33
0119;24
0120;34
0121;30
0122;31
0123;32
0124;28
0125;26
0126;49
0127;35
0128;31
0129;38
0130;38
0131;39
0201;44
0202;43
0203;29
0204;35
0205;41
0206;38
0207;39
0208;36
0209;31
0210;38
0211;34
0212;42
0213;39
0214;47
0215;37
0216;41
0217;35
0218;39
0219;34
0220;43
0221;38
0222;37
0223;48
0224;37
0225;33
0226;42
0227;45
0228;43
0229;37
0301;36
0302;30
0303;27
0304;40
0305;34
0306;43
0307;45
0308;31
0309;39
0310;38
0311;35
0312;42
0313;36
0314;48
0315;38
0316;46
0317;35
0318;33
0319;36
0320;38
0321;36
0322;46
0323;38
0324;31
0325;45
0326;52
0327;34
0328;38
0329;32
0330;41
0331;28
0401;35
0402;39
0403;32
0404;37
0405;42
0406;31
0407;33
0408;37
0409;40
0410;24
0411;41
0412;31
0413;30
0414;32
0415;34
0416;28
0417;31
0418;16
0419;32
0420;34
0421;31
0422;35
0423;18
0424;34
0425;25
0426;29
0427;33
0428;22
0429;22
0430;28
0501;34
0502;39
0503;35
0504;38
0505;37
0506;31
0507;37
0508;43
0509;25
0510;36
0511;24
0512;32
0513;27
0514;30
0515;33
0516;37
0517;28
0518;46
0519;24
0520;36
0521;35
0522;31
0523;30
0524;35
0525;27
0526;27
0527;21
0528;26
0529;37
0530;41
0531;25
0601;27
0602;26
0603;25
0604;22
0605;37
0606;36
0607;30
0608;32
0609;33
0610;20
0611;27
0612;33
0613;32
0614;31
0615;21
0616;20
0617;23
0618;28
0619;33
0620;23
0621;32
0622;21
0623;35
0624;35
0625;41
0626;24
0627;37
0628;39
0629;41
0630;42
0701;41
0702;34
0703;42
0704;45
0705;44
0706;48
0707;47
0708;35
0709;30
0710;31
0711;46
0712;27
0713;36
0714;29
0715;28
0716;27
0717;27
0718;28
0719;31
0720;33
0721;20
0722;20
0723;27
0724;26
0725;26
0726;26
0727;24
0728;23
0729;28
0730;26
0731;36
0801;30
0802;26
0803;27
0804;31
0805;30
0806;37
0807;38
0808;33
0809;21
0810;44
0811;40
0812;30
0813;35
0814;45
0815;35
0816;29
0817;35
0818;27
0819;16
0820;25
0821;31
0822;25
0823;29
0824;22
0825;27
0826;31
0827;31
0828;24
0829;30
0830;30
0831;29
0901;28
0902;27
0903;21
0904;37
0905;35
0906;32
0907;30
0908;29
0909;28
0910;37
0911;25
0912;31
0913;29
0914;22
0915;30
0916;27
0917;24
0918;29
0919;28
0920;37
0921;32
0922;24
0923;28
0924;33
0925;28
0926;28
0927;27
0928;26
0929;28
0930;36
1001;26
1002;27
1003;39
1004;28
1005;31
1006;22
1007;33
1008;35
1009;32
1010;27
1011;33
1012;22
1013;28
1014;24
1015;34
1016;28
1017;23
1018;33
1019;38
1020;31
1021;26
1022;23
1023;27
1024;24
1025;20
1026;36
1027;34
1028;33
1029;24
1030;38
1031;35
1101;38
1102;27
1103;32
1104;38
1105;34
1106;27
1107;37
1108;40
1109;18
1110;29
1111;27
1112;35
1113;23
1114;38
1115;32
1116;23
1117;29
1118;21
1119;39
1120;33
1121;27
1122;32
1123;36
1124;33
1125;38
1126;37
1127;35
1128;31
1129;29
1130;34
1201;42
1202;31
1203;36
1204;27
1205;31
1206;45
1207;37
1208;32
1209;29
1210;40
1211;29
1212;36
1213;34
1214;32
1215;24
1216;27
1217;26
1218;43
1219;32
1220;26
1221;33
1222;29
1223;35
1224;39
1225;39
1226;26
1227;47
1228;31
1229;26
1230;33
1231;42
