0101;14
0102;17
0103;15
0104;12
0105;14
0106;18
0107;16
0108;17
0109;10
0110;10
0111;12
0112;19
0113;19
0114;16
0115;15
0116;17
0117;9
0118;16
0119;14
0120;12
0121;26
0122;14
0123;15
0124;17
0125;17
0126;9
0127;10
0128;16
0129;13
0130;13
0131;19
0201;17
0202;18
0203;12
0204;15
0205;14
0206;14
0207;16
0208;14
0209;12
0210;11
0211;11
0212;18
0213;13
0214;17
0215;11
0216;17
0217;14
0218;14
0219;21
0220;17
0221;19
0222;10
0223;13
0224;18
0225;27
0226;7
0227;13
0228;26
0229;18
0301;18
0302;17
0303;22
0304;17
0305;15
0306;17
0307;14
0308;18
0309;10
0310;16
0311;18
0312;15
0313;16
0314;30
0315;23
0316;18
0317;16
0318;23
0319;20
0320;15
0321;20
0322;17
0323;18
0324;18
0325;16
0326;21
0327;18
0328;18
0329;20
0330;19
0331;11
0401;21
0402;18
0403;20
0404;16
0405;16
0406;12
0407;19
0408;9
0409;7
0410;14
0411;20
0412;25
0413;15
0414;14
0415;13
0416;17
0417;15
0418;12
0419;14
0420;16
0421;18
0422;15
0423;16
0424;12
0425;9
0426;17
0427;11
0428;17
0429;19
0430;17
0501;15
0502;18
0503;15
0504;14
0505;14
0506;18
0507;20
0508;15
0509;17
0510;12
0511;10
0512;11
0513;11
0514;17
0515;12
0516;9
0517;11
0518;11
0519;12
0520;12
0521;13
0522;18
0523;15
0524;19
0525;16
0526;7
0527;9
0528;16
0529;12
0530;10
0531;12
0601;18
0602;13
0603;8
0604;10
0605;14
0606;14
0607;15
0608;12
0609;11
0610;14
0611;15
0612;11
0613;21
0614;15
0615;10
0616;8
0617;15
0618;18
0619;20
0620;16
0621;13
0622;17
0623;12
0624;13
0625;15
0626;10
0627;20
0628;17
0629;8
0630;19
0701;22
0702;26
0703;20
0704;6
0705;10
0706;22
0707;11
0708;17
0709;15
0710;13
0711;16
0712;15
0713;12
0714;10
0715;21
0716;17
0717;16
0718;20
0719;13
0720;9
0721;11
0722;12
0723;9
0724;12
0725;17
0726;14
0727;13
0728;13
0729;17
0730;15
0731;10
0801;14
0802;13
0803;14
0804;18
0805;16
0806;15
0807;10
0808;8
0809;9
0810;18
0811;16
0812;17
0813;10
0814;11
0815;11
0816;10
0817;18
0818;14
0819;13
0820;19
0821;14
0822;9
0823;11
0824;12
0825;10
0826;10
0827;12
0828;19
0829;12
0830;13
0831;15
0901;12
0902;11
0903;14
0904;11
0905;15
0906;6
0907;18
0908;17
0909;9
0910;12
0911;11
0912;10
0913;8
0914;16
0915;15
0916;20
0917;19
0918;13
0919;15
0920;13
0921;12
0922;20
0923;12
0924;7
0925;10
0926;13
0927;27
0928;12
0929;15
0930;15
1001;12
1002;22
1003;13
1004;15
1005;15
1006;13
1007;9
1008;14
1009;7
1010;14
1011;16
1012;11
1013;14
1014;12
1015;9
1016;13
1017;12
1018;14
1019;12
1020;8
1021;6
1022;14
1023;15
1024;14
1025;15
1026;19
1027;12
1028;15
1029;14
1030;15
1031;13
1101;14
1102;10
1103;14
1104;19
1105;14
1106;11
1107;16
1108;14
1109;14
1110;22
1111;16
1112;16
1113;14
1114;12
1115;16
1116;10
1117;16
1118;13
1119;18
1120;9
1121;17
1122;19
1123;14
1124;18
1125;18
1126;12
1127;15
1128;13
1129;19
1130;11
1201;18
1202;19
1203;16
1204;11
1205;15
1206;14
1207;11
1208;10
1209;17
1210;18
1211;16
1212;15
1213;15
1214;10
1215;15
1216;21
1217;13
1218;20
1219;18
1220;15
1221;23
1222;18
1223;15
1224;16
1225;12
1226;17
1227;11
1228;16
1229;16
1230;12
1231;20
