0101;27
0102;35
0103;27
0104;32
0105;27
0106;24
0107;39
0108;26
0109;33
0110;39
0111;24
0112;30
0113;29
0114;23
0115;33
0116;29
0117;25
0118;30
0119;28
0120;23
0121;25
0122;27
0123;29
0124;18
0125;27
0126;32
0127;26
0128;26
0129;31
0130;32
0131;39
0201;22
0202;29
0203;26
0204;36
0205;26
0206;26
0207;22
0208;23
0209;27
0210;28
0211;33
0212;20
0213;25
0214;26
0215;18
0216;30
0217;29
0218;29
0219;38
0220;28
0221;29
0222;40
0223;37
0224;32
0225;23
0226;33
0227;20
0228;34
0229;36
0301;25
0302;25
0303;28
0304;20
0305;25
0306;26
0307;22
0308;26
0309;25
0310;20
0311;21
0312;33
0313;32
0314;33
0315;35
0316;28
0317;30
0318;32
0319;37
0320;29
0321;36
0322;25
0323;24
0324;33
0325;34
0326;30
0327;27
0328;32
0329;35
0330;36
0331;29
0401;35
0402;32
0403;24
0404;34
0405;20
0406;28
0407;23
0408;25
0409;35
0410;19
0411;31
0412;29
0413;19
0414;26
0415;32
0416;18
0417;23
0418;21
0419;19
0420;31
0421;26
0422;35
0423;23
0424;25
0425;27
0426;21
0427;22
0428;27
0429;23
0430;24
0501;22
0502;24
0503;29
0504;37
0505;28
0506;17
0507;24
0508;39
0509;29
0510;29
0511;27
0512;37
0513;23
0514;22
0515;23
0516;21
0517;26
0518;25
0519;32
0520;26
0521;22
0522;31
0523;27
0524;16
0525;23
0526;24
0527;24
0528;17
0529;10
0530;31
0531;17
0601;22
0602;20
0603;26
0604;24
0605;32
0606;20
0607;19
0608;24
0609;28
0610;22
0611;26
0612;26
0613;29
0614;27
0615;20
0616;33
0617;29
0618;19
0619;19
0620;30
0621;25
0622;26
0623;27
0624;31
0625;30
0626;40
0627;30
0628;24
0629;30
0630;28
0701;26
0702;31
0703;22
0704;29
0705;19
0706;21
0707;27
0708;31
0709;18
0710;14
0711;19
0712;25
0713;12
0714;28
0715;25
0716;25
0717;20
0718;20
0719;29
0720;13
0721;24
0722;16
0723;26
0724;27
0725;28
0726;21
0727;25
0728;19
0729;29
0730;15
0731;20
0801;21
0802;29
0803;38
0804;17
0805;20
0806;19
0807;24
0808;21
0809;27
0810;22
0811;21
0812;23
0813;22
0814;23
0815;22
0816;22
0817;18
0818;21
0819;20
0820;22
0821;22
0822;26
0823;21
0824;23
0825;20
0826;24
0827;27
0828;24
0829;29
0830;24
0831;27
0901;12
0902;19
0903;28
0904;19
0905;20
0906;19
0907;19
0908;13
0909;22
0910;28
0911;25
0912;24
0913;20
0914;30
0915;25
0916;22
0917;27
0918;22
0919;19
0920;24
0921;24
0922;31
0923;30
0924;36
0925;25
0926;26
0927;22
0928;27
0929;32
0930;15
1001;32
1002;27
1003;22
1004;29
1005;18
1006;27
1007;20
1008;20
1009;28
1010;26
1011;26
1012;29
1013;29
1014;24
1015;29
1016;19
1017;20
1018;22
1019;27
1020;23
1021;24
1022;27
1023;20
1024;27
1025;27
1026;37
1027;27
1028;30
1029;21
1030;30
1031;23
1101;28
1102;29
1103;27
1104;23
1105;23
1106;24
1107;29
1108;27
1109;28
1110;29
1111;26
1112;29
1113;22
1114;30
1115;20
1116;26
1117;23
1118;24
1119;32
1120;30
1121;27
1122;29
1123;24
1124;26
1125;30
1126;20
1127;31
1128;27
1129;27
1130;29
1201;24
1202;21
1203;27
1204;27
1205;30
1206;29
1207;27
1208;27
1209;23
1210;17
1211;33
1212;26
1213;27
1214;32
1215;26
1216;28
1217;22
1218;22
1219;26
1220;25
1221;37
1222;26
1223;26
1224;24
1225;27
1226;26
1227;24
1228;34
1229;25
1230;27
1231;26
