0101;20
0102;11
0103;20
0104;16
0105;21
0106;15
0107;14
0108;14
0109;18
0110;12
0111;17
0112;20
0113;11
0114;14
0115;11
0116;16
0117;17
0118;15
0119;20
0120;15
0121;14
0122;13
0123;14
0124;18
0125;15
0126;32
0127;10
0128;18
0129;11
0130;10
0131;7
0201;13
0202;20
0203;17
0204;21
0205;10
0206;17
0207;10
0208;18
0209;17
0210;18
0211;13
0212;22
0213;16
0214;20
0215;15
0216;27
0217;19
0218;9
0219;18
0220;17
0221;15
0222;16
0223;13
0224;15
0225;20
0226;16
0227;14
0228;17
0229;16
0301;18
0302;21
0303;20
0304;9
0305;11
0306;14
0307;20
0308;12
0309;15
0310;15
0311;17
0312;27
0313;13
0314;19
0315;12
0316;24
0317;18
0318;11
0319;14
0320;14
0321;9
0322;17
0323;21
0324;17
0325;13
0326;16
0327;22
0328;15
0329;16
0330;20
0331;13
0401;18
0402;15
0403;20
0404;12
0405;16
0406;18
0407;9
0408;18
0409;7
0410;14
0411;16
0412;13
0413;13
0414;13
0415;15
0416;23
0417;12
0418;14
0419;17
0420;14
0421;11
0422;23
0423;15
0424;17
0425;14
0426;12
0427;17
0428;13
0429;13
0430;15
0501;11
0502;9
0503;11
0504;18
0505;17
0506;16
0507;14
0508;16
0509;21
0510;14
0511;10
0512;9
0513;13
0514;14
0515;14
0516;14
0517;10
0518;14
0519;8
0520;9
0521;9
0522;15
0523;10
0524;17
0525;10
0526;13
0527;9
0528;11
0529;18
0530;12
0531;13
0601;15
0602;11
0603;15
0604;15
0605;11
0606;14
0607;21
0608;13
0609;15
0610;14
0611;13
0612;11
0613;21
0614;11
0615;9
0616;14
0617;9
0618;16
0619;11
0620;13
0621;9
0622;16
0623;19
0624;11
0625;15
0626;14
0627;18
0628;11
0629;12
0630;20
0701;20
0702;6
0703;8
0704;11
0705;13
0706;17
0707;19
0708;13
0709;11
0710;6
0711;13
0712;17
0713;11
0714;14
0715;12
0716;19
0717;15
0718;7
0719;18
0720;13
0721;15
0722;15
0723;15
0724;10
0725;10
0726;19
0727;17
0728;11
0729;14
0730;22
0731;18
0801;11
0802;11
0803;13
0804;10
0805;10
0806;17
0807;18
0808;9
0809;17
0810;11
0811;12
0812;13
0813;12
0814;13
0815;9
0816;18
0817;13
0818;10
0819;12
0820;17
0821;15
0822;16
0823;22
0824;15
0825;7
0826;17
0827;20
0828;8
0829;21
0830;16
0831;14
0901;12
0902;15
0903;9
0904;14
0905;13
0906;7
0907;9
0908;21
0909;15
0910;17
0911;17
0912;7
0913;18
0914;12
0915;15
0916;15
0917;18
0918;12
0919;13
0920;12
0921;7
0922;11
0923;9
0924;9
0925;17
0926;18
0927;18
0928;8
0929;7
0930;16
1001;10
1002;15
1003;12
1004;17
1005;17
1006;10
1007;8
1008;12
1009;13
1010;16
1011;18
1012;17
1013;10
1014;11
1015;12
1016;15
1017;10
1018;15
1019;11
1020;22
1021;16
1022;8
1023;19
1024;19
1025;11
1026;11
1027;18
1028;12
1029;15
1030;14
1031;17
1101;16
1102;10
1103;6
1104;23
1105;21
1106;16
1107;11
1108;12
1109;7
1110;12
1111;18
1112;14
1113;8
1114;12
1115;11
1116;16
1117;13
1118;13
1119;15
1120;10
1121;19
1122;18
1123;16
1124;11
1125;15
1126;14
1127;12
1128;14
1129;16
1130;14
1201;9
1202;14
1203;12
1204;17
1205;12
1206;10
1207;10
1208;14
1209;15
1210;14
1211;9
1212;19
1213;20
1214;13
1215;10
1216;22
1217;13
1218;21
1219;22
1220;11
1221;21
1222;13
1223;19
1224;9
1225;14
1226;16
1227;13
1228;15
1229;16
1230;10
1231;20
