0101;16
0102;13
0103;13
0104;16
0105;14
0106;19
0107;10
0108;12
0109;13
0110;14
0111;13
0112;15
0113;19
0114;25
0115;12
0116;19
0117;8
0118;23
0119;14
0120;15
0121;12
0122;14
0123;16
0124;29
0125;17
0126;13
0127;9
0128;13
0129;13
0130;10
0131;16
0201;11
0202;12
0203;15
0204;10
0205;17
0206;15
0207;13
0208;13
0209;9
0210;12
0211;16
0212;18
0213;14
0214;16
0215;19
0216;23
0217;29
0218;24
0219;19
0220;15
0221;19
0222;21
0223;14
0224;25
0225;16
0226;14
0227;13
0228;13
0229;10
0301;8
0302;11
0303;18
0304;10
0305;19
0306;14
0307;21
0308;24
0309;23
0310;12
0311;28
0312;17
0313;8
0314;11
0315;14
0316;17
0317;15
0318;13
0319;18
0320;13
0321;17
0322;11
0323;19
0324;18
0325;12
0326;15
0327;12
0328;13
0329;16
0330;21
0331;15
0401;11
0402;19
0403;15
0404;17
0405;11
0406;17
0407;13
0408;12
0409;13
0410;12
0411;7
0412;12
0413;15
0414;13
0415;15
0416;18
0417;9
0418;13
0419;17
0420;14
0421;7
0422;12
0423;16
0424;18
0425;15
0426;20
0427;22
0428;9
0429;13
0430;16
0501;15
0502;9
0503;13
0504;9
0505;14
0506;18
0507;8
0508;13
0509;14
0510;18
0511;15
0512;16
0513;11
0514;14
0515;13
0516;14
0517;7
0518;9
0519;11
0520;22
0521;6
0522;12
0523;19
0524;15
0525;14
0526;11
0527;14
0528;12
0529;11
0530;9
0531;12
0601;17
0602;16
0603;12
0604;15
0605;14
0606;13
0607;7
0608;13
0609;10
0610;13
0611;13
0612;12
0613;27
0614;20
0615;9
0616;9
0617;11
0618;11
0619;12
0620;14
0621;7
0622;16
0623;9
0624;17
0625;7
0626;14
0627;21
0628;17
0629;19
0630;24
0701;19
0702;25
0703;30
0704;28
0705;28
0706;21
0707;18
0708;14
0709;22
0710;13
0711;15
0712;8
0713;8
0714;9
0715;10
0716;10
0717;14
0718;17
0719;14
0720;15
0721;17
0722;17
0723;12
0724;10
0725;11
0726;10
0727;7
0728;14
0729;17
0730;12
0731;14
0801;4
0802;12
0803;15
0804;16
0805;14
0806;12
0807;12
0808;14
0809;10
0810;19
0811;8
0812;16
0813;14
0814;11
0815;10
0816;15
0817;20
0818;7
0819;10
0820;18
0821;11
0822;6
0823;11
0824;19
0825;11
0826;12
0827;6
0828;11
0829;19
0830;8
0831;10
0901;7
0902;18
0903;16
0904;18
0905;13
0906;14
0907;9
0908;20
0909;16
0910;11
0911;16
0912;10
0913;16
0914;12
0915;17
0916;12
0917;12
0918;15
0919;15
0920;9
0921;21
0922;17
0923;19
0924;10
0925;8
0926;9
0927;16
0928;12
0929;16
0930;6
1001;9
1002;16
1003;15
1004;18
1005;20
1006;20
1007;15
1008;12
1009;14
1010;11
1011;17
1012;13
1013;17
1014;12
1015;17
1016;14
1017;14
1018;12
1019;14
1020;11
1021;11
1022;28
1023;7
1024;10
1025;11
1026;13
1027;12
1028;17
1029;14
1030;17
1031;15
1101;11
1102;20
1103;14
1104;12
1105;12
1106;18
1107;12
1108;12
1109;14
1110;14
1111;18
1112;20
1113;14
1114;10
1115;14
1116;18
1117;17
1118;13
1119;13
1120;10
1121;12
1122;14
1123;13
1124;15
1125;11
1126;14
1127;16
1128;14
1129;17
1130;17
1201;7
1202;9
1203;14
1204;20
1205;18
1206;13
1207;12
1208;21
1209;13
1210;11
1211;19
1212;11
1213;9
1214;4
1215;17
1216;3
1217;11
1218;18
1219;12
1220;22
1221;15
1222;15
1223;12
1224;11
1225;11
1226;12
1227;15
1228;15
1229;16
1230;17
1231;9
