0101;9
0102;6
0103;8
0104;3
0105;8
0106;7
0107;9
0108;9
0109;10
0110;7
0111;9
0112;8
0113;7
0114;4
0115;7
0116;2
0117;12
0118;7
0119;7
0120;7
0121;10
0122;13
0123;8
0124;9
0125;9
0126;6
0127;8
0128;11
0129;5
0130;7
0131;5
0201;5
0202;3
0203;6
0204;7
0205;12
0206;5
0207;5
0208;9
0209;8
0210;4
0211;6
0212;7
0213;3
0214;5
0215;3
0216;2
0217;7
0218;7
0219;7
0220;7
0221;12
0222;3
0223;2
0224;9
0225;7
0226;6
0227;5
0228;3
0229;8
0301;12
0302;3
0303;4
0304;8
0305;10
0306;4
0307;12
0308;7
0309;9
0310;9
0311;5
0312;10
0313;13
0314;7
0315;8
0316;11
0317;7
0318;3
0319;10
0320;13
0321;6
0322;11
0323;10
0324;5
0325;12
0326;8
0327;8
0328;8
0329;3
0330;5
0331;11
0401;13
0402;9
0403;11
0404;6
0405;4
0406;7
0407;12
0408;13
0409;8
0410;5
0411;7
0412;10
0413;9
0414;10
0415;8
0416;2
0417;6
0418;11
0419;8
0420;12
0421;9
0422;12
0423;7
0424;5
0425;6
0426;5
0427;3
0428;5
0429;12
0430;12
0501;8
0502;11
0503;5
0504;9
0505;4
0506;8
0507;4
0508;6
0509;3
0510;10
0511;6
0512;6
0513;2
0514;7
0515;5
0516;7
0517;7
0518;6
0519;3
0520;15
0521;7
0522;4
0523;6
0524;12
0525;9
0526;8
0527;2
0528;13
0529;4
0530;6
0531;10
0601;6
0602;10
0603;7
0604;6
0605;3
0606;6
0607;2
0608;11
0609;8
0610;5
0611;6
0612;3
0613;5
0614;8
0615;6
0616;7
0617;6
0618;15
0619;9
0620;10
0621;7
0622;10
0623;9
0624;6
0625;6
0626;4
0627;7
0628;1
0629;6
0630;8
0701;6
0702;9
0703;5
0704;5
0705;6
0706;5
0707;4
0708;8
0709;8
0710;7
0711;8
0712;6
0713;7
0714;9
0715;8
0716;7
0717;7
0718;3
0719;11
0720;7
0721;6
0722;9
0723;7
0724;4
0725;6
0726;8
0728;5
0729;7
0730;10
0731;10
0801;5
0802;8
0803;2
0804;9
0805;11
0806;4
0807;6
0808;10
0809;4
0810;3
0811;7
0812;5
0813;2
0814;8
0815;8
0816;9
0817;6
0818;9
0819;4
0820;6
0821;3
0822;5
0823;6
0824;12
0825;3
0826;7
0827;3
0828;5
0829;9
0830;2
0831;3
0901;6
0902;9
0903;9
0904;2
0905;8
0906;9
0907;4
0908;5
0909;8
0910;4
0911;6
0912;5
0913;3
0914;12
0915;8
0916;7
0917;3
0918;3
0919;12
0920;7
0921;4
0922;8
0923;3
0924;3
0925;5
0926;4
0927;6
0928;4
0929;8
0930;11
1001;8
1002;7
1003;4
1004;6
1005;7
1006;7
1007;9
1008;8
1009;7
1010;9
1011;9
1012;6
1013;2
1014;9
1015;5
1016;3
1017;3
1018;9
1019;9
1020;6
1021;10
1022;9
1023;7
1024;8
1025;7
1026;11
1027;3
1028;7
1029;5
1030;6
1031;4
1101;8
1102;5
1103;9
1104;8
1105;7
1106;9
1107;5
1108;6
1109;8
1110;6
1111;7
1112;7
1113;5
1114;7
1115;5
1116;8
1117;5
1118;8
1119;8
1120;6
1121;6
1122;7
1123;12
1124;4
1125;11
1126;6
1127;7
1128;7
1129;12
1130;11
1201;8
1202;6
1203;9
1204;7
1205;9
1206;8
1207;11
1208;8
1209;2
1210;5
1211;7
1212;3
1213;6
1214;9
1215;13
1216;7
1217;9
1218;10
1219;14
1220;8
1221;5
1222;6
1223;13
1224;7
1225;8
1226;7
1227;6
1228;9
1229;6
1230;6
1231;8
