0101;10
0102;12
0103;7
0104;9
0105;7
0106;12
0107;11
0108;10
0109;14
0110;14
0111;10
0112;18
0113;7
0114;5
0115;11
0116;10
0117;9
0118;10
0119;9
0120;10
0121;9
0122;10
0123;8
0124;8
0125;9
0126;11
0127;7
0128;11
0129;9
0130;7
0131;5
0201;10
0202;20
0203;14
0204;11
0205;15
0206;5
0207;12
0208;16
0209;7
0210;17
0211;12
0212;7
0213;13
0214;9
0215;6
0216;6
0217;11
0218;9
0219;13
0220;11
0221;14
0222;9
0223;4
0224;8
0225;10
0226;5
0227;9
0228;10
0229;9
0301;12
0302;7
0303;12
0304;17
0305;6
0306;9
0307;9
0308;12
0309;12
0310;11
0311;11
0312;11
0313;18
0314;10
0315;17
0316;14
0317;11
0318;20
0319;10
0320;14
0321;8
0322;14
0323;11
0324;12
0325;15
0326;6
0327;10
0328;14
0329;11
0330;15
0331;7
0401;10
0402;10
0403;8
0404;15
0405;11
0406;12
0407;12
0408;7
0409;9
0410;9
0411;7
0412;19
0413;8
0414;11
0415;9
0416;7
0417;11
0418;4
0419;13
0420;8
0421;12
0422;14
0423;1
0424;13
0425;10
0426;11
0427;13
0428;11
0429;12
0430;4
0501;8
0502;9
0503;17
0504;10
0505;4
0506;9
0507;9
0508;9
0509;9
0510;9
0511;12
0512;6
0513;8
0514;9
0515;6
0516;10
0517;13
0518;10
0519;8
0520;7
0521;6
0522;9
0523;7
0524;10
0525;6
0526;12
0527;13
0528;8
0529;9
0530;14
0531;5
0601;5
0602;10
0603;10
0604;5
0605;7
0606;8
0607;10
0608;17
0609;8
0610;8
0611;5
0612;12
0613;13
0614;15
0615;9
0616;10
0617;9
0618;9
0619;11
0620;5
0621;7
0622;7
0623;5
0624;11
0625;7
0626;7
0627;8
0628;11
0629;10
0630;10
0701;13
0702;11
0703;11
0704;13
0705;6
0706;10
0707;11
0708;10
0709;7
0710;9
0711;7
0712;10
0713;11
0714;6
0715;12
0716;7
0717;10
0718;5
0719;8
0720;5
0721;8
0722;11
0723;9
0724;8
0725;7
0726;3
0727;7
0728;8
0729;8
0730;9
0731;9
0801;6
0802;7
0803;10
0804;15
0805;7
0806;5
0807;8
0808;13
0809;18
0810;4
0811;8
0812;5
0813;8
0814;10
0815;10
0816;8
0817;5
0818;9
0819;9
0820;14
0821;8
0822;16
0823;8
0824;6
0825;5
0826;9
0827;5
0828;9
0829;8
0830;11
0831;16
0901;7
0902;7
0903;6
0904;7
0905;8
0906;9
0907;8
0908;9
0909;7
0910;14
0911;12
0912;13
0913;7
0914;3
0915;5
0916;7
0917;5
0918;6
0919;7
0920;12
0921;11
0922;12
0923;9
0924;9
0925;5
0926;4
0927;7
0928;10
0929;6
0930;10
1001;5
1002;9
1003;11
1004;9
1005;7
1006;16
1007;8
1008;8
1009;10
1010;12
1011;17
1012;9
1013;9
1014;2
1015;6
1016;9
1017;11
1018;7
1019;6
1020;10
1021;5
1022;16
1023;10
1024;8
1025;8
1026;5
1027;6
1028;10
1029;8
1030;5
1031;12
1101;10
1102;12
1103;8
1104;9
1105;14
1106;13
1107;10
1108;8
1109;8
1110;6
1111;4
1112;7
1113;7
1114;9
1115;8
1116;8
1117;12
1118;12
1119;7
1120;10
1121;7
1122;12
1123;8
1124;12
1125;16
1126;12
1127;9
1128;18
1129;8
1130;7
1201;5
1202;11
1203;11
1204;11
1205;6
1206;15
1207;8
1208;11
1209;14
1210;10
1211;8
1212;10
1213;8
1214;7
1215;11
1216;9
1217;12
1218;5
1219;10
1220;11
1221;11
1222;9
1223;9
1224;6
1225;10
1226;9
1227;7
1228;12
1229;14
1230;12
1231;8
