0101;13
0102;14
0103;9
0104;17
0105;14
0106;13
0107;15
0108;15
0109;17
0110;12
0111;21
0112;6
0113;11
0114;17
0115;15
0116;12
0117;7
0118;8
0119;10
0120;14
0121;12
0122;12
0123;13
0124;9
0125;11
0126;8
0127;14
0128;11
0129;14
0130;8
0131;20
0201;5
0202;17
0203;11
0204;14
0205;17
0206;18
0207;14
0208;13
0209;16
0210;14
0211;13
0212;9
0213;16
0214;13
0215;14
0216;25
0217;13
0218;20
0219;18
0220;18
0221;9
0222;12
0223;15
0224;8
0225;10
0226;18
0227;10
0228;15
0229;21
0301;15
0302;16
0303;15
0304;16
0305;7
0306;18
0307;16
0308;12
0309;27
0310;8
0311;9
0312;12
0313;16
0314;16
0315;16
0316;10
0317;9
0318;18
0319;16
0320;8
0321;8
0322;14
0323;12
0324;12
0325;11
0326;17
0327;11
0328;11
0329;12
0330;11
0331;11
0401;4
0402;13
0403;11
0404;8
0405;10
0406;12
0407;13
0408;14
0409;16
0410;12
0411;12
0412;16
0413;16
0414;15
0415;12
0416;9
0417;14
0418;11
0419;20
0420;7
0421;14
0422;16
0423;11
0424;9
0425;6
0426;9
0427;12
0428;6
0429;13
0430;17
0501;13
0502;11
0503;13
0504;7
0505;13
0506;14
0507;7
0508;18
0509;11
0510;16
0511;14
0512;10
0513;10
0514;12
0515;15
0516;15
0517;8
0518;8
0519;4
0520;23
0521;12
0522;10
0523;11
0524;14
0525;16
0526;5
0527;6
0528;16
0529;19
0530;10
0531;16
0601;10
0602;11
0603;10
0604;17
0605;10
0606;14
0607;10
0608;25
0609;12
0610;12
0611;10
0612;13
0613;8
0614;12
0615;18
0616;10
0617;6
0618;11
0619;12
0620;14
0621;14
0622;16
0623;13
0624;10
0625;16
0626;23
0627;21
0628;10
0629;29
0630;20
0701;20
0702;19
0703;31
0704;9
0705;13
0706;23
0707;23
0708;14
0709;16
0710;12
0711;11
0712;6
0713;8
0714;7
0715;11
0716;9
0717;11
0718;8
0719;9
0720;12
0721;13
0722;10
0723;10
0724;5
0725;11
0726;6
0727;9
0728;8
0729;18
0730;6
0731;7
0801;8
0802;11
0803;14
0804;12
0805;7
0806;8
0807;9
0808;10
0809;17
0810;15
0811;6
0812;12
0813;7
0814;10
0815;10
0816;15
0817;9
0818;8
0819;17
0820;12
0821;10
0822;11
0823;14
0824;18
0825;12
0826;10
0827;16
0828;11
0829;2
0830;11
0831;13
0901;4
0902;15
0903;15
0904;15
0905;8
0906;6
0907;14
0908;6
0909;10
0910;12
0911;9
0912;8
0913;8
0914;11
0915;10
0916;17
0917;15
0918;14
0919;12
0920;8
0921;10
0922;11
0923;6
0924;19
0925;14
0926;17
0927;20
0928;11
0929;11
0930;11
1001;13
1002;9
1003;14
1004;10
1005;12
1006;9
1007;10
1008;8
1009;10
1010;8
1011;11
1012;7
1013;12
1014;10
1015;14
1016;9
1017;13
1018;15
1019;15
1020;5
1021;8
1022;18
1023;7
1024;17
1025;8
1026;11
1027;11
1028;14
1029;6
1030;6
1031;10
1101;7
1102;13
1103;11
1104;16
1105;18
1106;9
1107;15
1108;16
1109;14
1110;19
1111;12
1112;9
1113;7
1114;14
1115;18
1116;13
1117;9
1118;18
1119;11
1120;17
1121;18
1122;4
1123;15
1124;12
1125;7
1126;14
1127;13
1128;13
1129;14
1130;15
1201;10
1202;15
1203;17
1204;16
1205;20
1206;11
1207;12
1208;17
1209;9
1210;16
1211;10
1212;9
1213;9
1214;10
1215;16
1216;9
1217;10
1218;12
1219;12
1220;11
1221;9
1222;12
1223;13
1224;11
1225;11
1226;13
1227;12
1228;16
1229;15
1230;12
1231;11
