0000;1
0101;43
0102;46
0103;51
0104;53
0105;46
0106;47
0107;43
0108;50
0109;34
0110;40
0111;42
0112;43
0113;44
0114;47
0115;39
0116;45
0117;37
0118;57
0119;36
0120;40
0121;50
0122;27
0123;32
0124;42
0125;48
0126;36
0127;35
0128;52
0129;50
0130;29
0131;41
0201;34
0202;50
0203;23
0204;39
0205;38
0206;36
0207;43
0208;43
0209;41
0210;28
0211;32
0212;45
0213;43
0214;41
0215;29
0216;33
0217;36
0218;31
0219;33
0220;44
0221;38
0222;32
0223;43
0224;36
0225;39
0226;34
0227;34
0228;34
0301;35
0302;52
0303;39
0304;38
0305;26
0306;34
0307;49
0308;42
0309;48
0310;39
0311;29
0312;33
0313;33
0314;45
0315;34
0316;35
0317;44
0318;29
0319;27
0320;47
0321;36
0322;42
0323;30
0324;31
0325;37
0326;36
0327;36
0328;43
0329;45
0330;25
0331;27
0401;29
0402;27
0403;32
0404;38
0405;37
0406;31
0407;26
0408;35
0409;28
0410;26
0411;36
0412;25
0413;29
0414;19
0415;32
0416;29
0417;40
0418;28
0419;40
0420;33
0421;27
0422;30
0423;29
0424;41
0425;29
0426;39
0427;34
0428;35
0429;33
0430;36
0501;21
0502;34
0503;40
0504;32
0505;18
0506;38
0507;26
0508;28
0509;29
0510;28
0511;28
0512;32
0513;21
0514;30
0515;22
0516;25
0517;33
0518;28
0519;27
0520;34
0521;41
0522;29
0523;37
0524;39
0525;35
0526;20
0527;20
0528;41
0529;33
0530;22
0531;24
0601;27
0602;32
0603;32
0604;22
0605;25
0606;30
0607;28
0608;37
0609;30
0610;32
0611;30
0612;31
0613;25
0614;33
0615;35
0616;29
0617;27
0618;22
0619;27
0620;24
0621;36
0622;47
0623;17
0624;22
0625;27
0626;36
0627;41
0628;32
0629;31
0630;41
0701;31
0702;36
0703;32
0704;33
0705;36
0706;28
0707;29
0708;20
0709;26
0710;32
0711;35
0712;34
0713;23
0714;27
0715;33
0716;26
0717;38
0718;38
0719;31
0720;31
0721;34
0722;32
0723;26
0724;30
0725;33
0726;34
0727;31
0728;39
0729;28
0730;26
0731;35
0801;41
0802;28
0803;33
0804;38
0805;29
0806;33
0807;34
0808;31
0809;41
0810;32
0811;35
0812;40
0813;24
0814;27
0815;32
0816;32
0817;30
0818;22
0819;37
0820;49
0821;32
0822;40
0823;27
0824;31
0825;33
0826;42
0827;35
0828;36
0829;24
0830;38
0831;37
0901;28
0902;25
0903;22
0904;29
0905;32
0906;29
0907;35
0908;23
0909;31
0910;31
0911;24
0912;35
0913;37
0914;29
0915;19
0916;25
0917;28
0918;24
0919;32
0920;38
0921;34
0922;29
0923;34
0924;36
0925;30
0926;40
0927;27
0928;31
0929;28
0930;35
1001;34
1002;32
1003;30
1004;31
1005;42
1006;31
1007;29
1008;28
1009;44
1010;27
1011;31
1012;25
1013;39
1014;32
1015;19
1016;31
1017;38
1018;30
1019;29
1020;38
1021;34
1022;25
1023;43
1024;33
1025;37
1026;30
1027;26
1028;39
1029;39
1030;33
1031;24
1101;29
1102;29
1103;40
1104;29
1105;27
1106;36
1107;34
1108;36
1109;31
1110;32
1111;46
1112;33
1113;26
1114;30
1115;38
1116;24
1117;27
1118;40
1119;26
1120;31
1121;45
1122;31
1123;45
1124;48
1125;34
1126;35
1127;31
1128;37
1129;27
1130;26
1201;43
1202;39
1203;29
1204;34
1205;43
1206;35
1207;35
1208;30
1209;24
1210;31
1211;24
1212;36
1213;33
1214;23
1215;34
1216;29
1217;33
1218;32
1219;46
1220;35
1221;30
1222;37
1223;27
1224;30
1225;34
1226;42
1227;25
1228;27
1229;37
1230;31
1231;37
