0101;5
0102;9
0103;6
0104;5
0105;3
0106;5
0107;7
0108;6
0109;4
0110;6
0111;6
0112;5
0113;8
0114;8
0115;5
0116;12
0117;5
0118;8
0119;5
0120;6
0121;10
0122;8
0123;3
0124;6
0125;8
0126;6
0127;11
0128;5
0129;5
0130;7
0131;5
0201;5
0202;7
0203;4
0204;2
0205;5
0206;6
0207;3
0208;1
0209;7
0210;5
0211;8
0212;7
0213;5
0214;4
0215;4
0216;7
0217;3
0218;4
0219;8
0220;4
0221;7
0222;8
0223;4
0224;9
0225;5
0226;7
0227;4
0228;4
0301;6
0302;8
0303;4
0304;5
0305;2
0306;6
0307;3
0308;4
0309;5
0310;3
0311;5
0312;11
0313;3
0314;7
0315;1
0316;10
0317;8
0318;2
0319;5
0320;4
0321;7
0322;7
0323;5
0324;7
0325;6
0326;3
0327;4
0328;4
0329;3
0330;6
0331;10
0401;4
0402;2
0403;5
0404;2
0405;4
0406;5
0407;5
0408;3
0409;3
0410;3
0411;4
0412;9
0413;2
0414;5
0415;8
0416;1
0417;7
0418;7
0419;7
0420;7
0421;6
0422;3
0423;6
0424;4
0425;4
0426;7
0427;3
0428;6
0429;5
0430;4
0501;4
0502;6
0503;1
0504;2
0505;3
0506;2
0507;7
0508;5
0509;2
0510;4
0511;3
0512;2
0513;6
0514;4
0515;2
0516;4
0517;6
0518;7
0519;3
0520;4
0521;3
0522;4
0523;4
0524;2
0525;5
0526;1
0527;7
0528;2
0529;4
0530;4
0531;2
0601;6
0602;3
0603;7
0604;2
0605;3
0606;7
0607;6
0608;8
0609;5
0610;6
0611;1
0612;2
0613;6
0614;5
0615;8
0616;2
0617;5
0618;3
0619;5
0620;2
0621;3
0622;5
0623;6
0624;1
0625;2
0626;4
0627;5
0628;3
0629;2
0630;5
0701;6
0702;8
0703;5
0704;4
0705;6
0706;3
0707;7
0708;2
0709;3
0710;8
0711;8
0712;4
0713;1
0714;4
0716;3
0717;7
0718;7
0719;5
0720;3
0721;7
0722;6
0723;2
0724;7
0725;3
0726;4
0727;4
0728;10
0729;3
0730;8
0731;3
0801;1
0802;5
0803;3
0804;4
0805;3
0806;5
0807;5
0808;2
0809;3
0810;6
0811;3
0812;4
0813;5
0814;3
0815;2
0816;5
0817;2
0818;7
0819;3
0820;2
0821;8
0822;9
0823;3
0824;4
0825;3
0826;7
0827;5
0828;3
0829;7
0830;3
0831;3
0901;2
0902;3
0903;7
0904;4
0905;6
0906;4
0907;4
0908;1
0909;9
0910;3
0911;4
0912;3
0913;4
0914;5
0915;1
0916;1
0917;2
0918;5
0919;5
0920;4
0921;6
0922;1
0923;1
0924;2
0925;3
0926;6
0927;5
0928;6
0929;4
0930;4
1001;3
1003;5
1004;3
1005;5
1006;5
1007;3
1008;1
1009;5
1010;7
1011;7
1012;3
1013;7
1014;2
1015;2
1016;4
1017;5
1018;6
1019;4
1020;5
1021;8
1022;4
1023;2
1024;3
1025;4
1026;3
1027;3
1028;5
1029;4
1030;6
1031;7
1101;8
1102;5
1103;9
1104;2
1105;7
1106;7
1107;4
1108;5
1109;8
1110;2
1111;8
1112;5
1113;2
1114;4
1115;3
1116;3
1117;5
1118;4
1119;4
1120;7
1121;3
1122;6
1123;5
1124;3
1125;5
1126;6
1127;6
1128;6
1129;3
1130;4
1201;4
1202;7
1203;2
1204;4
1205;2
1206;5
1207;5
1208;5
1209;5
1210;4
1211;4
1212;6
1213;3
1214;13
1215;1
1216;4
1217;5
1218;1
1219;5
1220;4
1221;2
1222;2
1223;5
1224;4
1225;3
1226;3
1227;2
1228;10
1229;3
1230;4
1231;7
