0101;21
0102;13
0103;8
0104;12
0105;9
0106;19
0107;20
0108;15
0109;17
0110;10
0111;13
0112;7
0113;20
0114;11
0115;16
0116;17
0117;15
0118;9
0119;15
0120;13
0121;8
0122;11
0123;14
0124;14
0125;13
0126;15
0127;11
0128;10
0129;12
0130;13
0131;9
0201;13
0202;19
0203;16
0204;11
0205;16
0206;15
0207;13
0208;17
0209;9
0210;13
0211;16
0212;11
0213;12
0214;9
0215;14
0216;16
0217;8
0218;13
0219;12
0220;11
0221;6
0222;13
0223;12
0224;15
0225;14
0226;14
0227;10
0228;11
0301;13
0302;17
0303;15
0304;21
0305;14
0306;14
0307;10
0308;21
0309;14
0310;22
0311;12
0312;9
0313;19
0314;17
0315;11
0316;15
0317;13
0318;11
0319;13
0320;9
0321;16
0322;14
0323;15
0324;11
0325;10
0326;22
0327;15
0328;8
0329;15
0330;9
0331;14
0401;10
0402;11
0403;14
0404;6
0405;14
0406;14
0407;13
0408;11
0409;14
0410;18
0411;21
0412;14
0413;16
0414;11
0415;14
0416;10
0417;11
0418;5
0419;15
0420;11
0421;17
0422;14
0423;7
0424;7
0425;9
0426;9
0427;10
0428;13
0429;12
0430;18
0501;9
0502;9
0503;9
0504;11
0505;17
0506;12
0507;10
0508;9
0509;9
0510;6
0511;16
0512;8
0513;9
0514;8
0515;9
0516;6
0517;12
0518;7
0519;13
0520;5
0521;10
0522;16
0523;17
0524;8
0525;7
0526;7
0527;13
0528;10
0529;9
0530;6
0531;7
0601;10
0602;17
0603;13
0604;11
0605;16
0606;9
0607;11
0608;12
0609;11
0610;6
0611;9
0612;14
0613;15
0614;9
0615;13
0616;10
0617;10
0618;6
0619;5
0620;10
0621;14
0622;8
0623;13
0624;11
0625;9
0626;11
0627;11
0628;9
0629;9
0630;9
0701;13
0702;14
0703;13
0704;7
0705;10
0706;14
0707;3
0708;11
0709;13
0710;9
0711;10
0712;6
0713;12
0714;3
0715;9
0716;10
0717;15
0718;11
0719;10
0720;7
0721;9
0722;12
0723;11
0724;10
0725;12
0726;9
0727;17
0728;15
0729;11
0730;10
0731;7
0801;14
0802;15
0803;10
0804;12
0805;11
0806;13
0807;8
0808;8
0809;9
0810;13
0811;7
0812;12
0813;10
0814;4
0815;12
0816;8
0817;16
0818;9
0819;12
0820;10
0821;6
0822;10
0823;7
0824;6
0825;11
0826;12
0827;16
0828;7
0829;17
0830;10
0831;11
0901;7
0902;5
0903;10
0904;10
0905;11
0906;13
0907;14
0908;6
0909;8
0910;9
0911;7
0912;7
0913;13
0914;8
0915;9
0916;15
0917;13
0918;6
0919;16
0920;11
0921;10
0922;8
0923;13
0924;3
0925;11
0926;10
0927;3
0928;12
0929;11
0930;10
1001;10
1002;14
1003;11
1004;12
1005;15
1006;10
1007;9
1008;9
1009;11
1010;12
1011;15
1012;11
1013;12
1014;14
1015;9
1016;10
1017;8
1018;18
1019;4
1020;10
1021;13
1022;5
1023;13
1024;14
1025;11
1026;6
1027;18
1028;10
1029;14
1030;9
1031;14
1101;11
1102;11
1103;8
1104;14
1105;12
1106;17
1107;10
1108;17
1109;9
1110;14
1111;6
1112;8
1113;7
1114;13
1115;7
1116;14
1117;12
1118;13
1119;16
1120;13
1121;14
1122;6
1123;13
1124;6
1125;20
1126;7
1127;15
1128;14
1129;16
1130;9
1201;10
1202;8
1203;17
1204;14
1205;4
1206;7
1207;13
1208;7
1209;9
1210;8
1211;10
1212;14
1213;8
1214;10
1215;13
1216;10
1217;10
1218;14
1219;15
1220;10
1221;14
1222;9
1223;12
1224;11
1225;7
1226;11
1227;9
1228;6
1229;10
1230;15
1231;22
