0101;35
0102;33
0103;38
0104;32
0105;31
0106;34
0107;35
0108;41
0109;45
0110;38
0111;26
0112;28
0113;27
0114;36
0115;35
0116;28
0117;39
0118;41
0119;38
0120;34
0121;35
0122;24
0123;38
0124;37
0125;32
0126;29
0127;27
0128;32
0129;34
0130;36
0131;28
0201;25
0202;31
0203;28
0204;43
0205;29
0206;31
0207;28
0208;31
0209;39
0210;35
0211;30
0212;34
0213;32
0214;26
0215;28
0216;27
0217;37
0218;26
0219;43
0220;37
0221;39
0222;32
0223;39
0224;28
0225;30
0226;39
0227;27
0228;43
0301;31
0302;48
0303;54
0304;38
0305;35
0306;34
0307;33
0308;48
0309;24
0310;45
0311;40
0312;45
0313;34
0314;39
0315;31
0316;29
0317;34
0318;28
0319;39
0320;33
0321;39
0322;28
0323;38
0324;28
0325;43
0326;21
0327;36
0328;40
0329;30
0330;34
0331;38
0401;32
0402;33
0403;27
0404;25
0405;32
0406;29
0407;30
0408;30
0409;23
0410;30
0411;28
0412;29
0413;23
0414;35
0415;30
0416;36
0417;37
0418;25
0419;21
0420;36
0421;23
0422;27
0423;23
0424;29
0425;26
0426;32
0427;27
0428;31
0429;29
0430;23
0501;33
0502;30
0503;19
0504;39
0505;41
0506;25
0507;34
0508;24
0509;31
0510;30
0511;27
0512;22
0513;21
0514;30
0515;31
0516;28
0517;29
0518;23
0519;37
0520;28
0521;17
0522;26
0523;31
0524;23
0525;24
0526;24
0527;36
0528;25
0529;31
0530;31
0531;22
0601;25
0602;22
0603;29
0604;25
0605;28
0606;26
0607;24
0608;35
0609;28
0610;33
0611;27
0612;21
0613;16
0614;22
0615;35
0616;14
0617;26
0618;29
0619;30
0620;24
0621;23
0622;30
0623;25
0624;25
0625;23
0626;34
0627;35
0628;32
0629;27
0630;26
0701;29
0702;29
0703;33
0704;21
0705;26
0706;29
0707;24
0708;25
0709;34
0710;35
0711;32
0712;31
0713;26
0714;23
0715;28
0716;31
0717;37
0718;17
0719;28
0720;34
0721;31
0722;37
0723;19
0724;29
0725;26
0726;24
0727;27
0728;19
0729;32
0730;24
0731;27
0801;22
0802;17
0803;23
0804;30
0805;18
0806;28
0807;25
0808;23
0809;32
0810;30
0811;36
0812;32
0813;17
0814;26
0815;37
0816;30
0817;22
0818;19
0819;28
0820;25
0821;24
0822;29
0823;27
0824;26
0825;20
0826;26
0827;32
0828;33
0829;20
0830;25
0831;14
0901;29
0902;35
0903;30
0904;30
0905;36
0906;15
0907;21
0908;29
0909;25
0910;25
0911;34
0912;26
0913;34
0914;20
0915;28
0916;33
0917;24
0918;26
0919;23
0920;33
0921;28
0922;29
0923;32
0924;29
0925;27
0926;23
0927;38
0928;25
0929;24
0930;29
1001;24
1002;21
1003;27
1004;33
1005;20
1006;29
1007;30
1008;23
1009;24
1010;39
1011;28
1012;32
1013;26
1014;31
1015;19
1016;27
1017;22
1018;21
1019;23
1020;21
1021;30
1022;34
1023;35
1024;24
1025;31
1026;26
1027;23
1028;30
1029;33
1030;34
1031;45
1101;32
1102;34
1103;30
1104;27
1105;40
1106;28
1107;38
1108;33
1109;29
1110;35
1111;40
1112;40
1113;39
1114;26
1115;34
1116;29
1117;39
1118;22
1119;28
1120;26
1121;30
1122;35
1123;28
1124;29
1125;37
1126;45
1127;33
1128;32
1129;26
1130;27
1201;36
1202;24
1203;28
1204;30
1205;25
1206;25
1207;23
1208;29
1209;27
1210;32
1211;35
1212;32
1213;26
1214;39
1215;27
1216;25
1217;28
1218;32
1219;25
1220;32
1221;32
1222;27
1223;28
1224;37
1225;32
1226;28
1227;43
1228;31
1229;33
1230;31
1231;32
