0101;4
0102;3
0103;3
0104;8
0105;2
0106;10
0107;7
0108;7
0109;3
0110;5
0111;3
0112;6
0113;6
0114;4
0115;4
0116;5
0117;6
0118;5
0119;4
0120;5
0121;5
0122;4
0123;4
0124;5
0125;2
0126;4
0127;1
0128;2
0129;5
0130;7
0131;5
0201;8
0202;5
0203;2
0204;6
0205;5
0206;5
0207;5
0208;7
0209;4
0210;6
0211;4
0212;9
0213;5
0214;2
0215;7
0216;5
0217;3
0218;6
0219;1
0220;2
0221;5
0222;5
0223;1
0224;5
0225;4
0226;7
0227;3
0228;7
0301;7
0302;6
0303;2
0304;3
0305;6
0306;10
0307;6
0308;5
0309;4
0310;3
0311;3
0312;6
0313;5
0314;3
0315;7
0316;5
0317;4
0318;3
0319;5
0320;6
0321;1
0322;4
0323;6
0324;6
0325;6
0326;4
0327;2
0328;5
0329;6
0330;3
0331;4
0401;1
0402;2
0403;4
0404;3
0405;3
0406;2
0407;4
0408;5
0409;1
0410;1
0411;3
0412;4
0413;4
0415;8
0416;2
0417;3
0418;4
0419;2
0421;4
0422;4
0423;3
0424;5
0425;4
0426;2
0427;3
0428;5
0429;5
0430;4
0501;1
0502;6
0503;1
0504;3
0505;4
0506;2
0507;4
0508;8
0509;3
0510;3
0511;1
0512;1
0513;5
0514;1
0515;7
0516;4
0517;4
0518;5
0519;2
0520;6
0521;9
0522;5
0523;3
0524;4
0525;3
0526;6
0527;3
0528;4
0529;4
0530;6
0531;4
0601;6
0602;7
0603;4
0604;4
0605;5
0606;5
0607;3
0608;5
0609;2
0610;1
0611;7
0612;11
0613;4
0614;7
0615;5
0616;2
0617;5
0618;4
0619;3
0620;3
0621;5
0622;4
0623;4
0624;1
0625;2
0626;6
0627;2
0628;9
0629;3
0630;3
0701;2
0702;4
0703;3
0704;2
0705;4
0706;5
0707;5
0708;3
0709;1
0710;5
0711;5
0712;3
0714;3
0715;5
0717;7
0718;4
0719;5
0720;1
0721;2
0722;3
0723;1
0724;6
0725;3
0726;4
0727;7
0728;4
0729;1
0730;3
0731;4
0801;13
0802;4
0803;1
0804;6
0805;6
0806;5
0807;5
0808;5
0809;1
0810;5
0811;4
0812;2
0813;2
0814;5
0815;4
0816;4
0817;3
0818;4
0819;4
0820;3
0821;1
0823;5
0824;4
0825;4
0826;4
0827;1
0828;4
0829;5
0830;5
0831;4
0901;4
0902;4
0903;6
0904;4
0905;7
0906;8
0907;6
0908;4
0909;2
0910;7
0911;6
0912;6
0913;6
0914;4
0915;6
0916;2
0917;2
0918;3
0919;2
0920;6
0921;3
0922;1
0923;4
0924;6
0925;3
0926;8
0927;3
0928;1
0929;2
0930;7
1001;2
1002;4
1003;2
1004;3
1005;3
1006;3
1007;3
1008;5
1009;8
1010;8
1011;3
1012;5
1013;3
1014;4
1015;6
1016;2
1017;4
1018;5
1019;3
1020;7
1021;10
1022;1
1023;3
1024;2
1025;6
1026;7
1027;3
1028;6
1029;3
1030;3
1031;5
1101;6
1102;6
1103;6
1104;4
1105;2
1106;2
1107;5
1108;5
1109;2
1110;2
1111;4
1112;5
1113;3
1114;2
1115;5
1116;3
1117;8
1118;4
1119;4
1120;3
1121;1
1122;5
1123;7
1124;3
1125;2
1126;5
1127;3
1128;2
1129;3
1130;2
1201;2
1202;4
1203;3
1204;4
1205;4
1206;4
1207;6
1208;6
1209;2
1210;5
1211;1
1212;6
1213;4
1214;3
1215;3
1216;2
1217;5
1218;2
1219;5
1220;6
1222;4
1223;2
1224;1
1225;4
1226;5
1227;4
1228;1
1229;6
1230;2
1231;6
