0101;9
0102;9
0103;8
0104;6
0105;3
0106;10
0107;6
0108;6
0109;10
0110;3
0111;8
0112;5
0113;5
0114;2
0115;8
0116;6
0117;7
0118;11
0119;12
0120;7
0121;6
0122;10
0123;6
0124;7
0125;4
0126;6
0127;7
0128;10
0129;7
0130;5
0131;9
0201;10
0202;7
0203;5
0204;5
0205;4
0206;7
0207;7
0208;4
0209;6
0210;5
0211;5
0212;8
0213;6
0214;9
0215;8
0216;8
0217;7
0218;6
0219;10
0220;4
0221;5
0222;8
0223;11
0224;8
0225;7
0226;8
0227;9
0228;7
0301;10
0302;7
0303;7
0304;9
0305;7
0306;10
0307;10
0308;5
0309;6
0310;5
0311;3
0312;5
0313;5
0314;5
0315;11
0316;11
0317;4
0318;10
0319;7
0320;7
0321;5
0322;11
0323;6
0324;9
0325;5
0326;7
0327;11
0328;6
0329;7
0330;6
0331;7
0401;6
0402;4
0403;5
0404;3
0405;5
0406;9
0407;4
0408;4
0409;9
0410;7
0411;7
0412;7
0413;4
0414;2
0415;8
0416;7
0417;7
0418;9
0419;4
0420;4
0421;3
0422;2
0423;10
0424;6
0425;6
0426;4
0427;7
0428;10
0429;8
0430;7
0501;8
0502;5
0503;4
0504;8
0505;5
0506;2
0507;9
0508;5
0509;7
0510;4
0511;3
0512;6
0513;8
0514;5
0515;3
0516;9
0517;5
0518;7
0519;6
0520;2
0521;4
0522;10
0523;3
0524;9
0525;3
0526;3
0527;6
0528;5
0529;4
0530;7
0531;4
0601;5
0602;5
0603;13
0604;6
0605;1
0606;5
0607;8
0608;7
0609;6
0610;5
0611;6
0612;5
0613;6
0614;6
0615;2
0616;5
0617;6
0618;5
0619;10
0620;3
0621;6
0622;5
0623;6
0624;9
0625;3
0626;8
0627;5
0628;8
0629;6
0630;4
0701;5
0702;6
0703;11
0704;7
0705;4
0706;9
0707;2
0708;3
0709;6
0710;5
0711;5
0712;2
0713;4
0714;7
0715;4
0716;8
0717;6
0718;6
0719;5
0720;7
0721;5
0722;2
0723;10
0724;2
0725;5
0726;4
0727;4
0728;1
0729;1
0730;6
0731;5
0801;4
0802;4
0803;6
0804;4
0805;7
0806;12
0807;12
0808;6
0809;9
0810;4
0811;6
0812;6
0813;6
0814;7
0815;8
0816;4
0817;8
0818;5
0819;3
0820;3
0821;7
0822;5
0823;2
0824;6
0825;3
0826;4
0827;6
0828;2
0829;4
0830;3
0831;9
0901;4
0902;4
0903;11
0904;3
0905;2
0906;7
0907;7
0908;8
0909;13
0910;4
0911;6
0912;9
0913;10
0914;6
0915;6
0916;6
0917;1
0918;5
0919;7
0920;4
0921;9
0922;5
0923;5
0924;6
0925;8
0926;4
0928;7
0929;5
0930;3
1001;7
1002;5
1003;9
1004;7
1005;2
1006;2
1007;7
1008;3
1009;4
1010;7
1011;8
1012;3
1013;5
1014;7
1015;2
1016;13
1017;7
1018;6
1019;6
1020;5
1021;6
1022;7
1023;4
1024;6
1025;4
1026;8
1027;4
1028;6
1029;6
1030;8
1031;4
1101;7
1102;5
1103;3
1104;3
1105;4
1106;5
1107;3
1108;5
1109;6
1110;5
1111;9
1112;4
1113;8
1114;7
1115;7
1116;4
1117;5
1118;3
1119;8
1120;8
1121;8
1122;8
1123;8
1124;6
1125;6
1126;3
1127;3
1128;7
1129;4
1130;6
1201;7
1202;8
1203;2
1204;6
1205;5
1206;6
1207;4
1208;8
1209;1
1210;6
1211;6
1212;5
1213;5
1214;7
1215;6
1216;7
1217;11
1218;2
1219;5
1220;10
1221;6
1222;7
1223;7
1224;2
1225;8
1226;8
1227;5
1228;7
1229;8
1230;5
1231;5
