0101;13
0102;14
0103;12
0104;8
0105;9
0106;8
0107;8
0108;14
0109;11
0110;10
0111;7
0112;7
0113;12
0114;14
0115;11
0116;7
0117;9
0118;9
0119;17
0120;8
0121;9
0122;8
0123;11
0124;6
0125;7
0126;8
0127;12
0128;9
0129;5
0130;8
0131;8
0201;7
0202;5
0203;13
0204;6
0205;15
0206;6
0207;9
0208;10
0209;11
0210;10
0211;10
0212;9
0213;7
0214;11
0215;6
0216;13
0217;9
0218;6
0219;8
0220;10
0221;6
0222;11
0223;12
0224;10
0225;7
0226;9
0227;5
0228;11
0301;8
0302;14
0303;11
0304;13
0305;14
0306;12
0307;8
0308;8
0309;9
0310;9
0311;9
0312;11
0313;8
0314;9
0315;8
0316;7
0317;5
0318;9
0319;8
0320;11
0321;7
0322;12
0323;7
0324;3
0325;3
0326;8
0327;13
0328;9
0329;8
0330;8
0331;7
0401;7
0402;9
0403;11
0404;9
0405;7
0406;6
0407;11
0408;8
0409;9
0410;7
0411;6
0412;6
0413;5
0414;4
0415;11
0416;6
0417;11
0418;9
0419;7
0420;8
0421;13
0422;7
0423;11
0424;3
0425;4
0426;13
0427;10
0428;8
0429;7
0430;9
0501;6
0502;12
0503;6
0504;13
0505;6
0506;10
0507;11
0508;6
0509;9
0510;6
0511;10
0512;7
0513;6
0514;8
0515;4
0516;5
0517;4
0518;10
0519;12
0520;9
0521;5
0522;9
0523;4
0524;8
0525;10
0526;10
0527;8
0528;7
0529;7
0530;9
0531;4
0601;5
0602;11
0603;4
0604;6
0605;9
0606;8
0607;8
0608;8
0609;10
0610;8
0611;7
0612;5
0613;6
0614;11
0615;10
0616;10
0617;5
0618;10
0619;7
0620;12
0621;10
0622;9
0623;8
0624;10
0625;7
0626;7
0627;9
0628;6
0629;4
0630;10
0701;7
0702;7
0703;7
0704;5
0705;9
0706;9
0707;8
0708;5
0709;6
0710;4
0711;4
0712;8
0713;6
0714;7
0715;6
0716;1
0717;11
0718;8
0719;5
0720;9
0721;9
0722;12
0723;7
0724;7
0725;10
0726;9
0727;9
0728;6
0729;8
0730;14
0731;7
0801;8
0802;6
0803;5
0804;5
0805;14
0806;10
0807;8
0808;10
0809;11
0810;10
0811;6
0812;6
0813;11
0814;5
0815;5
0816;7
0817;15
0818;4
0819;6
0820;6
0821;6
0822;9
0823;13
0824;8
0825;4
0826;4
0827;9
0828;10
0829;6
0830;3
0831;5
0901;4
0902;7
0903;6
0904;9
0905;6
0906;6
0907;4
0908;6
0909;10
0910;9
0911;6
0912;8
0913;5
0914;6
0915;7
0916;6
0917;4
0918;10
0919;6
0920;6
0921;7
0922;7
0923;6
0924;3
0925;15
0926;6
0927;8
0928;7
0929;7
0930;4
1001;6
1002;3
1003;7
1004;3
1005;11
1006;6
1007;7
1008;6
1009;2
1010;4
1011;11
1012;9
1013;4
1014;9
1015;12
1016;6
1017;3
1018;8
1019;5
1020;8
1021;8
1022;5
1023;9
1024;5
1025;5
1026;6
1027;4
1028;7
1029;4
1030;11
1031;6
1101;9
1102;8
1103;10
1104;10
1105;9
1106;8
1107;7
1108;10
1109;8
1110;11
1111;6
1112;10
1113;5
1114;14
1115;4
1116;12
1117;7
1118;10
1119;7
1120;7
1121;14
1122;11
1123;10
1124;10
1125;9
1126;8
1127;6
1128;6
1129;5
1130;17
1201;4
1202;11
1203;7
1204;9
1205;9
1206;6
1207;4
1208;11
1209;8
1210;8
1211;9
1212;13
1213;9
1214;6
1215;10
1216;12
1217;9
1218;13
1219;9
1220;7
1221;10
1222;8
1223;9
1224;6
1225;9
1226;15
1227;10
1228;5
1229;10
1230;6
1231;7
