0101;16
0102;16
0103;7
0104;8
0105;20
0106;13
0107;19
0108;6
0109;12
0110;11
0111;10
0112;21
0113;8
0114;14
0115;20
0116;10
0117;15
0118;10
0119;13
0120;18
0121;12
0122;12
0123;7
0124;9
0125;8
0126;7
0127;14
0128;14
0129;9
0130;11
0131;5
0201;7
0202;13
0203;9
0204;8
0205;14
0206;11
0207;6
0208;10
0209;17
0210;9
0211;12
0212;12
0213;11
0214;8
0215;5
0216;7
0217;12
0218;10
0219;11
0220;16
0221;16
0222;7
0223;15
0224;6
0225;8
0226;11
0227;12
0228;11
0301;10
0302;11
0303;8
0304;13
0305;9
0306;14
0307;14
0308;20
0309;6
0310;15
0311;12
0312;13
0313;13
0314;9
0315;17
0316;7
0317;5
0318;8
0319;12
0320;7
0321;8
0322;6
0323;12
0324;23
0325;11
0326;10
0327;6
0328;9
0329;9
0330;10
0331;7
0401;14
0402;12
0403;16
0404;7
0405;13
0406;7
0407;11
0408;7
0409;14
0410;11
0411;12
0412;8
0413;15
0414;4
0415;10
0416;6
0417;10
0418;7
0419;11
0420;10
0421;12
0422;9
0423;10
0424;12
0425;9
0426;8
0427;13
0428;8
0429;3
0430;9
0501;6
0502;4
0503;9
0504;7
0505;10
0506;11
0507;4
0508;9
0509;3
0510;10
0511;10
0512;13
0513;6
0514;12
0515;10
0516;11
0517;13
0518;8
0519;5
0520;15
0521;14
0522;9
0523;10
0524;4
0525;8
0526;15
0527;6
0528;17
0529;10
0530;8
0531;10
0601;11
0602;7
0603;9
0604;7
0605;12
0606;9
0607;7
0608;6
0609;7
0610;8
0611;8
0612;9
0613;5
0614;7
0615;8
0616;9
0617;4
0618;7
0619;6
0620;8
0621;10
0622;10
0623;8
0624;8
0625;8
0626;7
0627;9
0628;8
0629;7
0630;6
0701;9
0702;10
0703;8
0704;6
0705;3
0706;7
0707;15
0708;17
0709;6
0710;10
0711;11
0712;10
0713;6
0714;9
0715;15
0716;8
0717;7
0718;17
0719;11
0720;7
0721;7
0722;9
0723;10
0724;12
0725;12
0726;7
0727;8
0728;7
0729;7
0730;13
0731;11
0801;8
0802;7
0803;8
0804;13
0805;10
0806;14
0807;5
0808;12
0809;8
0810;8
0811;7
0812;3
0813;6
0814;14
0815;10
0816;12
0817;12
0818;8
0819;13
0820;13
0821;8
0822;11
0823;11
0824;8
0825;3
0826;10
0827;11
0828;15
0829;10
0830;7
0831;14
0901;6
0902;4
0903;11
0904;11
0905;12
0906;10
0907;7
0908;6
0909;12
0910;11
0911;14
0912;8
0913;10
0914;8
0915;13
0916;11
0917;10
0918;10
0919;14
0920;3
0921;7
0922;17
0923;10
0924;10
0925;4
0926;6
0927;5
0928;6
0929;8
0930;8
1001;13
1002;9
1003;7
1004;9
1005;11
1006;8
1007;8
1008;9
1009;9
1010;10
1011;9
1012;7
1013;12
1014;11
1015;11
1016;11
1017;10
1018;14
1019;6
1020;13
1021;10
1022;9
1023;17
1024;11
1025;12
1026;9
1027;7
1028;14
1029;6
1030;7
1031;11
1101;8
1102;9
1103;16
1104;7
1105;11
1106;11
1107;13
1108;10
1109;11
1110;8
1111;7
1112;12
1113;7
1114;9
1115;8
1116;5
1117;9
1118;3
1119;10
1120;10
1121;11
1122;8
1123;6
1124;9
1125;5
1126;9
1127;12
1128;17
1129;6
1130;8
1201;10
1202;10
1203;10
1204;4
1205;8
1206;5
1207;10
1208;6
1209;12
1210;10
1211;2
1212;7
1213;7
1214;12
1215;8
1216;10
1217;10
1218;19
1219;9
1220;12
1221;8
1222;11
1223;7
1224;10
1225;15
1226;10
1227;9
1228;11
1229;19
1230;10
1231;9
