0101;37
0102;47
0103;40
0104;33
0105;47
0106;39
0107;37
0108;39
0109;27
0110;36
0111;30
0112;46
0113;43
0114;39
0115;33
0116;42
0117;37
0118;30
0119;36
0120;36
0121;50
0122;36
0123;39
0124;29
0125;50
0126;30
0127;28
0128;28
0129;39
0130;35
0131;23
0201;40
0202;23
0203;29
0204;33
0205;36
0206;37
0207;40
0208;38
0209;41
0210;44
0211;33
0212;34
0213;26
0214;37
0215;36
0216;36
0217;42
0218;34
0219;48
0220;38
0221;40
0222;40
0223;37
0224;35
0225;33
0226;39
0227;38
0228;44
0301;41
0302;41
0303;43
0304;48
0305;36
0306;43
0307;40
0308;38
0309;34
0310;34
0311;46
0312;54
0313;50
0314;36
0315;39
0316;40
0317;32
0318;38
0319;35
0320;32
0321;32
0322;39
0323;40
0324;41
0325;24
0326;37
0327;39
0328;37
0329;31
0330;28
0331;28
0401;38
0402;35
0403;33
0404;29
0405;38
0406;38
0407;31
0408;32
0409;33
0410;36
0411;45
0412;24
0413;25
0414;28
0415;37
0416;34
0417;31
0418;32
0419;35
0420;40
0421;33
0422;45
0423;40
0424;35
0425;38
0426;33
0427;36
0428;21
0429;28
0430;34
0501;29
0502;30
0503;32
0504;28
0505;38
0506;33
0507;26
0508;20
0509;33
0510;30
0511;31
0512;34
0513;32
0514;40
0515;32
0516;35
0517;27
0518;25
0519;28
0520;35
0521;36
0522;24
0523;43
0524;37
0525;33
0526;35
0527;41
0528;31
0529;28
0530;39
0531;29
0601;34
0602;24
0603;23
0604;33
0605;27
0606;27
0607;32
0608;31
0609;30
0610;24
0611;32
0612;39
0613;24
0614;16
0615;31
0616;26
0617;30
0618;24
0619;25
0620;31
0621;27
0622;24
0623;32
0624;43
0625;32
0626;45
0627;34
0628;35
0629;38
0630;32
0701;37
0702;33
0703;40
0704;26
0705;28
0706;27
0707;29
0708;31
0709;40
0710;27
0711;27
0712;22
0713;35
0714;30
0715;27
0716;39
0717;29
0718;37
0719;33
0720;28
0721;26
0722;24
0723;37
0724;25
0725;25
0726;22
0727;36
0728;32
0729;25
0730;22
0731;30
0801;36
0802;27
0803;30
0804;44
0805;28
0806;40
0807;35
0808;42
0809;30
0810;26
0811;33
0812;29
0813;33
0814;36
0815;38
0816;20
0817;33
0818;27
0819;37
0820;20
0821;33
0822;28
0823;27
0824;32
0825;25
0826;29
0827;35
0828;32
0829;33
0830;30
0831;28
0901;28
0902;27
0903;32
0904;31
0905;26
0906;27
0907;40
0908;23
0909;26
0910;30
0911;31
0912;38
0913;36
0914;31
0915;36
0916;24
0917;32
0918;30
0919;41
0920;29
0921;19
0922;28
0923;29
0924;33
0925;36
0926;21
0927;31
0928;37
0929;28
0930;31
1001;26
1002;34
1003;32
1004;33
1005;31
1006;33
1007;36
1008;29
1009;36
1010;36
1011;31
1012;33
1013;29
1014;27
1015;33
1016;29
1017;38
1018;36
1019;29
1020;27
1021;41
1022;32
1023;28
1024;27
1025;42
1026;26
1027;35
1028;28
1029;40
1030;28
1031;35
1101;26
1102;36
1103;32
1104;32
1105;41
1106;36
1107;38
1108;26
1109;38
1110;31
1111;28
1112;21
1113;33
1114;32
1115;44
1116;26
1117;35
1118;36
1119;35
1120;22
1121;37
1122;41
1123;34
1124;47
1125;39
1126;32
1127;27
1128;39
1129;36
1130;35
1201;35
1202;32
1203;35
1204;32
1205;28
1206;36
1207;29
1208;36
1209;32
1210;33
1211;26
1212;25
1213;33
1214;25
1215;53
1216;37
1217;33
1218;40
1219;32
1220;42
1221;30
1222;33
1223;34
1224;36
1225;23
1226;26
1227;29
1228;47
1229;30
1230;38
1231;45
