0101;16
0102;23
0103;21
0104;17
0105;22
0106;16
0107;24
0108;20
0109;13
0110;16
0111;15
0112;13
0113;13
0114;16
0115;20
0116;22
0117;27
0118;17
0119;21
0120;21
0121;22
0122;21
0123;14
0124;22
0125;17
0126;21
0127;17
0128;16
0129;15
0130;19
0131;18
0201;19
0202;10
0203;21
0204;17
0205;24
0206;17
0207;14
0208;11
0209;17
0210;15
0211;17
0212;19
0213;21
0214;16
0215;22
0216;17
0217;26
0218;22
0219;19
0220;29
0221;22
0222;18
0223;20
0224;21
0225;25
0226;22
0227;23
0228;21
0301;18
0302;18
0303;23
0304;22
0305;26
0306;27
0307;17
0308;19
0309;18
0310;29
0311;30
0312;20
0313;30
0314;21
0315;26
0316;24
0317;17
0318;14
0319;14
0320;16
0321;18
0322;20
0323;14
0324;14
0325;11
0326;20
0327;9
0328;14
0329;21
0330;15
0331;16
0401;20
0402;22
0403;19
0404;14
0405;17
0406;12
0407;17
0408;12
0409;19
0410;13
0411;17
0412;16
0413;17
0414;10
0415;17
0416;13
0417;16
0418;24
0419;25
0420;15
0421;18
0422;19
0423;16
0424;20
0425;18
0426;13
0427;15
0428;23
0429;15
0430;20
0501;16
0502;15
0503;10
0504;21
0505;13
0506;15
0507;19
0508;18
0509;18
0510;13
0511;17
0512;16
0513;15
0514;14
0515;13
0516;19
0517;19
0518;11
0519;23
0520;19
0521;15
0522;16
0523;21
0524;15
0525;17
0526;20
0527;25
0528;14
0529;13
0530;11
0531;18
0601;16
0602;7
0603;18
0604;15
0605;16
0606;19
0607;21
0608;11
0609;12
0610;12
0611;7
0612;17
0613;15
0614;18
0615;15
0616;11
0617;8
0618;20
0619;17
0620;16
0621;13
0622;12
0623;12
0624;11
0625;9
0626;16
0627;9
0628;21
0629;12
0630;18
0701;19
0702;18
0703;16
0704;21
0705;10
0706;10
0707;16
0708;18
0709;20
0710;16
0711;16
0712;13
0713;15
0714;16
0715;17
0716;22
0717;20
0718;14
0719;14
0720;10
0721;9
0722;7
0723;17
0724;14
0725;21
0726;18
0727;11
0728;18
0729;15
0730;23
0731;14
0801;12
0802;13
0803;22
0804;19
0805;20
0806;21
0807;20
0808;19
0809;16
0810;10
0811;12
0812;18
0813;20
0814;22
0815;7
0816;13
0817;26
0818;19
0819;19
0820;17
0821;13
0822;22
0823;21
0824;14
0825;19
0826;12
0827;17
0828;23
0829;19
0830;21
0831;15
0901;11
0902;10
0903;18
0904;19
0905;17
0906;12
0907;17
0908;8
0909;22
0910;16
0911;16
0912;21
0913;15
0914;16
0915;13
0916;12
0917;20
0918;12
0919;16
0920;16
0921;18
0922;17
0923;14
0924;11
0925;16
0926;17
0927;7
0928;25
0929;20
0930;20
1001;11
1002;11
1003;17
1004;14
1005;19
1006;16
1007;16
1008;15
1009;16
1010;16
1011;16
1012;17
1013;18
1014;17
1015;17
1016;24
1017;18
1018;15
1019;12
1020;22
1021;16
1022;12
1023;25
1024;17
1025;20
1026;17
1027;14
1028;21
1029;11
1030;15
1031;16
1101;23
1102;14
1103;28
1104;18
1105;13
1106;13
1107;17
1108;18
1109;18
1110;15
1111;20
1112;21
1113;16
1114;17
1115;22
1116;17
1117;13
1118;15
1119;14
1120;18
1121;15
1122;19
1123;19
1124;21
1125;15
1126;16
1127;16
1128;15
1129;15
1130;17
1201;19
1202;19
1203;20
1204;20
1205;15
1206;16
1207;15
1208;18
1209;24
1210;15
1211;18
1212;20
1213;16
1214;12
1215;16
1216;15
1217;15
1218;21
1219;20
1220;13
1221;17
1222;17
1223;25
1224;20
1225;15
1226;19
1227;16
1228;16
1229;15
1230;17
1231;15
