0101;11
0102;9
0103;6
0104;6
0105;13
0106;8
0107;3
0108;6
0109;10
0110;8
0111;8
0112;11
0113;8
0114;6
0115;10
0116;4
0117;5
0118;6
0119;7
0120;6
0121;6
0122;6
0123;11
0124;10
0125;6
0126;7
0127;5
0128;4
0129;3
0130;6
0131;4
0201;6
0202;5
0203;6
0204;6
0205;6
0206;8
0207;5
0208;4
0209;7
0210;7
0211;5
0212;11
0213;1
0214;10
0215;6
0216;4
0217;4
0218;4
0219;6
0220;7
0221;3
0222;3
0223;4
0224;5
0225;6
0226;9
0227;15
0228;10
0301;10
0302;5
0303;2
0304;5
0305;7
0306;5
0307;4
0308;10
0309;5
0310;8
0311;5
0312;11
0313;5
0314;3
0315;6
0316;10
0317;7
0318;7
0319;6
0320;5
0321;4
0322;5
0323;6
0324;5
0325;10
0326;7
0327;3
0328;11
0329;5
0330;8
0331;7
0401;8
0402;3
0403;9
0404;4
0405;5
0406;6
0407;6
0408;11
0409;9
0410;6
0411;4
0412;5
0413;2
0414;2
0415;10
0416;2
0417;2
0418;4
0419;6
0420;5
0421;12
0422;7
0423;8
0424;8
0425;6
0426;4
0427;7
0428;3
0429;5
0430;5
0501;5
0502;6
0503;3
0504;7
0505;5
0506;3
0507;7
0508;8
0509;7
0510;3
0511;4
0512;8
0513;3
0514;6
0515;2
0516;4
0517;5
0518;5
0519;5
0520;5
0521;2
0522;6
0523;5
0524;5
0525;4
0526;6
0527;7
0528;4
0529;2
0530;5
0531;2
0601;3
0602;6
0603;6
0604;7
0605;7
0606;6
0607;8
0608;5
0609;4
0610;7
0611;5
0612;2
0613;7
0614;5
0615;1
0616;5
0617;5
0618;7
0619;5
0620;5
0621;7
0622;6
0623;4
0624;5
0625;2
0626;4
0627;5
0628;3
0629;4
0630;3
0701;8
0702;9
0703;3
0704;6
0705;5
0706;5
0707;2
0708;7
0709;7
0710;4
0711;9
0712;4
0713;7
0714;3
0715;8
0716;6
0717;4
0718;1
0719;3
0720;7
0721;4
0722;2
0723;6
0724;4
0725;6
0726;5
0727;6
0728;7
0729;7
0730;6
0731;4
0801;5
0802;6
0803;6
0804;3
0805;1
0806;9
0807;8
0808;7
0809;7
0810;2
0811;1
0812;3
0813;6
0814;6
0815;1
0816;2
0817;8
0818;5
0819;6
0820;3
0821;9
0822;7
0823;7
0824;4
0825;5
0826;2
0827;4
0828;9
0829;6
0830;5
0831;4
0901;4
0902;5
0903;2
0904;4
0905;5
0906;4
0907;11
0908;4
0909;7
0910;4
0911;6
0912;5
0913;7
0914;6
0915;5
0916;3
0917;6
0918;4
0919;5
0920;5
0921;3
0922;3
0923;8
0924;2
0925;3
0926;6
0927;2
0928;7
0929;4
0930;3
1001;3
1002;3
1003;1
1004;7
1005;5
1006;3
1007;3
1008;4
1009;6
1010;3
1011;6
1012;5
1013;4
1014;3
1015;4
1016;9
1017;6
1018;5
1019;7
1020;8
1021;3
1022;7
1023;2
1024;5
1025;2
1026;4
1027;7
1028;6
1029;12
1030;8
1031;3
1101;7
1102;3
1103;2
1104;4
1105;9
1106;5
1107;3
1108;6
1109;9
1110;5
1111;11
1112;5
1113;4
1114;10
1115;7
1116;7
1117;1
1118;4
1119;4
1120;5
1121;3
1122;5
1123;5
1124;1
1125;4
1126;4
1127;9
1128;12
1129;7
1130;12
1201;4
1202;14
1203;7
1204;9
1205;8
1206;5
1207;8
1208;9
1209;6
1210;3
1211;3
1212;1
1213;3
1214;8
1215;7
1216;6
1217;11
1218;7
1219;14
1220;5
1221;5
1222;6
1223;3
1224;6
1225;9
1226;4
1227;7
1228;3
1229;7
1230;5
1231;3
