0101;16
0102;14
0103;13
0104;14
0105;17
0106;17
0107;17
0108;15
0109;19
0110;9
0111;11
0112;14
0113;11
0114;9
0115;5
0116;19
0117;13
0118;15
0119;8
0120;11
0121;15
0122;13
0123;13
0124;14
0125;11
0126;11
0127;12
0128;11
0129;9
0130;9
0131;13
0201;10
0202;8
0203;9
0204;13
0205;5
0206;16
0207;12
0208;14
0209;14
0210;10
0211;17
0212;10
0213;13
0214;11
0215;9
0216;13
0217;22
0218;10
0219;17
0220;12
0221;11
0222;8
0223;14
0224;11
0225;12
0226;9
0227;18
0228;6
0301;21
0302;18
0303;7
0304;8
0305;8
0306;14
0307;15
0308;8
0309;7
0310;8
0311;9
0312;15
0313;15
0314;8
0315;11
0316;11
0317;11
0318;12
0319;18
0320;9
0321;12
0322;14
0323;10
0324;12
0325;11
0326;7
0327;12
0328;15
0329;13
0330;12
0331;8
0401;18
0402;16
0403;14
0404;8
0405;7
0406;15
0407;14
0408;10
0409;12
0410;10
0411;11
0412;11
0413;12
0414;6
0415;12
0416;8
0417;9
0418;11
0419;5
0420;18
0421;11
0422;4
0423;13
0424;11
0425;12
0426;7
0427;6
0428;9
0429;12
0430;12
0501;4
0502;14
0503;13
0504;12
0505;14
0506;13
0507;18
0508;9
0509;10
0510;7
0511;14
0512;4
0513;9
0514;11
0515;5
0516;10
0517;11
0518;6
0519;9
0520;12
0521;15
0522;13
0523;12
0524;9
0525;11
0526;11
0527;5
0528;8
0529;10
0530;8
0531;8
0601;13
0602;10
0603;7
0604;12
0605;12
0606;10
0607;7
0608;7
0609;9
0610;8
0611;14
0612;7
0613;14
0614;10
0615;8
0616;5
0617;11
0618;15
0619;9
0620;12
0621;7
0622;8
0623;10
0624;11
0625;10
0626;7
0627;10
0628;14
0629;17
0630;10
0701;10
0702;7
0703;9
0704;12
0705;12
0706;8
0707;9
0708;7
0709;3
0710;9
0711;6
0712;6
0713;15
0714;13
0715;7
0716;10
0717;6
0718;11
0719;11
0720;9
0721;7
0722;7
0723;7
0724;8
0725;8
0726;9
0727;12
0728;13
0729;16
0730;7
0731;7
0801;7
0802;11
0803;9
0804;14
0805;10
0806;12
0807;15
0808;15
0809;7
0810;9
0811;8
0812;9
0813;9
0814;9
0815;7
0816;8
0817;4
0818;11
0819;12
0820;10
0821;5
0822;5
0823;10
0824;10
0825;15
0826;12
0827;14
0828;12
0829;13
0830;10
0831;7
0901;11
0902;4
0903;15
0904;9
0905;9
0906;11
0907;9
0908;7
0909;9
0910;5
0911;12
0912;5
0913;7
0914;4
0915;6
0916;11
0917;5
0918;8
0919;16
0920;9
0921;12
0922;13
0923;8
0924;11
0925;9
0926;4
0927;12
0928;11
0929;12
0930;10
1001;16
1002;4
1003;14
1004;10
1005;8
1006;13
1007;11
1008;6
1009;7
1010;12
1011;13
1012;19
1013;8
1014;11
1015;8
1016;6
1017;9
1018;8
1019;10
1020;9
1021;17
1022;11
1023;6
1024;9
1025;12
1026;12
1027;15
1028;12
1029;8
1030;13
1031;14
1101;12
1102;11
1103;4
1104;8
1105;10
1106;4
1107;14
1108;8
1109;8
1110;10
1111;14
1112;5
1113;17
1114;7
1115;7
1116;8
1117;12
1118;9
1119;11
1120;9
1121;12
1122;10
1123;9
1124;11
1125;21
1126;9
1127;8
1128;10
1129;13
1130;12
1201;8
1202;10
1203;8
1204;12
1205;10
1206;13
1207;9
1208;11
1209;11
1210;7
1211;13
1212;10
1213;18
1214;8
1215;12
1216;12
1217;17
1218;9
1219;7
1220;18
1221;11
1222;14
1223;16
1224;9
1225;10
1226;10
1227;13
1228;7
1229;7
1230;11
1231;13
