0101;5
0102;2
0103;4
0104;4
0105;3
0106;2
0107;3
0108;4
0109;1
0110;2
0111;3
0112;1
0113;2
0114;1
0116;2
0117;4
0118;4
0119;1
0120;4
0122;4
0123;3
0124;6
0125;3
0126;5
0127;3
0129;2
0130;1
0131;2
0201;3
0202;3
0203;2
0204;4
0205;3
0206;5
0208;4
0209;4
0210;2
0211;1
0212;3
0214;4
0215;3
0217;3
0218;2
0219;2
0220;6
0221;3
0222;4
0223;2
0225;1
0226;5
0227;3
0228;2
0301;8
0302;5
0303;2
0304;3
0305;2
0306;1
0309;2
0310;10
0311;3
0312;3
0314;4
0316;4
0317;4
0318;1
0319;1
0320;6
0321;1
0322;1
0323;4
0324;2
0325;4
0326;6
0327;2
0328;5
0329;2
0330;3
0331;1
0401;3
0402;3
0403;1
0404;4
0405;1
0406;3
0407;3
0408;2
0409;2
0410;3
0411;1
0412;2
0413;4
0415;3
0416;2
0417;4
0418;2
0419;2
0420;5
0421;3
0422;4
0423;2
0424;2
0425;1
0426;2
0428;2
0429;5
0430;1
0501;3
0502;2
0503;4
0504;4
0505;2
0506;2
0507;5
0509;2
0510;1
0511;2
0512;3
0513;3
0514;1
0515;1
0517;2
0518;2
0519;5
0520;2
0521;1
0522;3
0523;2
0524;1
0525;3
0526;1
0527;2
0528;5
0529;1
0530;7
0531;2
0603;1
0604;1
0605;2
0606;2
0607;1
0608;4
0609;1
0611;3
0612;2
0613;1
0614;5
0615;2
0616;5
0617;2
0618;2
0619;6
0620;1
0621;1
0622;4
0623;3
0624;3
0625;2
0626;2
0627;2
0628;1
0630;4
0701;4
0703;1
0704;2
0706;4
0708;1
0709;2
0710;3
0711;2
0712;2
0713;3
0715;1
0716;1
0717;2
0718;1
0719;1
0720;2
0721;3
0722;2
0723;1
0724;3
0725;6
0726;2
0727;2
0728;2
0729;3
0730;5
0731;3
0801;4
0802;3
0803;2
0804;3
0805;2
0806;3
0807;4
0808;2
0809;2
0810;3
0812;5
0813;2
0814;1
0815;2
0816;2
0817;3
0818;1
0819;1
0820;3
0821;1
0822;5
0823;2
0824;1
0825;3
0826;1
0827;1
0828;1
0829;1
0830;1
0831;4
0901;5
0902;2
0903;3
0904;3
0905;6
0907;4
0908;3
0909;2
0911;3
0912;3
0913;1
0914;3
0915;3
0916;3
0917;7
0918;1
0919;4
0920;4
0921;1
0922;2
0923;3
0924;3
0925;2
0926;1
0927;1
0928;1
0929;1
0930;3
1001;4
1002;1
1004;8
1005;4
1006;4
1008;3
1009;1
1010;4
1011;2
1013;4
1014;2
1016;1
1017;2
1018;4
1019;4
1021;1
1022;2
1023;1
1024;3
1026;2
1027;2
1028;2
1029;3
1030;3
1031;5
1101;2
1102;1
1103;5
1104;4
1105;3
1106;4
1107;1
1108;2
1109;3
1110;1
1111;1
1112;3
1113;3
1115;3
1116;1
1117;4
1118;5
1119;3
1120;3
1121;3
1122;5
1123;3
1124;3
1125;1
1126;2
1127;3
1128;1
1129;1
1130;1
1201;2
1202;4
1203;1
1204;2
1205;4
1206;3
1207;1
1208;1
1209;1
1210;3
1211;4
1212;5
1213;2
1214;1
1215;2
1216;2
1217;2
1218;5
1219;4
1220;1
1221;4
1222;3
1223;7
1224;2
1225;2
1226;5
1227;3
1228;6
1229;4
1231;2
