0101;8
0102;3
0103;15
0104;7
0105;6
0106;8
0107;6
0108;6
0109;17
0110;6
0111;7
0112;8
0113;9
0114;10
0115;5
0116;12
0117;5
0118;8
0119;15
0120;6
0121;6
0122;11
0123;8
0124;11
0125;4
0126;7
0127;9
0128;11
0129;7
0130;8
0131;11
0201;6
0202;7
0203;5
0204;13
0205;9
0206;13
0207;4
0208;7
0209;13
0210;5
0211;9
0212;6
0213;7
0214;5
0215;2
0216;9
0217;10
0218;3
0219;9
0220;8
0221;6
0222;7
0223;7
0224;13
0225;11
0226;5
0227;13
0228;14
0301;8
0302;15
0303;9
0304;11
0305;9
0306;8
0307;8
0308;6
0309;8
0310;7
0311;7
0312;9
0313;10
0314;10
0315;14
0316;9
0317;10
0318;9
0319;10
0320;8
0321;7
0322;11
0323;14
0324;4
0325;6
0326;6
0327;10
0328;8
0329;11
0330;8
0331;9
0401;7
0402;9
0403;9
0404;10
0405;8
0406;7
0407;12
0408;12
0409;7
0410;11
0411;12
0412;5
0413;3
0414;6
0415;1
0416;14
0417;7
0418;7
0419;12
0420;8
0421;11
0422;8
0423;7
0424;10
0425;8
0426;10
0427;6
0428;9
0429;9
0430;3
0501;4
0502;7
0503;9
0504;7
0505;5
0506;4
0507;4
0508;4
0509;7
0510;6
0511;5
0512;3
0513;5
0514;7
0515;2
0516;10
0517;10
0518;5
0519;6
0520;11
0521;8
0522;10
0523;4
0524;8
0525;12
0526;7
0527;9
0528;10
0529;7
0530;13
0531;1
0601;7
0602;4
0603;6
0604;9
0605;7
0606;7
0607;9
0608;4
0609;10
0610;6
0611;6
0612;6
0613;8
0614;7
0615;9
0616;6
0617;6
0618;8
0619;11
0620;7
0621;10
0622;6
0623;3
0624;8
0625;8
0626;8
0627;10
0628;11
0629;7
0630;12
0701;7
0702;11
0703;10
0704;2
0705;10
0706;6
0707;9
0708;6
0709;12
0710;5
0711;6
0712;6
0713;10
0714;7
0715;11
0716;11
0717;6
0718;11
0719;2
0720;10
0721;11
0722;9
0723;7
0724;14
0725;11
0726;14
0727;10
0728;5
0729;8
0730;9
0731;6
0801;7
0802;5
0803;5
0804;7
0805;5
0806;6
0807;14
0808;5
0809;4
0810;2
0811;6
0812;8
0813;11
0814;8
0815;7
0816;3
0817;6
0818;2
0819;3
0820;6
0821;4
0822;10
0823;7
0824;8
0825;7
0826;6
0827;6
0828;4
0829;4
0830;5
0831;8
0901;12
0902;6
0903;8
0904;6
0905;6
0906;6
0907;5
0908;4
0909;8
0910;9
0911;3
0912;5
0913;4
0914;3
0915;5
0916;4
0917;11
0918;6
0919;8
0920;9
0921;8
0922;9
0923;3
0924;4
0925;8
0926;7
0927;5
0928;7
0929;7
0930;5
1001;9
1002;5
1003;8
1004;8
1005;10
1006;6
1007;8
1008;13
1009;4
1010;4
1011;7
1012;12
1013;1
1014;3
1015;7
1016;6
1017;6
1018;8
1019;7
1020;7
1021;8
1022;5
1023;11
1024;4
1025;4
1026;4
1027;7
1028;8
1029;3
1030;7
1031;8
1101;9
1102;10
1103;9
1104;11
1105;10
1106;10
1107;7
1108;3
1109;4
1110;5
1111;4
1112;4
1113;7
1114;7
1115;7
1116;6
1117;3
1118;9
1119;13
1120;6
1121;8
1122;13
1123;4
1124;8
1125;4
1126;13
1127;6
1128;7
1129;2
1130;8
1201;10
1202;8
1203;9
1204;4
1205;4
1206;9
1207;11
1208;2
1209;8
1210;8
1211;6
1212;7
1213;8
1214;11
1215;4
1216;4
1217;9
1218;10
1219;6
1220;10
1221;7
1222;9
1223;9
1224;12
1225;9
1226;8
1227;8
1228;9
1229;9
1230;7
1231;7
