0101;5
0102;11
0103;7
0104;7
0105;6
0106;8
0107;6
0108;8
0109;5
0110;4
0111;5
0112;2
0113;4
0114;5
0115;4
0116;6
0117;6
0118;5
0119;3
0120;8
0121;4
0122;8
0123;8
0124;9
0125;9
0126;6
0127;6
0128;5
0129;7
0130;7
0131;4
0201;4
0202;7
0203;8
0204;6
0205;2
0206;5
0207;5
0208;6
0209;1
0210;7
0211;6
0212;6
0213;4
0214;7
0215;1
0216;8
0217;3
0218;6
0219;7
0220;10
0221;6
0222;9
0223;8
0224;3
0225;8
0226;6
0227;5
0228;7
0301;4
0302;10
0303;3
0304;8
0305;6
0306;8
0307;6
0308;5
0309;8
0310;5
0311;7
0312;9
0313;9
0314;10
0315;7
0316;4
0317;6
0318;7
0319;8
0320;9
0321;3
0322;8
0323;2
0324;6
0325;6
0326;5
0327;4
0328;13
0329;8
0330;10
0331;8
0401;6
0402;5
0403;6
0404;5
0405;5
0406;6
0407;6
0408;4
0409;8
0410;4
0411;3
0412;6
0413;4
0414;5
0415;6
0416;5
0417;4
0418;9
0419;12
0420;8
0421;6
0422;2
0423;6
0424;4
0425;2
0426;10
0427;6
0428;3
0429;6
0430;4
0501;6
0503;5
0504;4
0505;7
0506;8
0507;3
0508;1
0509;3
0510;3
0511;4
0512;6
0513;5
0514;4
0515;2
0516;3
0517;5
0518;4
0519;4
0520;3
0521;6
0522;4
0523;11
0524;9
0525;3
0526;2
0527;12
0528;6
0529;4
0530;4
0531;2
0601;4
0602;3
0603;4
0604;5
0605;6
0606;5
0607;3
0608;5
0609;5
0610;1
0611;3
0612;2
0613;2
0614;3
0615;5
0616;2
0617;4
0618;2
0619;6
0620;8
0621;6
0622;5
0623;5
0624;4
0625;4
0626;6
0627;1
0628;4
0629;6
0630;3
0701;9
0702;8
0703;6
0704;6
0705;5
0706;8
0707;1
0708;6
0709;2
0710;4
0711;4
0712;2
0713;6
0714;2
0715;10
0716;6
0717;6
0718;6
0719;5
0720;3
0721;6
0722;4
0723;5
0724;1
0725;9
0726;6
0727;3
0728;5
0729;2
0730;8
0731;4
0801;6
0802;4
0803;4
0804;8
0805;6
0806;5
0807;5
0808;4
0809;4
0810;5
0811;3
0812;3
0813;2
0814;1
0815;3
0816;7
0817;8
0818;8
0819;4
0820;7
0821;5
0822;4
0823;4
0824;4
0825;8
0826;5
0827;1
0828;7
0829;3
0830;6
0831;4
0901;5
0902;3
0903;3
0904;7
0905;5
0906;4
0907;3
0908;3
0909;9
0910;5
0911;2
0912;4
0913;2
0914;7
0915;3
0916;2
0917;6
0918;6
0919;6
0920;7
0921;2
0922;4
0923;6
0924;5
0925;2
0926;4
0927;3
0928;4
0929;6
0930;5
1001;1
1002;4
1003;5
1004;7
1005;5
1006;8
1007;3
1008;7
1009;3
1010;5
1011;6
1012;3
1013;5
1014;9
1015;4
1016;4
1017;4
1018;7
1020;7
1021;8
1022;5
1023;8
1024;7
1025;1
1026;5
1027;7
1028;2
1029;5
1030;9
1031;8
1101;4
1102;7
1103;4
1104;3
1105;5
1106;10
1107;6
1108;8
1109;5
1110;5
1111;8
1112;5
1113;7
1114;3
1115;6
1116;3
1117;8
1118;6
1119;3
1120;9
1121;10
1122;5
1123;4
1124;5
1125;5
1126;5
1127;5
1128;3
1129;6
1130;5
1202;5
1204;9
1205;3
1206;3
1207;10
1208;6
1209;7
1210;5
1211;4
1212;3
1213;4
1214;5
1215;9
1216;3
1217;3
1218;3
1219;6
1220;1
1221;7
1222;5
1223;10
1224;4
1225;2
1226;3
1227;3
1228;8
1229;3
1230;4
1231;5
