0101;22
0102;23
0103;21
0104;26
0105;21
0106;28
0107;23
0108;13
0109;18
0110;21
0111;21
0112;15
0113;19
0114;21
0115;15
0116;25
0117;17
0118;23
0119;15
0120;14
0121;14
0122;25
0123;24
0124;18
0125;13
0126;15
0127;20
0128;14
0129;17
0130;18
0131;19
0201;15
0202;15
0203;9
0204;19
0205;23
0206;18
0207;20
0208;11
0209;22
0210;22
0211;14
0212;18
0213;13
0214;19
0215;24
0216;19
0217;18
0218;13
0219;16
0220;30
0221;19
0222;20
0223;26
0224;10
0225;28
0226;14
0227;12
0228;22
0301;22
0302;16
0303;23
0304;18
0305;25
0306;21
0307;24
0308;23
0309;22
0310;17
0311;16
0312;18
0313;24
0314;19
0315;18
0316;15
0317;16
0318;15
0319;19
0320;20
0321;21
0322;17
0323;23
0324;22
0325;13
0326;14
0327;13
0328;13
0329;18
0330;19
0331;14
0401;16
0402;16
0403;16
0404;19
0405;17
0406;11
0407;17
0408;26
0409;14
0410;16
0411;26
0412;19
0413;14
0414;10
0415;17
0416;17
0417;16
0418;23
0419;11
0420;24
0421;23
0422;18
0423;20
0424;21
0425;13
0426;13
0427;23
0428;10
0429;16
0430;16
0501;22
0502;14
0503;13
0504;16
0505;16
0506;15
0507;14
0508;17
0509;16
0510;16
0511;10
0512;12
0513;14
0514;13
0515;16
0516;21
0517;12
0518;9
0519;10
0520;19
0521;17
0522;17
0523;16
0524;11
0525;15
0526;16
0527;16
0528;15
0529;19
0530;15
0531;12
0601;11
0602;12
0603;13
0604;15
0605;11
0606;20
0607;12
0608;20
0609;12
0610;13
0611;14
0612;12
0613;15
0614;17
0615;16
0616;13
0617;20
0618;17
0619;21
0620;18
0621;22
0622;15
0623;19
0624;20
0625;16
0626;15
0627;9
0628;9
0629;12
0630;20
0701;26
0702;20
0703;11
0704;18
0705;20
0706;17
0707;14
0708;11
0709;20
0710;22
0711;14
0712;22
0713;12
0714;15
0715;16
0716;14
0717;12
0718;16
0719;16
0720;15
0721;18
0722;8
0723;16
0724;20
0725;18
0726;20
0727;25
0728;16
0729;15
0730;14
0731;13
0801;15
0802;10
0803;15
0804;12
0805;18
0806;15
0807;17
0808;15
0809;10
0810;15
0811;16
0812;13
0813;16
0814;13
0815;12
0816;15
0817;9
0818;11
0819;14
0820;12
0821;15
0822;18
0823;9
0824;17
0825;21
0826;14
0827;13
0828;18
0829;20
0830;15
0831;9
0901;11
0902;16
0903;24
0904;17
0905;20
0906;12
0907;20
0908;15
0909;8
0910;17
0911;19
0912;15
0913;22
0914;17
0915;10
0916;10
0917;16
0918;11
0919;16
0920;18
0921;9
0922;13
0923;14
0924;18
0925;16
0926;12
0927;10
0928;16
0929;9
0930;8
1001;17
1002;13
1003;18
1004;15
1005;11
1006;29
1007;19
1008;21
1009;11
1010;18
1011;18
1012;28
1013;20
1014;20
1015;17
1016;13
1017;21
1018;21
1019;14
1020;12
1021;21
1022;15
1023;23
1024;16
1025;19
1026;14
1027;11
1028;19
1029;14
1030;16
1031;13
1101;20
1102;21
1103;15
1104;16
1105;11
1106;17
1107;16
1108;13
1109;8
1110;20
1111;19
1112;17
1113;17
1114;14
1115;17
1116;11
1117;18
1118;13
1119;14
1120;22
1121;13
1122;8
1123;19
1124;11
1125;19
1126;13
1127;19
1128;13
1129;20
1130;20
1201;21
1202;13
1203;11
1204;14
1205;16
1206;17
1207;18
1208;20
1209;11
1210;15
1211;11
1212;17
1213;16
1214;12
1215;22
1216;15
1217;22
1218;13
1219;14
1220;18
1221;18
1222;19
1223;20
1224;16
1225;15
1226;15
1227;8
1228;20
1229;17
1230;10
1231;20
