0101;11
0102;11
0103;15
0104;14
0105;5
0106;9
0107;6
0108;15
0109;10
0110;10
0111;8
0112;4
0113;11
0114;8
0115;11
0116;9
0117;11
0118;4
0119;13
0120;8
0121;9
0122;7
0123;15
0124;12
0125;7
0126;9
0127;10
0128;5
0129;10
0130;3
0131;10
0201;13
0202;10
0203;16
0204;10
0205;5
0206;7
0207;6
0208;10
0209;5
0210;7
0211;13
0212;9
0213;7
0214;12
0215;4
0216;13
0217;9
0218;11
0219;12
0220;13
0221;13
0222;15
0223;14
0224;10
0225;9
0226;12
0227;7
0228;13
0301;7
0302;12
0303;9
0304;7
0305;13
0306;17
0307;13
0308;11
0309;15
0310;13
0311;6
0312;13
0313;9
0314;11
0315;13
0316;13
0317;6
0318;9
0319;11
0320;7
0321;12
0322;8
0323;8
0324;12
0325;12
0326;12
0327;12
0328;8
0329;9
0330;9
0331;14
0401;9
0402;16
0403;15
0404;8
0405;10
0406;8
0407;16
0408;10
0409;14
0410;10
0411;6
0412;16
0413;7
0414;10
0415;7
0416;7
0417;10
0418;2
0419;8
0420;9
0421;7
0422;11
0423;7
0424;4
0425;5
0426;5
0427;8
0428;4
0429;5
0430;4
0501;4
0502;7
0503;6
0504;8
0505;6
0506;12
0507;10
0508;5
0509;10
0510;10
0511;13
0512;4
0513;8
0514;6
0515;6
0516;10
0517;6
0518;6
0519;7
0520;4
0521;4
0522;13
0523;5
0524;3
0525;4
0526;8
0527;8
0528;10
0529;6
0530;4
0531;7
0601;9
0602;5
0603;9
0604;14
0605;10
0606;3
0607;4
0608;11
0609;7
0610;8
0611;3
0612;10
0613;8
0614;6
0615;5
0616;4
0617;16
0618;11
0619;11
0620;10
0621;16
0622;9
0623;6
0624;11
0625;5
0626;8
0627;3
0628;12
0629;6
0630;10
0701;8
0702;7
0703;11
0704;7
0705;4
0706;10
0707;10
0708;7
0709;5
0710;6
0711;10
0712;4
0713;1
0714;3
0715;5
0716;8
0717;7
0718;9
0719;10
0720;9
0721;5
0722;4
0723;8
0724;7
0725;9
0726;6
0727;11
0728;6
0729;6
0730;5
0731;10
0801;10
0802;4
0803;6
0804;6
0805;9
0806;13
0807;6
0808;8
0809;6
0810;6
0811;6
0812;12
0813;7
0814;10
0815;6
0816;5
0817;4
0818;7
0819;5
0820;12
0821;13
0822;13
0823;11
0824;7
0825;5
0826;10
0827;10
0828;6
0829;6
0830;4
0831;11
0901;5
0902;4
0903;6
0904;11
0905;11
0906;9
0907;7
0908;4
0909;7
0910;10
0911;8
0912;9
0913;12
0914;5
0915;9
0916;10
0917;8
0918;7
0919;6
0920;5
0921;10
0922;6
0923;12
0924;8
0925;3
0926;14
0927;14
0928;9
0929;11
0930;6
1001;14
1002;11
1003;2
1004;12
1005;8
1006;5
1007;6
1008;10
1009;9
1010;9
1011;10
1012;5
1013;7
1014;7
1015;16
1016;7
1017;10
1018;13
1019;5
1020;11
1021;12
1022;8
1023;6
1024;8
1025;12
1026;9
1027;6
1028;13
1029;8
1030;12
1031;9
1101;6
1102;4
1103;15
1104;6
1105;5
1106;15
1107;8
1108;11
1109;11
1110;14
1111;11
1112;8
1113;11
1114;7
1115;4
1116;12
1117;8
1118;8
1119;8
1120;8
1121;5
1122;14
1123;7
1124;4
1125;2
1126;7
1127;8
1128;7
1129;8
1130;6
1201;10
1202;10
1203;7
1204;11
1205;12
1206;5
1207;6
1208;10
1209;5
1210;6
1211;6
1212;14
1213;11
1214;8
1215;10
1216;11
1217;15
1218;7
1219;4
1220;5
1221;12
1222;10
1223;11
1224;10
1225;9
1226;4
1227;6
1228;12
1229;9
1230;13
1231;4
