0101;11
0102;17
0103;17
0104;11
0105;17
0106;10
0107;14
0108;18
0109;11
0110;11
0111;11
0112;15
0113;18
0114;12
0115;12
0116;5
0117;12
0118;9
0119;8
0120;9
0121;13
0122;8
0123;9
0124;10
0125;7
0126;18
0127;9
0128;15
0129;9
0130;13
0131;12
0201;13
0202;17
0203;15
0204;11
0205;9
0206;12
0207;14
0208;17
0209;12
0210;14
0211;16
0212;12
0213;10
0214;14
0215;14
0216;15
0217;14
0218;19
0219;17
0220;17
0221;10
0222;6
0223;9
0224;18
0225;11
0226;13
0227;13
0228;13
0301;14
0302;20
0303;14
0304;23
0305;17
0306;17
0307;16
0308;8
0309;11
0310;13
0311;14
0312;8
0313;14
0314;13
0315;13
0316;12
0317;12
0318;14
0319;21
0320;6
0321;11
0322;15
0323;8
0324;11
0325;10
0326;11
0327;12
0328;12
0329;7
0330;11
0331;9
0401;11
0402;12
0403;14
0404;8
0405;16
0406;9
0407;8
0408;12
0409;14
0410;8
0411;10
0412;8
0413;16
0414;9
0415;14
0416;9
0417;16
0418;11
0419;4
0420;12
0421;11
0422;11
0423;5
0424;9
0425;7
0426;14
0427;6
0428;13
0429;8
0430;12
0501;7
0502;5
0503;12
0504;17
0505;11
0506;6
0507;6
0508;12
0509;9
0510;6
0511;7
0512;12
0513;8
0514;9
0515;11
0516;9
0517;13
0518;7
0519;6
0520;6
0521;9
0522;8
0523;6
0524;12
0525;13
0526;11
0527;6
0528;10
0529;10
0530;11
0531;12
0601;3
0602;13
0603;11
0604;6
0605;14
0606;12
0607;6
0608;12
0609;15
0610;8
0611;13
0612;10
0613;9
0614;13
0615;7
0616;11
0617;8
0618;6
0619;15
0620;8
0621;16
0622;11
0623;10
0624;12
0625;7
0626;10
0627;14
0628;4
0629;10
0630;9
0701;8
0702;12
0703;15
0704;8
0705;11
0706;6
0707;11
0708;15
0709;13
0710;8
0711;11
0712;5
0713;12
0714;7
0715;6
0716;8
0717;10
0718;8
0719;10
0720;12
0721;8
0722;8
0723;14
0724;11
0725;11
0726;11
0727;8
0728;10
0729;10
0730;14
0731;9
0801;13
0802;18
0803;11
0804;10
0805;15
0806;10
0807;10
0808;8
0809;11
0810;7
0811;9
0812;9
0813;7
0814;18
0815;6
0816;13
0817;11
0818;9
0819;9
0820;9
0821;12
0822;15
0823;6
0824;11
0825;9
0826;8
0827;11
0828;9
0829;13
0830;8
0831;8
0901;9
0902;7
0903;5
0904;10
0905;5
0906;11
0907;9
0908;10
0909;13
0910;4
0911;15
0912;8
0913;11
0914;11
0915;8
0916;8
0917;5
0918;9
0919;9
0920;11
0921;10
0922;10
0923;11
0924;10
0925;8
0926;9
0927;15
0928;11
0929;10
0930;8
1001;10
1002;9
1003;11
1004;8
1005;15
1006;17
1007;6
1008;12
1009;9
1010;10
1011;9
1012;15
1013;9
1014;6
1015;16
1016;11
1017;10
1018;6
1019;4
1020;5
1021;10
1022;9
1023;12
1024;11
1025;15
1026;15
1027;7
1028;14
1029;14
1030;8
1031;11
1101;9
1102;8
1103;12
1104;11
1105;6
1106;10
1107;11
1108;10
1109;8
1110;13
1111;12
1112;12
1113;10
1114;11
1115;9
1116;13
1117;16
1118;6
1119;8
1120;9
1121;19
1122;7
1123;11
1124;11
1125;11
1126;5
1127;11
1128;7
1129;6
1130;9
1201;8
1202;10
1203;7
1204;19
1205;11
1206;10
1207;12
1208;8
1209;10
1210;12
1211;13
1212;9
1213;12
1214;17
1215;17
1216;11
1217;13
1218;9
1219;12
1220;10
1221;4
1222;17
1223;12
1224;7
1225;12
1226;12
1227;11
1228;12
1229;4
1230;12
1231;12
