0101;49
0102;44
0103;38
0104;45
0105;42
0106;48
0107;39
0108;41
0109;37
0110;50
0111;43
0112;38
0113;40
0114;33
0115;40
0116;45
0117;41
0118;49
0119;29
0120;50
0121;47
0122;47
0123;41
0124;42
0125;35
0126;23
0127;35
0128;47
0129;44
0130;32
0131;38
0201;30
0202;44
0203;42
0204;36
0205;38
0206;55
0207;36
0208;37
0209;32
0210;41
0211;36
0212;29
0213;54
0214;36
0215;43
0216;40
0217;32
0218;40
0219;40
0220;36
0221;31
0222;41
0223;30
0224;31
0225;39
0226;35
0227;43
0228;37
0301;55
0302;41
0303;52
0304;56
0305;55
0306;36
0307;32
0308;54
0309;47
0310;50
0311;43
0312;40
0313;36
0314;47
0315;48
0316;48
0317;50
0318;39
0319;46
0320;36
0321;40
0322;44
0323;48
0324;43
0325;50
0326;48
0327;43
0328;45
0329;41
0330;26
0331;46
0401;35
0402;36
0403;38
0404;38
0405;38
0406;40
0407;28
0408;44
0409;30
0410;39
0411;40
0412;45
0413;32
0414;32
0415;36
0416;31
0417;33
0418;27
0419;44
0420;35
0421;33
0422;27
0423;32
0424;34
0425;30
0426;23
0427;29
0428;40
0429;28
0430;34
0501;38
0502;29
0503;36
0504;36
0505;36
0506;38
0507;43
0508;31
0509;31
0510;19
0511;42
0512;32
0513;25
0514;27
0515;43
0516;32
0517;25
0518;29
0519;45
0520;36
0521;32
0522;41
0523;43
0524;30
0525;40
0526;29
0527;34
0528;27
0529;36
0530;29
0531;28
0601;33
0602;34
0603;39
0604;45
0605;37
0606;30
0607;28
0608;46
0609;25
0610;29
0611;31
0612;36
0613;28
0614;36
0615;30
0616;29
0617;29
0618;23
0619;32
0620;33
0621;19
0622;36
0623;30
0624;28
0625;30
0626;30
0627;40
0628;42
0629;36
0630;24
0701;37
0702;36
0703;42
0704;26
0705;26
0706;38
0707;38
0708;40
0709;40
0710;35
0711;29
0712;46
0713;28
0714;34
0715;26
0716;38
0717;30
0718;45
0719;30
0720;26
0721;33
0722;26
0723;35
0724;36
0725;37
0726;30
0727;42
0728;36
0729;29
0730;33
0731;28
0801;40
0802;22
0803;23
0804;35
0805;40
0806;34
0807;40
0808;34
0809;32
0810;28
0811;36
0812;28
0813;37
0814;29
0815;22
0816;36
0817;38
0818;33
0819;23
0820;30
0821;31
0822;27
0823;24
0824;25
0825;23
0826;39
0827;31
0828;27
0829;28
0830;34
0831;45
0901;28
0902;36
0903;21
0904;29
0905;37
0906;40
0907;37
0908;22
0909;34
0910;31
0911;30
0912;27
0913;33
0914;31
0915;28
0916;26
0917;31
0918;42
0919;33
0920;28
0921;37
0922;35
0923;25
0924;29
0925;43
0926;29
0927;34
0928;34
0929;33
0930;33
1001;40
1002;34
1003;30
1004;37
1005;55
1006;32
1007;27
1008;31
1009;46
1010;38
1011;44
1012;29
1013;28
1014;30
1015;39
1016;38
1017;21
1018;46
1019;33
1020;38
1021;32
1022;28
1023;27
1024;42
1025;48
1026;33
1027;26
1028;27
1029;37
1030;27
1031;32
1101;33
1102;20
1103;30
1104;47
1105;46
1106;42
1107;31
1108;32
1109;30
1110;31
1111;32
1112;41
1113;42
1114;36
1115;40
1116;36
1117;32
1118;36
1119;29
1120;29
1121;31
1122;27
1123;29
1124;37
1125;40
1126;48
1127;40
1128;31
1129;33
1130;36
1201;35
1202;28
1203;42
1204;36
1205;36
1206;36
1207;36
1208;42
1209;31
1210;35
1211;30
1212;32
1213;51
1214;34
1215;37
1216;25
1217;40
1218;34
1219;29
1220;37
1221;37
1222;32
1223;42
1224;37
1225;43
1226;36
1227;45
1228;43
1229;28
1230;28
1231;42
