0101;12
0102;32
0103;25
0104;23
0105;24
0106;17
0107;15
0108;24
0109;18
0110;12
0111;18
0112;19
0113;24
0114;25
0115;23
0116;18
0117;33
0118;19
0119;13
0120;18
0121;15
0122;17
0123;25
0124;27
0125;26
0126;13
0127;25
0128;18
0129;17
0130;5
0131;18
0201;17
0202;21
0203;18
0204;10
0205;22
0206;24
0207;16
0208;15
0209;21
0210;16
0211;14
0212;23
0213;23
0214;17
0215;17
0216;20
0217;15
0218;17
0219;15
0220;16
0221;16
0222;23
0223;19
0224;20
0225;18
0226;14
0227;27
0228;19
0301;20
0302;20
0303;16
0304;16
0305;26
0306;28
0307;19
0308;31
0309;12
0310;21
0311;18
0312;20
0313;16
0314;35
0315;19
0316;21
0317;15
0318;18
0319;23
0320;22
0321;13
0322;19
0323;17
0324;20
0325;25
0326;24
0327;19
0328;21
0329;15
0330;18
0331;20
0401;21
0402;9
0403;21
0404;25
0405;20
0406;22
0407;23
0408;19
0409;18
0410;22
0411;15
0412;15
0413;12
0414;18
0415;23
0416;19
0417;11
0418;12
0419;18
0420;12
0421;22
0422;14
0423;23
0424;18
0425;15
0426;16
0427;11
0428;16
0429;22
0430;8
0501;19
0502;13
0503;13
0504;18
0505;13
0506;22
0507;14
0508;15
0509;16
0510;11
0511;11
0512;20
0513;9
0514;11
0515;16
0516;13
0517;16
0518;14
0519;19
0520;14
0521;25
0522;17
0523;12
0524;11
0525;14
0526;14
0527;12
0528;20
0529;7
0530;19
0531;20
0601;16
0602;16
0603;11
0604;15
0605;13
0606;17
0607;21
0608;13
0609;16
0610;11
0611;15
0612;15
0613;10
0614;11
0615;21
0616;14
0617;17
0618;15
0619;14
0620;19
0621;8
0622;19
0623;17
0624;9
0625;15
0626;18
0627;21
0628;15
0629;15
0630;16
0701;18
0702;17
0703;17
0704;17
0705;14
0706;31
0707;15
0708;12
0709;12
0710;12
0711;13
0712;20
0713;14
0714;16
0715;16
0716;24
0717;18
0718;15
0719;12
0720;17
0721;22
0722;17
0723;19
0724;19
0725;17
0726;18
0727;18
0728;19
0729;20
0730;13
0731;16
0801;12
0802;16
0803;14
0804;15
0805;19
0806;14
0807;15
0808;10
0809;9
0810;19
0811;8
0812;21
0813;11
0814;7
0815;19
0816;10
0817;15
0818;14
0819;21
0820;16
0821;18
0822;16
0823;20
0824;12
0825;12
0826;15
0827;17
0828;20
0829;19
0830;17
0831;14
0901;10
0902;15
0903;11
0904;20
0905;20
0906;18
0907;18
0908;20
0909;10
0910;16
0911;12
0912;14
0913;23
0914;8
0915;13
0916;14
0917;16
0918;19
0919;13
0920;13
0921;17
0922;18
0923;12
0924;16
0925;11
0926;13
0927;16
0928;20
0929;6
0930;8
1001;19
1002;15
1003;18
1004;19
1005;13
1006;17
1007;14
1008;15
1009;14
1010;17
1011;15
1012;22
1013;21
1014;17
1015;12
1016;23
1017;18
1018;16
1019;12
1020;17
1021;16
1022;20
1023;31
1024;10
1025;15
1026;16
1027;21
1028;20
1029;27
1030;12
1031;16
1101;20
1102;20
1103;17
1104;14
1105;20
1106;19
1107;17
1108;24
1109;23
1110;28
1111;14
1112;14
1113;24
1114;14
1115;18
1116;12
1117;18
1118;13
1119;15
1120;15
1121;14
1122;19
1123;14
1124;14
1125;26
1126;15
1127;21
1128;15
1129;19
1130;16
1201;21
1202;16
1203;12
1204;14
1205;16
1206;12
1207;16
1208;16
1209;15
1210;16
1211;17
1212;21
1213;15
1214;15
1215;16
1216;23
1217;13
1218;17
1219;19
1220;17
1221;21
1222;9
1223;20
1224;17
1225;21
1226;13
1227;19
1228;21
1229;13
1230;21
1231;21
