0101;8
0102;5
0103;9
0104;13
0105;5
0106;6
0107;8
0108;8
0109;13
0110;8
0111;5
0112;9
0113;6
0114;3
0115;5
0116;6
0117;8
0118;8
0119;11
0120;11
0121;10
0122;9
0123;6
0124;10
0125;5
0126;6
0127;3
0128;5
0129;6
0130;7
0131;9
0201;6
0202;11
0203;11
0204;4
0205;8
0206;10
0207;6
0208;6
0209;6
0210;9
0211;9
0212;9
0213;13
0214;6
0215;7
0216;7
0217;7
0218;8
0219;10
0220;10
0221;10
0222;12
0223;5
0224;9
0225;14
0226;9
0227;11
0228;7
0301;12
0302;12
0303;7
0304;5
0305;7
0306;9
0307;6
0308;8
0309;10
0310;7
0311;6
0312;8
0313;8
0314;8
0315;7
0316;9
0317;10
0318;10
0319;9
0320;7
0321;10
0322;12
0323;11
0324;6
0325;12
0326;9
0327;10
0328;7
0329;7
0330;12
0331;5
0401;4
0402;6
0403;5
0404;7
0405;4
0406;9
0407;9
0408;8
0409;4
0410;4
0411;9
0412;2
0413;7
0414;10
0415;8
0416;12
0417;4
0418;4
0419;9
0420;11
0421;2
0422;5
0423;6
0424;2
0425;4
0426;5
0427;12
0428;5
0429;5
0430;3
0501;6
0502;6
0503;4
0504;7
0505;3
0506;7
0507;5
0508;3
0509;6
0510;9
0511;4
0512;6
0513;8
0514;5
0515;2
0516;8
0517;7
0518;11
0519;9
0520;2
0521;6
0522;8
0523;9
0524;9
0525;7
0526;6
0527;5
0528;7
0529;7
0530;6
0531;7
0601;3
0602;5
0603;11
0604;5
0605;9
0606;5
0607;3
0608;5
0609;5
0610;6
0611;7
0612;3
0613;7
0614;7
0615;4
0616;4
0617;8
0618;11
0619;9
0620;11
0621;5
0622;14
0623;4
0624;5
0625;5
0626;8
0627;6
0628;5
0629;10
0630;4
0701;7
0702;6
0703;3
0704;11
0705;4
0706;8
0707;4
0708;4
0709;8
0710;11
0711;9
0712;9
0713;10
0714;6
0715;5
0716;5
0717;6
0718;8
0719;10
0720;3
0721;4
0722;6
0723;5
0724;5
0725;8
0726;10
0727;8
0728;6
0729;6
0730;9
0731;5
0801;7
0802;8
0803;2
0804;6
0805;5
0806;5
0807;8
0808;8
0809;5
0810;2
0811;9
0812;6
0813;5
0814;9
0815;5
0816;5
0817;6
0818;5
0819;4
0820;12
0821;5
0822;7
0823;4
0824;9
0825;4
0826;7
0827;6
0828;8
0829;4
0830;10
0831;8
0901;7
0902;6
0903;2
0904;5
0905;2
0906;3
0907;6
0908;7
0909;3
0910;9
0911;8
0912;8
0913;5
0914;5
0915;10
0916;11
0917;8
0918;3
0919;2
0920;7
0921;8
0922;7
0923;7
0924;6
0925;4
0926;10
0927;5
0928;7
0929;2
0930;3
1001;5
1002;8
1003;7
1004;8
1005;9
1006;6
1007;4
1008;9
1009;8
1010;7
1011;3
1012;3
1013;6
1014;6
1015;9
1016;7
1017;9
1018;4
1019;5
1020;1
1021;10
1022;10
1023;12
1024;8
1025;5
1026;9
1027;10
1028;5
1029;3
1030;5
1031;5
1101;5
1102;8
1103;11
1104;4
1105;9
1106;6
1107;7
1108;5
1109;4
1110;10
1111;8
1112;6
1113;12
1114;8
1115;5
1116;5
1117;13
1118;12
1119;9
1120;5
1121;5
1122;7
1123;7
1124;7
1125;5
1126;5
1127;6
1128;9
1129;10
1130;6
1201;5
1202;10
1203;7
1204;7
1205;5
1206;9
1207;7
1208;6
1209;5
1210;3
1211;9
1212;6
1213;2
1214;3
1215;6
1216;3
1217;9
1218;11
1219;6
1220;5
1221;11
1222;7
1223;10
1224;4
1225;10
1226;10
1227;8
1228;11
1229;5
1230;3
1231;8
