0101;44
0102;44
0103;43
0104;46
0105;38
0106;41
0107;44
0108;39
0109;38
0110;40
0111;46
0112;36
0113;33
0114;34
0115;26
0116;37
0117;31
0118;41
0119;38
0120;39
0121;37
0122;28
0123;37
0124;34
0125;32
0126;30
0127;26
0128;32
0129;30
0130;32
0131;43
0201;28
0202;34
0203;32
0204;36
0205;34
0206;27
0207;39
0208;26
0209;39
0210;44
0211;35
0212;28
0213;32
0214;32
0215;40
0216;39
0217;36
0218;28
0219;39
0220;36
0221;41
0222;40
0223;33
0224;31
0225;28
0226;36
0227;40
0228;37
0301;40
0302;40
0303;41
0304;26
0305;29
0306;35
0307;46
0308;31
0309;45
0310;37
0311;33
0312;34
0313;41
0314;31
0315;31
0316;38
0317;30
0318;37
0319;27
0320;24
0321;27
0322;27
0323;33
0324;32
0325;22
0326;19
0327;35
0328;31
0329;34
0330;30
0331;30
0401;35
0402;32
0403;31
0404;25
0405;28
0406;22
0407;29
0408;26
0409;36
0410;32
0411;26
0412;33
0413;30
0414;31
0415;34
0416;27
0417;35
0418;26
0419;31
0420;34
0421;33
0422;32
0423;20
0424;34
0425;20
0426;24
0427;28
0428;24
0429;34
0430;29
0501;21
0502;29
0503;34
0504;27
0505;39
0506;25
0507;28
0508;31
0509;37
0510;29
0511;26
0512;29
0513;34
0514;24
0515;26
0516;35
0517;36
0518;25
0519;24
0520;39
0521;27
0522;28
0523;27
0524;34
0525;27
0526;26
0527;24
0528;24
0529;22
0530;35
0531;32
0601;21
0602;32
0603;38
0604;32
0605;25
0606;30
0607;21
0608;26
0609;29
0610;32
0611;29
0612;36
0613;35
0614;28
0615;32
0616;24
0617;28
0618;26
0619;33
0620;33
0621;28
0622;30
0623;27
0624;30
0625;37
0626;21
0627;41
0628;29
0629;24
0630;32
0701;33
0702;24
0703;30
0704;24
0705;27
0706;32
0707;36
0708;25
0709;30
0710;33
0711;33
0712;27
0713;29
0714;21
0715;32
0716;33
0717;24
0718;32
0719;25
0720;35
0721;25
0722;33
0723;27
0724;27
0725;36
0726;30
0727;34
0728;22
0729;23
0730;24
0731;30
0801;25
0802;32
0803;32
0804;35
0805;37
0806;35
0807;44
0808;34
0809;34
0810;29
0811;28
0812;33
0813;38
0814;42
0815;27
0816;25
0817;41
0818;25
0819;45
0820;40
0821;25
0822;32
0823;25
0824;29
0825;29
0826;18
0827;34
0828;39
0829;23
0830;30
0831;30
0901;33
0902;27
0903;24
0904;24
0905;31
0906;35
0907;23
0908;31
0909;29
0910;33
0911;29
0912;19
0913;26
0914;37
0915;34
0916;37
0917;32
0918;35
0919;21
0920;25
0921;46
0922;28
0923;25
0924;30
0925;30
0926;20
0927;35
0928;39
0929;31
0930;27
1001;25
1002;27
1003;31
1004;28
1005;23
1006;35
1007;18
1008;19
1009;32
1010;32
1011;29
1012;21
1013;20
1014;29
1015;29
1016;29
1017;28
1018;28
1019;33
1020;21
1021;26
1022;24
1023;42
1024;22
1025;32
1026;25
1027;32
1028;32
1029;30
1030;24
1031;30
1101;20
1102;27
1103;35
1104;26
1105;25
1106;32
1107;35
1108;25
1109;28
1110;31
1111;34
1112;31
1113;21
1114;22
1115;18
1116;29
1117;28
1118;28
1119;31
1120;24
1121;38
1122;24
1123;35
1124;41
1125;30
1126;27
1127;43
1128;27
1129;26
1130;25
1201;18
1202;39
1203;40
1204;28
1205;22
1206;37
1207;34
1208;32
1209;37
1210;21
1211;34
1212;35
1213;33
1214;22
1215;34
1216;29
1217;46
1218;38
1219;41
1220;26
1221;33
1222;32
1223;25
1224;46
1225;31
1226;37
1227;32
1228;25
1229;33
1230;34
1231;38
