0101;9
0102;12
0103;16
0104;11
0105;17
0106;4
0107;13
0108;14
0109;14
0110;11
0111;16
0112;21
0113;10
0114;14
0115;10
0116;6
0117;13
0118;11
0119;10
0120;11
0121;14
0122;18
0123;16
0124;13
0125;11
0126;13
0127;9
0128;11
0129;17
0130;12
0131;11
0201;12
0202;4
0203;12
0204;14
0205;13
0206;14
0207;16
0208;10
0209;12
0210;9
0211;17
0212;9
0213;13
0214;10
0215;13
0216;13
0217;12
0218;10
0219;7
0220;17
0221;10
0222;16
0223;15
0224;14
0225;25
0226;14
0227;20
0228;20
0301;12
0302;12
0303;24
0304;23
0305;21
0306;19
0307;19
0308;22
0309;16
0310;24
0311;21
0312;16
0313;26
0314;16
0315;21
0316;17
0317;15
0318;14
0319;11
0320;16
0321;20
0322;12
0323;16
0324;17
0325;13
0326;8
0327;10
0328;15
0329;10
0330;12
0331;11
0401;10
0402;9
0403;11
0404;13
0405;13
0406;14
0407;11
0408;14
0409;24
0410;6
0411;15
0412;13
0413;11
0414;8
0415;8
0416;7
0417;17
0418;6
0419;12
0420;9
0421;8
0422;19
0423;10
0424;13
0425;13
0426;13
0427;11
0428;13
0429;11
0430;14
0501;11
0502;5
0503;11
0504;3
0505;11
0506;6
0507;10
0508;10
0509;12
0510;8
0511;9
0512;9
0513;11
0514;4
0515;11
0516;13
0517;13
0518;7
0519;18
0520;10
0521;8
0522;11
0523;12
0524;10
0525;14
0526;10
0527;10
0528;11
0529;10
0530;7
0531;9
0601;8
0602;7
0603;5
0604;10
0605;13
0606;6
0607;9
0608;8
0609;9
0610;5
0611;7
0612;14
0613;5
0614;10
0615;11
0616;9
0617;6
0618;6
0619;8
0620;13
0621;16
0622;12
0623;6
0624;6
0625;8
0626;10
0627;9
0628;7
0629;12
0630;10
0701;10
0702;9
0703;13
0704;14
0705;16
0706;10
0707;8
0708;6
0709;10
0710;14
0711;11
0712;10
0713;5
0714;13
0715;8
0716;7
0717;6
0718;14
0719;11
0720;13
0721;19
0722;11
0723;11
0724;10
0725;10
0726;4
0727;8
0728;11
0729;12
0730;11
0731;12
0801;14
0802;14
0803;9
0804;10
0805;11
0806;15
0807;15
0808;9
0809;15
0810;9
0811;4
0812;5
0813;12
0814;9
0815;7
0816;8
0817;9
0818;14
0819;10
0820;9
0821;13
0822;8
0823;11
0824;9
0825;8
0826;3
0827;7
0828;8
0829;6
0830;11
0831;12
0901;9
0902;11
0903;2
0904;10
0905;13
0906;12
0907;10
0908;6
0909;9
0910;10
0911;7
0912;7
0913;5
0914;16
0915;10
0916;7
0917;9
0918;15
0919;14
0920;8
0921;4
0922;5
0923;10
0924;10
0925;5
0926;8
0927;15
0928;6
0929;11
0930;12
1001;10
1002;9
1003;10
1004;11
1005;12
1006;11
1007;8
1008;6
1009;12
1010;11
1011;9
1012;10
1013;12
1014;14
1015;13
1016;9
1017;6
1018;7
1019;12
1020;9
1021;9
1022;14
1023;17
1024;12
1025;14
1026;13
1027;9
1028;8
1029;10
1030;13
1031;18
1101;6
1102;12
1103;10
1104;15
1105;12
1106;14
1107;13
1108;6
1109;13
1110;8
1111;11
1112;3
1113;10
1114;21
1115;6
1116;11
1117;13
1118;13
1119;15
1120;10
1121;9
1122;12
1123;19
1124;16
1125;15
1126;13
1127;13
1128;14
1129;11
1130;9
1201;10
1202;17
1203;16
1204;10
1205;15
1206;15
1207;16
1208;18
1209;15
1210;13
1211;8
1212;14
1213;12
1214;9
1215;11
1216;11
1217;15
1218;10
1219;7
1220;11
1221;14
1222;11
1223;11
1224;15
1225;16
1226;10
1227;8
1228;13
1229;9
1230;5
1231;9
