0101;28
0102;42
0103;27
0104;37
0105;34
0106;32
0107;33
0108;33
0109;38
0110;26
0111;50
0112;34
0113;27
0114;30
0115;36
0116;25
0117;36
0118;19
0119;29
0120;24
0121;38
0122;25
0123;29
0124;31
0125;29
0126;27
0127;39
0128;30
0129;34
0130;30
0131;23
0201;24
0202;36
0203;24
0204;31
0205;32
0206;26
0207;33
0208;32
0209;36
0210;27
0211;26
0212;30
0213;38
0214;28
0215;25
0216;39
0217;38
0218;34
0219;23
0220;40
0221;30
0222;27
0223;30
0224;33
0225;27
0226;26
0227;36
0228;30
0301;34
0302;34
0303;36
0304;32
0305;32
0306;35
0307;44
0308;40
0309;37
0310;40
0311;38
0312;26
0313;47
0314;39
0315;32
0316;40
0317;23
0318;27
0319;22
0320;35
0321;31
0322;32
0323;31
0324;25
0325;35
0326;37
0327;26
0328;44
0329;27
0330;22
0331;28
0401;31
0402;27
0403;24
0404;37
0405;30
0406;23
0407;25
0408;25
0409;23
0410;30
0411;29
0412;26
0413;27
0414;26
0415;26
0416;32
0417;29
0418;29
0419;38
0420;35
0421;30
0422;29
0423;33
0424;16
0425;25
0426;18
0427;17
0428;34
0429;25
0430;23
0501;22
0502;31
0503;18
0504;21
0505;21
0506;26
0507;30
0508;24
0509;26
0510;24
0511;27
0512;19
0513;27
0514;18
0515;23
0516;21
0517;21
0518;23
0519;24
0520;20
0521;26
0522;43
0523;32
0524;31
0525;27
0526;28
0527;32
0528;31
0529;27
0530;37
0531;27
0601;19
0602;22
0603;28
0604;28
0605;31
0606;27
0607;34
0608;24
0609;31
0610;23
0611;28
0612;25
0613;16
0614;27
0615;36
0616;15
0617;19
0618;17
0619;24
0620;22
0621;23
0622;28
0623;24
0624;33
0625;18
0626;30
0627;22
0628;24
0629;32
0630;16
0701;20
0702;21
0703;30
0704;24
0705;32
0706;24
0707;23
0708;21
0709;24
0710;21
0711;29
0712;26
0713;30
0714;31
0715;19
0716;25
0717;20
0718;29
0719;20
0720;26
0721;23
0722;25
0723;20
0724;26
0725;25
0726;24
0727;30
0728;24
0729;26
0730;33
0731;21
0801;26
0802;24
0803;28
0804;27
0805;22
0806;28
0807;25
0808;28
0809;18
0810;23
0811;28
0812;27
0813;28
0814;23
0815;25
0816;21
0817;28
0818;27
0819;31
0820;19
0821;26
0822;23
0823;31
0824;21
0825;18
0826;24
0827;21
0828;27
0829;18
0830;20
0831;22
0901;26
0902;31
0903;21
0904;28
0905;26
0906;29
0907;24
0908;21
0909;28
0910;33
0911;26
0912;31
0913;25
0914;23
0915;21
0916;17
0917;26
0918;22
0919;23
0920;26
0921;25
0922;22
0923;27
0924;19
0925;23
0926;26
0927;28
0928;32
0929;31
0930;23
1001;24
1002;27
1003;28
1004;24
1005;28
1006;30
1007;21
1008;25
1009;20
1010;31
1011;34
1012;33
1013;27
1014;32
1015;34
1016;32
1017;27
1018;22
1019;31
1020;30
1021;17
1022;19
1023;41
1024;29
1025;22
1026;29
1027;19
1028;27
1029;27
1030;27
1031;36
1101;24
1102;27
1103;36
1104;25
1105;22
1106;33
1107;43
1108;26
1109;27
1110;16
1111;26
1112;36
1113;26
1114;20
1115;33
1116;23
1117;30
1118;24
1119;27
1120;27
1121;32
1122;31
1123;24
1124;27
1125;23
1126;27
1127;30
1128;29
1129;41
1130;33
1201;24
1202;28
1203;22
1204;29
1205;39
1206;24
1207;30
1208;26
1209;33
1210;23
1211;33
1212;23
1213;37
1214;32
1215;25
1216;29
1217;30
1218;36
1219;27
1220;28
1221;40
1222;38
1223;35
1224;32
1225;18
1226;27
1227;29
1228;39
1229;29
1230;20
1231;35
