0101;27
0102;27
0103;28
0104;31
0105;27
0106;19
0107;36
0108;20
0109;25
0110;27
0111;24
0112;18
0113;26
0114;20
0115;23
0116;27
0117;21
0118;16
0119;22
0120;25
0121;24
0122;26
0123;16
0124;21
0125;26
0126;26
0127;19
0128;23
0129;19
0130;17
0131;18
0201;13
0202;14
0203;25
0204;23
0205;30
0206;15
0207;17
0208;23
0209;20
0210;30
0211;29
0212;21
0213;24
0214;17
0215;20
0216;22
0217;14
0218;19
0219;33
0220;20
0221;22
0222;16
0223;17
0224;14
0225;35
0226;23
0227;19
0228;20
0301;30
0302;25
0303;27
0304;27
0305;22
0306;32
0307;26
0308;27
0309;31
0310;23
0311;17
0312;26
0313;23
0314;27
0315;16
0316;28
0317;16
0318;31
0319;19
0320;14
0321;29
0322;23
0323;14
0324;27
0325;24
0326;25
0327;26
0328;27
0329;18
0330;22
0331;27
0401;18
0402;21
0403;23
0404;20
0405;14
0406;22
0407;13
0408;16
0409;20
0410;12
0411;17
0412;15
0413;19
0414;30
0415;19
0416;17
0417;19
0418;16
0419;26
0420;29
0421;13
0422;21
0423;14
0424;26
0425;15
0426;18
0427;24
0428;18
0429;11
0430;15
0501;21
0502;24
0503;19
0504;18
0505;20
0506;22
0507;15
0508;21
0509;14
0510;25
0511;18
0512;15
0513;17
0514;20
0515;14
0516;23
0517;17
0518;23
0519;19
0520;21
0521;16
0522;21
0523;18
0524;22
0525;17
0526;17
0527;18
0528;20
0529;25
0530;15
0531;16
0601;18
0602;17
0603;21
0604;13
0605;34
0606;21
0607;15
0608;19
0609;17
0610;18
0611;10
0612;18
0613;20
0614;14
0615;18
0616;11
0617;22
0618;15
0619;18
0620;14
0621;20
0622;16
0623;20
0624;22
0625;18
0626;13
0627;20
0628;16
0629;16
0630;25
0701;18
0702;14
0703;24
0704;16
0705;24
0706;16
0707;14
0708;20
0709;25
0710;11
0711;9
0712;13
0713;20
0714;18
0715;25
0716;20
0717;23
0718;19
0719;21
0720;24
0721;17
0722;16
0723;15
0724;18
0725;23
0726;18
0727;20
0728;21
0729;17
0730;8
0731;24
0801;18
0802;21
0803;18
0804;20
0805;20
0806;18
0807;22
0808;18
0809;15
0810;17
0811;13
0812;24
0813;16
0814;16
0815;9
0816;13
0817;21
0818;21
0819;17
0820;18
0821;17
0822;18
0823;11
0824;19
0825;10
0826;16
0827;12
0828;15
0829;23
0830;19
0831;13
0901;18
0902;20
0903;12
0904;24
0905;24
0906;23
0907;22
0908;16
0909;15
0910;23
0911;17
0912;27
0913;15
0914;23
0915;13
0916;15
0917;20
0918;20
0919;15
0920;14
0921;16
0922;16
0923;21
0924;15
0925;16
0926;16
0927;17
0928;23
0929;13
0930;20
1001;17
1002;15
1003;19
1004;15
1005;21
1006;21
1007;20
1008;23
1009;27
1010;12
1011;20
1012;15
1013;22
1014;18
1015;26
1016;23
1017;24
1018;19
1019;20
1020;15
1021;11
1022;9
1023;22
1024;27
1025;23
1026;18
1027;21
1028;17
1029;20
1030;15
1031;20
1101;13
1102;26
1103;15
1104;21
1105;27
1106;12
1107;20
1108;25
1109;17
1110;19
1111;22
1112;22
1113;21
1114;23
1115;14
1116;22
1117;19
1118;18
1119;22
1120;22
1121;20
1122;24
1123;21
1124;22
1125;21
1126;17
1127;17
1128;15
1129;22
1130;26
1201;23
1202;28
1203;16
1204;26
1205;13
1206;30
1207;19
1208;21
1209;16
1210;25
1211;21
1212;14
1213;20
1214;24
1215;20
1216;26
1217;20
1218;31
1219;24
1220;22
1221;23
1222;23
1223;20
1224;25
1225;18
1226;19
1227;26
1228;23
1229;30
1230;21
1231;21
