0101;3
0102;1
0104;4
0105;2
0106;1
0107;3
0108;1
0109;3
0110;1
0111;9
0112;4
0113;2
0114;5
0115;4
0116;2
0117;3
0118;3
0119;3
0120;2
0121;1
0122;3
0125;3
0126;4
0127;2
0128;1
0129;3
0130;2
0131;2
0201;2
0202;4
0203;6
0204;1
0205;1
0206;3
0207;1
0209;2
0210;2
0211;5
0212;3
0214;3
0215;2
0216;2
0218;4
0219;2
0221;2
0222;2
0223;1
0224;3
0225;1
0226;2
0227;1
0228;2
0301;1
0302;1
0304;3
0305;3
0306;1
0307;1
0308;2
0309;1
0310;3
0311;3
0312;3
0313;4
0316;3
0318;3
0319;2
0320;3
0321;1
0323;1
0325;2
0326;8
0327;1
0328;1
0329;2
0330;2
0331;6
0402;1
0403;2
0404;4
0406;1
0408;1
0409;3
0410;2
0412;4
0413;4
0414;3
0415;1
0416;3
0418;1
0419;2
0420;1
0421;1
0422;1
0423;1
0424;3
0425;1
0426;2
0427;2
0428;2
0430;1
0501;5
0502;2
0503;1
0504;2
0505;3
0506;2
0507;1
0508;1
0509;4
0510;3
0511;2
0512;2
0513;2
0514;2
0515;1
0516;1
0517;1
0519;2
0521;2
0522;2
0523;3
0524;2
0525;4
0526;2
0528;4
0529;2
0530;1
0531;1
0601;1
0602;6
0603;2
0604;2
0605;1
0606;2
0607;3
0608;2
0609;3
0610;1
0611;2
0612;3
0613;2
0614;1
0615;1
0616;3
0617;2
0618;1
0619;1
0621;1
0622;1
0623;2
0624;2
0625;3
0626;1
0627;1
0628;2
0629;3
0630;2
0701;3
0702;4
0704;4
0706;1
0708;3
0709;1
0710;1
0712;3
0713;2
0714;1
0715;3
0716;3
0718;2
0719;3
0721;3
0722;2
0723;3
0725;1
0726;4
0728;2
0729;5
0730;2
0731;2
0802;2
0803;4
0804;3
0805;3
0807;2
0809;1
0810;2
0811;5
0812;3
0813;1
0814;1
0815;2
0817;3
0818;4
0819;3
0820;2
0822;2
0823;1
0824;1
0825;1
0826;3
0828;2
0829;1
0830;2
0831;3
0902;1
0903;2
0904;2
0905;3
0906;5
0907;3
0908;2
0909;5
0911;3
0912;4
0913;3
0914;2
0915;5
0917;1
0919;1
0920;3
0921;2
0922;2
0923;2
0925;1
0926;4
0927;4
0928;2
1001;3
1002;1
1003;1
1004;2
1005;2
1006;2
1007;1
1008;1
1010;1
1011;1
1012;1
1013;4
1014;1
1015;1
1016;4
1017;2
1018;2
1019;5
1020;1
1021;1
1022;2
1023;4
1024;1
1025;1
1026;2
1027;2
1028;4
1029;1
1030;2
1031;4
1102;3
1103;2
1104;2
1105;5
1107;2
1108;2
1110;6
1111;3
1112;1
1114;2
1115;3
1116;2
1118;2
1119;3
1120;4
1121;1
1122;2
1123;4
1125;2
1126;2
1127;2
1128;3
1130;6
1201;2
1202;2
1204;3
1205;3
1206;2
1207;2
1208;3
1209;3
1211;2
1212;3
1213;1
1214;4
1215;2
1216;1
1218;1
1219;4
1220;3
1221;2
1222;3
1223;3
1224;2
1225;1
1226;2
1228;1
1229;3
1230;1
1231;2
