0101;8
0102;7
0103;6
0104;7
0105;6
0106;9
0107;10
0108;9
0109;7
0110;5
0111;6
0112;6
0113;9
0114;4
0115;8
0116;9
0117;5
0118;10
0119;6
0120;10
0121;10
0122;8
0123;6
0124;8
0125;9
0126;6
0127;8
0128;11
0129;11
0130;7
0131;9
0201;10
0202;11
0203;9
0204;7
0205;7
0206;10
0207;11
0208;4
0209;8
0210;6
0211;7
0212;11
0213;8
0214;8
0215;2
0216;11
0217;4
0218;7
0219;8
0220;6
0221;6
0222;4
0223;12
0224;8
0225;6
0226;7
0227;8
0228;9
0229;9
0301;6
0302;7
0303;9
0304;10
0305;7
0306;12
0307;5
0308;8
0309;4
0310;12
0311;9
0312;9
0313;4
0314;11
0315;4
0316;4
0317;9
0318;9
0319;7
0320;7
0321;9
0322;8
0323;6
0324;5
0325;10
0326;5
0327;10
0328;4
0329;11
0330;6
0331;5
0401;4
0402;6
0403;2
0404;4
0405;3
0406;2
0407;8
0408;6
0409;7
0410;4
0411;10
0412;9
0413;6
0414;9
0415;7
0416;6
0417;6
0418;5
0419;7
0420;8
0421;6
0422;11
0423;5
0424;6
0425;5
0426;6
0427;7
0428;8
0429;9
0430;4
0501;9
0502;5
0503;7
0504;7
0505;6
0506;3
0507;8
0508;9
0509;6
0510;3
0511;5
0512;6
0513;7
0514;5
0515;4
0516;9
0517;5
0518;7
0519;6
0520;5
0521;6
0522;9
0523;8
0524;6
0525;5
0526;8
0527;8
0528;7
0529;7
0530;8
0531;11
0601;8
0602;6
0603;4
0604;6
0605;10
0606;2
0607;5
0608;1
0609;7
0610;12
0611;8
0612;7
0613;7
0614;7
0615;10
0616;6
0617;7
0618;9
0619;8
0620;11
0621;4
0622;4
0623;7
0624;10
0625;12
0626;9
0627;7
0628;10
0629;7
0630;3
0701;6
0702;4
0703;2
0704;5
0705;10
0706;8
0707;7
0708;11
0709;5
0710;6
0711;6
0712;2
0713;4
0714;9
0715;7
0716;9
0717;13
0718;4
0719;5
0720;7
0721;3
0722;6
0723;7
0724;6
0725;6
0726;6
0727;3
0728;13
0729;4
0730;7
0731;7
0801;9
0802;2
0803;2
0804;8
0805;7
0806;5
0807;6
0808;6
0809;3
0810;5
0811;4
0812;7
0813;4
0814;7
0815;4
0816;5
0817;5
0818;7
0819;8
0820;9
0821;5
0822;5
0823;6
0824;11
0825;6
0826;8
0827;5
0828;6
0829;12
0830;4
0831;8
0901;7
0902;4
0903;9
0904;6
0905;6
0906;11
0907;5
0908;6
0909;7
0910;6
0911;6
0912;6
0913;8
0914;7
0915;7
0916;2
0917;8
0918;7
0919;9
0920;5
0921;3
0922;4
0923;2
0924;6
0925;7
0926;5
0927;5
0928;7
0929;9
0930;3
1001;9
1002;3
1003;6
1004;3
1005;5
1006;4
1007;8
1008;8
1009;9
1010;13
1011;1
1012;7
1013;8
1014;11
1015;12
1016;6
1017;9
1018;6
1019;8
1020;3
1021;9
1022;7
1023;4
1024;4
1025;7
1026;4
1027;7
1028;10
1029;2
1030;9
1031;7
1101;8
1102;5
1103;9
1104;6
1105;4
1106;3
1107;8
1108;4
1109;8
1110;9
1111;10
1112;13
1113;11
1114;7
1115;7
1116;3
1117;8
1118;13
1119;7
1120;9
1121;2
1122;6
1123;12
1124;7
1125;4
1126;13
1127;8
1128;6
1129;7
1130;6
1201;13
1202;9
1203;5
1204;7
1205;9
1206;9
1207;5
1208;4
1209;6
1210;7
1211;3
1212;8
1213;6
1214;7
1215;8
1216;7
1217;9
1218;11
1219;7
1220;12
1221;8
1222;10
1223;7
1224;5
1225;6
1226;6
1227;10
1228;10
1229;8
1230;7
1231;6
