0101;6
0102;9
0103;7
0104;12
0105;9
0106;10
0107;12
0108;12
0109;15
0110;12
0111;4
0112;6
0113;5
0114;9
0115;7
0116;12
0117;12
0118;8
0119;9
0120;9
0121;10
0122;4
0123;13
0124;5
0125;6
0126;11
0127;10
0128;9
0129;11
0130;4
0131;5
0201;6
0202;9
0203;9
0204;5
0205;1
0206;3
0207;9
0208;6
0209;8
0210;4
0211;6
0212;6
0213;2
0214;5
0215;12
0216;16
0217;10
0218;8
0219;8
0220;8
0221;4
0222;4
0223;4
0224;5
0225;8
0226;5
0227;10
0228;8
0229;7
0301;6
0302;4
0303;8
0304;10
0305;7
0306;7
0307;9
0308;5
0309;8
0310;8
0311;13
0312;10
0313;8
0314;8
0315;10
0316;8
0317;8
0318;7
0319;7
0320;4
0321;9
0322;8
0323;8
0324;7
0325;3
0326;6
0327;4
0328;3
0329;6
0330;3
0331;4
0401;11
0402;6
0403;8
0404;7
0405;10
0406;9
0407;9
0408;4
0409;13
0410;6
0411;8
0412;11
0413;5
0414;7
0415;10
0416;7
0417;13
0418;4
0419;5
0420;5
0421;8
0422;9
0423;6
0424;6
0425;5
0426;6
0427;10
0428;10
0429;6
0430;3
0501;5
0502;5
0503;5
0504;11
0505;9
0506;4
0507;2
0508;8
0509;1
0510;8
0511;8
0512;7
0513;6
0514;5
0515;3
0516;9
0517;9
0518;9
0519;6
0520;6
0521;9
0522;11
0523;4
0524;6
0525;7
0526;7
0527;3
0528;9
0529;7
0530;5
0531;5
0601;6
0602;7
0603;12
0604;5
0605;5
0606;2
0607;5
0608;8
0609;14
0610;6
0611;5
0612;6
0613;3
0614;7
0615;9
0616;8
0617;9
0618;6
0619;4
0620;10
0621;8
0622;4
0623;7
0624;3
0625;4
0626;7
0627;8
0628;8
0629;6
0630;6
0701;7
0702;4
0703;7
0704;3
0705;5
0706;7
0707;4
0708;5
0709;7
0710;6
0711;8
0712;3
0713;9
0714;6
0715;9
0716;5
0717;6
0718;3
0719;7
0720;6
0721;7
0722;6
0723;7
0724;12
0725;4
0726;12
0727;4
0728;6
0729;6
0730;6
0731;5
0801;5
0802;7
0803;11
0804;4
0805;2
0806;3
0807;6
0808;5
0809;9
0810;6
0811;7
0812;5
0813;6
0814;6
0815;8
0816;4
0817;3
0818;4
0819;6
0820;2
0821;6
0822;5
0823;7
0824;6
0825;6
0826;5
0827;11
0828;2
0829;5
0830;2
0831;8
0901;5
0902;6
0903;5
0904;6
0905;3
0906;6
0907;4
0908;6
0909;5
0910;9
0911;6
0912;8
0913;10
0914;3
0915;3
0916;6
0917;4
0918;8
0919;5
0920;7
0921;10
0922;11
0923;5
0924;7
0925;4
0926;6
0927;4
0928;8
0929;6
0930;8
1001;12
1002;15
1003;5
1004;5
1005;11
1006;3
1007;6
1008;7
1009;8
1010;8
1011;12
1012;5
1013;2
1014;11
1015;13
1016;10
1017;9
1018;5
1019;6
1020;7
1021;10
1022;6
1023;8
1024;11
1025;4
1026;6
1027;8
1028;10
1029;7
1030;5
1031;3
1101;4
1102;3
1103;5
1104;7
1105;5
1106;8
1107;5
1108;6
1109;12
1110;6
1111;7
1112;4
1113;6
1114;11
1115;4
1116;5
1117;6
1118;10
1119;10
1120;9
1121;5
1122;7
1123;6
1124;3
1125;5
1126;5
1127;4
1128;5
1129;8
1130;3
1201;7
1202;7
1203;6
1204;6
1205;6
1206;5
1207;6
1208;10
1209;4
1210;6
1211;5
1212;10
1213;9
1214;5
1215;13
1216;11
1217;10
1218;11
1219;8
1220;9
1221;6
1222;9
1223;8
1224;6
1225;7
1226;5
1227;8
1228;13
1229;7
1230;8
1231;3
