0101;11
0102;5
0103;10
0104;4
0105;4
0106;5
0107;5
0108;4
0109;2
0110;3
0111;8
0112;7
0113;6
0114;4
0115;3
0116;8
0117;8
0118;3
0119;7
0120;6
0121;8
0122;4
0123;5
0124;7
0125;8
0126;8
0127;5
0128;6
0129;6
0130;3
0131;7
0201;7
0202;4
0203;9
0204;4
0205;4
0206;6
0207;3
0208;5
0209;5
0210;4
0211;4
0212;7
0213;1
0214;9
0215;3
0216;4
0217;6
0218;4
0219;6
0220;4
0221;1
0222;8
0223;8
0224;5
0225;5
0226;6
0227;6
0228;6
0229;8
0301;8
0302;6
0303;3
0304;4
0305;9
0306;8
0307;5
0308;4
0309;5
0310;3
0311;7
0312;6
0313;4
0314;5
0315;4
0316;3
0317;11
0318;5
0319;4
0320;6
0321;5
0322;7
0323;4
0324;4
0325;5
0326;2
0327;4
0328;6
0329;2
0330;5
0331;4
0401;8
0402;10
0403;7
0404;3
0405;8
0406;2
0407;4
0408;6
0409;1
0410;5
0411;6
0412;6
0413;6
0414;4
0415;13
0416;7
0417;9
0418;5
0419;4
0420;2
0421;3
0422;4
0423;1
0424;6
0425;4
0426;3
0427;8
0428;4
0429;10
0430;3
0501;4
0502;7
0503;7
0504;5
0505;3
0506;3
0507;4
0508;4
0509;7
0510;6
0511;10
0512;2
0513;3
0514;6
0515;5
0516;8
0517;8
0518;7
0519;8
0520;5
0521;6
0522;3
0523;7
0524;1
0525;5
0526;1
0527;6
0528;5
0529;1
0530;8
0531;5
0601;8
0602;4
0603;7
0604;8
0605;9
0606;6
0607;5
0608;6
0609;6
0610;9
0611;3
0612;2
0613;4
0614;4
0615;5
0616;5
0617;8
0618;4
0619;5
0620;6
0621;4
0622;3
0623;5
0624;3
0625;5
0626;7
0627;6
0628;7
0629;2
0630;2
0701;3
0702;2
0703;1
0704;10
0705;7
0706;5
0707;2
0708;4
0709;10
0710;3
0711;5
0712;8
0713;4
0714;4
0715;8
0716;3
0717;6
0718;5
0719;3
0720;3
0721;12
0722;8
0723;3
0724;2
0725;5
0726;2
0727;5
0728;5
0729;5
0730;7
0731;2
0801;5
0802;3
0803;1
0804;9
0805;5
0806;3
0807;7
0808;3
0809;5
0810;3
0811;7
0812;4
0813;7
0814;3
0815;4
0816;3
0817;4
0818;3
0819;10
0820;5
0821;4
0822;5
0823;5
0824;5
0825;5
0826;4
0827;8
0828;6
0829;5
0830;5
0831;4
0901;5
0902;7
0903;3
0904;6
0905;8
0906;3
0907;5
0908;8
0909;4
0910;5
0911;4
0912;6
0913;4
0914;6
0915;4
0916;3
0917;3
0918;9
0919;3
0920;4
0921;5
0922;6
0923;6
0924;7
0925;2
0926;2
0927;4
0928;6
0929;1
0930;2
1001;7
1002;2
1003;5
1004;6
1005;2
1006;5
1007;2
1008;7
1009;4
1010;2
1011;4
1012;2
1013;4
1014;2
1015;7
1016;4
1017;2
1018;3
1019;7
1020;5
1021;3
1022;5
1023;1
1024;3
1025;3
1026;6
1027;4
1028;7
1029;4
1030;6
1031;2
1101;9
1102;5
1103;12
1104;2
1105;8
1106;1
1107;6
1108;6
1109;7
1110;9
1111;4
1112;10
1113;7
1114;5
1115;7
1116;8
1117;8
1118;3
1119;4
1120;7
1121;4
1122;1
1123;2
1124;5
1125;8
1126;7
1127;5
1128;3
1129;5
1130;7
1201;6
1202;5
1203;5
1204;2
1205;7
1206;5
1207;6
1208;10
1209;5
1210;2
1212;2
1213;5
1214;6
1215;4
1216;6
1217;4
1218;9
1219;8
1220;7
1221;5
1222;6
1223;5
1224;9
1225;4
1226;4
1227;6
1228;2
1229;5
1230;9
1231;7
