0101;13
0102;14
0103;9
0104;20
0105;8
0106;11
0107;7
0108;17
0109;7
0110;13
0111;14
0112;14
0113;11
0114;15
0115;18
0116;11
0117;15
0118;9
0119;10
0120;11
0121;16
0122;9
0123;8
0124;8
0125;12
0126;19
0127;9
0128;15
0129;5
0130;5
0131;7
0201;11
0202;11
0203;9
0204;11
0205;8
0206;6
0207;13
0208;10
0209;10
0210;6
0211;15
0212;18
0213;7
0214;13
0215;13
0216;6
0217;6
0218;10
0219;13
0220;8
0221;8
0222;12
0223;11
0224;10
0225;10
0226;9
0227;4
0228;12
0229;9
0301;10
0302;8
0303;14
0304;19
0305;9
0306;16
0307;15
0308;14
0309;9
0310;5
0311;7
0312;8
0313;13
0314;13
0315;10
0316;3
0317;10
0318;8
0319;11
0320;9
0321;11
0322;10
0323;13
0324;13
0325;12
0326;11
0327;4
0328;15
0329;8
0330;11
0331;12
0401;9
0402;9
0403;8
0404;7
0405;12
0406;5
0407;7
0408;8
0409;18
0410;15
0411;9
0412;11
0413;12
0414;8
0415;5
0416;12
0417;9
0418;12
0419;8
0420;9
0421;12
0422;8
0423;12
0424;7
0425;4
0426;8
0427;10
0428;12
0429;8
0430;12
0501;5
0502;13
0503;6
0504;11
0505;6
0506;8
0507;11
0508;8
0509;8
0510;11
0511;7
0512;11
0513;8
0514;8
0515;8
0516;6
0517;10
0518;7
0519;7
0520;6
0521;3
0522;12
0523;8
0524;11
0525;13
0526;10
0527;9
0528;11
0529;9
0530;7
0531;10
0601;11
0602;11
0603;9
0604;7
0605;14
0606;8
0607;9
0608;11
0609;6
0610;12
0611;11
0612;4
0613;8
0614;11
0615;11
0616;6
0617;7
0618;9
0619;3
0620;9
0621;4
0622;7
0623;6
0624;9
0625;7
0626;6
0627;9
0628;9
0629;6
0630;9
0701;7
0702;5
0703;9
0704;11
0705;8
0706;6
0707;6
0708;8
0709;3
0710;8
0711;4
0712;10
0713;4
0714;10
0715;12
0716;4
0717;8
0718;6
0719;17
0720;9
0721;4
0722;8
0723;8
0724;3
0725;15
0726;9
0727;8
0728;13
0729;11
0730;5
0731;6
0801;7
0802;11
0803;10
0804;9
0805;4
0806;17
0807;10
0808;8
0809;10
0810;9
0811;4
0812;7
0813;10
0814;5
0815;7
0816;11
0817;12
0818;6
0819;9
0820;3
0821;4
0822;6
0823;8
0824;5
0825;13
0826;12
0827;8
0828;4
0829;13
0830;11
0831;7
0901;14
0902;6
0903;10
0904;8
0905;8
0906;8
0907;18
0908;13
0909;11
0910;6
0911;6
0912;8
0913;6
0914;4
0915;6
0916;7
0917;12
0918;11
0919;4
0920;10
0921;12
0922;6
0923;10
0924;12
0925;9
0926;14
0927;10
0928;11
0929;10
0930;11
1001;9
1002;12
1003;8
1004;11
1005;11
1006;11
1007;11
1008;6
1009;12
1010;7
1011;8
1012;12
1013;5
1014;4
1015;12
1016;8
1017;4
1018;16
1019;14
1020;9
1021;11
1022;9
1023;12
1024;4
1025;4
1026;11
1027;10
1028;8
1029;14
1030;7
1031;13
1101;6
1102;7
1103;6
1104;14
1105;14
1106;12
1107;15
1108;15
1109;6
1110;10
1111;16
1112;9
1113;12
1114;8
1115;10
1116;11
1117;5
1118;9
1119;8
1120;12
1121;9
1122;11
1123;7
1124;10
1125;15
1126;16
1127;7
1128;18
1129;9
1130;9
1201;9
1202;11
1203;8
1204;10
1205;14
1206;10
1207;9
1208;9
1209;11
1210;14
1211;9
1212;10
1213;10
1214;8
1215;14
1216;9
1217;9
1218;11
1219;14
1220;6
1221;10
1222;12
1223;18
1224;13
1225;7
1226;11
1227;12
1228;10
1229;10
1230;9
1231;19
