0101;4
0102;13
0103;10
0104;18
0105;9
0106;14
0107;8
0108;9
0109;4
0110;14
0111;7
0112;12
0113;10
0114;6
0115;6
0116;5
0117;14
0118;6
0119;5
0120;12
0121;9
0122;5
0123;5
0124;7
0125;6
0126;9
0127;6
0128;9
0129;12
0130;3
0131;8
0201;11
0202;9
0203;5
0204;2
0205;16
0206;10
0207;9
0208;7
0209;11
0210;7
0211;5
0212;9
0213;7
0214;11
0215;4
0216;16
0217;11
0218;11
0219;8
0220;6
0221;11
0222;9
0223;6
0224;9
0225;14
0226;6
0227;5
0228;5
0229;7
0301;6
0302;5
0303;11
0304;18
0305;9
0306;14
0307;8
0308;8
0309;8
0310;8
0311;5
0312;9
0313;7
0314;13
0315;13
0316;10
0317;8
0318;5
0319;14
0320;14
0321;8
0322;9
0323;11
0324;13
0325;5
0326;8
0327;6
0328;6
0329;9
0330;8
0331;11
0401;10
0402;3
0403;12
0404;9
0405;7
0406;6
0407;4
0408;4
0409;8
0410;10
0411;7
0412;9
0413;10
0414;14
0415;8
0416;6
0417;10
0418;3
0419;8
0420;11
0421;4
0422;4
0423;6
0424;9
0425;9
0426;7
0427;11
0428;9
0429;9
0430;6
0501;5
0502;8
0503;12
0504;8
0505;5
0506;11
0507;7
0508;11
0509;5
0510;5
0511;11
0512;8
0513;4
0514;12
0515;4
0516;5
0517;8
0518;5
0519;7
0520;8
0521;10
0522;6
0523;6
0524;16
0525;5
0526;6
0527;8
0528;10
0529;9
0530;6
0531;9
0601;8
0602;12
0603;5
0604;6
0605;6
0606;9
0607;8
0608;6
0609;8
0610;6
0611;8
0612;8
0613;9
0614;2
0615;6
0616;6
0617;13
0618;5
0619;6
0620;5
0621;9
0622;6
0623;12
0624;8
0625;4
0626;8
0627;7
0628;13
0629;5
0630;7
0701;7
0702;4
0703;3
0704;6
0705;8
0706;5
0707;2
0708;7
0709;8
0710;6
0711;8
0712;9
0713;6
0714;7
0715;9
0716;5
0717;2
0718;4
0719;10
0720;9
0721;7
0722;11
0723;5
0724;5
0725;7
0726;11
0727;6
0728;6
0729;12
0730;8
0731;10
0801;8
0802;4
0803;6
0804;10
0805;6
0806;7
0807;6
0808;5
0809;7
0810;2
0811;11
0812;7
0813;4
0814;5
0815;8
0816;10
0817;11
0818;5
0819;9
0820;9
0821;7
0822;5
0823;10
0824;10
0825;7
0826;5
0827;4
0828;7
0829;6
0830;7
0831;6
0901;9
0902;7
0903;8
0904;6
0905;8
0906;10
0907;7
0908;5
0909;6
0910;6
0911;6
0912;6
0913;6
0914;8
0915;9
0916;6
0917;7
0918;4
0919;13
0920;9
0921;6
0922;3
0923;8
0924;6
0925;4
0926;4
0927;5
0928;7
0929;9
0930;6
1001;6
1002;2
1003;8
1004;12
1005;13
1006;6
1007;6
1008;8
1009;5
1010;9
1011;7
1012;9
1013;8
1014;8
1015;9
1016;6
1017;10
1018;5
1019;4
1020;5
1021;3
1022;9
1023;5
1024;11
1025;9
1026;9
1028;5
1029;5
1030;10
1031;8
1101;7
1102;7
1103;5
1104;6
1105;8
1106;4
1107;11
1108;8
1109;9
1110;5
1111;10
1112;9
1113;10
1114;5
1115;6
1116;7
1117;6
1118;8
1119;4
1120;12
1121;5
1122;10
1123;5
1124;14
1125;6
1126;6
1127;12
1128;6
1129;7
1130;7
1201;7
1202;12
1203;7
1204;6
1205;9
1206;7
1207;9
1208;4
1209;8
1210;8
1211;5
1212;6
1213;6
1214;7
1215;6
1216;10
1217;8
1218;4
1219;6
1220;7
1221;13
1222;10
1223;9
1224;9
1225;9
1226;9
1227;16
1228;10
1229;4
1230;13
1231;12
