0101;17
0102;26
0103;18
0104;19
0105;23
0106;16
0107;24
0108;26
0109;18
0110;20
0111;18
0112;16
0113;20
0114;22
0115;17
0116;17
0117;18
0118;13
0119;23
0120;13
0121;18
0122;19
0123;26
0124;19
0125;25
0126;19
0127;16
0128;13
0129;18
0130;14
0131;22
0201;18
0202;11
0203;20
0204;25
0205;15
0206;14
0207;16
0208;12
0209;15
0210;20
0211;12
0212;20
0213;18
0214;22
0215;14
0216;22
0217;21
0218;19
0219;12
0220;16
0221;10
0222;15
0223;15
0224;12
0225;9
0226;14
0227;22
0228;14
0229;10
0301;13
0302;13
0303;19
0304;30
0305;17
0306;16
0307;16
0308;16
0309;20
0310;16
0311;20
0312;16
0313;22
0314;18
0315;21
0316;17
0317;20
0318;10
0319;18
0320;16
0321;14
0322;15
0323;22
0324;16
0325;15
0326;14
0327;18
0328;9
0329;15
0330;22
0331;19
0401;18
0402;27
0403;16
0404;22
0405;23
0406;16
0407;19
0408;18
0409;14
0410;17
0411;7
0412;14
0413;18
0414;14
0415;22
0416;18
0417;21
0418;14
0419;25
0420;15
0421;22
0422;19
0423;18
0424;20
0425;15
0426;20
0427;11
0428;13
0429;21
0430;18
0501;14
0502;16
0503;14
0504;13
0505;20
0506;21
0507;16
0508;19
0509;15
0510;14
0511;14
0512;19
0513;20
0514;17
0515;15
0516;17
0517;10
0518;14
0519;12
0520;10
0521;13
0522;13
0523;8
0524;24
0525;14
0526;14
0527;15
0528;9
0529;15
0530;21
0531;12
0601;15
0602;16
0603;11
0604;22
0605;15
0606;15
0607;16
0608;14
0609;12
0610;6
0611;15
0612;12
0613;8
0614;20
0615;10
0616;10
0617;18
0618;17
0619;16
0620;12
0621;18
0622;20
0623;16
0624;9
0625;11
0626;11
0627;14
0628;14
0629;10
0630;11
0701;17
0702;13
0703;15
0704;15
0705;17
0706;14
0707;11
0708;16
0709;12
0710;18
0711;14
0712;18
0713;20
0714;15
0715;17
0716;15
0717;16
0718;24
0719;15
0720;20
0721;22
0722;27
0723;7
0724;9
0725;11
0726;10
0727;14
0728;12
0729;13
0730;15
0731;20
0801;21
0802;15
0803;21
0804;16
0805;13
0806;26
0807;21
0808;15
0809;14
0810;12
0811;19
0812;13
0813;13
0814;19
0815;14
0816;9
0817;7
0818;14
0819;14
0820;12
0821;8
0822;11
0823;15
0824;19
0825;12
0826;12
0827;10
0828;11
0829;8
0830;17
0831;15
0901;20
0902;12
0903;22
0904;12
0905;18
0906;7
0907;21
0908;15
0909;11
0910;10
0911;13
0912;20
0913;17
0914;15
0915;15
0916;13
0917;16
0918;15
0919;11
0920;17
0921;13
0922;11
0923;15
0924;12
0925;17
0926;19
0927;24
0928;15
0929;17
0930;19
1001;22
1002;18
1003;12
1004;22
1005;11
1006;13
1007;15
1008;9
1009;14
1010;23
1011;16
1012;21
1013;19
1014;13
1015;19
1016;17
1017;17
1018;6
1019;22
1020;14
1021;19
1022;16
1023;23
1024;14
1025;15
1026;21
1027;14
1028;13
1029;16
1030;22
1031;20
1101;9
1102;16
1103;14
1104;15
1105;11
1106;11
1107;19
1108;22
1109;21
1110;13
1111;26
1112;14
1113;11
1114;19
1115;29
1116;31
1117;17
1118;16
1119;13
1120;13
1121;16
1122;19
1123;13
1124;19
1125;14
1126;18
1127;11
1128;21
1129;11
1130;20
1201;17
1202;17
1203;13
1204;22
1205;18
1206;14
1207;19
1208;22
1209;19
1210;20
1211;24
1212;17
1213;16
1214;13
1215;22
1216;22
1217;18
1218;17
1219;16
1220;10
1221;19
1222;16
1223;21
1224;27
1225;19
1226;15
1227;21
1228;13
1229;20
1230;25
1231;15
