0101;6
0102;12
0103;7
0104;11
0105;8
0106;3
0107;9
0108;2
0109;8
0110;5
0111;6
0112;8
0113;3
0114;8
0115;6
0116;3
0117;8
0118;5
0119;4
0120;3
0121;5
0122;4
0123;12
0124;6
0125;2
0126;6
0127;6
0128;3
0129;4
0130;3
0131;7
0201;2
0202;3
0203;5
0204;3
0205;5
0206;4
0207;6
0208;4
0209;4
0210;7
0211;4
0212;6
0213;5
0214;4
0215;3
0216;2
0217;4
0218;2
0219;7
0220;4
0221;7
0222;3
0223;4
0224;3
0225;1
0226;9
0227;6
0228;5
0229;5
0301;3
0302;3
0303;6
0304;4
0305;4
0306;4
0307;3
0308;3
0309;9
0310;4
0311;4
0312;5
0313;6
0314;6
0315;3
0316;6
0317;8
0318;5
0319;1
0320;6
0321;1
0322;2
0323;7
0324;6
0325;3
0326;7
0327;6
0328;7
0329;6
0330;8
0331;4
0401;6
0402;6
0403;5
0404;11
0405;4
0406;4
0407;4
0408;5
0409;7
0410;8
0411;3
0412;5
0413;5
0414;6
0415;5
0416;6
0417;8
0418;6
0419;4
0420;6
0421;4
0422;4
0423;9
0424;6
0425;6
0426;5
0427;4
0428;3
0429;6
0430;8
0501;8
0502;2
0503;5
0504;3
0505;3
0506;3
0507;4
0508;6
0509;7
0510;8
0511;6
0512;3
0513;2
0514;1
0515;7
0516;6
0517;5
0518;9
0519;1
0520;4
0521;5
0522;1
0523;3
0524;6
0525;6
0526;4
0527;3
0528;6
0529;2
0530;4
0531;4
0601;7
0602;4
0603;2
0604;7
0605;5
0606;4
0607;9
0608;4
0609;5
0610;6
0611;3
0612;4
0613;1
0615;5
0616;1
0617;2
0618;9
0619;6
0620;5
0621;1
0622;3
0623;4
0624;4
0625;5
0626;4
0627;3
0628;3
0629;6
0630;5
0701;6
0702;5
0703;4
0704;3
0705;4
0706;6
0707;4
0708;2
0709;3
0710;2
0711;6
0712;1
0713;10
0714;11
0715;3
0716;6
0717;5
0718;6
0719;7
0720;3
0721;3
0722;3
0723;5
0724;1
0725;5
0726;7
0727;5
0728;2
0729;6
0730;2
0731;8
0801;3
0802;4
0803;5
0804;4
0805;4
0806;2
0807;6
0808;5
0809;4
0810;6
0811;3
0812;1
0813;3
0814;4
0815;4
0816;5
0817;3
0818;2
0819;4
0820;2
0821;4
0822;3
0823;4
0824;6
0825;4
0826;4
0827;3
0828;4
0829;6
0830;5
0831;4
0901;5
0902;2
0903;2
0904;4
0905;7
0906;5
0908;4
0909;7
0910;8
0911;6
0912;6
0913;4
0914;9
0915;3
0916;4
0917;4
0918;2
0919;7
0920;2
0921;1
0922;5
0923;5
0924;9
0925;3
0926;3
0927;5
0928;3
0929;3
0930;3
1001;4
1002;7
1003;6
1004;6
1005;3
1006;4
1007;6
1008;3
1009;6
1010;5
1011;6
1012;5
1013;4
1014;10
1015;4
1016;10
1017;7
1018;5
1019;5
1020;4
1021;7
1022;8
1023;8
1024;9
1025;4
1026;2
1027;3
1028;3
1029;1
1030;5
1031;9
1101;5
1102;7
1103;5
1104;7
1105;5
1106;3
1107;7
1108;6
1109;5
1110;8
1111;5
1112;6
1113;7
1115;7
1116;1
1117;2
1118;3
1119;5
1120;9
1121;8
1122;7
1123;6
1124;3
1125;9
1126;4
1127;7
1128;1
1129;3
1130;3
1201;3
1202;4
1203;9
1204;2
1205;6
1206;4
1207;6
1208;7
1209;3
1210;3
1211;3
1212;4
1213;4
1214;4
1215;10
1216;5
1217;6
1218;4
1219;3
1220;9
1221;6
1222;5
1223;6
1224;1
1225;4
1226;8
1227;5
1228;2
1229;2
1230;5
1231;2
