0101;18
0102;14
0103;16
0104;15
0105;17
0106;10
0107;10
0108;17
0109;11
0110;19
0111;11
0112;23
0113;17
0114;7
0115;10
0116;13
0117;13
0118;15
0119;22
0120;10
0121;22
0122;12
0123;4
0124;12
0125;16
0126;13
0127;7
0128;8
0129;12
0130;10
0131;10
0201;14
0202;15
0203;14
0204;18
0205;13
0206;8
0207;9
0208;17
0209;12
0210;15
0211;7
0212;11
0213;10
0214;10
0215;20
0216;9
0217;12
0218;17
0219;11
0220;14
0221;10
0222;16
0223;7
0224;18
0225;14
0226;11
0227;12
0228;11
0229;16
0301;28
0302;12
0303;16
0304;11
0305;8
0306;14
0307;8
0308;14
0309;13
0310;18
0311;14
0312;4
0313;13
0314;10
0315;14
0316;15
0317;13
0318;14
0319;6
0320;9
0321;9
0322;14
0323;14
0324;9
0325;7
0326;15
0327;11
0328;11
0329;6
0330;17
0331;17
0401;10
0402;13
0403;9
0404;10
0405;9
0406;11
0407;3
0408;11
0409;11
0410;13
0411;15
0412;16
0413;14
0414;12
0415;9
0416;16
0417;12
0418;14
0419;10
0420;8
0421;12
0422;13
0423;19
0424;6
0425;17
0426;11
0427;15
0428;13
0429;15
0430;10
0501;8
0502;7
0503;12
0504;15
0505;9
0506;13
0507;13
0508;4
0509;13
0510;13
0511;14
0512;11
0513;6
0514;10
0515;15
0516;8
0517;12
0518;7
0519;12
0520;9
0521;11
0522;12
0523;6
0524;13
0525;14
0526;4
0527;13
0528;6
0529;14
0530;9
0531;8
0601;11
0602;7
0603;11
0604;10
0605;11
0606;14
0607;11
0608;13
0609;6
0610;11
0611;16
0612;9
0613;12
0614;7
0615;11
0616;12
0617;14
0618;19
0619;6
0620;16
0621;12
0622;5
0623;18
0624;7
0625;8
0626;3
0627;14
0628;16
0629;12
0630;9
0701;19
0702;8
0703;6
0704;15
0705;10
0706;12
0707;11
0708;13
0709;7
0710;7
0711;9
0712;18
0713;15
0714;10
0715;13
0716;10
0717;14
0718;8
0719;14
0720;12
0721;14
0722;12
0723;11
0724;9
0725;11
0726;10
0727;8
0728;5
0729;8
0730;14
0731;11
0801;14
0802;11
0803;19
0804;9
0805;11
0806;7
0807;15
0808;11
0809;9
0810;6
0811;11
0812;14
0813;12
0814;9
0815;3
0816;12
0817;15
0818;12
0819;8
0820;18
0821;11
0822;14
0823;14
0824;13
0825;11
0826;10
0827;7
0828;6
0829;13
0830;7
0831;10
0901;8
0902;18
0903;14
0904;13
0905;13
0906;12
0907;12
0908;17
0909;7
0910;12
0911;9
0912;9
0913;14
0914;14
0915;8
0916;12
0917;9
0918;9
0919;14
0920;10
0921;6
0922;7
0923;9
0924;10
0925;7
0926;9
0927;15
0928;11
0929;10
0930;11
1001;21
1002;14
1003;11
1004;10
1005;17
1006;15
1007;9
1008;12
1009;16
1010;9
1011;8
1012;8
1013;11
1014;12
1015;7
1016;5
1017;6
1018;9
1019;15
1020;19
1021;10
1022;16
1023;13
1024;19
1025;14
1026;23
1027;10
1028;15
1029;19
1030;12
1031;8
1101;7
1102;7
1103;10
1104;11
1105;12
1106;20
1107;12
1108;16
1109;18
1110;15
1111;8
1112;14
1113;8
1114;8
1115;12
1116;16
1117;13
1118;8
1119;13
1120;15
1121;14
1122;19
1123;15
1124;8
1125;22
1126;10
1127;15
1128;20
1129;6
1130;10
1201;4
1202;17
1203;13
1204;14
1205;9
1206;8
1207;9
1208;14
1209;14
1210;11
1211;10
1212;13
1213;5
1214;14
1215;10
1216;7
1217;9
1218;6
1219;10
1220;15
1221;16
1222;16
1223;16
1224;10
1225;13
1226;13
1227;9
1228;13
1229;7
1230;12
1231;14
