0101;13
0102;19
0103;18
0104;20
0105;15
0106;9
0107;17
0108;10
0109;9
0110;15
0111;8
0112;12
0113;12
0114;17
0115;14
0116;15
0117;13
0118;10
0119;13
0120;14
0121;15
0122;13
0123;9
0124;13
0125;14
0126;11
0127;14
0128;17
0129;16
0130;11
0131;13
0201;5
0202;11
0203;17
0204;15
0205;9
0206;16
0207;19
0208;11
0209;10
0210;13
0211;14
0212;12
0213;8
0214;11
0215;10
0216;15
0217;10
0218;8
0219;12
0220;15
0221;14
0222;12
0223;9
0224;14
0225;13
0226;10
0227;15
0228;9
0229;16
0301;11
0302;11
0303;8
0304;10
0305;9
0306;10
0307;15
0308;11
0309;17
0310;8
0311;14
0312;6
0313;13
0314;13
0315;21
0316;9
0317;14
0318;15
0319;9
0320;9
0321;14
0322;12
0323;12
0324;7
0325;7
0326;8
0327;6
0328;7
0329;13
0330;14
0331;9
0401;10
0402;13
0403;19
0404;11
0405;15
0406;19
0407;12
0408;10
0409;11
0410;6
0411;12
0412;7
0413;13
0414;11
0415;17
0416;9
0417;10
0418;13
0419;8
0420;8
0421;6
0422;6
0423;17
0424;7
0425;9
0426;13
0427;12
0428;13
0429;8
0430;11
0501;8
0502;7
0503;7
0504;5
0505;10
0506;16
0507;10
0508;13
0509;11
0510;12
0511;7
0512;12
0513;13
0514;9
0515;6
0516;10
0517;11
0518;5
0519;12
0520;4
0521;6
0522;11
0523;9
0524;10
0525;8
0526;9
0527;11
0528;7
0529;11
0530;13
0531;10
0601;7
0602;9
0603;9
0604;10
0605;12
0606;5
0607;5
0608;7
0609;8
0610;10
0611;7
0612;12
0613;15
0614;8
0615;8
0616;8
0617;14
0618;11
0619;8
0620;9
0621;8
0622;7
0623;14
0624;6
0625;10
0626;9
0627;11
0628;9
0629;9
0630;10
0701;10
0702;9
0703;8
0704;12
0705;10
0706;11
0707;15
0708;14
0709;7
0710;8
0711;16
0712;9
0713;9
0714;8
0715;9
0716;14
0717;13
0718;14
0719;9
0720;3
0721;9
0722;10
0723;9
0724;4
0725;15
0726;9
0727;5
0728;10
0729;13
0730;10
0731;13
0801;10
0802;14
0803;11
0804;8
0805;12
0806;12
0807;8
0808;12
0809;12
0810;12
0811;11
0812;8
0813;8
0814;12
0815;8
0816;14
0817;5
0818;14
0819;12
0820;6
0821;6
0822;9
0823;9
0824;13
0825;16
0826;10
0827;6
0828;7
0829;7
0830;9
0831;11
0901;10
0902;12
0903;11
0904;8
0905;15
0906;8
0907;12
0908;12
0909;6
0910;13
0911;11
0912;13
0913;13
0914;13
0915;11
0916;15
0917;15
0918;8
0919;9
0920;8
0921;8
0922;15
0923;10
0924;7
0925;9
0926;14
0927;13
0928;11
0929;10
0930;12
1001;8
1002;16
1003;8
1004;11
1005;10
1006;15
1007;14
1008;12
1009;13
1010;9
1011;10
1012;8
1013;6
1014;17
1015;9
1016;10
1017;9
1018;10
1019;11
1020;16
1021;9
1022;10
1023;12
1024;13
1025;9
1026;9
1027;6
1028;8
1029;12
1030;10
1031;8
1101;13
1102;13
1103;15
1104;11
1105;9
1106;14
1107;4
1108;7
1109;9
1110;13
1111;10
1112;8
1113;5
1114;12
1115;10
1116;8
1117;9
1118;13
1119;9
1120;16
1121;8
1122;12
1123;15
1124;10
1125;10
1126;15
1127;18
1128;8
1129;13
1130;14
1201;18
1202;13
1203;12
1204;13
1205;10
1206;15
1207;6
1208;12
1209;8
1210;7
1211;9
1212;13
1213;8
1214;16
1215;15
1216;17
1217;8
1218;13
1219;18
1220;17
1221;12
1222;15
1223;13
1224;16
1225;13
1226;11
1227;10
1228;12
1229;19
1230;14
1231;8
