0101;15
0102;7
0103;18
0104;9
0105;13
0106;6
0107;10
0108;15
0109;15
0110;15
0111;5
0112;10
0113;17
0114;14
0115;18
0116;10
0117;11
0118;6
0119;8
0120;14
0121;18
0122;9
0123;12
0124;9
0125;12
0126;16
0127;8
0128;14
0129;9
0130;14
0131;17
0201;9
0202;10
0203;20
0204;14
0205;9
0206;7
0207;9
0208;3
0209;11
0210;13
0211;11
0212;16
0213;8
0214;12
0215;8
0216;12
0217;11
0218;11
0219;10
0220;11
0221;10
0222;8
0223;8
0224;10
0225;11
0226;16
0227;16
0228;11
0229;8
0301;6
0302;10
0303;11
0304;14
0305;11
0306;8
0307;11
0308;8
0309;16
0310;13
0311;10
0312;12
0313;9
0314;10
0315;7
0316;7
0317;7
0318;8
0319;9
0320;9
0321;5
0322;5
0323;7
0324;14
0325;8
0326;7
0327;4
0328;13
0329;7
0330;8
0331;5
0401;15
0402;3
0403;5
0404;4
0405;5
0406;13
0407;11
0408;12
0409;7
0410;11
0411;9
0412;9
0413;14
0414;13
0415;8
0416;5
0417;13
0418;7
0419;13
0420;13
0421;14
0422;2
0423;9
0424;10
0425;12
0426;10
0427;9
0428;10
0429;12
0430;12
0501;15
0502;15
0503;12
0504;4
0505;11
0506;8
0507;19
0508;9
0509;5
0510;9
0511;12
0512;9
0513;8
0514;8
0515;7
0516;6
0517;8
0518;7
0519;7
0520;6
0521;7
0522;12
0523;9
0524;9
0525;9
0526;7
0527;9
0528;16
0529;13
0530;5
0531;15
0601;7
0602;6
0603;11
0604;11
0605;5
0606;10
0607;5
0608;13
0609;9
0610;14
0611;6
0612;10
0613;4
0614;7
0615;8
0616;6
0617;10
0618;12
0619;11
0620;9
0621;8
0622;8
0623;12
0624;12
0625;8
0626;10
0627;8
0628;7
0629;7
0630;7
0701;8
0702;12
0703;9
0704;12
0705;6
0706;6
0707;7
0708;9
0709;12
0710;9
0711;10
0712;10
0713;8
0714;10
0715;9
0716;8
0717;7
0718;15
0719;10
0720;12
0721;6
0722;11
0723;6
0724;7
0725;5
0726;6
0727;6
0728;11
0729;7
0730;8
0731;9
0801;8
0802;12
0803;5
0804;8
0805;12
0806;11
0807;5
0808;5
0809;12
0810;10
0811;8
0812;9
0813;6
0814;10
0815;5
0816;6
0817;3
0818;12
0819;6
0820;13
0821;10
0822;7
0823;10
0824;9
0825;6
0826;4
0827;15
0828;5
0829;11
0830;7
0831;8
0901;13
0902;8
0903;7
0904;12
0905;10
0906;8
0907;6
0908;15
0909;11
0910;11
0911;10
0912;7
0913;4
0914;7
0915;10
0916;6
0917;4
0918;9
0919;7
0920;10
0921;9
0922;7
0923;7
0924;9
0925;4
0926;12
0927;8
0928;9
0929;15
0930;8
1001;5
1002;4
1003;6
1004;7
1005;7
1006;6
1007;11
1008;10
1009;16
1010;9
1011;12
1012;6
1013;11
1014;11
1015;12
1016;15
1017;10
1018;9
1019;12
1020;13
1021;8
1022;3
1023;10
1024;5
1025;11
1026;7
1027;12
1028;9
1029;9
1030;9
1031;5
1101;4
1102;14
1103;6
1104;10
1105;13
1106;16
1107;3
1108;14
1109;4
1110;8
1111;13
1112;7
1113;8
1114;6
1115;10
1116;10
1117;10
1118;15
1119;8
1120;12
1121;9
1122;9
1123;7
1124;19
1125;5
1126;12
1127;11
1128;12
1129;7
1130;8
1201;13
1202;10
1203;11
1204;10
1205;4
1206;7
1207;10
1208;14
1209;13
1210;9
1211;4
1212;12
1213;10
1214;10
1215;15
1216;5
1217;9
1218;13
1219;8
1220;10
1221;10
1222;7
1223;13
1224;7
1225;5
1226;13
1227;12
1228;7
1229;8
1230;8
1231;10
