0101;28
0102;27
0103;34
0104;24
0105;27
0106;44
0107;28
0108;30
0109;27
0110;36
0111;27
0112;39
0113;29
0114;24
0115;40
0116;37
0117;17
0118;24
0119;33
0120;35
0121;29
0122;19
0123;21
0124;30
0125;39
0126;24
0127;25
0128;29
0129;27
0130;24
0131;26
0201;25
0202;33
0203;30
0204;33
0205;18
0206;30
0207;31
0208;26
0209;20
0210;23
0211;36
0212;19
0213;16
0214;27
0215;26
0216;24
0217;31
0218;32
0219;29
0220;26
0221;41
0222;34
0223;30
0224;24
0225;29
0226;30
0227;18
0228;28
0229;31
0301;24
0302;25
0303;28
0304;28
0305;27
0306;19
0307;25
0308;26
0309;28
0310;25
0311;26
0312;17
0313;24
0314;29
0315;31
0316;35
0317;26
0318;24
0319;25
0320;29
0321;22
0322;35
0323;34
0324;26
0325;34
0326;31
0327;31
0328;27
0329;34
0330;29
0331;18
0401;31
0402;27
0403;26
0404;27
0405;28
0406;26
0407;29
0408;16
0409;28
0410;18
0411;22
0412;21
0413;27
0414;25
0415;20
0416;29
0417;24
0418;22
0419;33
0420;19
0421;29
0422;26
0423;21
0424;28
0425;24
0426;28
0427;24
0428;22
0429;34
0430;27
0501;28
0502;33
0503;24
0504;34
0505;20
0506;25
0507;33
0508;17
0509;22
0510;31
0511;26
0512;33
0513;26
0514;18
0515;27
0516;29
0517;19
0518;24
0519;29
0520;35
0521;22
0522;26
0523;19
0524;32
0525;26
0526;20
0527;19
0528;24
0529;25
0530;27
0531;25
0601;20
0602;29
0603;27
0604;19
0605;29
0606;36
0607;26
0608;28
0609;29
0610;23
0611;21
0612;20
0613;21
0614;32
0615;21
0616;28
0617;31
0618;27
0619;17
0620;15
0621;19
0622;14
0623;24
0624;21
0625;20
0626;21
0627;24
0628;25
0629;21
0630;25
0701;19
0702;36
0703;25
0704;13
0705;25
0706;26
0707;35
0708;21
0709;27
0710;19
0711;23
0712;19
0713;22
0714;33
0715;33
0716;33
0717;36
0718;32
0719;19
0720;27
0721;23
0722;35
0723;34
0724;22
0725;16
0726;27
0727;27
0728;21
0729;31
0730;26
0731;24
0801;36
0802;20
0803;33
0804;35
0805;25
0806;22
0807;25
0808;24
0809;29
0810;20
0811;24
0812;22
0813;25
0814;23
0815;22
0816;26
0817;27
0818;16
0819;31
0820;18
0821;17
0822;23
0823;23
0824;24
0825;26
0826;27
0827;24
0828;21
0829;18
0830;16
0831;33
0901;27
0902;30
0903;22
0904;12
0905;25
0906;36
0907;24
0908;24
0909;38
0910;17
0911;24
0912;17
0913;28
0914;24
0915;24
0916;23
0917;26
0918;16
0919;19
0920;34
0921;21
0922;18
0923;24
0924;20
0925;27
0926;24
0927;31
0928;12
0929;27
0930;26
1001;22
1002;20
1003;21
1004;25
1005;26
1006;18
1007;19
1008;25
1009;29
1010;32
1011;23
1012;16
1013;26
1014;31
1015;22
1016;23
1017;24
1018;18
1019;24
1020;22
1021;33
1022;28
1023;31
1024;20
1025;21
1026;24
1027;16
1028;24
1029;25
1030;31
1031;30
1101;17
1102;28
1103;21
1104;24
1105;24
1106;20
1107;27
1108;28
1109;34
1110;28
1111;23
1112;17
1113;23
1114;33
1115;26
1116;31
1117;11
1118;21
1119;27
1120;29
1121;16
1122;27
1123;22
1124;18
1125;21
1126;30
1127;33
1128;18
1129;26
1130;26
1201;26
1202;23
1203;28
1204;29
1205;30
1206;23
1207;32
1208;20
1209;28
1210;28
1211;35
1212;17
1213;33
1214;28
1215;30
1216;32
1217;31
1218;26
1219;21
1220;24
1221;31
1222;42
1223;26
1224;33
1225;17
1226;21
1227;25
1228;38
1229;25
1230;26
1231;23
