0101;16
0102;20
0103;20
0104;15
0105;20
0106;27
0107;22
0108;19
0109;25
0110;22
0111;24
0112;19
0113;20
0114;21
0115;19
0116;21
0117;14
0118;11
0119;10
0120;13
0121;18
0122;18
0123;20
0124;16
0125;19
0126;18
0127;13
0128;18
0129;20
0130;21
0131;18
0201;20
0202;18
0203;23
0204;13
0205;19
0206;21
0207;11
0208;18
0209;24
0210;18
0211;13
0212;14
0213;16
0214;18
0215;17
0216;17
0217;30
0218;22
0219;26
0220;20
0221;16
0222;19
0223;14
0224;12
0225;17
0226;22
0227;11
0228;20
0229;14
0301;14
0302;18
0303;19
0304;13
0305;18
0306;20
0307;13
0308;15
0309;21
0310;23
0311;19
0312;19
0313;17
0314;23
0315;11
0316;11
0317;9
0318;16
0319;7
0320;12
0321;18
0322;22
0323;12
0324;14
0325;17
0326;15
0327;18
0328;16
0329;18
0330;19
0331;18
0401;6
0402;11
0403;12
0404;19
0405;16
0406;11
0407;16
0408;16
0409;19
0410;17
0411;14
0412;13
0413;15
0414;16
0415;26
0416;9
0417;13
0418;17
0419;25
0420;15
0421;14
0422;16
0423;13
0424;11
0425;18
0426;26
0427;18
0428;17
0429;16
0430;13
0501;14
0502;10
0503;15
0504;17
0505;7
0506;19
0507;12
0508;8
0509;9
0510;13
0511;17
0512;9
0513;16
0514;16
0515;17
0516;23
0517;12
0518;9
0519;13
0520;12
0521;18
0522;11
0523;17
0524;12
0525;10
0526;14
0527;15
0528;17
0529;13
0530;13
0531;19
0601;17
0602;17
0603;16
0604;11
0605;22
0606;17
0607;19
0608;15
0609;9
0610;19
0611;15
0612;13
0613;15
0614;10
0615;21
0616;12
0617;13
0618;12
0619;11
0620;8
0621;16
0622;8
0623;10
0624;19
0625;15
0626;15
0627;11
0628;16
0629;10
0630;17
0701;19
0702;21
0703;17
0704;13
0705;12
0706;12
0707;12
0708;14
0709;15
0710;8
0711;15
0712;13
0713;23
0714;16
0715;23
0716;17
0717;13
0718;12
0719;15
0720;13
0721;12
0722;14
0723;10
0724;20
0725;11
0726;14
0727;17
0728;21
0729;13
0730;11
0731;15
0801;19
0802;10
0803;13
0804;14
0805;8
0806;18
0807;17
0808;14
0809;17
0810;14
0811;8
0812;21
0813;15
0814;10
0815;15
0816;15
0817;23
0818;20
0819;18
0820;13
0821;13
0822;10
0823;13
0824;19
0825;16
0826;12
0827;12
0828;8
0829;9
0830;9
0831;15
0901;12
0902;13
0903;15
0904;17
0905;19
0906;18
0907;13
0908;21
0909;18
0910;12
0911;8
0912;22
0913;16
0914;13
0915;14
0916;11
0917;12
0918;21
0919;15
0920;9
0921;13
0922;15
0923;17
0924;13
0925;19
0926;14
0927;23
0928;17
0929;9
0930;13
1001;17
1002;20
1003;21
1004;13
1005;16
1006;9
1007;17
1008;14
1009;18
1010;19
1011;21
1012;21
1013;13
1014;19
1015;13
1016;13
1017;13
1018;13
1019;20
1020;15
1021;17
1022;18
1023;15
1024;28
1025;16
1026;13
1027;17
1028;16
1029;16
1030;14
1031;8
1101;16
1102;26
1103;18
1104;14
1105;18
1106;19
1107;16
1108;15
1109;10
1110;13
1111;17
1112;6
1113;15
1114;18
1115;14
1116;17
1117;9
1118;24
1119;11
1120;9
1121;18
1122;7
1123;11
1124;18
1125;16
1126;17
1127;19
1128;19
1129;23
1130;12
1201;17
1202;22
1203;18
1204;15
1205;18
1206;27
1207;14
1208;17
1209;12
1210;15
1211;13
1212;18
1213;11
1214;22
1215;19
1216;19
1217;20
1218;17
1219;18
1220;18
1221;20
1222;14
1223;22
1224;14
1225;18
1226;20
1227;14
1228;18
1229;13
1230;22
1231;18
