0101;12
0102;15
0103;5
0104;17
0105;12
0106;11
0107;8
0108;7
0109;14
0110;7
0111;8
0112;7
0113;7
0114;10
0115;8
0116;7
0117;13
0118;3
0119;9
0120;12
0121;10
0122;7
0123;7
0124;5
0125;9
0126;9
0127;12
0128;10
0129;5
0130;9
0131;5
0201;8
0202;9
0203;10
0204;8
0205;12
0206;8
0207;11
0208;12
0209;7
0210;16
0211;11
0212;13
0213;6
0214;8
0215;6
0216;13
0217;7
0218;12
0219;8
0220;17
0221;10
0222;10
0223;15
0224;10
0225;5
0226;11
0227;11
0228;8
0229;8
0301;9
0302;10
0303;6
0304;12
0305;10
0306;11
0307;6
0308;11
0309;11
0310;2
0311;12
0312;14
0313;11
0314;4
0315;6
0316;11
0317;15
0318;9
0319;11
0320;8
0321;3
0322;4
0323;11
0324;5
0325;10
0326;4
0327;8
0328;6
0329;10
0330;7
0331;10
0401;8
0402;9
0403;6
0404;7
0405;6
0406;9
0407;5
0408;6
0409;10
0410;6
0411;8
0412;13
0413;11
0414;5
0415;12
0416;5
0417;11
0418;11
0419;7
0420;8
0421;8
0422;5
0423;7
0424;8
0425;5
0426;6
0427;7
0428;11
0429;11
0430;9
0501;12
0502;10
0503;8
0504;7
0505;16
0506;7
0507;9
0508;8
0509;10
0510;11
0511;8
0512;7
0513;6
0514;9
0515;8
0516;10
0517;10
0518;8
0519;9
0520;7
0521;3
0522;7
0523;16
0524;9
0525;9
0526;9
0527;5
0528;7
0529;6
0530;7
0531;8
0601;9
0602;8
0603;5
0604;8
0605;13
0606;8
0607;6
0608;9
0609;17
0610;9
0611;6
0612;7
0613;7
0614;8
0615;8
0616;7
0617;9
0618;7
0619;10
0620;7
0621;4
0622;10
0623;5
0624;5
0625;10
0626;8
0627;11
0628;11
0629;8
0630;9
0701;8
0702;5
0703;11
0704;8
0705;7
0706;9
0707;10
0708;7
0709;5
0710;8
0711;5
0712;7
0713;11
0714;6
0715;7
0716;11
0717;8
0718;7
0719;9
0720;8
0721;6
0722;13
0723;12
0724;10
0725;9
0726;9
0727;7
0728;8
0729;8
0730;5
0731;7
0801;15
0802;12
0803;6
0804;10
0805;7
0806;8
0807;7
0808;9
0809;10
0810;10
0811;12
0812;3
0813;3
0814;4
0815;9
0816;7
0817;16
0818;10
0819;9
0820;9
0821;7
0822;9
0823;12
0824;9
0825;5
0826;8
0827;12
0828;9
0829;9
0830;6
0831;16
0901;10
0902;8
0903;8
0904;6
0905;13
0906;7
0907;8
0908;7
0909;10
0910;11
0911;9
0912;6
0913;6
0914;7
0915;4
0916;4
0917;7
0918;8
0919;5
0920;10
0921;12
0922;7
0923;10
0924;7
0925;12
0926;10
0927;9
0928;7
0929;6
0930;8
1001;4
1002;4
1003;11
1004;7
1005;8
1006;7
1007;7
1008;9
1009;8
1010;6
1011;9
1012;7
1013;12
1014;7
1015;3
1016;9
1017;5
1018;9
1019;11
1020;10
1021;7
1022;5
1023;8
1024;8
1025;11
1026;5
1027;5
1028;7
1029;15
1030;11
1031;12
1101;9
1102;9
1103;5
1104;7
1105;8
1106;6
1107;5
1108;12
1109;7
1110;8
1111;14
1112;6
1113;6
1114;9
1115;13
1116;7
1117;6
1118;10
1119;7
1120;9
1121;8
1122;4
1123;6
1124;8
1125;13
1126;8
1127;12
1128;9
1129;12
1130;10
1201;10
1202;7
1203;8
1204;14
1205;10
1206;7
1207;7
1208;10
1209;9
1210;11
1211;10
1212;8
1213;11
1214;9
1215;8
1216;14
1217;11
1218;9
1219;14
1220;9
1221;5
1222;8
1223;13
1224;6
1225;17
1226;7
1227;11
1228;12
1229;8
1230;9
1231;7
