0101;12
0102;15
0103;21
0104;27
0105;20
0106;21
0107;15
0108;16
0109;23
0110;12
0111;10
0112;20
0113;20
0114;17
0115;16
0116;17
0117;13
0118;15
0119;14
0120;17
0121;8
0122;12
0123;14
0124;14
0125;16
0126;14
0127;20
0128;10
0129;15
0130;20
0131;24
0201;18
0202;10
0203;13
0204;18
0205;14
0206;15
0207;17
0208;12
0209;13
0210;18
0211;17
0212;11
0213;19
0214;13
0215;15
0216;17
0217;20
0218;16
0219;11
0220;16
0221;11
0222;19
0223;19
0224;17
0225;15
0226;24
0227;14
0228;18
0229;12
0301;16
0302;12
0303;11
0304;15
0305;13
0306;10
0307;13
0308;12
0309;16
0310;12
0311;13
0312;5
0313;11
0314;15
0315;15
0316;14
0317;19
0318;15
0319;18
0320;12
0321;11
0322;11
0323;20
0324;16
0325;17
0326;18
0327;19
0328;15
0329;16
0330;16
0331;15
0401;15
0402;15
0403;21
0404;9
0405;11
0406;14
0407;15
0408;19
0409;11
0410;16
0411;10
0412;7
0413;16
0414;11
0415;17
0416;17
0417;16
0418;14
0419;11
0420;10
0421;10
0422;19
0423;12
0424;14
0425;18
0426;10
0427;12
0428;11
0429;12
0430;17
0501;10
0502;11
0503;14
0504;7
0505;14
0506;12
0507;14
0508;9
0509;15
0510;13
0511;9
0512;15
0513;12
0514;9
0515;10
0516;10
0517;14
0518;15
0519;19
0520;12
0521;16
0522;10
0523;8
0524;13
0525;21
0526;17
0527;20
0528;20
0529;16
0530;12
0531;14
0601;12
0602;14
0603;17
0604;12
0605;10
0606;13
0607;14
0608;14
0609;18
0610;14
0611;15
0612;11
0613;16
0614;12
0615;16
0616;14
0617;17
0618;15
0619;11
0620;11
0621;11
0622;16
0623;13
0624;9
0625;16
0626;14
0627;22
0628;17
0629;10
0630;8
0701;11
0702;18
0703;7
0704;13
0705;11
0706;15
0707;18
0708;11
0709;15
0710;11
0711;11
0712;11
0713;17
0714;18
0715;7
0716;9
0717;20
0718;9
0719;14
0720;16
0721;14
0722;9
0723;13
0724;9
0725;7
0726;10
0727;11
0728;8
0729;16
0730;19
0731;12
0801;10
0802;16
0803;19
0804;6
0805;16
0806;11
0807;14
0808;9
0809;18
0810;11
0811;12
0812;9
0813;10
0814;10
0815;22
0816;2
0817;11
0818;13
0819;17
0820;15
0821;12
0822;9
0823;13
0824;13
0825;14
0826;12
0827;12
0828;15
0829;10
0830;11
0831;8
0901;20
0902;15
0903;13
0904;4
0905;17
0906;17
0907;11
0908;13
0909;16
0910;12
0911;18
0912;13
0913;9
0914;12
0915;14
0916;22
0917;13
0918;18
0919;11
0920;26
0921;14
0922;17
0923;21
0924;18
0925;12
0926;11
0927;10
0928;6
0929;13
0930;15
1001;16
1002;18
1003;12
1004;18
1005;17
1006;9
1007;13
1008;17
1009;17
1010;17
1011;18
1012;12
1013;14
1014;19
1015;12
1016;9
1017;19
1018;9
1019;19
1020;13
1021;21
1022;13
1023;12
1024;24
1025;17
1026;9
1027;15
1028;17
1029;14
1030;10
1031;13
1101;11
1102;9
1103;12
1104;18
1105;12
1106;15
1107;11
1108;18
1109;15
1110;14
1111;9
1112;11
1113;15
1114;15
1115;15
1116;23
1117;16
1118;15
1119;12
1120;19
1121;21
1122;21
1123;14
1124;16
1125;14
1126;18
1127;9
1128;13
1129;17
1130;19
1201;15
1202;12
1203;6
1204;17
1205;14
1206;15
1207;18
1208;14
1209;11
1210;18
1211;16
1212;11
1213;26
1214;17
1215;18
1216;23
1217;15
1218;11
1219;11
1220;15
1221;19
1222;16
1223;19
1224;6
1225;17
1226;11
1227;24
1228;12
1229;25
1230;11
1231;15
