0101;27
0102;21
0103;28
0104;20
0105;22
0106;27
0107;24
0108;23
0109;14
0110;27
0111;18
0112;17
0113;22
0114;29
0115;18
0116;24
0117;22
0118;13
0119;11
0120;11
0121;12
0122;10
0123;17
0124;17
0125;21
0126;20
0127;17
0128;18
0129;20
0130;18
0131;26
0201;25
0202;18
0203;23
0204;12
0205;16
0206;15
0207;11
0208;12
0209;17
0210;19
0211;18
0212;15
0213;14
0214;13
0215;13
0216;23
0217;17
0218;18
0219;19
0220;21
0221;13
0222;22
0223;19
0224;16
0225;24
0226;26
0227;22
0228;20
0229;25
0301;20
0302;22
0303;17
0304;22
0305;17
0306;23
0307;24
0308;22
0309;20
0310;22
0311;27
0312;13
0313;22
0314;19
0315;20
0316;23
0317;16
0318;22
0319;25
0320;13
0321;20
0322;15
0323;16
0324;28
0325;17
0326;28
0327;19
0328;14
0329;22
0330;18
0331;23
0401;23
0402;23
0403;15
0404;21
0405;20
0406;19
0407;14
0408;13
0409;11
0410;23
0411;15
0412;17
0413;17
0414;16
0415;14
0416;28
0417;15
0418;10
0419;22
0420;27
0421;17
0422;11
0423;20
0424;23
0425;17
0426;21
0427;21
0428;15
0429;11
0430;21
0501;9
0502;23
0503;11
0504;15
0505;20
0506;11
0507;15
0508;15
0509;13
0510;15
0511;16
0512;17
0513;14
0514;20
0515;19
0516;19
0517;17
0518;18
0519;13
0520;21
0521;12
0522;24
0523;18
0524;25
0525;28
0526;21
0527;23
0528;17
0529;19
0530;15
0531;6
0601;16
0602;12
0603;24
0604;13
0605;14
0606;20
0607;14
0608;30
0609;15
0610;10
0611;13
0612;16
0613;10
0614;12
0615;18
0616;22
0617;16
0618;14
0619;14
0620;7
0621;11
0622;20
0623;19
0624;9
0625;11
0626;16
0627;25
0628;16
0629;13
0630;16
0701;14
0702;22
0703;14
0704;13
0705;14
0706;11
0707;10
0708;17
0709;17
0710;16
0711;13
0712;15
0713;12
0714;16
0715;18
0716;17
0717;18
0718;14
0719;13
0720;17
0721;17
0722;11
0723;14
0724;20
0725;17
0726;18
0727;17
0728;18
0729;16
0730;14
0731;17
0801;17
0802;11
0803;21
0804;9
0805;17
0806;15
0807;11
0808;20
0809;7
0810;11
0811;19
0812;15
0813;11
0814;12
0815;10
0816;15
0817;14
0818;18
0819;13
0820;16
0821;19
0822;11
0823;11
0824;20
0825;17
0826;20
0827;22
0828;26
0829;11
0830;13
0831;14
0901;17
0902;15
0903;17
0904;13
0905;19
0906;23
0907;16
0908;13
0909;18
0910;17
0911;14
0912;16
0913;22
0914;11
0915;11
0916;18
0917;18
0918;14
0919;23
0920;22
0921;16
0922;24
0923;10
0924;12
0925;9
0926;12
0927;10
0928;26
0929;19
0930;7
1001;12
1002;15
1003;19
1004;16
1005;18
1006;8
1007;18
1008;20
1009;25
1010;21
1011;17
1012;12
1013;14
1014;25
1015;20
1016;11
1017;14
1018;16
1019;19
1020;24
1021;15
1022;17
1023;19
1024;15
1025;16
1026;18
1027;14
1028;16
1029;13
1030;22
1031;16
1101;15
1102;16
1103;16
1104;15
1105;17
1106;23
1107;15
1108;17
1109;17
1110;11
1111;16
1112;20
1113;15
1114;10
1115;22
1116;19
1117;13
1118;20
1119;20
1120;17
1121;15
1122;18
1123;16
1124;16
1125;8
1126;17
1127;19
1128;20
1129;13
1130;31
1201;18
1202;16
1203;22
1204;22
1205;18
1206;10
1207;19
1208;22
1209;19
1210;31
1211;22
1212;18
1213;16
1214;18
1215;18
1216;17
1217;17
1218;17
1219;13
1220;20
1221;19
1222;16
1223;17
1224;21
1225;12
1226;19
1227;20
1228;26
1229;14
1230;21
1231;18
