0101;28
0102;27
0103;28
0104;30
0105;27
0106;38
0107;38
0108;23
0109;16
0110;28
0111;24
0112;24
0113;30
0114;23
0115;28
0116;29
0117;32
0118;22
0119;30
0120;25
0121;24
0122;21
0123;29
0124;27
0125;28
0126;19
0127;26
0128;19
0129;28
0130;25
0131;26
0201;24
0202;35
0203;26
0204;32
0205;24
0206;29
0207;22
0208;31
0209;31
0210;26
0211;27
0212;12
0213;25
0214;26
0215;16
0216;18
0217;23
0218;21
0219;24
0220;23
0221;25
0222;23
0223;23
0224;32
0225;25
0226;20
0227;21
0228;21
0229;24
0301;35
0302;20
0303;28
0304;25
0305;25
0306;28
0307;21
0308;28
0309;20
0310;21
0311;19
0312;28
0313;28
0314;25
0315;19
0316;20
0317;34
0318;22
0319;13
0320;22
0321;23
0322;20
0323;25
0324;28
0325;23
0326;34
0327;28
0328;16
0329;19
0330;22
0331;24
0401;17
0402;13
0403;22
0404;19
0405;26
0406;29
0407;27
0408;15
0409;18
0410;20
0411;30
0412;21
0413;25
0414;25
0415;24
0416;22
0417;14
0418;19
0419;28
0420;30
0421;26
0422;21
0423;19
0424;16
0425;24
0426;23
0427;17
0428;25
0429;18
0430;25
0501;23
0502;39
0503;19
0504;20
0505;25
0506;28
0507;26
0508;22
0509;13
0510;18
0511;26
0512;22
0513;17
0514;28
0515;17
0516;25
0517;18
0518;19
0519;16
0520;17
0521;22
0522;15
0523;25
0524;20
0525;36
0526;25
0527;22
0528;20
0529;27
0530;19
0531;24
0601;25
0602;23
0603;21
0604;19
0605;20
0606;20
0607;14
0608;23
0609;19
0610;26
0611;25
0612;25
0613;21
0614;25
0615;33
0616;22
0617;18
0618;15
0619;19
0620;16
0621;30
0622;22
0623;20
0624;16
0625;18
0626;21
0627;18
0628;17
0629;19
0630;25
0701;24
0702;16
0703;23
0704;18
0705;22
0706;24
0707;14
0708;23
0709;18
0710;13
0711;25
0712;18
0713;18
0714;17
0715;29
0716;18
0717;17
0718;27
0719;21
0720;19
0721;22
0722;24
0723;23
0724;20
0725;21
0726;21
0727;18
0728;12
0729;13
0730;16
0731;20
0801;21
0802;15
0803;16
0804;24
0805;22
0806;22
0807;21
0808;22
0809;16
0810;23
0811;26
0812;18
0813;18
0814;16
0815;18
0816;22
0817;22
0818;24
0819;22
0820;22
0821;18
0822;27
0823;14
0824;20
0825;21
0826;23
0827;34
0828;13
0829;22
0830;18
0831;27
0901;13
0902;20
0903;25
0904;22
0905;19
0906;16
0907;24
0908;20
0909;26
0910;14
0911;27
0912;20
0913;17
0914;25
0915;14
0916;25
0917;21
0918;22
0919;19
0920;31
0921;16
0922;19
0923;18
0924;15
0925;16
0926;17
0927;17
0928;25
0929;22
0930;26
1001;22
1002;20
1003;23
1004;9
1005;20
1006;25
1007;16
1008;25
1009;42
1010;22
1011;25
1012;22
1013;22
1014;27
1015;23
1016;30
1017;15
1018;22
1019;17
1020;21
1021;28
1022;19
1023;27
1024;26
1025;19
1026;15
1027;19
1028;18
1029;30
1030;18
1031;18
1101;21
1102;21
1103;19
1104;23
1105;20
1106;23
1107;24
1108;28
1109;24
1110;23
1111;28
1112;25
1113;22
1114;16
1115;20
1116;25
1117;26
1118;17
1119;11
1120;27
1121;16
1122;28
1123;25
1124;16
1125;24
1126;17
1127;23
1128;22
1129;24
1130;18
1201;20
1202;25
1203;19
1204;19
1205;30
1206;31
1207;30
1208;22
1209;25
1210;34
1211;26
1212;22
1213;23
1214;32
1215;30
1216;24
1217;24
1218;14
1219;19
1220;33
1221;31
1222;23
1223;22
1224;41
1225;26
1226;24
1227;16
1228;35
1229;28
1230;20
1231;21
