0101;68
0102;63
0103;68
0104;71
0105;68
0106;85
0107;79
0108;64
0109;62
0110;79
0111;58
0112;61
0113;88
0114;54
0115;71
0116;61
0117;77
0118;69
0119;52
0120;86
0121;77
0122;60
0123;74
0124;71
0125;64
0126;62
0127;76
0128;80
0129;68
0130;58
0131;72
0201;76
0202;67
0203;71
0204;68
0205;70
0206;66
0207;59
0208;53
0209;77
0210;61
0211;57
0212;67
0213;67
0214;51
0215;62
0216;55
0217;60
0218;58
0219;60
0220;54
0221;57
0222;53
0223;60
0224;54
0225;55
0226;62
0227;63
0228;62
0229;59
0301;74
0302;63
0303;57
0304;65
0305;65
0306;54
0307;60
0308;65
0309;56
0310;61
0311;66
0312;69
0313;73
0314;62
0315;69
0316;70
0317;66
0318;60
0319;57
0320;62
0321;59
0322;56
0323;62
0324;64
0325;56
0326;63
0327;64
0328;54
0329;57
0330;72
0331;60
0401;53
0402;64
0403;54
0404;57
0405;65
0406;52
0407;65
0408;65
0409;50
0410;67
0411;47
0412;52
0413;55
0414;51
0415;63
0416;65
0417;57
0418;57
0419;51
0420;63
0421;51
0422;60
0423;63
0424;60
0425;56
0426;58
0427;63
0428;47
0429;57
0430;51
0501;57
0502;59
0503;61
0504;52
0505;68
0506;72
0507;57
0508;54
0509;63
0510;63
0511;53
0512;64
0513;54
0514;68
0515;58
0516;59
0517;54
0518;64
0519;70
0520;68
0521;53
0522;47
0523;54
0524;51
0525;62
0526;58
0527;56
0528;60
0529;57
0530;62
0531;52
0601;49
0602;50
0603;63
0604;53
0605;70
0606;62
0607;71
0608;69
0609;70
0610;57
0611;49
0612;53
0613;57
0614;64
0615;60
0616;54
0617;58
0618;42
0619;46
0620;47
0621;59
0622;59
0623;42
0624;60
0625;41
0626;45
0627;72
0628;46
0629;60
0630;54
0701;48
0702;43
0703;58
0704;49
0705;64
0706;77
0707;68
0708;65
0709;44
0710;43
0711;49
0712;50
0713;55
0714;67
0715;48
0716;74
0717;71
0718;54
0719;41
0720;51
0721;56
0722;56
0723;54
0724;49
0725;37
0726;43
0727;46
0728;71
0729;62
0730;47
0731;70
0801;52
0802;61
0803;69
0804;60
0805;58
0806;63
0807;47
0808;68
0809;53
0810;70
0811;57
0812;47
0813;53
0814;45
0815;52
0816;65
0817;42
0818;51
0819;52
0820;52
0821;54
0822;59
0823;47
0824;54
0825;46
0826;42
0827;55
0828;48
0829;50
0830;60
0831;46
0901;65
0902;51
0903;70
0904;68
0905;55
0906;54
0907;51
0908;57
0909;51
0910;64
0911;59
0912;40
0913;59
0914;72
0915;44
0916;51
0917;63
0918;45
0919;56
0920;56
0921;46
0922;46
0923;65
0924;66
0925;57
0926;66
0927;59
0928;64
0929;55
0930;46
1001;67
1002;57
1003;72
1004;67
1005;65
1006;47
1007;55
1008;65
1009;46
1010;64
1011;71
1012;57
1013;72
1014;55
1015;63
1016;56
1017;58
1018;46
1019;68
1020;76
1021;59
1022;48
1023;70
1024;70
1025;68
1026;50
1027;72
1028;68
1029;53
1030;52
1031;57
1101;59
1102;64
1103;77
1104;65
1105;53
1106;54
1107;52
1108;60
1109;58
1110;49
1111;51
1112;58
1113;55
1114;45
1115;72
1116;59
1117;48
1118;64
1119;48
1120;60
1121;52
1122;46
1123;54
1124;57
1125;53
1126;62
1127;74
1128;70
1129;61
1130;52
1201;55
1202;65
1203;55
1204;61
1205;67
1206;59
1207;49
1208;64
1209;70
1210;64
1211;69
1212;54
1213;79
1214;61
1215;43
1216;59
1217;61
1218;60
1219;64
1220;59
1221;64
1222;69
1223;57
1224;61
1225;72
1226;55
1227;73
1228;78
1229;70
1230;72
1231;72
