0101;7
0102;10
0103;8
0104;6
0105;9
0106;11
0107;9
0108;6
0109;8
0110;9
0111;7
0112;7
0113;9
0114;13
0115;7
0116;9
0117;13
0118;6
0119;8
0120;13
0121;9
0122;5
0123;12
0124;7
0125;10
0126;11
0127;5
0128;10
0129;6
0130;9
0131;9
0201;8
0202;7
0203;8
0204;4
0205;9
0206;14
0207;7
0208;6
0209;7
0210;11
0211;12
0212;8
0213;13
0214;6
0215;8
0216;6
0217;3
0218;13
0219;1
0220;12
0221;5
0222;9
0223;13
0224;8
0225;7
0226;7
0227;10
0228;11
0229;12
0301;8
0302;9
0303;7
0304;7
0305;9
0306;11
0307;6
0308;11
0309;8
0310;11
0311;8
0312;11
0313;9
0314;5
0315;9
0316;13
0317;5
0318;13
0319;7
0320;5
0321;10
0322;10
0323;8
0324;11
0325;6
0326;7
0327;7
0328;11
0329;5
0330;15
0331;6
0401;11
0402;3
0403;6
0404;7
0405;6
0406;8
0407;5
0408;9
0409;11
0410;7
0411;6
0412;6
0413;11
0414;5
0415;6
0416;6
0417;7
0418;10
0419;4
0420;3
0421;7
0422;8
0423;6
0424;7
0425;5
0426;6
0427;11
0428;10
0429;5
0430;8
0501;7
0502;10
0503;12
0504;7
0505;10
0506;6
0507;6
0508;8
0509;11
0510;6
0511;7
0512;8
0513;8
0514;5
0515;7
0516;8
0517;7
0518;6
0519;10
0520;3
0521;7
0522;5
0523;6
0524;12
0525;6
0526;5
0527;8
0528;5
0529;6
0530;5
0531;4
0601;7
0602;6
0603;7
0604;4
0605;6
0606;7
0607;9
0608;11
0609;8
0610;5
0611;9
0612;7
0613;2
0614;9
0615;5
0616;13
0617;7
0618;4
0619;5
0620;6
0621;6
0622;7
0623;7
0624;5
0625;2
0626;7
0627;12
0628;6
0629;7
0630;6
0701;4
0702;6
0703;7
0704;7
0705;10
0706;8
0707;7
0708;8
0709;7
0710;9
0711;3
0712;3
0713;9
0714;7
0715;4
0716;2
0717;8
0718;5
0719;4
0720;9
0721;9
0722;11
0723;8
0724;7
0725;7
0726;9
0727;7
0728;3
0729;6
0730;9
0731;3
0801;6
0802;10
0803;6
0804;7
0805;4
0806;7
0807;2
0808;8
0809;5
0810;8
0811;3
0812;11
0813;10
0814;9
0815;2
0816;5
0817;7
0818;5
0819;7
0820;7
0821;19
0822;8
0823;8
0824;6
0825;6
0826;7
0827;5
0828;9
0829;7
0830;9
0831;4
0901;8
0902;6
0903;7
0904;3
0905;2
0906;8
0907;9
0908;5
0909;6
0910;9
0911;7
0912;3
0913;10
0914;5
0915;7
0916;6
0917;5
0918;5
0919;7
0920;4
0921;8
0922;10
0923;7
0924;11
0925;10
0926;11
0927;5
0928;11
0929;9
0930;4
1001;6
1002;4
1003;10
1004;5
1005;10
1006;14
1007;8
1008;12
1009;7
1010;9
1011;9
1012;11
1013;5
1014;6
1015;5
1016;7
1017;11
1018;8
1019;7
1020;9
1021;7
1022;7
1023;8
1024;10
1025;9
1026;13
1027;4
1028;6
1029;5
1030;4
1031;3
1101;6
1102;7
1103;7
1104;5
1105;5
1106;3
1107;7
1108;14
1109;8
1110;6
1111;7
1112;6
1113;5
1114;6
1115;11
1116;5
1117;7
1118;7
1119;3
1120;5
1121;8
1122;8
1123;3
1124;10
1125;7
1126;7
1127;9
1128;7
1129;3
1130;9
1201;9
1202;12
1203;5
1204;8
1205;4
1206;9
1207;13
1208;7
1209;3
1210;8
1211;13
1212;6
1213;10
1214;9
1215;12
1216;6
1217;11
1218;6
1219;7
1220;8
1221;7
1222;12
1223;4
1224;15
1225;8
1226;7
1227;11
1228;7
1229;12
1230;9
1231;7
