0101;56
0102;38
0103;48
0104;44
0105;38
0106;37
0107;38
0108;50
0109;53
0110;36
0111;35
0112;41
0113;39
0114;39
0115;30
0116;42
0117;27
0118;29
0119;38
0120;48
0121;40
0122;30
0123;28
0124;42
0125;45
0126;38
0127;36
0128;29
0129;47
0130;42
0131;35
0201;47
0202;52
0203;37
0204;48
0205;41
0206;40
0207;39
0208;30
0209;29
0210;48
0211;36
0212;27
0213;35
0214;35
0215;39
0216;28
0217;39
0218;43
0219;46
0220;36
0221;51
0222;34
0223;32
0224;48
0225;33
0226;44
0227;39
0228;45
0229;36
0301;38
0302;51
0303;33
0304;39
0305;39
0306;41
0307;34
0308;38
0309;35
0310;48
0311;46
0312;32
0313;36
0314;48
0315;43
0316;35
0317;32
0318;35
0319;30
0320;29
0321;32
0322;35
0323;30
0324;31
0325;31
0326;39
0327;33
0328;30
0329;41
0330;32
0331;43
0401;39
0402;34
0403;37
0404;34
0405;30
0406;30
0407;32
0408;31
0409;36
0410;44
0411;36
0412;39
0413;34
0414;28
0415;31
0416;39
0417;41
0418;34
0419;34
0420;29
0421;39
0422;41
0423;40
0424;44
0425;37
0426;35
0427;50
0428;47
0429;39
0430;27
0501;32
0502;42
0503;33
0504;29
0505;43
0506;29
0507;43
0508;33
0509;37
0510;38
0511;29
0512;32
0513;33
0514;29
0515;35
0516;33
0517;39
0518;32
0519;36
0520;26
0521;35
0522;35
0523;40
0524;24
0525;35
0526;24
0527;30
0528;25
0529;38
0530;25
0531;31
0601;35
0602;30
0603;36
0604;22
0605;30
0606;21
0607;37
0608;34
0609;26
0610;29
0611;29
0612;31
0613;31
0614;36
0615;24
0616;33
0617;34
0618;41
0619;34
0620;31
0621;31
0622;31
0623;35
0624;30
0625;36
0626;30
0627;40
0628;22
0629;31
0630;34
0701;38
0702;24
0703;24
0704;25
0705;37
0706;27
0707;34
0708;43
0709;29
0710;31
0711;40
0712;41
0713;42
0714;34
0715;30
0716;31
0717;37
0718;34
0719;33
0720;32
0721;28
0722;47
0723;27
0724;26
0725;26
0726;26
0727;35
0728;29
0729;32
0730;31
0731;28
0801;34
0802;27
0803;25
0804;30
0805;38
0806;41
0807;27
0808;35
0809;36
0810;33
0811;34
0812;31
0813;32
0814;30
0815;26
0816;35
0817;34
0818;32
0819;39
0820;33
0821;33
0822;19
0823;31
0824;26
0825;26
0826;37
0827;33
0828;30
0829;42
0830;27
0831;30
0901;41
0902;36
0903;28
0904;29
0905;33
0906;38
0907;34
0908;25
0909;36
0910;34
0911;27
0912;29
0913;24
0914;32
0915;36
0916;23
0917;40
0918;31
0919;34
0920;32
0921;25
0922;38
0923;26
0924;35
0925;30
0926;36
0927;34
0928;27
0929;34
0930;42
1001;39
1002;30
1003;45
1004;48
1005;34
1006;31
1007;34
1008;45
1009;33
1010;47
1011;26
1012;35
1013;38
1014;31
1015;39
1016;33
1017;27
1018;34
1019;27
1020;43
1021;35
1022;28
1023;28
1024;35
1025;44
1026;29
1027;33
1028;38
1029;43
1030;30
1031;24
1101;35
1102;37
1103;33
1104;38
1105;31
1106;39
1107;46
1108;32
1109;39
1110;41
1111;27
1112;23
1113;21
1114;39
1115;25
1116;43
1117;29
1118;28
1119;34
1120;38
1121;29
1122;39
1123;37
1124;31
1125;41
1126;41
1127;33
1128;41
1129;27
1130;33
1201;35
1202;30
1203;38
1204;36
1205;32
1206;42
1207;28
1208;46
1209;31
1210;41
1211;35
1212;38
1213;28
1214;36
1215;28
1216;52
1217;40
1218;38
1219;39
1220;47
1221;33
1222;41
1223;37
1224;40
1225;41
1226;36
1227;36
1228;41
1229;46
1230;33
1231;41
