0101;16
0102;15
0103;16
0104;23
0105;14
0106;21
0107;20
0108;18
0109;21
0110;25
0111;19
0112;25
0113;17
0114;19
0115;14
0116;27
0117;20
0118;11
0119;21
0120;25
0121;24
0122;13
0123;16
0124;20
0125;19
0126;15
0127;13
0128;15
0129;15
0130;22
0131;18
0201;14
0202;14
0203;17
0204;23
0205;20
0206;14
0207;18
0208;17
0209;22
0210;12
0211;16
0212;14
0213;13
0214;17
0215;21
0216;15
0217;21
0218;13
0219;19
0220;21
0221;15
0222;16
0223;15
0224;16
0225;17
0226;15
0227;17
0228;20
0229;15
0301;18
0302;16
0303;19
0304;21
0305;19
0306;16
0307;19
0308;16
0309;20
0310;20
0311;18
0312;18
0313;14
0314;17
0315;19
0316;17
0317;7
0318;23
0319;13
0320;16
0321;10
0322;19
0323;19
0324;15
0325;12
0326;14
0327;20
0328;22
0329;31
0330;16
0331;12
0401;20
0402;18
0403;14
0404;12
0405;15
0406;20
0407;13
0408;21
0409;15
0410;20
0411;19
0412;18
0413;14
0414;20
0415;20
0416;21
0417;14
0418;26
0419;21
0420;28
0421;10
0422;14
0423;18
0424;17
0425;14
0426;19
0427;17
0428;14
0429;23
0430;18
0501;14
0502;10
0503;16
0504;16
0505;22
0506;19
0507;17
0508;10
0509;13
0510;18
0511;20
0512;12
0513;22
0514;11
0515;11
0516;12
0517;20
0518;16
0519;19
0520;18
0521;20
0522;18
0523;13
0524;19
0525;13
0526;11
0527;15
0528;19
0529;18
0530;18
0531;12
0601;15
0602;14
0603;15
0604;16
0605;14
0606;24
0607;18
0608;13
0609;15
0610;20
0611;13
0612;21
0613;14
0614;22
0615;14
0616;17
0617;15
0618;11
0619;11
0620;15
0621;14
0622;17
0623;20
0624;19
0625;14
0626;19
0627;21
0628;11
0629;21
0630;14
0701;19
0702;16
0703;7
0704;21
0705;23
0706;16
0707;18
0708;18
0709;14
0710;16
0711;6
0712;12
0713;19
0714;17
0715;19
0716;19
0717;13
0718;13
0719;13
0720;15
0721;20
0722;22
0723;7
0724;15
0725;16
0726;21
0727;15
0728;18
0729;14
0730;16
0731;12
0801;21
0802;16
0803;12
0804;11
0805;14
0806;14
0807;14
0808;13
0809;12
0810;15
0811;12
0812;10
0813;15
0814;15
0815;20
0816;19
0817;19
0818;17
0819;8
0820;7
0821;9
0822;14
0823;23
0824;14
0825;14
0826;9
0827;12
0828;12
0829;22
0830;13
0831;18
0901;12
0902;15
0903;16
0904;21
0905;11
0906;11
0907;14
0908;19
0909;16
0910;10
0911;10
0912;11
0913;26
0914;12
0915;18
0916;12
0917;13
0918;11
0919;16
0920;15
0921;16
0922;17
0923;14
0924;15
0925;19
0926;12
0927;20
0928;14
0929;16
0930;17
1001;15
1002;18
1003;17
1004;15
1005;20
1006;16
1007;9
1008;19
1009;14
1010;11
1011;19
1012;21
1013;13
1014;15
1015;15
1016;19
1017;15
1018;20
1019;17
1020;18
1021;22
1022;14
1023;13
1024;17
1025;19
1026;21
1027;17
1028;13
1029;17
1030;8
1031;15
1101;13
1102;20
1103;14
1104;8
1105;9
1106;11
1107;16
1108;18
1109;6
1110;13
1111;17
1112;17
1113;19
1114;19
1115;20
1116;13
1117;17
1118;18
1119;12
1120;21
1121;18
1122;19
1123;17
1124;21
1125;24
1126;19
1127;15
1128;12
1129;24
1130;14
1201;12
1202;15
1203;17
1204;21
1205;16
1206;8
1207;10
1208;28
1209;8
1210;8
1211;13
1212;18
1213;16
1214;20
1215;14
1216;22
1217;15
1218;15
1219;11
1220;16
1221;21
1222;15
1223;16
1224;21
1225;11
1226;20
1227;19
1228;27
1229;26
1230;16
1231;17
