0101;9
0102;9
0103;10
0104;15
0105;12
0106;8
0107;3
0108;9
0109;5
0110;9
0111;10
0112;6
0113;5
0114;6
0115;8
0116;5
0117;5
0118;6
0119;6
0120;8
0121;14
0122;8
0123;3
0124;7
0125;7
0126;5
0127;9
0128;5
0129;10
0130;2
0131;11
0201;3
0202;5
0203;10
0204;6
0205;3
0206;9
0207;9
0208;6
0209;8
0210;7
0211;11
0212;10
0213;7
0214;3
0215;8
0216;4
0217;5
0218;7
0219;8
0220;10
0221;10
0222;2
0223;8
0224;7
0225;10
0226;4
0227;6
0228;7
0229;7
0301;9
0302;7
0303;4
0304;10
0305;9
0306;7
0307;5
0308;10
0309;10
0310;9
0311;15
0312;5
0313;2
0314;9
0315;4
0316;1
0317;5
0318;5
0319;6
0320;5
0321;7
0322;9
0323;6
0324;5
0325;3
0326;10
0327;8
0328;6
0329;5
0330;3
0331;11
0401;7
0402;5
0403;8
0404;8
0405;7
0406;7
0407;9
0408;7
0409;5
0410;5
0411;11
0412;6
0413;8
0414;12
0415;10
0416;7
0417;8
0418;10
0419;10
0420;12
0421;4
0422;6
0423;8
0424;6
0425;3
0426;8
0427;9
0428;6
0429;10
0430;4
0501;4
0502;5
0503;8
0504;13
0505;5
0506;4
0507;4
0508;9
0509;10
0510;5
0511;7
0512;7
0513;5
0514;8
0515;11
0516;10
0517;8
0518;11
0519;9
0520;4
0521;6
0522;2
0523;3
0524;9
0525;7
0526;10
0527;9
0528;5
0529;10
0530;6
0531;5
0601;8
0602;5
0603;6
0604;11
0605;4
0606;6
0607;4
0608;3
0609;3
0610;7
0611;9
0612;6
0613;6
0614;5
0615;13
0616;4
0617;5
0618;5
0619;5
0620;3
0621;5
0622;12
0623;8
0624;7
0625;7
0626;11
0627;5
0628;9
0629;7
0630;8
0701;5
0702;7
0703;5
0704;5
0705;8
0706;6
0707;7
0708;4
0709;6
0710;4
0711;9
0712;6
0713;8
0714;7
0715;9
0716;8
0717;6
0718;11
0719;8
0720;2
0721;4
0722;8
0723;7
0724;5
0725;5
0726;7
0727;4
0728;7
0729;12
0730;1
0731;11
0801;6
0802;6
0803;10
0804;3
0805;6
0806;7
0807;8
0808;5
0809;5
0810;9
0811;8
0812;9
0813;4
0814;7
0815;8
0816;11
0817;4
0818;6
0819;7
0820;8
0821;4
0822;10
0823;5
0824;9
0825;7
0826;9
0827;13
0828;10
0829;6
0830;5
0831;9
0901;10
0902;8
0903;7
0904;4
0905;9
0906;10
0907;10
0908;8
0909;8
0910;6
0911;6
0912;10
0913;5
0914;5
0915;4
0916;5
0917;14
0918;2
0919;3
0920;11
0921;9
0922;6
0923;3
0924;9
0925;8
0926;6
0927;10
0928;6
0929;10
0930;5
1001;7
1002;3
1003;11
1004;6
1005;6
1006;7
1007;5
1008;3
1009;6
1010;3
1011;8
1012;3
1013;6
1014;9
1015;9
1016;3
1017;5
1018;3
1019;6
1020;3
1021;7
1022;8
1023;6
1024;7
1025;7
1026;5
1027;3
1028;3
1029;8
1030;7
1031;4
1101;6
1102;5
1103;8
1104;7
1105;12
1106;8
1107;8
1108;8
1109;9
1110;5
1111;6
1112;6
1113;10
1114;5
1115;9
1116;8
1117;5
1118;9
1119;5
1120;9
1121;6
1122;13
1123;4
1124;3
1125;4
1126;7
1127;5
1128;8
1129;7
1130;12
1201;6
1202;7
1203;5
1204;12
1205;9
1206;8
1207;8
1208;7
1209;12
1210;5
1211;7
1212;10
1213;3
1214;10
1215;3
1216;7
1217;6
1218;6
1219;12
1220;2
1221;8
1222;8
1223;2
1224;10
1225;10
1226;12
1227;9
1228;8
1229;7
1230;10
1231;5
