0101;15
0102;16
0103;13
0104;18
0105;17
0106;15
0107;39
0108;14
0109;13
0110;15
0111;26
0112;16
0113;20
0114;19
0115;19
0116;23
0117;18
0118;13
0119;13
0120;13
0121;22
0122;18
0123;11
0124;24
0125;18
0126;14
0127;16
0128;15
0129;27
0130;17
0131;25
0201;17
0202;9
0203;15
0204;8
0205;19
0206;17
0207;12
0208;16
0209;17
0210;19
0211;20
0212;13
0213;14
0214;15
0215;16
0216;20
0217;22
0218;22
0219;13
0220;15
0221;18
0222;21
0223;18
0224;16
0225;17
0226;11
0227;18
0228;13
0229;19
0301;14
0302;17
0303;13
0304;14
0305;16
0306;11
0307;16
0308;20
0309;17
0310;24
0311;13
0312;23
0313;17
0314;11
0315;17
0316;17
0317;15
0318;10
0319;24
0320;19
0321;18
0322;17
0323;19
0324;16
0325;12
0326;19
0327;16
0328;19
0329;22
0330;20
0331;21
0401;14
0402;12
0403;21
0404;15
0405;13
0406;22
0407;22
0408;18
0409;11
0410;12
0411;17
0412;16
0413;14
0414;6
0415;7
0416;16
0417;12
0418;15
0419;19
0420;9
0421;19
0422;17
0423;11
0424;12
0425;11
0426;5
0427;16
0428;16
0429;20
0430;24
0501;19
0502;18
0503;17
0504;14
0505;15
0506;16
0507;18
0508;17
0509;18
0510;17
0511;14
0512;12
0513;16
0514;17
0515;18
0516;9
0517;12
0518;17
0519;13
0520;16
0521;11
0522;13
0523;15
0524;10
0525;10
0526;12
0527;14
0528;20
0529;11
0530;12
0531;19
0601;21
0602;16
0603;10
0604;18
0605;12
0606;12
0607;21
0608;11
0609;14
0610;17
0611;18
0612;16
0613;12
0614;13
0615;14
0616;10
0617;10
0618;15
0619;12
0620;11
0621;6
0622;17
0623;13
0624;13
0625;18
0626;13
0627;17
0628;12
0629;19
0630;13
0701;16
0702;7
0703;15
0704;13
0705;12
0706;20
0707;8
0708;13
0709;11
0710;20
0711;11
0712;13
0713;14
0714;17
0715;13
0716;17
0717;13
0718;18
0719;22
0720;16
0721;17
0722;16
0723;17
0724;17
0725;13
0726;18
0727;12
0728;20
0729;13
0730;21
0731;19
0801;8
0802;12
0803;15
0804;17
0805;17
0806;21
0807;11
0808;8
0809;12
0810;9
0811;15
0812;17
0813;15
0814;13
0815;16
0816;15
0817;13
0818;15
0819;11
0820;13
0821;8
0822;14
0823;11
0824;17
0825;14
0826;17
0827;9
0828;10
0829;15
0830;12
0831;17
0901;16
0902;19
0903;18
0904;15
0905;17
0906;16
0907;14
0908;12
0909;15
0910;17
0911;17
0912;11
0913;9
0914;21
0915;9
0916;14
0917;15
0918;9
0919;16
0920;15
0921;10
0922;15
0923;21
0924;17
0925;10
0926;11
0927;21
0928;17
0929;10
0930;12
1001;16
1002;16
1003;12
1004;17
1005;13
1006;19
1007;10
1008;15
1009;9
1010;17
1011;10
1012;13
1013;14
1014;14
1015;16
1016;14
1017;16
1018;16
1019;4
1020;19
1021;23
1022;15
1023;17
1024;15
1025;14
1026;20
1027;18
1028;17
1029;10
1030;24
1031;12
1101;13
1102;18
1103;13
1104;16
1105;12
1106;20
1107;15
1108;13
1109;18
1110;18
1111;10
1112;24
1113;16
1114;15
1115;14
1116;15
1117;15
1118;14
1119;27
1120;22
1121;15
1122;24
1123;20
1124;18
1125;12
1126;14
1127;22
1128;12
1129;18
1130;18
1201;8
1202;13
1203;18
1204;18
1205;17
1206;17
1207;17
1208;14
1209;21
1210;17
1211;13
1212;11
1213;21
1214;15
1215;10
1216;19
1217;23
1218;17
1219;19
1220;16
1221;18
1222;14
1223;9
1224;12
1225;25
1226;39
1227;17
1228;18
1229;16
1230;12
1231;17
