0101;14
0102;18
0103;13
0104;16
0105;19
0106;9
0107;16
0108;19
0109;21
0110;14
0111;12
0112;15
0113;13
0114;16
0115;10
0116;16
0117;10
0118;20
0119;15
0120;12
0121;11
0122;18
0123;17
0124;16
0125;9
0126;17
0127;14
0128;15
0129;15
0130;11
0131;16
0201;12
0202;12
0203;6
0204;12
0205;12
0206;16
0207;14
0208;10
0209;12
0210;9
0211;12
0212;10
0213;15
0214;14
0215;12
0216;14
0217;10
0218;16
0219;23
0220;9
0221;12
0222;14
0223;12
0224;10
0225;14
0226;14
0227;11
0228;16
0229;14
0301;14
0302;9
0303;9
0304;12
0305;8
0306;10
0307;11
0308;14
0309;13
0310;8
0311;22
0312;17
0313;13
0314;12
0315;10
0316;12
0317;17
0318;10
0319;12
0320;13
0321;15
0322;11
0323;9
0324;15
0325;12
0326;10
0327;10
0328;9
0329;17
0330;15
0331;21
0401;9
0402;10
0403;9
0404;8
0405;13
0406;14
0407;12
0408;10
0409;11
0410;12
0411;18
0412;11
0413;11
0414;13
0415;12
0416;11
0417;9
0418;13
0419;10
0420;12
0421;12
0422;14
0423;10
0424;19
0425;15
0426;9
0427;17
0428;13
0429;12
0430;14
0501;14
0502;5
0503;9
0504;11
0505;17
0506;9
0507;13
0508;8
0509;14
0510;15
0511;9
0512;11
0513;13
0514;11
0515;13
0516;11
0517;10
0518;10
0519;17
0520;10
0521;13
0522;7
0523;14
0524;10
0525;7
0526;20
0527;11
0528;8
0529;16
0530;15
0531;12
0601;7
0602;10
0603;8
0604;7
0605;6
0606;12
0607;11
0608;12
0609;14
0610;11
0611;13
0612;14
0613;19
0614;13
0615;9
0616;9
0617;11
0618;9
0619;7
0620;13
0621;12
0622;11
0623;9
0624;15
0625;7
0626;5
0627;8
0628;11
0629;12
0630;13
0701;10
0702;11
0703;13
0704;8
0705;12
0706;6
0707;14
0708;8
0709;9
0710;8
0711;13
0712;10
0713;9
0714;8
0715;14
0716;10
0717;20
0718;11
0719;12
0720;8
0721;5
0722;14
0723;8
0724;13
0725;10
0726;11
0727;6
0728;6
0729;13
0730;6
0731;16
0801;10
0802;10
0803;13
0804;15
0805;13
0806;11
0807;9
0808;14
0809;4
0810;10
0811;8
0812;6
0813;10
0814;11
0815;11
0816;12
0817;16
0818;11
0819;11
0820;9
0821;11
0822;12
0823;13
0824;9
0825;10
0826;10
0827;9
0828;13
0829;10
0830;14
0831;13
0901;3
0902;12
0903;11
0904;18
0905;12
0906;16
0907;11
0908;6
0909;10
0910;8
0911;14
0912;11
0913;8
0914;17
0915;10
0916;6
0917;13
0918;16
0919;12
0920;15
0921;12
0922;5
0923;9
0924;10
0925;19
0926;7
0927;14
0928;9
0929;12
0930;14
1001;10
1002;10
1003;8
1004;14
1005;18
1006;14
1007;14
1008;8
1009;16
1010;9
1011;7
1012;16
1013;7
1014;16
1015;10
1016;7
1017;11
1018;4
1019;19
1020;5
1021;15
1022;10
1023;11
1024;8
1025;13
1026;6
1027;10
1028;12
1029;9
1030;11
1031;13
1101;7
1102;12
1103;7
1104;11
1105;10
1106;11
1107;11
1108;6
1109;10
1110;12
1111;13
1112;10
1113;7
1114;14
1115;8
1116;13
1117;7
1118;11
1119;8
1120;16
1121;7
1122;13
1123;11
1124;12
1125;13
1126;10
1127;11
1128;16
1129;13
1130;13
1201;20
1202;12
1203;14
1204;12
1205;12
1206;11
1207;14
1208;12
1209;12
1210;9
1211;15
1212;11
1213;17
1214;10
1215;7
1216;15
1217;11
1218;8
1219;10
1220;11
1221;12
1222;8
1223;18
1224;13
1225;15
1226;12
1227;13
1228;16
1229;9
1230;16
1231;23
