0101;23
0102;7
0103;10
0104;10
0105;10
0106;12
0107;5
0108;12
0109;9
0110;11
0111;13
0112;13
0113;14
0114;15
0115;8
0116;15
0117;8
0118;11
0119;9
0120;12
0121;14
0122;12
0123;12
0124;14
0125;11
0126;20
0127;17
0128;12
0129;10
0130;6
0131;7
0201;11
0202;11
0203;18
0204;6
0205;10
0206;10
0207;12
0208;8
0209;14
0210;8
0211;13
0212;6
0213;16
0214;9
0215;12
0216;8
0217;12
0218;8
0219;12
0220;8
0221;7
0222;8
0223;15
0224;11
0225;10
0226;15
0227;9
0228;8
0229;8
0301;8
0302;12
0303;13
0304;9
0305;13
0306;12
0307;10
0308;8
0309;10
0310;7
0311;4
0312;10
0313;11
0314;18
0315;8
0316;11
0317;9
0318;14
0319;14
0320;14
0321;9
0322;13
0323;15
0324;5
0325;5
0326;10
0327;7
0328;4
0329;8
0330;6
0331;8
0401;14
0402;10
0403;8
0404;8
0405;6
0406;8
0407;6
0408;10
0409;13
0410;10
0411;7
0412;5
0413;14
0414;9
0415;7
0416;14
0417;6
0418;10
0419;11
0420;5
0421;13
0422;9
0423;10
0424;11
0425;7
0426;10
0427;12
0428;9
0429;10
0430;8
0501;7
0502;9
0503;7
0504;7
0505;10
0506;9
0507;7
0508;13
0509;7
0510;6
0511;5
0512;3
0513;14
0514;7
0515;10
0516;13
0517;7
0518;8
0519;6
0520;7
0521;6
0522;15
0523;11
0524;9
0525;13
0526;13
0527;8
0528;7
0529;7
0530;5
0531;5
0601;8
0602;7
0603;8
0604;12
0605;8
0606;6
0607;10
0608;11
0609;13
0610;8
0611;7
0612;10
0613;8
0614;7
0615;6
0616;8
0617;10
0618;7
0619;5
0620;8
0621;6
0622;6
0623;5
0624;8
0625;13
0626;10
0627;6
0628;10
0629;8
0630;14
0701;11
0702;5
0703;8
0704;4
0705;9
0706;12
0707;6
0708;11
0709;17
0710;10
0711;7
0712;14
0713;12
0714;7
0715;11
0716;7
0717;11
0718;11
0719;12
0720;11
0721;11
0722;22
0723;6
0724;10
0725;11
0726;11
0727;10
0728;10
0729;8
0730;9
0731;15
0801;10
0802;7
0803;18
0804;8
0805;14
0806;13
0807;6
0808;15
0809;13
0810;6
0811;11
0812;12
0813;9
0814;14
0815;16
0816;7
0817;10
0818;6
0819;10
0820;14
0821;10
0822;11
0823;6
0824;6
0825;9
0826;6
0827;11
0828;8
0829;6
0830;10
0831;5
0901;5
0902;5
0903;8
0904;10
0905;10
0906;12
0907;7
0908;9
0909;14
0910;12
0911;7
0912;8
0913;9
0914;12
0915;10
0916;16
0917;8
0918;9
0919;9
0920;7
0921;9
0922;5
0923;10
0924;17
0925;6
0926;13
0927;6
0928;11
0929;6
0930;13
1001;5
1002;8
1003;8
1004;8
1005;13
1006;8
1007;11
1008;9
1009;11
1010;3
1011;10
1012;10
1013;9
1014;10
1015;10
1016;17
1017;13
1018;12
1019;5
1020;10
1021;9
1022;8
1023;12
1024;8
1025;15
1026;16
1027;7
1028;11
1029;15
1030;13
1031;8
1101;11
1102;12
1103;10
1104;13
1105;6
1106;5
1107;9
1108;8
1109;7
1110;8
1111;10
1112;4
1113;9
1114;12
1115;8
1116;9
1117;10
1118;15
1119;9
1120;9
1121;13
1122;9
1123;10
1124;7
1125;6
1126;13
1127;7
1128;8
1129;9
1130;10
1201;8
1202;12
1203;9
1204;5
1205;16
1206;12
1207;9
1208;14
1209;14
1210;8
1211;12
1212;6
1213;11
1214;13
1215;8
1216;11
1217;11
1218;11
1219;6
1220;6
1221;9
1222;11
1223;11
1224;11
1225;14
1226;10
1227;9
1228;10
1229;7
1230;12
1231;9
