0101;10
0102;10
0103;4
0104;14
0105;5
0106;9
0107;8
0108;11
0109;15
0110;4
0111;6
0112;7
0113;14
0114;12
0115;7
0116;7
0117;8
0118;10
0119;2
0120;7
0121;1
0122;3
0123;3
0124;10
0125;9
0126;10
0127;13
0128;8
0129;5
0130;10
0131;11
0201;11
0202;10
0203;5
0204;11
0205;11
0206;5
0207;5
0208;7
0209;8
0210;16
0211;11
0212;7
0213;7
0214;10
0215;9
0216;3
0217;7
0218;7
0219;10
0220;9
0221;5
0222;17
0223;6
0224;9
0225;10
0226;8
0227;8
0228;2
0229;7
0301;10
0302;8
0303;7
0304;4
0305;8
0306;6
0307;11
0308;4
0309;7
0310;8
0311;9
0312;8
0313;5
0314;7
0315;6
0316;5
0317;8
0318;5
0319;6
0320;3
0321;11
0322;9
0323;4
0324;7
0325;11
0326;5
0327;11
0328;1
0329;8
0330;10
0331;12
0401;10
0402;6
0403;7
0404;7
0405;6
0406;5
0407;8
0408;8
0409;6
0410;7
0411;5
0412;6
0413;13
0414;3
0415;11
0416;9
0417;8
0418;8
0419;8
0420;7
0421;6
0422;11
0423;6
0424;6
0425;10
0426;8
0427;10
0428;11
0429;13
0430;5
0501;10
0502;8
0503;5
0504;15
0505;12
0506;6
0507;8
0508;6
0509;7
0510;5
0511;8
0512;8
0513;14
0514;9
0515;13
0516;2
0517;4
0518;9
0519;7
0520;6
0521;4
0522;7
0523;9
0524;6
0525;6
0526;3
0527;6
0528;5
0529;6
0530;4
0531;4
0601;4
0602;7
0603;8
0604;8
0605;9
0606;10
0607;2
0608;13
0609;7
0610;5
0611;5
0612;11
0613;4
0614;12
0615;9
0616;8
0617;6
0618;9
0619;6
0620;4
0621;8
0622;5
0623;5
0624;8
0625;8
0626;7
0627;6
0628;5
0629;8
0630;5
0701;8
0702;5
0703;5
0704;6
0705;6
0706;6
0707;5
0708;6
0709;5
0710;11
0711;6
0712;8
0713;5
0714;4
0715;5
0716;3
0717;6
0718;6
0719;8
0720;5
0721;5
0722;3
0723;5
0724;4
0725;6
0726;10
0727;7
0728;7
0729;6
0730;7
0731;10
0801;11
0802;5
0803;3
0804;2
0805;1
0806;7
0807;11
0808;4
0809;8
0810;5
0811;6
0812;4
0813;9
0814;6
0815;4
0816;3
0817;5
0818;6
0819;6
0820;6
0821;5
0822;9
0823;6
0824;6
0825;5
0826;8
0827;5
0828;8
0829;7
0830;7
0831;7
0901;10
0902;4
0903;6
0904;12
0905;5
0906;10
0907;6
0908;13
0909;6
0910;9
0911;12
0912;7
0913;5
0914;3
0915;3
0916;1
0917;6
0918;5
0919;8
0920;9
0921;8
0922;6
0923;3
0924;5
0925;11
0926;8
0927;8
0928;10
0929;6
0930;3
1001;9
1002;3
1003;4
1004;6
1005;8
1006;6
1007;7
1008;4
1009;6
1010;5
1011;5
1012;13
1013;5
1014;8
1015;8
1016;4
1017;11
1018;12
1019;7
1020;10
1021;3
1022;6
1023;9
1024;11
1025;7
1026;5
1027;4
1028;4
1029;10
1030;4
1031;4
1101;7
1102;5
1103;8
1104;7
1105;6
1106;11
1107;12
1108;7
1109;9
1110;7
1111;4
1112;7
1113;10
1114;4
1115;6
1116;8
1117;5
1118;7
1119;6
1120;4
1121;6
1122;7
1123;10
1124;8
1125;6
1126;4
1127;6
1128;5
1129;8
1130;7
1201;4
1202;9
1203;8
1204;4
1205;3
1206;7
1207;10
1208;8
1209;7
1210;2
1211;6
1212;6
1213;3
1214;5
1215;7
1216;5
1217;13
1218;6
1219;9
1220;4
1221;13
1222;7
1223;11
1224;5
1225;10
1226;7
1227;3
1228;7
1229;9
1230;9
1231;9
