0101;5
0102;8
0103;9
0104;7
0105;6
0106;5
0107;6
0108;6
0109;6
0110;10
0111;4
0112;4
0113;7
0114;4
0115;4
0116;5
0117;8
0118;6
0119;3
0120;4
0121;3
0122;5
0123;6
0124;6
0125;6
0126;8
0127;7
0128;6
0129;5
0130;5
0131;2
0201;4
0202;7
0203;5
0204;2
0205;8
0206;10
0207;6
0208;7
0209;1
0210;4
0211;9
0212;7
0213;9
0214;4
0215;4
0216;3
0217;4
0218;6
0219;3
0220;9
0221;8
0222;6
0223;5
0224;9
0225;10
0226;4
0227;4
0228;11
0229;5
0301;2
0302;2
0303;3
0304;6
0305;6
0306;4
0307;4
0308;1
0309;5
0310;7
0311;2
0312;9
0313;10
0314;9
0315;5
0316;7
0317;4
0318;4
0319;2
0320;6
0321;5
0322;3
0323;5
0324;8
0325;5
0326;5
0327;1
0328;6
0329;4
0330;4
0331;6
0401;8
0402;7
0403;9
0404;5
0405;5
0406;8
0407;2
0408;3
0409;3
0410;4
0411;2
0412;4
0413;4
0414;5
0415;2
0416;6
0417;7
0418;5
0419;2
0420;2
0421;4
0422;6
0423;6
0424;4
0425;2
0426;5
0427;6
0428;5
0429;7
0430;5
0501;3
0502;6
0503;7
0504;3
0505;5
0506;2
0507;7
0508;5
0509;3
0510;4
0511;3
0512;3
0513;5
0515;3
0516;8
0517;8
0518;2
0519;3
0520;4
0522;1
0523;3
0524;4
0525;2
0526;3
0527;7
0528;5
0529;1
0530;3
0531;6
0601;7
0602;2
0603;3
0604;4
0605;5
0606;3
0607;5
0608;2
0609;2
0610;4
0611;3
0612;1
0613;5
0614;3
0615;2
0616;7
0617;2
0618;4
0619;5
0620;5
0621;3
0622;2
0623;4
0624;7
0625;8
0626;6
0627;7
0628;6
0629;2
0630;6
0701;5
0702;5
0703;4
0704;5
0705;5
0706;4
0707;5
0708;2
0709;5
0710;4
0711;5
0712;2
0713;3
0714;5
0715;5
0716;6
0717;3
0718;5
0719;2
0720;2
0721;4
0722;3
0723;4
0724;2
0725;3
0726;8
0727;2
0728;5
0729;5
0730;3
0731;8
0801;4
0802;3
0803;5
0804;4
0805;2
0806;2
0807;4
0808;6
0809;7
0810;5
0811;5
0812;2
0813;2
0814;1
0815;4
0816;3
0817;3
0818;6
0819;5
0820;1
0821;7
0823;4
0824;5
0825;7
0826;2
0827;4
0828;4
0829;5
0830;4
0831;4
0901;6
0902;3
0903;3
0904;7
0905;2
0906;3
0907;8
0908;6
0909;7
0910;5
0911;2
0912;6
0913;4
0914;4
0915;2
0916;2
0917;4
0918;5
0920;3
0921;3
0922;7
0923;6
0924;2
0925;1
0926;1
0927;6
0928;5
0929;4
0930;3
1001;5
1002;5
1003;9
1004;3
1005;4
1006;3
1007;3
1008;4
1009;5
1010;4
1011;5
1012;4
1013;7
1014;1
1015;7
1016;4
1017;3
1018;6
1019;3
1020;7
1021;3
1022;2
1023;4
1024;4
1025;7
1026;5
1027;7
1028;3
1029;7
1030;6
1031;1
1101;1
1102;1
1103;9
1104;8
1105;4
1106;3
1107;2
1108;7
1109;13
1110;5
1111;8
1112;6
1113;5
1114;8
1115;2
1116;7
1117;6
1118;5
1119;5
1120;5
1121;3
1122;4
1123;5
1124;1
1125;12
1126;3
1127;5
1128;4
1129;9
1130;5
1201;6
1202;6
1203;2
1204;6
1205;4
1206;8
1207;3
1208;6
1209;2
1210;4
1211;3
1212;5
1213;3
1214;8
1215;5
1216;5
1217;2
1218;5
1219;5
1220;6
1221;4
1222;5
1223;5
1224;2
1225;3
1226;4
1227;4
1228;6
1229;6
1230;5
1231;5
