0101;5
0102;5
0103;6
0104;1
0105;11
0106;8
0107;6
0108;13
0109;5
0110;11
0111;10
0112;11
0113;2
0114;9
0115;5
0116;12
0117;10
0118;8
0119;8
0120;5
0121;6
0122;8
0123;10
0124;11
0125;6
0126;4
0127;15
0128;13
0129;5
0130;9
0131;5
0201;6
0202;12
0203;7
0204;11
0205;4
0206;12
0207;7
0208;5
0209;6
0210;5
0211;4
0212;2
0213;6
0214;11
0215;7
0216;7
0217;14
0218;12
0219;10
0220;5
0221;7
0222;13
0223;9
0224;9
0225;9
0226;5
0227;10
0228;7
0229;5
0301;13
0302;9
0303;6
0304;7
0305;4
0306;8
0307;8
0308;4
0309;11
0310;6
0311;4
0312;2
0313;7
0314;7
0315;8
0316;5
0317;4
0318;6
0319;5
0320;7
0321;5
0322;4
0323;9
0324;7
0325;6
0326;5
0327;7
0328;10
0329;9
0330;8
0331;5
0401;10
0402;7
0403;7
0404;15
0405;13
0406;10
0407;4
0408;6
0409;11
0410;6
0411;4
0412;12
0413;6
0414;10
0415;6
0416;3
0417;5
0418;3
0419;5
0420;6
0421;8
0422;7
0423;10
0424;9
0425;9
0426;8
0427;7
0428;5
0429;12
0430;4
0501;5
0502;9
0503;8
0504;7
0505;5
0506;13
0507;6
0508;9
0509;12
0510;4
0511;7
0512;6
0513;7
0514;14
0515;8
0516;10
0517;3
0518;9
0519;5
0520;7
0521;9
0522;8
0523;5
0524;5
0525;9
0526;5
0527;7
0528;3
0529;5
0530;8
0531;4
0601;9
0602;11
0603;4
0604;5
0605;6
0606;5
0607;5
0608;3
0609;7
0610;9
0611;7
0612;7
0613;5
0614;5
0615;8
0616;11
0617;6
0618;6
0619;15
0620;4
0621;2
0622;4
0623;9
0624;8
0625;7
0626;4
0627;4
0628;5
0629;6
0630;4
0701;4
0702;5
0703;3
0704;3
0705;6
0706;6
0707;7
0708;6
0709;13
0710;5
0711;4
0712;5
0713;7
0714;7
0715;3
0716;8
0717;4
0718;2
0719;11
0720;8
0721;9
0722;1
0723;7
0724;10
0725;9
0726;9
0727;4
0728;4
0729;7
0730;13
0731;8
0801;3
0802;7
0803;6
0804;6
0805;5
0806;8
0807;4
0808;9
0809;12
0810;7
0811;4
0812;5
0813;8
0814;3
0815;8
0816;2
0817;10
0818;5
0819;3
0820;3
0821;7
0822;7
0823;4
0824;3
0825;8
0826;11
0827;3
0828;2
0829;3
0830;7
0831;8
0901;5
0902;4
0903;5
0904;4
0905;8
0906;4
0907;8
0908;6
0909;5
0910;11
0911;12
0912;9
0913;6
0914;4
0915;10
0916;7
0917;5
0918;5
0919;8
0920;10
0921;7
0922;6
0923;7
0924;3
0925;7
0926;7
0927;8
0928;5
0929;7
0930;7
1001;4
1002;10
1003;8
1004;8
1005;6
1006;6
1007;8
1008;7
1009;8
1010;6
1011;11
1012;8
1013;14
1014;9
1015;9
1016;8
1017;7
1018;6
1019;6
1020;12
1021;8
1022;10
1023;9
1024;9
1025;6
1026;4
1027;11
1028;8
1029;10
1030;11
1031;12
1101;6
1102;9
1103;13
1104;6
1105;6
1106;9
1107;8
1108;7
1109;10
1110;4
1111;9
1112;7
1113;9
1114;6
1115;9
1116;7
1117;12
1118;7
1119;7
1120;4
1121;3
1122;9
1123;3
1124;4
1125;5
1126;8
1127;5
1128;6
1129;12
1130;4
1201;5
1202;6
1203;7
1204;11
1205;10
1206;5
1207;5
1208;7
1209;8
1210;3
1211;4
1212;9
1213;4
1214;10
1215;15
1216;6
1217;7
1218;6
1219;10
1220;3
1221;6
1222;6
1223;6
1224;8
1225;12
1226;5
1227;7
1228;7
1229;9
1230;15
1231;9
