0101;11
0102;13
0103;18
0104;11
0105;7
0106;10
0107;10
0108;12
0109;10
0110;17
0111;6
0112;7
0113;8
0114;8
0115;8
0116;13
0117;18
0118;9
0119;13
0120;17
0121;8
0122;8
0123;10
0124;12
0125;13
0126;12
0127;16
0128;11
0129;10
0130;16
0131;13
0201;17
0202;9
0203;16
0204;12
0205;16
0206;9
0207;10
0208;11
0209;12
0210;12
0211;7
0212;12
0213;7
0214;12
0215;7
0216;7
0217;15
0218;11
0219;14
0220;10
0221;7
0222;11
0223;11
0224;16
0225;13
0226;10
0227;13
0228;7
0229;8
0301;14
0302;15
0303;10
0304;12
0305;18
0306;7
0307;14
0308;9
0309;9
0310;13
0311;9
0312;14
0313;11
0314;6
0315;8
0316;7
0317;9
0318;11
0319;4
0320;13
0321;8
0322;8
0323;8
0324;6
0325;5
0326;9
0327;10
0328;5
0329;6
0330;15
0331;12
0401;17
0402;9
0403;11
0404;18
0405;10
0406;12
0407;12
0408;9
0409;8
0410;6
0411;4
0412;11
0413;3
0414;14
0415;11
0416;6
0417;7
0418;12
0419;11
0420;9
0421;15
0422;11
0423;4
0424;15
0425;16
0426;10
0427;11
0428;11
0429;13
0430;11
0501;9
0502;8
0503;10
0504;6
0505;5
0506;8
0507;10
0508;7
0509;10
0510;13
0511;12
0512;10
0513;9
0514;12
0515;12
0516;5
0517;12
0518;17
0519;9
0520;10
0521;9
0522;5
0523;10
0524;9
0525;11
0526;11
0527;10
0528;11
0529;8
0530;9
0531;10
0601;11
0602;8
0603;6
0604;11
0605;5
0606;6
0607;9
0608;5
0609;7
0610;7
0611;14
0612;3
0613;10
0614;3
0615;12
0616;7
0617;14
0618;11
0619;5
0620;7
0621;8
0622;15
0623;11
0624;9
0625;5
0626;8
0627;13
0628;8
0629;10
0630;10
0701;9
0702;11
0703;8
0704;3
0705;8
0706;11
0707;5
0708;11
0709;14
0710;13
0711;7
0712;19
0713;5
0714;7
0715;13
0716;10
0717;5
0718;5
0719;12
0720;13
0721;5
0722;10
0723;7
0724;11
0725;12
0726;7
0727;6
0728;11
0729;4
0730;12
0731;9
0801;12
0802;8
0803;12
0804;13
0805;9
0806;3
0807;12
0808;9
0809;5
0810;5
0811;18
0812;9
0813;8
0814;7
0815;11
0816;13
0817;6
0818;6
0819;6
0820;11
0821;9
0822;7
0823;8
0824;5
0825;10
0826;7
0827;15
0828;9
0829;7
0830;12
0831;8
0901;9
0902;9
0903;6
0904;11
0905;12
0906;5
0907;11
0908;5
0909;10
0910;9
0911;14
0912;9
0913;9
0914;9
0915;13
0916;6
0917;9
0918;5
0919;9
0920;10
0921;3
0922;6
0923;5
0924;8
0925;8
0926;8
0927;8
0928;11
0929;4
0930;13
1001;8
1002;8
1003;11
1004;13
1005;8
1006;5
1007;9
1008;10
1009;9
1010;4
1011;10
1012;8
1013;9
1014;9
1015;8
1016;12
1017;5
1018;14
1019;7
1020;9
1021;5
1022;11
1023;7
1024;10
1025;8
1026;12
1027;14
1028;13
1029;8
1030;11
1031;14
1101;12
1102;14
1103;9
1104;2
1105;13
1106;10
1107;9
1108;9
1109;8
1110;12
1111;10
1112;3
1113;9
1114;9
1115;13
1116;5
1117;13
1118;2
1119;6
1120;12
1121;9
1122;10
1123;9
1124;6
1125;12
1126;6
1127;9
1128;8
1129;9
1130;11
1201;10
1202;14
1203;6
1204;12
1205;15
1206;7
1207;13
1208;9
1209;10
1210;15
1211;9
1212;7
1213;15
1214;9
1215;11
1216;17
1217;3
1218;9
1219;8
1220;10
1221;9
1222;12
1223;10
1224;6
1225;11
1226;15
1227;12
1228;11
1229;12
1230;8
1231;8
