0101;6
0102;5
0103;6
0104;10
0105;7
0106;6
0107;5
0108;3
0109;2
0110;6
0111;7
0112;2
0113;9
0114;2
0115;11
0116;10
0117;2
0118;7
0119;7
0120;6
0121;5
0122;9
0123;4
0124;5
0125;3
0126;8
0127;10
0128;4
0129;7
0130;6
0131;6
0201;8
0202;6
0203;12
0204;7
0205;3
0206;6
0207;5
0208;7
0209;7
0210;5
0211;5
0212;9
0213;4
0214;3
0215;8
0216;5
0217;7
0218;5
0219;4
0220;5
0221;4
0222;5
0223;7
0224;4
0225;7
0226;6
0227;5
0228;2
0229;7
0301;11
0302;5
0303;5
0304;3
0305;4
0306;5
0307;3
0308;8
0309;3
0310;6
0311;2
0312;4
0313;3
0314;1
0315;2
0316;4
0317;6
0318;6
0319;3
0320;5
0321;5
0322;6
0323;5
0324;3
0325;6
0326;8
0327;3
0328;4
0329;6
0330;8
0331;4
0401;7
0402;4
0403;4
0404;11
0405;9
0406;8
0407;4
0408;7
0409;7
0410;4
0411;6
0412;4
0413;4
0414;5
0415;8
0416;8
0417;7
0418;5
0419;6
0420;3
0421;4
0422;2
0423;9
0424;7
0425;9
0426;5
0427;2
0428;7
0429;4
0430;8
0501;6
0502;4
0503;6
0504;9
0505;5
0506;3
0507;3
0508;7
0509;11
0510;5
0511;1
0512;2
0513;4
0514;7
0515;6
0516;4
0517;11
0518;5
0519;9
0520;8
0521;9
0522;4
0523;4
0524;5
0525;4
0526;2
0527;4
0528;3
0529;4
0530;1
0531;4
0601;2
0602;2
0604;4
0605;6
0606;3
0607;5
0608;10
0609;6
0610;8
0611;6
0612;2
0613;5
0614;1
0615;6
0616;7
0617;8
0618;2
0619;5
0620;7
0621;3
0622;2
0623;6
0624;4
0625;8
0626;6
0627;5
0628;5
0629;6
0630;2
0701;4
0702;8
0704;4
0705;2
0706;3
0707;4
0708;9
0709;5
0710;6
0711;5
0712;6
0713;9
0714;4
0715;6
0716;7
0717;3
0718;4
0719;8
0720;4
0721;5
0722;7
0723;5
0724;6
0725;6
0726;7
0727;2
0728;3
0729;5
0730;5
0731;5
0801;7
0802;4
0803;2
0804;5
0805;5
0806;6
0807;5
0808;10
0809;1
0810;6
0811;5
0812;3
0813;4
0814;3
0815;2
0816;7
0817;2
0818;4
0819;5
0820;7
0821;2
0822;4
0823;4
0824;5
0825;3
0826;9
0827;5
0828;4
0829;5
0830;4
0901;1
0902;4
0903;4
0904;3
0905;6
0906;3
0907;5
0908;6
0909;2
0910;2
0911;13
0912;7
0913;12
0914;3
0915;3
0916;4
0917;8
0918;4
0919;5
0920;1
0921;5
0922;6
0923;5
0924;3
0925;6
0926;7
0927;5
0928;4
0929;5
0930;5
1001;4
1002;5
1003;5
1004;8
1005;7
1006;5
1007;2
1008;6
1009;8
1010;5
1011;3
1012;8
1013;9
1014;4
1015;12
1016;7
1017;4
1018;7
1019;6
1020;8
1021;9
1022;9
1023;8
1024;4
1025;3
1026;3
1027;5
1028;4
1029;3
1030;6
1031;7
1101;6
1102;2
1103;8
1104;3
1105;7
1106;8
1107;4
1108;3
1109;4
1110;4
1111;3
1112;6
1113;2
1114;4
1115;3
1116;3
1117;5
1118;3
1119;8
1120;9
1121;4
1122;5
1123;7
1124;3
1125;4
1126;3
1127;8
1128;5
1129;3
1130;2
1201;4
1202;4
1203;4
1204;6
1205;4
1206;6
1207;5
1208;8
1209;4
1210;9
1211;1
1212;6
1213;4
1214;11
1215;4
1216;5
1217;4
1218;6
1219;7
1220;4
1221;8
1222;4
1223;6
1224;10
1225;3
1226;6
1227;2
1228;5
1229;3
1230;5
1231;3
