0101;18
0102;11
0103;11
0104;8
0105;11
0106;10
0107;12
0108;8
0109;12
0110;10
0111;12
0112;8
0113;16
0114;10
0115;11
0116;6
0117;12
0118;12
0119;14
0120;13
0121;15
0122;9
0123;13
0124;15
0125;14
0126;9
0127;13
0128;10
0129;12
0130;9
0131;15
0201;14
0202;18
0203;12
0204;5
0205;21
0206;7
0207;13
0208;14
0209;18
0210;15
0211;14
0212;13
0213;17
0214;14
0215;23
0216;7
0217;16
0218;11
0219;12
0220;12
0221;9
0222;13
0223;12
0224;10
0225;16
0226;15
0227;8
0228;13
0229;13
0301;15
0302;8
0303;11
0304;12
0305;3
0306;11
0307;9
0308;7
0309;7
0310;14
0311;11
0312;9
0313;9
0314;10
0315;11
0316;16
0317;8
0318;16
0319;7
0320;15
0321;13
0322;7
0323;14
0324;12
0325;6
0326;8
0327;15
0328;12
0329;8
0330;15
0331;14
0401;7
0402;18
0403;14
0404;11
0405;8
0406;12
0407;19
0408;14
0409;10
0410;16
0411;9
0412;12
0413;11
0414;12
0415;12
0416;10
0417;13
0418;13
0419;14
0420;16
0421;5
0422;15
0423;12
0424;11
0425;13
0426;13
0427;11
0428;10
0429;7
0430;11
0501;16
0502;17
0503;7
0504;13
0505;7
0506;3
0507;14
0508;9
0509;13
0510;11
0511;10
0512;13
0513;12
0514;8
0515;11
0516;9
0517;12
0518;14
0519;10
0520;16
0521;8
0522;9
0523;9
0524;13
0525;5
0526;13
0527;18
0528;12
0529;18
0530;8
0531;6
0601;7
0602;9
0603;10
0604;14
0605;7
0606;12
0607;16
0608;6
0609;13
0610;9
0611;9
0612;10
0613;9
0614;9
0615;13
0616;11
0617;1
0618;16
0619;7
0620;10
0621;9
0622;14
0623;10
0624;3
0625;16
0626;10
0627;9
0628;14
0629;9
0630;8
0701;13
0702;13
0703;7
0704;12
0705;10
0706;10
0707;6
0708;13
0709;6
0710;13
0711;13
0712;14
0713;8
0714;9
0715;7
0716;15
0717;8
0718;10
0719;10
0720;6
0721;7
0722;12
0723;7
0724;7
0725;10
0726;13
0727;12
0728;19
0729;10
0730;6
0731;16
0801;6
0802;7
0803;17
0804;8
0805;8
0806;11
0807;14
0808;13
0809;10
0810;11
0811;11
0812;10
0813;10
0814;12
0815;5
0816;9
0817;10
0818;9
0819;11
0820;6
0821;4
0822;10
0823;6
0824;8
0825;12
0826;13
0827;14
0828;10
0829;10
0830;11
0831;12
0901;6
0902;10
0903;14
0904;7
0905;6
0906;12
0907;10
0908;13
0909;11
0910;9
0911;8
0912;8
0913;7
0914;12
0915;9
0916;10
0917;9
0918;7
0919;15
0920;11
0921;7
0922;12
0923;12
0924;5
0925;10
0926;11
0927;8
0928;12
0929;14
0930;5
1001;9
1002;7
1003;14
1004;10
1005;11
1006;11
1007;11
1008;16
1009;9
1010;11
1011;9
1012;13
1013;12
1014;6
1015;11
1016;11
1017;7
1018;8
1019;13
1020;17
1021;20
1022;9
1023;13
1024;11
1025;9
1026;12
1027;7
1028;11
1029;9
1030;9
1031;7
1101;13
1102;16
1103;14
1104;13
1105;16
1106;9
1107;9
1108;12
1109;7
1110;10
1111;9
1112;9
1113;15
1114;13
1115;16
1116;9
1117;4
1118;16
1119;12
1120;12
1121;20
1122;16
1123;17
1124;9
1125;11
1126;10
1127;6
1128;6
1129;16
1130;13
1201;6
1202;12
1203;12
1204;9
1205;9
1206;9
1207;12
1208;12
1209;11
1210;14
1211;12
1212;11
1213;9
1214;11
1215;21
1216;15
1217;14
1218;7
1219;10
1220;11
1221;16
1222;15
1223;10
1224;11
1225;13
1226;14
1227;12
1228;13
1229;16
1230;15
1231;11
