0101;8
0102;12
0103;8
0104;11
0105;10
0106;7
0107;11
0108;3
0109;7
0110;4
0111;14
0112;10
0113;11
0114;8
0115;8
0116;5
0117;6
0118;4
0119;12
0120;8
0121;7
0122;8
0123;6
0124;5
0125;6
0126;3
0127;6
0128;7
0129;9
0130;7
0131;4
0201;9
0202;8
0203;5
0204;7
0205;9
0206;7
0207;8
0208;6
0209;8
0210;11
0211;8
0212;11
0213;7
0214;6
0215;7
0216;1
0217;5
0218;14
0219;4
0220;11
0221;2
0222;6
0223;6
0224;4
0225;7
0226;6
0227;9
0228;5
0229;12
0301;8
0302;8
0303;6
0304;5
0305;7
0306;9
0307;4
0308;2
0309;7
0310;8
0311;8
0312;5
0313;6
0314;8
0315;9
0316;9
0317;6
0318;7
0319;4
0320;4
0321;8
0322;6
0323;5
0324;5
0325;6
0326;5
0327;4
0328;1
0329;7
0330;8
0331;6
0401;7
0402;6
0403;4
0404;5
0405;5
0406;6
0407;6
0408;3
0409;7
0410;4
0411;5
0412;3
0413;6
0414;10
0415;7
0416;4
0417;4
0418;6
0419;5
0420;6
0421;6
0422;5
0423;7
0424;6
0425;6
0426;8
0427;8
0428;10
0429;2
0430;11
0501;5
0502;7
0503;2
0504;6
0505;9
0506;7
0507;5
0508;7
0509;5
0510;7
0511;7
0512;4
0513;2
0514;8
0515;3
0516;6
0517;6
0518;3
0519;6
0520;4
0521;5
0522;6
0523;6
0524;6
0525;4
0526;5
0527;4
0528;6
0529;7
0530;3
0531;1
0601;3
0602;4
0603;3
0604;5
0605;6
0606;4
0607;2
0608;3
0609;2
0610;7
0611;2
0612;7
0613;1
0614;5
0615;5
0616;6
0617;6
0618;4
0619;8
0620;5
0621;3
0622;8
0623;2
0624;4
0625;5
0626;7
0627;3
0628;2
0629;8
0630;7
0701;4
0702;5
0703;6
0704;8
0705;2
0706;7
0707;4
0708;6
0709;6
0710;4
0711;4
0712;4
0713;2
0714;5
0715;7
0716;6
0717;7
0718;6
0719;7
0720;5
0721;5
0722;4
0723;2
0724;8
0725;3
0726;6
0727;8
0728;3
0729;6
0730;4
0731;13
0801;5
0802;9
0803;3
0804;4
0805;6
0806;4
0807;5
0808;6
0809;10
0810;8
0811;9
0812;4
0813;7
0814;5
0815;9
0816;4
0817;9
0818;7
0819;11
0820;4
0821;7
0822;5
0823;8
0824;4
0825;9
0826;6
0827;6
0828;7
0829;6
0830;9
0831;4
0901;5
0902;1
0903;6
0904;3
0905;4
0906;8
0907;7
0908;5
0909;3
0910;6
0911;5
0912;8
0913;5
0914;2
0915;5
0916;6
0917;7
0918;4
0919;4
0920;3
0921;6
0922;11
0923;4
0924;6
0925;6
0926;6
0928;5
0929;9
0930;4
1001;3
1002;8
1003;5
1004;2
1005;4
1006;8
1007;6
1008;3
1009;5
1010;3
1011;5
1012;5
1013;7
1014;8
1015;7
1016;4
1017;4
1018;7
1019;6
1020;6
1021;11
1022;15
1023;5
1024;6
1025;9
1026;6
1027;10
1028;7
1029;10
1030;4
1031;9
1101;9
1102;8
1103;8
1104;5
1105;7
1106;13
1107;8
1108;8
1109;3
1110;5
1111;2
1112;7
1113;4
1114;6
1115;2
1116;8
1117;10
1118;6
1119;10
1120;7
1121;7
1122;3
1123;4
1124;7
1125;5
1126;9
1127;13
1128;4
1129;5
1130;4
1201;8
1202;14
1203;5
1204;3
1205;5
1206;7
1207;6
1208;3
1209;7
1210;5
1211;7
1212;7
1213;6
1214;8
1215;8
1216;5
1217;9
1218;5
1219;4
1220;4
1221;3
1222;4
1223;3
1224;4
1225;9
1226;7
1227;9
1228;1
1229;5
1230;4
1231;8
