0101;19
0102;14
0103;15
0104;20
0105;22
0106;20
0107;12
0108;17
0109;15
0110;18
0111;11
0112;17
0113;21
0114;15
0115;20
0116;17
0117;18
0118;14
0119;25
0120;16
0121;14
0122;13
0123;12
0124;22
0125;19
0126;18
0127;12
0128;15
0129;14
0130;16
0131;10
0201;16
0202;13
0203;16
0204;12
0205;20
0206;16
0207;13
0208;13
0209;12
0210;24
0211;15
0212;17
0213;9
0214;17
0215;19
0216;10
0217;15
0218;18
0219;11
0220;18
0221;24
0222;20
0223;14
0224;13
0225;16
0226;13
0227;18
0228;22
0229;20
0301;10
0302;11
0303;16
0304;19
0305;16
0306;19
0307;17
0308;9
0309;27
0310;10
0311;14
0312;9
0313;17
0314;18
0315;18
0316;9
0317;15
0318;10
0319;9
0320;19
0321;19
0322;11
0323;14
0324;15
0325;10
0326;20
0327;14
0328;16
0329;14
0330;16
0331;16
0401;24
0402;13
0403;14
0404;15
0405;9
0406;13
0407;23
0408;17
0409;20
0410;14
0411;18
0412;21
0413;19
0414;12
0415;10
0416;18
0417;17
0418;6
0419;16
0420;15
0421;15
0422;13
0423;7
0424;10
0425;15
0426;10
0427;17
0428;12
0429;19
0430;20
0501;11
0502;17
0503;14
0504;16
0505;18
0506;13
0507;9
0508;11
0509;16
0510;10
0511;11
0512;9
0513;9
0514;22
0515;14
0516;19
0517;14
0518;16
0519;14
0520;20
0521;13
0522;8
0523;7
0524;15
0525;12
0526;23
0527;8
0528;11
0529;18
0530;15
0531;18
0601;14
0602;12
0603;7
0604;8
0605;10
0606;14
0607;15
0608;18
0609;14
0610;9
0611;22
0612;14
0613;14
0614;9
0615;19
0616;21
0617;13
0618;13
0619;18
0620;7
0621;20
0622;10
0623;11
0624;12
0625;16
0626;21
0627;15
0628;17
0629;11
0630;16
0701;9
0702;16
0703;9
0704;15
0705;13
0706;12
0707;9
0708;8
0709;13
0710;10
0711;13
0712;18
0713;15
0714;15
0715;16
0716;12
0717;16
0718;12
0719;15
0720;17
0721;17
0722;7
0723;13
0724;11
0725;17
0726;15
0727;13
0728;12
0729;17
0730;10
0731;10
0801;11
0802;17
0803;14
0804;12
0805;10
0806;15
0807;18
0808;6
0809;24
0810;11
0811;9
0812;14
0813;12
0814;8
0815;20
0816;17
0817;18
0818;6
0819;14
0820;14
0821;10
0822;12
0823;9
0824;18
0825;11
0826;10
0827;14
0828;14
0829;18
0830;9
0831;17
0901;11
0902;10
0903;4
0904;14
0905;14
0906;21
0907;14
0908;14
0909;11
0910;13
0911;14
0912;12
0913;17
0914;9
0915;16
0916;12
0917;13
0918;13
0919;11
0920;11
0921;14
0922;11
0923;23
0924;10
0925;13
0926;17
0927;14
0928;18
0929;16
0930;9
1001;6
1002;13
1003;16
1004;20
1005;15
1006;14
1007;16
1008;7
1009;11
1010;18
1011;15
1012;18
1013;16
1014;14
1015;13
1016;17
1017;14
1018;13
1019;20
1020;13
1021;13
1022;18
1023;13
1024;13
1025;20
1026;14
1027;19
1028;15
1029;14
1030;16
1031;13
1101;11
1102;12
1103;19
1104;16
1105;22
1106;12
1107;20
1108;17
1109;10
1110;14
1111;12
1112;16
1113;9
1114;9
1115;12
1116;13
1117;11
1118;15
1119;14
1120;22
1121;15
1122;10
1123;7
1124;9
1125;13
1126;11
1127;22
1128;20
1129;16
1130;20
1201;12
1202;8
1203;9
1204;20
1205;14
1206;15
1207;8
1208;14
1209;11
1210;14
1211;15
1212;20
1213;11
1214;9
1215;17
1216;13
1217;21
1218;23
1219;21
1220;17
1221;10
1222;10
1223;11
1224;13
1225;12
1226;21
1227;13
1228;17
1229;9
1230;13
1231;12
