0101;2
0102;6
0103;6
0104;6
0105;4
0106;6
0107;6
0108;8
0109;4
0110;5
0111;7
0112;7
0113;7
0114;8
0115;8
0116;9
0117;7
0118;7
0119;8
0120;5
0121;7
0122;2
0123;6
0124;7
0125;6
0126;5
0127;8
0128;9
0129;6
0130;10
0131;8
0201;6
0202;4
0203;8
0204;4
0205;5
0206;7
0207;12
0208;9
0209;11
0210;9
0211;5
0212;5
0213;4
0214;13
0215;4
0216;3
0217;10
0218;4
0219;6
0220;3
0221;4
0222;7
0223;6
0224;10
0225;7
0226;9
0227;10
0228;8
0229;7
0301;7
0302;4
0303;8
0304;5
0305;6
0306;5
0307;3
0308;11
0309;5
0310;6
0311;3
0312;5
0313;1
0314;6
0315;6
0316;3
0317;6
0318;7
0319;6
0320;4
0321;3
0322;4
0323;2
0324;3
0325;3
0326;4
0327;8
0328;3
0329;3
0330;3
0331;8
0401;8
0402;2
0403;6
0404;4
0405;4
0406;5
0407;4
0408;5
0409;4
0410;6
0411;5
0412;5
0413;9
0414;3
0415;6
0416;7
0417;4
0418;3
0419;7
0420;8
0421;3
0422;6
0423;4
0425;4
0426;7
0427;7
0428;5
0429;6
0430;6
0501;5
0502;5
0503;13
0504;3
0505;1
0506;2
0507;2
0508;3
0509;3
0510;9
0511;7
0512;9
0513;6
0514;5
0515;6
0516;3
0517;5
0518;7
0519;3
0520;5
0521;5
0522;7
0523;6
0524;4
0525;8
0526;6
0527;8
0528;6
0529;11
0530;2
0531;5
0601;4
0602;2
0603;5
0604;2
0606;7
0607;6
0608;6
0609;4
0610;4
0611;8
0612;3
0613;2
0614;9
0615;5
0616;4
0617;2
0618;5
0619;4
0620;4
0621;3
0622;6
0623;1
0624;3
0625;5
0626;7
0627;7
0628;4
0629;5
0630;4
0701;5
0702;5
0703;3
0704;6
0705;12
0706;1
0707;3
0708;6
0709;8
0710;2
0711;2
0712;5
0713;5
0714;8
0715;6
0716;4
0717;4
0718;2
0719;4
0720;6
0721;5
0722;8
0723;3
0724;4
0725;4
0726;3
0727;4
0728;6
0729;6
0730;5
0731;3
0801;4
0802;6
0803;5
0804;5
0805;9
0806;7
0807;14
0808;8
0809;9
0811;4
0812;3
0813;4
0814;10
0815;4
0816;3
0817;3
0818;4
0819;2
0820;4
0821;5
0822;7
0823;8
0824;5
0825;4
0826;6
0827;11
0828;6
0829;6
0830;5
0831;7
0901;3
0902;6
0903;2
0904;4
0905;7
0906;5
0907;7
0908;2
0909;5
0910;6
0911;4
0912;2
0913;8
0914;2
0915;3
0916;2
0917;5
0918;5
0919;3
0920;6
0921;5
0922;4
0923;2
0924;8
0925;5
0926;3
0927;3
0928;2
0929;6
0930;6
1001;6
1002;8
1003;7
1004;2
1005;2
1006;9
1007;5
1008;2
1009;5
1010;8
1011;5
1012;3
1013;4
1014;4
1015;6
1016;3
1017;3
1018;9
1019;4
1020;7
1021;4
1022;10
1023;8
1024;4
1025;7
1026;10
1027;6
1028;4
1029;9
1030;5
1031;3
1101;16
1102;6
1103;6
1104;8
1105;8
1106;7
1107;4
1108;7
1110;11
1111;4
1112;3
1113;2
1114;4
1115;11
1116;9
1117;2
1118;7
1119;8
1120;5
1121;6
1122;11
1123;9
1124;8
1125;10
1126;3
1127;4
1128;7
1129;6
1130;3
1201;3
1202;2
1203;7
1204;7
1205;2
1206;4
1207;5
1208;1
1209;5
1210;5
1211;6
1212;5
1213;4
1214;6
1215;5
1216;4
1217;2
1218;7
1219;4
1220;5
1221;5
1222;6
1223;7
1224;8
1225;4
1226;5
1227;10
1228;8
1229;9
1230;2
1231;13
