0101;45
0102;37
0103;41
0104;41
0105;43
0106;45
0107;30
0108;44
0109;35
0110;46
0111;30
0112;34
0113;39
0114;43
0115;34
0116;28
0117;35
0118;42
0119;40
0120;46
0121;31
0122;38
0123;36
0124;39
0125;37
0126;43
0127;43
0128;28
0129;33
0130;37
0131;45
0201;53
0202;43
0203;51
0204;38
0205;42
0206;39
0207;54
0208;38
0209;44
0210;53
0211;38
0212;33
0213;48
0214;35
0215;37
0216;44
0217;29
0218;44
0219;41
0220;39
0221;33
0222;35
0223;35
0224;44
0225;31
0226;27
0227;33
0228;31
0229;33
0301;41
0302;41
0303;40
0304;32
0305;36
0306;41
0307;44
0308;35
0309;34
0310;35
0311;34
0312;28
0313;37
0314;30
0315;18
0316;25
0317;27
0318;41
0319;38
0320;23
0321;42
0322;36
0323;36
0324;27
0325;37
0326;39
0327;43
0328;46
0329;30
0330;24
0331;45
0401;31
0402;40
0403;35
0404;36
0405;51
0406;25
0407;42
0408;39
0409;28
0410;29
0411;37
0412;29
0413;55
0414;36
0415;37
0416;37
0417;33
0418;30
0419;31
0420;39
0421;40
0422;44
0423;35
0424;43
0425;30
0426;25
0427;33
0428;45
0429;23
0430;27
0501;40
0502;34
0503;38
0504;26
0505;30
0506;37
0507;32
0508;32
0509;31
0510;37
0511;40
0512;37
0513;28
0514;28
0515;30
0516;39
0517;41
0518;34
0519;35
0520;41
0521;26
0522;35
0523;25
0524;26
0525;30
0526;43
0527;28
0528;36
0529;32
0530;29
0531;27
0601;34
0602;32
0603;23
0604;25
0605;34
0606;35
0607;22
0608;40
0609;45
0610;33
0611;29
0612;29
0613;33
0614;31
0615;38
0616;24
0617;40
0618;27
0619;22
0620;29
0621;32
0622;37
0623;38
0624;35
0625;32
0626;34
0627;34
0628;36
0629;42
0630;33
0701;37
0702;28
0703;36
0704;30
0705;25
0706;22
0707;37
0708;29
0709;30
0710;25
0711;31
0712;27
0713;33
0714;36
0715;34
0716;29
0717;23
0718;30
0719;35
0720;35
0721;36
0722;40
0723;47
0724;46
0725;32
0726;27
0727;31
0728;24
0729;28
0730;46
0731;24
0801;39
0802;22
0803;24
0804;28
0805;26
0806;30
0807;25
0808;29
0809;48
0810;39
0811;42
0812;17
0813;30
0814;29
0815;32
0816;23
0817;21
0818;26
0819;29
0820;26
0821;28
0822;32
0823;31
0824;37
0825;32
0826;39
0827;24
0828;29
0829;36
0830;30
0831;29
0901;32
0902;28
0903;23
0904;30
0905;33
0906;33
0907;27
0908;37
0909;28
0910;32
0911;37
0912;36
0913;37
0914;38
0915;32
0916;35
0917;25
0918;31
0919;29
0920;28
0921;39
0922;29
0923;37
0924;30
0925;39
0926;36
0927;32
0928;30
0929;40
0930;23
1001;30
1002;27
1003;28
1004;30
1005;31
1006;33
1007;39
1008;34
1009;35
1010;38
1011;43
1012;22
1013;41
1014;33
1015;30
1016;19
1017;32
1018;31
1019;33
1020;39
1021;33
1022;45
1023;35
1024;34
1025;39
1026;31
1027;28
1028;36
1029;28
1030;38
1031;45
1101;42
1102;44
1103;40
1104;36
1105;39
1106;38
1107;30
1108;26
1109;30
1110;29
1111;33
1112;33
1113;33
1114;36
1115;41
1116;33
1117;37
1118;29
1119;33
1120;28
1121;29
1122;39
1123;48
1124;26
1125;26
1126;34
1127;35
1128;35
1129;28
1130;40
1201;35
1202;31
1203;46
1204;32
1205;29
1206;37
1207;41
1208;38
1209;29
1210;33
1211;37
1212;48
1213;37
1214;35
1215;41
1216;34
1217;33
1218;31
1219;38
1220;37
1221;37
1222;33
1223;37
1224;39
1225;39
1226;51
1227;40
1228;37
1229;35
1230;41
1231;31
