0101;21
0102;21
0103;14
0104;21
0105;18
0106;19
0107;25
0108;21
0109;15
0110;22
0111;18
0112;18
0113;20
0114;17
0115;27
0116;24
0117;26
0118;18
0119;22
0120;12
0121;22
0122;16
0123;18
0124;19
0125;15
0126;20
0127;14
0128;27
0129;22
0130;18
0131;18
0201;14
0202;22
0203;22
0204;21
0205;17
0206;14
0207;19
0208;19
0209;20
0210;22
0211;12
0212;16
0213;18
0214;14
0215;24
0216;15
0217;15
0218;21
0219;21
0220;15
0221;12
0222;13
0223;20
0224;25
0225;18
0226;19
0227;18
0228;12
0229;10
0301;20
0302;17
0303;19
0304;11
0305;19
0306;14
0307;14
0308;13
0309;15
0310;22
0311;30
0312;16
0313;15
0314;13
0315;23
0316;18
0317;8
0318;12
0319;14
0320;14
0321;16
0322;20
0323;14
0324;21
0325;15
0326;11
0327;20
0328;12
0329;13
0330;21
0331;16
0401;13
0402;19
0403;16
0404;17
0405;13
0406;23
0407;19
0408;17
0409;20
0410;13
0411;13
0412;13
0413;17
0414;11
0415;25
0416;18
0417;18
0418;20
0419;13
0420;18
0421;20
0422;16
0423;20
0424;13
0425;18
0426;13
0427;21
0428;12
0429;14
0430;14
0501;21
0502;9
0503;17
0504;13
0505;14
0506;18
0507;11
0508;11
0509;16
0510;25
0511;18
0512;12
0513;18
0514;25
0515;17
0516;16
0517;17
0518;14
0519;17
0520;12
0521;12
0522;15
0523;20
0524;16
0525;20
0526;19
0527;17
0528;14
0529;17
0530;22
0531;19
0601;21
0602;15
0603;12
0604;17
0605;13
0606;25
0607;17
0608;14
0609;19
0610;13
0611;20
0612;15
0613;18
0614;18
0615;19
0616;20
0617;11
0618;15
0619;18
0620;24
0621;15
0622;19
0623;24
0624;19
0625;14
0626;20
0627;16
0628;17
0629;17
0630;19
0701;16
0702;12
0703;17
0704;17
0705;9
0706;15
0707;10
0708;16
0709;14
0710;23
0711;14
0712;10
0713;13
0714;17
0715;16
0716;15
0717;20
0718;18
0719;11
0720;20
0721;16
0722;19
0723;14
0724;16
0725;8
0726;15
0727;22
0728;21
0729;15
0730;16
0731;18
0801;19
0802;14
0803;19
0804;13
0805;22
0806;29
0807;20
0808;16
0809;15
0810;17
0811;12
0812;14
0813;13
0814;13
0815;18
0816;17
0817;17
0818;18
0819;10
0820;13
0821;18
0822;18
0823;20
0824;12
0825;15
0826;14
0827;19
0828;12
0829;13
0830;19
0831;18
0901;24
0902;10
0903;18
0904;10
0905;21
0906;18
0907;18
0908;16
0909;10
0910;22
0911;13
0912;16
0913;7
0914;13
0915;22
0916;15
0917;21
0918;19
0919;15
0920;13
0921;16
0922;16
0923;14
0924;12
0925;14
0926;12
0927;17
0928;11
0929;18
0930;9
1001;19
1002;13
1003;15
1004;16
1005;20
1006;19
1007;19
1008;19
1009;18
1010;17
1011;21
1012;12
1013;14
1014;17
1015;19
1016;14
1017;16
1018;18
1019;14
1020;15
1021;16
1022;15
1023;16
1024;16
1025;16
1026;11
1027;18
1028;28
1029;20
1030;17
1031;20
1101;19
1102;20
1103;18
1104;15
1105;14
1106;16
1107;16
1108;23
1109;21
1110;14
1111;24
1112;15
1113;25
1114;19
1115;10
1116;19
1117;17
1118;14
1119;17
1120;19
1121;17
1122;14
1123;16
1124;17
1125;11
1126;18
1127;12
1128;20
1129;26
1130;9
1201;14
1202;11
1203;15
1204;16
1205;15
1206;19
1207;16
1208;11
1209;24
1210;19
1211;18
1212;15
1213;11
1214;11
1215;10
1216;22
1217;13
1218;25
1219;15
1220;9
1221;23
1222;25
1223;13
1224;16
1225;13
1226;21
1227;17
1228;16
1229;18
1230;21
1231;18
