0101;28
0102;20
0103;29
0104;27
0105;25
0106;23
0107;25
0108;26
0109;31
0110;29
0111;24
0112;23
0113;16
0114;24
0115;24
0116;21
0117;25
0118;21
0119;16
0120;114
0121;29
0122;25
0123;35
0124;25
0125;27
0126;31
0127;21
0128;36
0129;26
0130;27
0131;28
0201;24
0202;23
0203;25
0204;23
0205;29
0206;32
0207;26
0208;22
0209;18
0210;24
0211;14
0212;26
0213;33
0214;19
0215;26
0216;16
0217;22
0218;27
0219;30
0220;26
0221;32
0222;18
0223;21
0224;38
0225;30
0226;27
0227;29
0228;19
0229;30
0301;24
0302;26
0303;20
0304;29
0305;21
0306;30
0307;18
0308;24
0309;25
0310;24
0311;12
0312;24
0313;22
0314;30
0315;27
0316;34
0317;25
0318;23
0319;23
0320;26
0321;35
0322;24
0323;15
0324;20
0325;21
0326;23
0327;27
0328;21
0329;22
0330;30
0331;23
0401;24
0402;18
0403;21
0404;26
0405;23
0406;21
0407;27
0408;24
0409;22
0410;21
0411;17
0412;30
0413;22
0414;23
0415;19
0416;19
0417;23
0418;26
0419;24
0420;23
0421;30
0422;30
0423;27
0424;26
0425;29
0426;25
0427;22
0428;24
0429;28
0430;28
0501;23
0502;25
0503;14
0504;25
0505;18
0506;30
0507;27
0508;12
0509;21
0510;24
0511;27
0512;18
0513;21
0514;19
0515;26
0516;23
0517;20
0518;18
0519;20
0520;24
0521;23
0522;26
0523;29
0524;26
0525;15
0526;21
0527;17
0528;20
0529;23
0530;23
0531;20
0601;11
0602;24
0603;13
0604;18
0605;17
0606;22
0607;27
0608;25
0609;22
0610;16
0611;15
0612;23
0613;19
0614;27
0615;16
0616;24
0617;28
0618;23
0619;27
0620;24
0621;20
0622;28
0623;18
0624;28
0625;13
0626;16
0627;28
0628;16
0629;24
0630;25
0701;17
0702;23
0703;26
0704;21
0705;20
0706;22
0707;23
0708;18
0709;23
0710;19
0711;21
0712;18
0713;18
0714;28
0715;18
0716;22
0717;21
0718;22
0719;27
0720;25
0721;32
0722;25
0723;30
0724;24
0725;25
0726;16
0727;16
0728;24
0729;24
0730;28
0731;20
0801;24
0802;28
0803;28
0804;21
0805;24
0806;23
0807;26
0808;28
0809;19
0810;23
0811;23
0812;22
0813;23
0814;23
0815;22
0816;17
0817;23
0818;29
0819;20
0820;25
0821;27
0822;23
0823;20
0824;28
0825;20
0826;15
0827;25
0828;20
0829;28
0830;13
0831;18
0901;19
0902;30
0903;19
0904;19
0905;22
0906;30
0907;25
0908;21
0909;16
0910;20
0911;22
0912;27
0913;16
0914;28
0915;18
0916;23
0917;22
0918;25
0919;16
0920;19
0921;17
0922;16
0923;21
0924;24
0925;27
0926;20
0927;17
0928;24
0929;16
0930;22
1001;25
1002;22
1003;24
1004;25
1005;25
1006;21
1007;22
1008;30
1009;22
1010;30
1011;18
1012;26
1013;15
1014;15
1015;15
1016;28
1017;28
1018;27
1019;22
1020;26
1021;19
1022;23
1023;35
1024;26
1025;24
1026;17
1027;26
1028;19
1029;14
1030;27
1031;30
1101;24
1102;26
1103;28
1104;20
1105;21
1106;25
1107;27
1108;25
1109;22
1110;28
1111;17
1112;13
1113;28
1114;20
1115;23
1116;22
1117;25
1118;21
1119;24
1120;29
1121;28
1122;23
1123;12
1124;21
1125;20
1126;22
1127;34
1128;19
1129;36
1130;18
1201;28
1202;12
1203;21
1204;21
1205;26
1206;13
1207;18
1208;26
1209;29
1210;30
1211;20
1212;22
1213;27
1214;19
1215;26
1216;17
1217;23
1218;29
1219;24
1220;29
1221;30
1222;21
1223;18
1224;27
1225;22
1226;26
1227;25
1228;33
1229;33
1230;29
1231;27
