0101;3
0102;5
0103;5
0104;7
0105;6
0106;5
0107;8
0108;5
0109;3
0110;7
0111;7
0112;5
0113;6
0114;7
0115;12
0116;5
0117;10
0118;7
0119;7
0120;7
0121;2
0122;9
0123;5
0124;8
0125;5
0126;3
0127;2
0128;4
0129;6
0130;10
0131;8
0201;3
0202;8
0203;3
0204;10
0205;10
0206;8
0207;7
0208;5
0209;8
0210;4
0211;5
0212;4
0213;3
0214;8
0215;4
0216;6
0217;3
0218;5
0219;4
0220;7
0221;8
0222;4
0223;2
0224;5
0225;5
0226;7
0227;2
0228;2
0229;8
0301;10
0302;4
0303;9
0304;2
0305;4
0306;10
0307;6
0308;5
0309;7
0310;4
0311;8
0312;12
0313;3
0314;5
0315;6
0316;3
0317;6
0318;5
0319;6
0320;4
0321;7
0322;4
0323;5
0324;3
0325;4
0326;6
0327;8
0328;2
0329;5
0330;4
0331;9
0401;5
0402;5
0403;2
0404;5
0405;3
0406;2
0407;6
0408;7
0409;11
0410;8
0411;9
0412;6
0413;2
0414;8
0415;9
0416;6
0417;4
0418;7
0419;6
0420;5
0421;7
0422;3
0423;8
0424;7
0425;7
0426;8
0427;2
0428;8
0429;6
0430;6
0501;7
0502;2
0503;8
0504;5
0505;6
0506;5
0507;2
0508;14
0509;3
0510;3
0511;4
0512;8
0513;3
0514;7
0515;6
0516;5
0517;4
0518;3
0519;1
0520;7
0521;4
0522;3
0523;7
0524;3
0525;4
0526;6
0527;6
0528;5
0529;3
0530;6
0531;8
0601;3
0602;4
0603;6
0604;5
0605;4
0606;5
0607;3
0608;7
0609;4
0610;1
0611;2
0612;7
0613;4
0614;4
0615;4
0616;8
0617;8
0618;4
0619;6
0620;4
0621;7
0622;2
0623;2
0624;5
0625;5
0626;4
0627;2
0628;10
0629;1
0630;7
0701;5
0702;5
0703;6
0704;6
0705;6
0706;5
0707;1
0708;4
0709;6
0710;6
0711;6
0712;4
0713;6
0714;2
0715;5
0716;5
0717;8
0718;5
0719;5
0720;3
0721;9
0722;3
0723;5
0724;7
0725;5
0726;2
0727;5
0728;4
0729;3
0730;7
0731;8
0801;4
0802;4
0803;5
0804;1
0805;4
0806;5
0807;6
0808;5
0809;4
0810;6
0811;6
0812;6
0813;5
0814;6
0815;3
0816;6
0817;8
0818;4
0819;5
0820;6
0821;3
0822;6
0823;4
0824;5
0825;3
0826;5
0827;1
0828;2
0829;2
0830;6
0831;3
0901;6
0902;5
0903;6
0904;6
0905;5
0906;7
0907;7
0908;5
0909;4
0910;4
0911;1
0912;4
0913;4
0914;1
0915;8
0916;5
0917;8
0918;5
0919;4
0920;5
0921;2
0922;5
0923;10
0924;5
0925;11
0926;8
0927;4
0928;4
0929;5
0930;6
1001;3
1002;3
1003;8
1004;5
1005;3
1006;2
1007;7
1008;3
1009;3
1010;7
1012;4
1013;4
1014;3
1015;3
1016;4
1017;3
1018;7
1019;4
1020;3
1021;1
1022;5
1023;2
1024;8
1025;5
1026;8
1027;4
1028;2
1029;4
1030;4
1031;7
1101;4
1102;5
1103;7
1104;5
1105;3
1106;3
1107;7
1108;4
1109;5
1110;4
1111;5
1112;5
1113;7
1114;5
1115;1
1116;4
1117;6
1118;8
1119;8
1120;6
1121;3
1122;6
1123;5
1124;1
1125;3
1126;4
1127;7
1128;4
1129;6
1130;5
1201;7
1202;5
1203;7
1204;5
1205;2
1206;6
1207;3
1208;3
1209;6
1210;4
1211;4
1212;6
1213;3
1214;5
1215;5
1216;5
1217;5
1218;5
1219;2
1220;7
1221;3
1222;6
1223;9
1224;4
1225;7
1226;5
1227;5
1228;3
1229;5
1230;6
1231;5
