0101;16
0102;15
0103;16
0104;22
0105;20
0106;6
0107;21
0108;14
0109;13
0110;6
0111;13
0112;12
0113;10
0114;12
0115;11
0116;12
0117;10
0118;9
0119;13
0120;8
0121;11
0122;17
0123;12
0124;11
0125;10
0126;8
0127;21
0128;12
0129;14
0130;12
0131;14
0201;10
0202;9
0203;14
0204;11
0205;11
0206;11
0207;13
0208;15
0209;12
0210;10
0211;9
0212;15
0213;11
0214;22
0215;9
0216;8
0217;18
0218;9
0219;10
0220;15
0221;13
0222;11
0223;5
0224;8
0225;13
0226;14
0227;11
0228;15
0229;15
0301;12
0302;14
0303;15
0304;9
0305;12
0306;10
0307;9
0308;16
0309;5
0310;15
0311;10
0312;9
0313;11
0314;15
0315;11
0316;9
0317;11
0318;14
0319;15
0320;6
0321;16
0322;9
0323;10
0324;15
0325;11
0326;10
0327;15
0328;9
0329;10
0330;11
0331;9
0401;10
0402;12
0403;9
0404;7
0405;7
0406;7
0407;12
0408;12
0409;4
0410;11
0411;6
0412;8
0413;13
0414;9
0415;12
0416;10
0417;8
0418;15
0419;8
0420;10
0421;8
0422;8
0423;12
0424;11
0425;11
0426;9
0427;10
0428;10
0429;8
0430;4
0501;10
0502;7
0503;4
0504;9
0505;7
0506;11
0507;12
0508;11
0509;16
0510;8
0511;7
0512;16
0513;16
0514;8
0515;16
0516;9
0517;11
0518;5
0519;11
0520;14
0521;10
0522;12
0523;13
0524;8
0525;7
0526;12
0527;12
0528;9
0529;6
0530;15
0531;18
0601;10
0602;12
0603;8
0604;6
0605;8
0606;14
0607;7
0608;7
0609;7
0610;11
0611;11
0612;7
0613;10
0614;18
0615;16
0616;12
0617;12
0618;9
0619;12
0620;9
0621;7
0622;8
0623;7
0624;7
0625;8
0626;9
0627;8
0628;11
0629;12
0630;5
0701;3
0702;10
0703;5
0704;13
0705;6
0706;12
0707;8
0708;12
0709;6
0710;10
0711;13
0712;8
0713;9
0714;7
0715;11
0716;10
0717;11
0718;8
0719;5
0720;9
0721;6
0722;3
0723;4
0724;8
0725;8
0726;9
0727;7
0728;11
0729;13
0730;8
0731;5
0801;7
0802;3
0803;12
0804;6
0805;9
0806;8
0807;9
0808;13
0809;9
0810;15
0811;10
0812;3
0813;7
0814;11
0815;8
0816;8
0817;7
0818;5
0819;14
0820;9
0821;9
0822;5
0823;11
0824;10
0825;11
0826;11
0827;8
0828;7
0829;7
0830;8
0831;8
0901;10
0902;8
0903;11
0904;8
0905;11
0906;16
0907;7
0908;11
0909;11
0910;7
0911;7
0912;8
0913;8
0914;15
0915;4
0916;11
0917;10
0918;18
0919;11
0920;9
0921;15
0922;7
0923;9
0924;7
0925;13
0926;8
0927;10
0928;11
0929;13
0930;11
1001;9
1002;15
1003;8
1004;9
1005;6
1006;14
1007;12
1008;14
1009;7
1010;5
1011;6
1012;11
1013;15
1014;15
1015;14
1016;10
1017;5
1018;10
1019;11
1020;16
1021;12
1022;6
1023;15
1024;11
1025;10
1026;11
1027;14
1028;8
1029;4
1030;9
1031;11
1101;7
1102;12
1103;10
1104;8
1105;12
1106;12
1107;12
1108;13
1109;5
1110;13
1111;13
1112;8
1113;10
1114;12
1115;8
1116;8
1117;5
1118;11
1119;6
1120;13
1121;9
1122;9
1123;13
1124;9
1125;7
1126;12
1127;16
1128;18
1129;11
1130;10
1201;16
1202;11
1203;12
1204;4
1205;10
1206;11
1207;6
1208;10
1209;8
1210;10
1211;8
1212;11
1213;6
1214;12
1215;9
1216;12
1217;7
1218;13
1219;12
1220;9
1221;12
1222;11
1223;7
1224;11
1225;13
1226;9
1227;8
1228;15
1229;7
1230;12
1231;13
