0101;29
0102;38
0103;22
0104;24
0105;38
0106;16
0107;26
0108;24
0109;27
0110;30
0111;27
0112;25
0113;26
0114;25
0115;28
0116;25
0117;22
0118;17
0119;14
0120;40
0121;20
0122;21
0123;25
0124;24
0125;23
0126;18
0127;30
0128;21
0129;17
0130;28
0131;36
0201;23
0202;27
0203;27
0204;26
0205;22
0206;27
0207;29
0208;26
0209;12
0210;24
0211;15
0212;28
0213;26
0214;26
0215;20
0216;28
0217;20
0218;15
0219;24
0220;28
0221;17
0222;25
0223;22
0224;25
0225;26
0226;29
0227;13
0228;20
0229;25
0301;14
0302;21
0303;12
0304;23
0305;20
0306;21
0307;25
0308;20
0309;19
0310;25
0311;21
0312;18
0313;29
0314;17
0315;21
0316;21
0317;18
0318;28
0319;32
0320;20
0321;13
0322;22
0323;25
0324;18
0325;13
0326;18
0327;18
0328;16
0329;21
0330;15
0331;24
0401;25
0402;25
0403;20
0404;17
0405;17
0406;18
0407;17
0408;19
0409;16
0410;20
0411;21
0412;18
0413;12
0414;18
0415;18
0416;17
0417;18
0418;16
0419;22
0420;21
0421;17
0422;9
0423;23
0424;19
0425;29
0426;20
0427;19
0428;15
0429;20
0430;18
0501;18
0502;19
0503;20
0504;17
0505;19
0506;19
0507;15
0508;24
0509;15
0510;22
0511;17
0512;25
0513;16
0514;18
0515;20
0516;19
0517;17
0518;20
0519;18
0520;18
0521;15
0522;17
0523;21
0524;22
0525;16
0526;19
0527;15
0528;11
0529;14
0530;21
0531;23
0601;17
0602;22
0603;12
0604;18
0605;19
0606;20
0607;22
0608;12
0609;14
0610;18
0611;17
0612;26
0613;22
0614;14
0615;27
0616;25
0617;16
0618;17
0619;12
0620;23
0621;14
0622;21
0623;18
0624;21
0625;13
0626;23
0627;28
0628;6
0629;28
0630;16
0701;22
0702;17
0703;18
0704;28
0705;16
0706;18
0707;19
0708;14
0709;18
0710;15
0711;25
0712;20
0713;13
0714;18
0715;25
0716;23
0717;19
0718;25
0719;32
0720;18
0721;15
0722;16
0723;12
0724;16
0725;22
0726;30
0727;16
0728;18
0729;19
0730;19
0731;29
0801;27
0802;25
0803;22
0804;21
0805;17
0806;12
0807;15
0808;21
0809;27
0810;18
0811;18
0812;19
0813;15
0814;16
0815;22
0816;9
0817;17
0818;15
0819;13
0820;11
0821;10
0822;7
0823;21
0824;22
0825;21
0826;28
0827;25
0828;23
0829;24
0830;19
0831;14
0901;14
0902;14
0903;18
0904;16
0905;11
0906;14
0907;17
0908;9
0909;12
0910;19
0911;20
0912;17
0913;16
0914;26
0915;24
0916;21
0917;15
0918;18
0919;22
0920;21
0921;14
0922;14
0923;21
0924;21
0925;20
0926;22
0927;20
0928;27
0929;19
0930;13
1001;18
1002;15
1003;21
1004;15
1005;14
1006;18
1007;21
1008;23
1009;21
1010;18
1011;18
1012;17
1013;11
1014;16
1015;14
1016;19
1017;20
1018;18
1019;23
1020;17
1021;22
1022;26
1023;25
1024;17
1025;26
1026;17
1027;18
1028;29
1029;14
1030;13
1031;17
1101;12
1102;24
1103;18
1104;27
1105;21
1106;25
1107;23
1108;21
1109;16
1110;7
1111;15
1112;12
1113;23
1114;17
1115;19
1116;20
1117;22
1118;21
1119;25
1120;17
1121;17
1122;13
1123;23
1124;20
1125;20
1126;13
1127;11
1128;17
1129;25
1130;16
1201;17
1202;18
1203;19
1204;17
1205;19
1206;12
1207;19
1208;17
1209;22
1210;17
1211;23
1212;17
1213;18
1214;23
1215;19
1216;21
1217;23
1218;27
1219;20
1220;14
1221;15
1222;20
1223;17
1224;20
1225;20
1226;18
1227;24
1228;39
1229;22
1230;21
1231;22
