0000;1
0101;45
0102;38
0103;48
0104;41
0105;34
0106;50
0107;57
0108;43
0109;41
0110;46
0111;53
0112;51
0113;45
0114;46
0115;39
0116;49
0117;58
0118;52
0119;45
0120;42
0121;50
0122;44
0123;48
0124;54
0125;42
0126;36
0127;43
0128;46
0129;48
0130;44
0131;32
0200;2
0201;41
0202;42
0203;36
0204;43
0205;47
0206;45
0207;45
0208;37
0209;32
0210;37
0211;39
0212;43
0213;26
0214;36
0215;28
0216;38
0217;33
0218;28
0219;36
0220;42
0221;22
0222;39
0223;41
0224;42
0225;27
0226;34
0227;38
0228;49
0301;41
0302;41
0303;38
0304;38
0305;28
0306;35
0307;43
0308;32
0309;26
0310;38
0311;33
0312;28
0313;40
0314;34
0315;41
0316;33
0317;37
0318;28
0319;37
0320;26
0321;33
0322;32
0323;42
0324;26
0325;41
0326;34
0327;30
0328;31
0329;35
0330;33
0331;43
0401;36
0402;26
0403;28
0404;32
0405;36
0406;39
0407;39
0408;42
0409;27
0410;28
0411;22
0412;23
0413;33
0414;24
0415;30
0416;29
0417;35
0418;31
0419;38
0420;30
0421;29
0422;36
0423;27
0424;37
0425;26
0426;31
0427;31
0428;30
0429;24
0430;25
0501;32
0502;30
0503;46
0504;38
0505;31
0506;36
0507;39
0508;36
0509;35
0510;28
0511;28
0512;34
0513;33
0514;29
0515;31
0516;36
0517;18
0518;32
0519;38
0520;31
0521;33
0522;21
0523;28
0524;31
0525;32
0526;30
0527;26
0528;40
0529;26
0530;28
0531;43
0601;39
0602;36
0603;29
0604;21
0605;30
0606;32
0607;22
0608;29
0609;33
0610;28
0611;27
0612;35
0613;19
0614;28
0615;31
0616;27
0617;33
0618;35
0619;34
0620;35
0621;45
0622;25
0623;31
0624;30
0625;30
0626;33
0627;30
0628;39
0629;37
0630;22
0701;36
0702;27
0703;33
0704;31
0705;37
0706;29
0707;38
0708;34
0709;28
0710;25
0711;35
0712;33
0713;29
0714;35
0715;30
0716;36
0717;32
0718;30
0719;30
0720;40
0721;36
0722;30
0723;27
0724;37
0725;30
0726;19
0727;38
0728;26
0729;24
0730;23
0731;30
0801;29
0802;32
0803;37
0804;43
0805;31
0806;26
0807;28
0808;37
0809;35
0810;25
0811;25
0812;27
0813;23
0814;29
0815;21
0816;29
0817;29
0818;32
0819;25
0820;29
0821;31
0822;33
0823;25
0824;27
0825;32
0826;35
0827;47
0828;39
0829;23
0830;32
0831;37
0901;38
0902;21
0903;28
0904;29
0905;21
0906;33
0907;27
0908;30
0909;30
0910;25
0911;36
0912;37
0913;38
0914;33
0915;30
0916;26
0917;26
0918;32
0919;27
0920;34
0921;32
0922;39
0923;35
0924;26
0925;25
0926;29
0927;37
0928;43
0929;39
0930;38
1001;34
1002;29
1003;33
1004;34
1005;35
1006;34
1007;31
1008;22
1009;35
1010;34
1011;29
1012;33
1013;37
1014;25
1015;35
1016;36
1017;33
1018;35
1019;31
1020;34
1021;35
1022;36
1023;33
1024;35
1025;28
1026;37
1027;25
1028;54
1029;37
1030;36
1031;40
1101;32
1102;38
1103;32
1104;42
1105;29
1106;38
1107;34
1108;33
1109;31
1110;31
1111;30
1112;38
1113;30
1114;34
1115;37
1116;42
1117;30
1118;37
1119;35
1120;35
1121;43
1122;31
1123;21
1124;38
1125;31
1126;33
1127;38
1128;34
1129;52
1130;33
1201;45
1202;39
1203;45
1204;30
1205;27
1206;41
1207;33
1208;30
1209;43
1210;30
1211;38
1212;33
1213;42
1214;34
1215;38
1216;33
1217;31
1218;45
1219;31
1220;46
1221;31
1222;40
1223;44
1224;48
1225;40
1226;57
1227;50
1228;36
1229;36
1230;36
1231;46
