0101;17
0102;22
0103;30
0104;32
0105;21
0106;28
0107;26
0108;28
0109;30
0110;23
0111;33
0112;32
0113;38
0114;25
0115;30
0116;30
0117;21
0118;17
0119;30
0120;24
0121;19
0122;27
0123;20
0124;32
0125;23
0126;18
0127;39
0128;17
0129;17
0130;28
0131;22
0201;26
0202;28
0203;24
0204;20
0205;29
0206;28
0207;21
0208;23
0209;22
0210;20
0211;25
0212;20
0213;25
0214;22
0215;33
0216;32
0217;27
0218;27
0219;26
0220;22
0221;18
0222;19
0223;21
0224;23
0225;21
0226;21
0227;23
0228;23
0301;23
0302;26
0303;23
0304;26
0305;20
0306;22
0307;20
0308;22
0309;20
0310;18
0311;20
0312;19
0313;23
0314;14
0315;30
0316;28
0317;22
0318;19
0319;28
0320;13
0321;26
0322;23
0323;14
0324;18
0325;24
0326;19
0327;24
0328;18
0329;22
0330;27
0331;21
0401;16
0402;16
0403;21
0404;14
0405;13
0406;17
0407;19
0408;19
0409;21
0410;20
0411;19
0412;23
0413;19
0414;17
0415;19
0416;23
0417;15
0418;17
0419;22
0420;15
0421;24
0422;20
0423;21
0424;12
0425;16
0426;15
0427;21
0428;12
0429;27
0430;12
0501;21
0502;21
0503;23
0504;15
0505;21
0506;18
0507;15
0508;21
0509;23
0510;19
0511;21
0512;18
0513;17
0514;16
0515;17
0516;21
0517;18
0518;19
0519;22
0520;31
0521;18
0522;18
0523;20
0524;25
0525;22
0526;18
0527;16
0528;20
0529;18
0530;13
0531;16
0601;21
0602;25
0603;13
0604;19
0605;17
0606;15
0607;20
0608;19
0609;20
0610;10
0611;10
0612;7
0613;16
0614;21
0615;13
0616;18
0617;17
0618;13
0619;14
0620;17
0621;26
0622;17
0623;18
0624;15
0625;15
0626;15
0627;17
0628;16
0629;11
0630;19
0701;15
0702;20
0703;14
0704;26
0705;21
0706;25
0707;15
0708;21
0709;26
0710;23
0711;18
0712;10
0713;19
0714;19
0715;24
0716;22
0717;21
0718;15
0719;15
0720;20
0721;14
0722;22
0723;17
0724;23
0725;18
0726;18
0727;24
0728;27
0729;25
0730;25
0731;17
0801;20
0802;22
0803;23
0804;18
0805;16
0806;13
0807;22
0808;24
0809;25
0810;19
0811;15
0812;19
0813;22
0814;17
0815;14
0816;18
0817;25
0818;25
0819;22
0820;25
0821;18
0822;13
0823;21
0824;15
0825;21
0826;19
0827;27
0828;23
0829;30
0830;27
0831;17
0901;9
0902;30
0903;12
0904;21
0905;16
0906;14
0907;15
0908;21
0909;15
0910;24
0911;21
0912;17
0913;18
0914;16
0915;22
0916;25
0917;25
0918;20
0919;17
0920;19
0921;18
0922;18
0923;16
0924;17
0925;25
0926;19
0927;17
0928;24
0929;16
0930;20
1001;28
1002;27
1003;18
1004;17
1005;23
1006;21
1007;20
1008;19
1009;17
1010;29
1011;19
1012;15
1013;11
1014;27
1015;24
1016;24
1017;22
1018;12
1019;18
1020;21
1021;15
1022;20
1023;27
1024;23
1025;18
1026;25
1027;26
1028;13
1029;21
1030;21
1031;19
1101;15
1102;28
1103;20
1104;20
1105;18
1106;22
1107;27
1108;13
1109;20
1110;22
1111;22
1112;22
1113;26
1114;19
1115;18
1116;18
1117;20
1118;13
1119;12
1120;26
1121;22
1122;29
1123;21
1124;18
1125;19
1126;25
1127;16
1128;24
1129;29
1130;19
1201;22
1202;22
1203;24
1204;11
1205;22
1206;29
1207;14
1208;21
1209;19
1210;17
1211;17
1212;26
1213;28
1214;24
1215;24
1216;26
1217;24
1218;24
1219;23
1220;17
1221;19
1222;19
1223;17
1224;24
1225;17
1226;22
1227;18
1228;28
1229;30
1230;27
1231;23
