0101;27
0102;28
0103;25
0104;24
0105;28
0106;15
0107;21
0108;25
0109;23
0110;26
0111;12
0112;23
0113;22
0114;23
0115;25
0116;19
0117;18
0118;15
0119;16
0120;20
0121;16
0122;18
0123;15
0124;17
0125;20
0126;20
0127;16
0128;25
0129;17
0130;16
0131;21
0201;13
0202;15
0203;18
0204;15
0205;20
0206;14
0207;17
0208;24
0209;20
0210;15
0211;16
0212;11
0213;25
0214;15
0215;20
0216;15
0217;12
0218;9
0219;11
0220;9
0221;14
0222;12
0223;19
0224;13
0225;12
0226;16
0227;20
0228;19
0301;13
0302;9
0303;13
0304;8
0305;15
0306;7
0307;15
0308;12
0309;11
0310;15
0311;7
0312;19
0313;14
0314;10
0315;16
0316;10
0317;12
0318;12
0319;11
0320;12
0321;9
0322;16
0323;16
0324;9
0325;10
0326;16
0327;12
0328;12
0329;9
0330;9
0331;18
0401;12
0402;8
0403;18
0404;12
0405;10
0406;6
0407;3
0408;16
0409;12
0410;12
0411;13
0412;15
0413;8
0414;8
0415;9
0416;9
0417;10
0418;12
0419;8
0420;12
0421;3
0422;13
0423;13
0424;12
0425;16
0426;9
0427;13
0428;15
0429;17
0430;16
0501;10
0502;13
0503;10
0504;7
0505;17
0506;12
0507;9
0508;10
0509;16
0510;8
0511;18
0512;8
0513;7
0514;9
0515;10
0516;8
0517;10
0518;8
0519;10
0520;16
0521;13
0522;6
0523;11
0524;11
0525;8
0526;12
0527;12
0528;14
0529;11
0530;7
0531;15
0601;10
0602;8
0603;9
0604;9
0605;5
0606;14
0607;8
0608;17
0609;10
0610;9
0611;5
0612;15
0613;8
0614;7
0615;12
0616;20
0617;12
0618;12
0619;14
0620;12
0621;10
0622;14
0623;12
0624;15
0625;9
0626;10
0627;13
0628;12
0629;16
0630;16
0701;8
0702;12
0703;11
0704;14
0705;12
0706;12
0707;8
0708;15
0709;9
0710;12
0711;12
0712;13
0713;14
0714;13
0715;10
0716;8
0717;9
0718;15
0719;9
0720;10
0721;6
0722;13
0723;7
0724;5
0725;14
0726;9
0727;9
0728;11
0729;15
0730;12
0731;10
0801;8
0802;7
0803;12
0804;15
0805;10
0806;4
0807;10
0808;11
0809;7
0810;8
0811;11
0812;11
0813;6
0814;6
0815;14
0816;13
0817;12
0818;8
0819;7
0820;8
0821;8
0822;8
0823;8
0824;10
0825;8
0826;10
0827;8
0828;12
0829;14
0830;20
0831;4
0901;8
0902;10
0903;9
0904;10
0905;8
0906;10
0907;8
0908;6
0909;11
0910;13
0911;8
0912;10
0913;21
0914;12
0915;14
0916;9
0917;16
0918;13
0919;15
0920;18
0921;11
0922;13
0923;16
0924;8
0925;18
0926;24
0927;18
0928;12
0929;17
0930;22
1001;11
1002;11
1003;7
1004;5
1005;11
1006;13
1007;13
1008;9
1009;17
1010;13
1011;22
1012;9
1013;14
1014;19
1015;11
1016;8
1017;14
1018;13
1019;15
1020;10
1021;13
1022;9
1023;9
1024;10
1025;15
1026;9
1027;14
1028;10
1029;14
1030;8
1031;12
1101;16
1102;14
1103;14
1104;11
1105;7
1106;14
1107;10
1108;10
1109;10
1110;10
1111;10
1112;7
1113;13
1114;20
1115;17
1116;12
1117;9
1118;12
1119;15
1120;10
1121;13
1122;16
1123;12
1124;18
1125;20
1126;15
1127;17
1128;10
1129;6
1130;13
1201;15
1202;15
1203;9
1204;12
1205;17
1206;19
1207;12
1208;14
1209;16
1210;9
1211;16
1212;25
1213;13
1214;8
1215;13
1216;17
1217;10
1218;13
1219;13
1220;12
1221;23
1222;11
1223;8
1224;11
1225;10
1226;11
1227;22
1228;13
1229;9
1230;16
1231;13
