0101;63
0102;52
0103;57
0104;45
0105;55
0106;56
0107;49
0108;52
0109;52
0110;56
0111;43
0112;55
0113;50
0114;38
0115;41
0116;50
0117;50
0118;58
0119;62
0120;50
0121;60
0122;42
0123;48
0124;54
0125;66
0126;58
0127;52
0128;50
0129;59
0130;43
0131;69
0201;47
0202;55
0203;43
0204;44
0205;38
0206;56
0207;48
0208;48
0209;37
0210;43
0211;53
0212;43
0213;50
0214;54
0215;53
0216;46
0217;44
0218;43
0219;53
0220;40
0221;36
0222;39
0223;46
0224;35
0225;44
0226;47
0227;38
0228;44
0301;42
0302;52
0303;56
0304;30
0305;40
0306;46
0307;45
0308;35
0309;44
0310;50
0311;39
0312;37
0313;28
0314;34
0315;44
0316;39
0317;49
0318;43
0319;49
0320;41
0321;44
0322;34
0323;31
0324;45
0325;34
0326;33
0327;38
0328;37
0329;32
0330;34
0331;31
0401;45
0402;44
0403;55
0404;43
0405;33
0406;41
0407;38
0408;31
0409;32
0410;38
0411;30
0412;40
0413;45
0414;33
0415;28
0416;33
0417;50
0418;30
0419;24
0420;28
0421;45
0422;33
0423;40
0424;38
0425;35
0426;49
0427;40
0428;30
0429;43
0430;37
0501;31
0502;42
0503;38
0504;40
0505;32
0506;50
0507;35
0508;31
0509;25
0510;44
0511;37
0512;32
0513;50
0514;44
0515;38
0516;45
0517;42
0518;50
0519;46
0520;40
0521;41
0522;28
0523;30
0524;38
0525;38
0526;31
0527;39
0528;37
0529;43
0530;31
0531;37
0601;32
0602;26
0603;33
0604;29
0605;42
0606;32
0607;31
0608;30
0609;32
0610;40
0611;43
0612;34
0613;32
0614;40
0615;40
0616;33
0617;39
0618;42
0619;34
0620;48
0621;38
0622;45
0623;41
0624;33
0625;33
0626;40
0627;36
0628;38
0629;30
0630;29
0701;29
0702;34
0703;35
0704;50
0705;32
0706;35
0707;57
0708;38
0709;30
0710;31
0711;39
0712;27
0713;37
0714;33
0715;37
0716;36
0717;46
0718;47
0719;36
0720;31
0721;30
0722;26
0723;22
0724;36
0725;26
0726;46
0727;48
0728;32
0729;49
0730;30
0731;40
0801;41
0802;35
0803;34
0804;41
0805;43
0806;35
0807;34
0808;35
0809;25
0810;47
0811;37
0812;37
0813;32
0814;32
0815;43
0816;38
0817;29
0818;38
0819;32
0820;27
0821;38
0822;50
0823;35
0824;40
0825;33
0826;31
0827;31
0828;40
0829;33
0830;52
0831;31
0901;36
0902;39
0903;38
0904;56
0905;40
0906;34
0907;33
0908;34
0909;39
0910;41
0911;47
0912;38
0913;49
0914;42
0915;36
0916;37
0917;43
0918;44
0919;34
0920;29
0921;33
0922;36
0923;36
0924;51
0925;39
0926;38
0927;55
0928;49
0929;37
0930;42
1001;46
1002;31
1003;33
1004;38
1005;38
1006;33
1007;34
1008;37
1009;46
1010;30
1011;39
1012;48
1013;33
1014;32
1015;40
1016;39
1017;44
1018;50
1019;51
1020;34
1021;41
1022;27
1023;34
1024;45
1025;37
1026;27
1027;52
1028;50
1029;49
1030;39
1031;46
1101;37
1102;42
1103;38
1104;45
1105;34
1106;34
1107;46
1108;32
1109;52
1110;42
1111;34
1112;38
1113;46
1114;48
1115;43
1116;37
1117;38
1118;20
1119;38
1120;46
1121;41
1122;28
1123;41
1124;34
1125;43
1126;45
1127;29
1128;31
1129;35
1130;50
1201;29
1202;33
1203;42
1204;40
1205;43
1206;48
1207;41
1208;37
1209;56
1210;36
1211;49
1212;49
1213;43
1214;54
1215;39
1216;42
1217;32
1218;46
1219;37
1220;54
1221;42
1222;45
1223;52
1224;40
1225;44
1226;48
1227;62
1228;45
1229;53
1230;39
1231;52
