0101;17
0102;22
0103;13
0104;10
0105;9
0106;13
0107;15
0108;17
0109;9
0110;14
0111;13
0112;16
0113;11
0114;10
0115;12
0116;15
0117;11
0118;17
0119;18
0120;13
0121;13
0122;11
0123;15
0124;14
0125;11
0126;15
0127;18
0128;11
0129;10
0130;8
0131;13
0201;22
0202;8
0203;10
0204;8
0205;13
0206;14
0207;13
0208;13
0209;19
0210;12
0211;12
0212;13
0213;15
0214;15
0215;17
0216;10
0217;13
0218;8
0219;14
0220;11
0221;8
0222;16
0223;13
0224;16
0225;8
0226;10
0227;12
0228;13
0301;7
0302;14
0303;13
0304;11
0305;9
0306;11
0307;7
0308;9
0309;7
0310;8
0311;12
0312;8
0313;11
0314;10
0315;16
0316;14
0317;2
0318;14
0319;5
0320;9
0321;8
0322;11
0323;9
0324;11
0325;8
0326;12
0327;15
0328;6
0329;12
0330;14
0331;7
0401;8
0402;12
0403;10
0404;9
0405;15
0406;12
0407;6
0408;10
0409;9
0410;9
0411;9
0412;8
0413;12
0414;8
0415;5
0416;6
0417;12
0418;10
0419;13
0420;13
0421;12
0422;8
0423;11
0424;15
0425;9
0426;18
0427;9
0428;16
0429;6
0430;12
0501;11
0502;14
0503;15
0504;15
0505;12
0506;10
0507;10
0508;9
0509;8
0510;14
0511;12
0512;9
0513;7
0514;8
0515;12
0516;10
0517;4
0518;12
0519;9
0520;10
0521;12
0522;8
0523;6
0524;12
0525;13
0526;11
0527;9
0528;8
0529;13
0530;8
0531;9
0601;3
0602;12
0603;10
0604;13
0605;8
0606;14
0607;8
0608;15
0609;17
0610;8
0611;5
0612;10
0613;11
0614;11
0615;5
0616;16
0617;12
0618;8
0619;8
0620;7
0621;13
0622;10
0623;9
0624;9
0625;8
0626;10
0627;14
0628;10
0629;9
0630;9
0701;7
0702;10
0703;11
0704;15
0705;5
0706;17
0707;13
0708;7
0709;15
0710;10
0711;14
0712;12
0713;12
0714;14
0715;9
0716;15
0717;9
0718;11
0719;10
0720;14
0721;10
0722;8
0723;8
0724;10
0725;10
0726;9
0727;12
0728;9
0729;11
0730;11
0731;16
0801;10
0802;12
0803;7
0804;6
0805;7
0806;10
0807;4
0808;13
0809;12
0810;12
0811;5
0812;8
0813;13
0814;8
0815;14
0816;13
0817;8
0818;12
0819;8
0820;7
0821;6
0822;12
0823;16
0824;9
0825;15
0826;15
0827;10
0828;14
0829;9
0830;16
0831;13
0901;10
0902;6
0903;3
0904;9
0905;17
0906;9
0907;13
0908;12
0909;7
0910;9
0911;8
0912;12
0913;5
0914;15
0915;7
0916;8
0917;13
0918;7
0919;10
0920;11
0921;22
0922;9
0923;11
0924;8
0925;10
0926;6
0927;10
0928;13
0929;9
0930;14
1001;12
1002;14
1003;9
1004;11
1005;11
1006;12
1007;8
1008;7
1009;6
1010;10
1011;10
1012;11
1013;8
1014;10
1015;9
1016;17
1017;10
1018;10
1019;9
1020;14
1021;9
1022;20
1023;13
1024;6
1025;12
1026;16
1027;12
1028;5
1029;14
1030;12
1031;14
1101;9
1102;15
1103;18
1104;20
1105;12
1106;6
1107;14
1108;12
1109;9
1110;8
1111;10
1112;14
1113;14
1114;6
1115;11
1116;10
1117;11
1118;14
1119;10
1120;11
1121;9
1122;16
1123;13
1124;10
1125;16
1126;9
1127;12
1128;13
1129;17
1130;14
1201;9
1202;14
1203;7
1204;14
1205;8
1206;10
1207;10
1208;7
1209;10
1210;13
1211;16
1212;10
1213;19
1214;14
1215;13
1216;16
1217;15
1218;10
1219;11
1220;12
1221;14
1222;4
1223;17
1224;7
1225;9
1226;11
1227;14
1228;17
1229;6
1230;13
1231;11
