0101;15
0102;19
0103;29
0104;28
0105;28
0106;18
0107;17
0108;30
0109;17
0110;17
0111;16
0112;20
0113;19
0114;16
0115;15
0116;22
0117;16
0118;26
0119;23
0120;12
0121;22
0122;18
0123;21
0124;25
0125;15
0126;15
0127;22
0128;20
0129;19
0130;14
0131;20
0201;14
0202;10
0203;20
0204;12
0205;16
0206;21
0207;14
0208;18
0209;16
0210;21
0211;18
0212;14
0213;17
0214;21
0215;17
0216;16
0217;21
0218;31
0219;11
0220;14
0221;19
0222;15
0223;15
0224;14
0225;11
0226;19
0227;16
0228;15
0301;10
0302;18
0303;13
0304;13
0305;16
0306;22
0307;16
0308;10
0309;15
0310;17
0311;17
0312;14
0313;19
0314;16
0315;16
0316;13
0317;16
0318;15
0319;18
0320;12
0321;11
0322;23
0323;20
0324;16
0325;15
0326;15
0327;18
0328;11
0329;10
0330;24
0331;11
0401;15
0402;20
0403;14
0404;14
0405;11
0406;9
0407;15
0408;7
0409;13
0410;14
0411;22
0412;27
0413;18
0414;15
0415;14
0416;19
0417;11
0418;10
0419;15
0420;16
0421;11
0422;13
0423;18
0424;12
0425;22
0426;14
0427;11
0428;13
0429;17
0430;14
0501;22
0502;12
0503;16
0504;14
0505;13
0506;13
0507;18
0508;9
0509;15
0510;14
0511;15
0512;11
0513;11
0514;13
0515;11
0516;17
0517;13
0518;10
0519;13
0520;12
0521;12
0522;12
0523;14
0524;8
0525;17
0526;11
0527;18
0528;19
0529;7
0530;8
0531;11
0601;20
0602;11
0603;19
0604;16
0605;15
0606;8
0607;7
0608;10
0609;19
0610;12
0611;5
0612;14
0613;14
0614;7
0615;13
0616;18
0617;14
0618;11
0619;14
0620;13
0621;14
0622;11
0623;20
0624;12
0625;12
0626;16
0627;16
0628;17
0629;11
0630;12
0701;15
0702;10
0703;18
0704;11
0705;13
0706;11
0707;15
0708;12
0709;11
0710;10
0711;17
0712;15
0713;4
0714;19
0715;14
0716;9
0717;8
0718;18
0719;13
0720;14
0721;8
0722;12
0723;11
0724;8
0725;15
0726;15
0727;8
0728;9
0729;11
0730;13
0731;10
0801;13
0802;13
0803;16
0804;14
0805;8
0806;15
0807;5
0808;20
0809;12
0810;14
0811;15
0812;18
0813;13
0814;19
0815;18
0816;9
0817;8
0818;12
0819;11
0820;10
0821;21
0822;14
0823;13
0824;17
0825;13
0826;6
0827;18
0828;15
0829;8
0830;19
0831;11
0901;21
0902;21
0903;8
0904;7
0905;14
0906;14
0907;13
0908;20
0909;12
0910;12
0911;13
0912;6
0913;14
0914;15
0915;14
0916;12
0917;16
0918;15
0919;13
0920;19
0921;22
0922;15
0923;7
0924;8
0925;15
0926;8
0927;12
0928;21
0929;17
0930;17
1001;27
1002;11
1003;15
1004;6
1005;17
1006;10
1007;17
1008;17
1009;11
1010;17
1011;13
1012;15
1013;14
1014;16
1015;17
1016;15
1017;14
1018;17
1019;16
1020;19
1021;11
1022;12
1023;21
1024;19
1025;15
1026;11
1027;21
1028;15
1029;7
1030;13
1031;13
1101;15
1102;13
1103;16
1104;15
1105;22
1106;11
1107;10
1108;12
1109;16
1110;16
1111;16
1112;17
1113;24
1114;14
1115;11
1116;10
1117;18
1118;13
1119;12
1120;10
1121;12
1122;15
1123;15
1124;20
1125;7
1126;15
1127;12
1128;23
1129;21
1130;19
1201;16
1202;18
1203;17
1204;14
1205;21
1206;18
1207;15
1208;17
1209;9
1210;16
1211;17
1212;24
1213;14
1214;8
1215;12
1216;13
1217;18
1218;14
1219;16
1220;13
1221;13
1222;20
1223;20
1224;16
1225;15
1226;12
1227;15
1228;19
1229;18
1230;24
1231;14
