0101;13
0102;12
0103;16
0104;7
0105;9
0106;11
0107;9
0108;13
0109;6
0110;10
0111;16
0112;9
0113;12
0114;10
0115;10
0116;9
0117;9
0118;12
0119;9
0120;15
0121;12
0122;8
0123;10
0124;12
0125;7
0126;10
0127;8
0128;11
0129;6
0130;9
0131;14
0201;11
0202;10
0203;12
0204;8
0205;7
0206;10
0207;10
0208;12
0209;10
0210;14
0211;6
0212;13
0213;12
0214;8
0215;9
0216;16
0217;8
0218;11
0219;3
0220;5
0221;5
0222;13
0223;7
0224;7
0225;6
0226;14
0227;7
0228;8
0301;8
0302;13
0303;5
0304;8
0305;7
0306;9
0307;6
0308;13
0309;14
0310;8
0311;5
0312;11
0313;6
0314;10
0315;8
0316;6
0317;7
0318;9
0319;10
0320;11
0321;12
0322;3
0323;7
0324;7
0325;6
0326;7
0327;12
0328;6
0329;7
0330;10
0331;10
0401;7
0402;5
0403;4
0404;9
0405;9
0406;10
0407;5
0408;3
0409;10
0410;7
0411;6
0412;8
0413;5
0414;11
0415;10
0416;5
0417;8
0418;9
0419;7
0420;8
0421;4
0422;7
0423;9
0424;10
0425;10
0426;5
0427;7
0428;4
0429;8
0430;2
0501;7
0502;7
0503;6
0504;9
0505;2
0506;7
0507;8
0508;9
0509;4
0510;4
0511;10
0512;8
0513;9
0514;3
0515;8
0516;13
0517;8
0518;6
0519;10
0520;8
0521;7
0522;4
0523;4
0524;8
0525;12
0526;4
0527;9
0528;4
0529;4
0530;8
0531;7
0601;8
0602;5
0603;6
0604;4
0605;5
0606;4
0607;4
0608;5
0609;10
0610;3
0611;9
0612;2
0613;7
0614;2
0615;3
0616;7
0617;3
0618;4
0619;4
0620;10
0621;11
0622;8
0623;7
0624;5
0625;3
0626;9
0627;9
0628;6
0629;6
0630;2
0701;7
0702;6
0703;4
0704;8
0705;5
0706;14
0707;10
0708;5
0709;6
0710;6
0711;4
0712;4
0713;8
0714;6
0715;3
0716;4
0717;9
0718;5
0719;6
0720;9
0721;4
0722;6
0723;5
0724;6
0725;9
0726;6
0727;6
0728;10
0729;14
0730;7
0731;5
0801;3
0802;8
0803;5
0804;5
0805;7
0806;6
0807;5
0808;3
0809;9
0810;5
0811;4
0812;6
0813;6
0814;7
0815;9
0816;10
0817;8
0818;7
0819;3
0820;9
0821;7
0822;9
0823;12
0824;4
0825;6
0826;3
0827;9
0828;9
0829;8
0830;4
0831;5
0901;9
0902;8
0903;5
0904;8
0905;6
0906;12
0907;8
0908;2
0909;3
0910;7
0911;7
0912;6
0913;5
0914;7
0915;13
0916;6
0917;6
0918;6
0919;2
0920;6
0921;5
0922;6
0923;9
0924;9
0925;8
0926;8
0927;5
0928;11
0929;13
0930;14
1001;7
1002;9
1003;11
1004;11
1005;5
1006;15
1007;5
1008;4
1009;6
1010;7
1011;9
1012;6
1013;5
1014;6
1015;12
1016;7
1017;7
1018;8
1019;8
1020;5
1021;7
1022;6
1023;4
1024;3
1025;9
1026;6
1027;7
1028;9
1029;9
1030;7
1031;3
1101;6
1102;7
1103;4
1104;6
1105;10
1106;8
1107;9
1108;4
1109;9
1110;5
1111;7
1112;5
1113;4
1114;8
1115;2
1116;11
1117;8
1118;9
1119;9
1120;12
1121;3
1122;8
1123;10
1124;10
1125;5
1126;8
1127;8
1128;7
1129;11
1130;5
1201;10
1202;9
1203;7
1204;9
1205;10
1206;8
1207;10
1208;12
1209;7
1210;10
1211;12
1212;5
1213;11
1214;6
1215;10
1216;10
1217;8
1218;4
1219;8
1220;7
1221;7
1222;10
1223;10
1224;11
1225;12
1226;15
1227;9
1228;10
1229;4
1230;8
1231;12
