0000;2
0101;28
0102;26
0103;41
0104;26
0105;32
0106;34
0107;40
0108;34
0109;34
0110;32
0111;24
0112;28
0113;30
0114;22
0115;29
0116;24
0117;28
0118;23
0119;32
0120;31
0121;21
0122;26
0123;33
0124;20
0125;25
0126;29
0127;27
0128;24
0129;27
0130;45
0131;30
0201;20
0202;38
0203;35
0204;34
0205;25
0206;33
0207;24
0208;12
0209;26
0210;29
0211;21
0212;24
0213;27
0214;24
0215;28
0216;19
0217;27
0218;32
0219;44
0220;27
0221;26
0222;28
0223;25
0224;18
0225;18
0226;27
0227;25
0228;22
0301;15
0302;24
0303;25
0304;22
0305;18
0306;23
0307;18
0308;30
0309;14
0310;30
0311;25
0312;19
0313;14
0314;21
0315;24
0316;25
0317;17
0318;21
0319;25
0320;20
0321;23
0322;28
0323;17
0324;18
0325;23
0326;15
0327;23
0328;29
0329;20
0330;23
0331;23
0401;13
0402;23
0403;21
0404;29
0405;32
0406;25
0407;25
0408;27
0409;29
0410;16
0411;19
0412;28
0413;18
0414;26
0415;20
0416;19
0417;18
0418;21
0419;17
0420;34
0421;23
0422;16
0423;20
0424;16
0425;17
0426;32
0427;23
0428;27
0429;14
0430;23
0501;20
0502;19
0503;28
0504;18
0505;17
0506;11
0507;37
0508;15
0509;27
0510;20
0511;16
0512;21
0513;16
0514;12
0515;20
0516;23
0517;11
0518;22
0519;23
0520;15
0521;28
0522;26
0523;25
0524;24
0525;22
0526;28
0527;22
0528;17
0529;33
0530;20
0531;24
0601;19
0602;19
0603;19
0604;24
0605;19
0606;27
0607;24
0608;23
0609;19
0610;15
0611;17
0612;22
0613;19
0614;15
0615;22
0616;14
0617;16
0618;26
0619;23
0620;12
0621;24
0622;20
0623;25
0624;23
0625;20
0626;19
0627;19
0628;20
0629;14
0630;9
0701;32
0702;20
0703;26
0704;18
0705;18
0706;21
0707;17
0708;23
0709;13
0710;24
0711;28
0712;22
0713;18
0714;23
0715;13
0716;22
0717;29
0718;26
0719;15
0720;16
0721;20
0722;20
0723;14
0724;25
0725;22
0726;16
0727;18
0728;21
0729;26
0730;19
0731;14
0801;18
0802;28
0803;21
0804;23
0805;20
0806;12
0807;17
0808;27
0809;22
0810;29
0811;19
0812;21
0813;20
0814;16
0815;22
0816;20
0817;18
0818;30
0819;24
0820;24
0821;19
0822;29
0823;19
0824;13
0825;18
0826;18
0827;16
0828;21
0829;21
0830;24
0831;22
0901;21
0902;15
0903;19
0904;29
0905;17
0906;26
0907;15
0908;18
0909;24
0910;18
0911;14
0912;20
0913;27
0914;23
0915;20
0916;15
0917;24
0918;26
0919;24
0920;27
0921;25
0922;17
0923;31
0924;22
0925;22
0926;18
0927;31
0928;26
0929;17
0930;24
1001;17
1002;22
1003;23
1004;24
1005;27
1006;21
1007;17
1008;21
1009;24
1010;22
1011;25
1012;26
1013;21
1014;18
1015;23
1016;15
1017;22
1018;19
1019;25
1020;18
1021;24
1022;16
1023;21
1024;17
1025;25
1026;21
1027;21
1028;27
1029;23
1030;16
1031;25
1101;29
1102;33
1103;16
1104;22
1105;20
1106;25
1107;21
1108;18
1109;25
1110;18
1111;30
1112;22
1113;26
1114;25
1115;33
1116;19
1117;23
1118;16
1119;25
1120;18
1121;34
1122;29
1123;26
1124;26
1125;29
1126;22
1127;21
1128;22
1129;23
1130;18
1201;29
1202;19
1203;26
1204;20
1205;24
1206;23
1207;15
1208;21
1209;21
1210;21
1211;26
1212;23
1213;22
1214;24
1215;33
1216;23
1217;25
1218;25
1219;30
1220;31
1221;21
1222;26
1223;20
1224;22
1225;29
1226;32
1227;26
1228;29
1229;23
1230;38
1231;13
