0101;13
0102;12
0103;9
0104;7
0105;13
0106;17
0107;14
0108;11
0109;10
0110;18
0111;9
0112;13
0113;16
0114;6
0115;18
0116;12
0117;7
0118;10
0119;15
0120;15
0121;11
0122;12
0123;13
0124;7
0125;17
0126;13
0127;10
0128;11
0129;14
0130;11
0131;13
0201;12
0202;12
0203;15
0204;10
0205;15
0206;17
0207;10
0208;9
0209;8
0210;13
0211;10
0212;7
0213;17
0214;11
0215;15
0216;14
0217;5
0218;10
0219;10
0220;16
0221;14
0222;13
0223;9
0224;12
0225;9
0226;10
0227;5
0228;7
0301;4
0302;9
0303;5
0304;5
0305;11
0306;7
0307;7
0308;12
0309;16
0310;4
0311;8
0312;6
0313;8
0314;4
0315;5
0316;7
0317;6
0318;8
0319;5
0320;9
0321;11
0322;3
0323;5
0324;8
0325;6
0326;5
0327;6
0328;7
0329;3
0330;3
0331;8
0401;9
0402;5
0403;11
0404;7
0405;9
0406;7
0407;5
0408;7
0409;6
0410;7
0411;10
0412;12
0413;5
0414;12
0415;12
0416;7
0417;4
0418;9
0419;6
0420;5
0421;8
0422;7
0423;7
0424;10
0425;9
0426;11
0427;12
0428;4
0429;7
0430;7
0501;8
0502;8
0503;6
0504;8
0505;11
0506;3
0507;6
0508;5
0509;13
0510;5
0511;8
0512;4
0513;6
0514;10
0515;6
0516;6
0517;14
0518;8
0519;6
0520;6
0521;9
0522;10
0523;6
0524;11
0525;9
0526;9
0527;12
0528;9
0529;7
0530;9
0531;7
0601;7
0602;8
0603;4
0604;7
0605;7
0606;7
0607;9
0608;6
0609;8
0610;10
0611;7
0612;5
0613;8
0614;8
0615;7
0617;9
0618;4
0619;3
0620;8
0621;10
0622;14
0623;6
0624;5
0625;7
0626;7
0627;7
0628;5
0629;4
0630;6
0701;5
0702;5
0703;6
0704;13
0705;5
0706;8
0707;9
0708;6
0709;4
0710;5
0711;5
0712;7
0713;6
0714;8
0715;8
0716;5
0717;9
0718;8
0719;11
0720;9
0721;8
0722;5
0723;9
0724;9
0725;6
0726;5
0727;8
0728;5
0729;7
0730;2
0731;5
0801;9
0802;6
0803;7
0804;6
0805;9
0806;14
0807;12
0808;12
0809;4
0810;10
0811;2
0812;9
0813;7
0814;10
0815;8
0816;13
0817;6
0818;6
0819;3
0820;8
0821;5
0822;5
0823;10
0824;4
0825;10
0826;11
0827;6
0828;7
0829;9
0830;12
0831;4
0901;6
0902;9
0903;8
0904;6
0905;10
0906;6
0907;8
0908;11
0909;11
0910;1
0911;3
0912;4
0913;5
0914;4
0915;7
0916;12
0917;7
0918;8
0919;8
0920;9
0921;6
0922;10
0923;8
0924;6
0925;7
0926;9
0927;8
0928;4
0929;8
0930;12
1001;4
1002;8
1003;14
1004;4
1005;5
1006;13
1007;8
1008;6
1009;4
1010;8
1011;7
1012;10
1013;8
1014;6
1015;6
1016;12
1017;8
1018;5
1019;8
1020;6
1021;4
1022;4
1023;7
1024;13
1025;8
1026;5
1027;9
1028;6
1029;6
1030;6
1031;10
1101;11
1102;7
1103;4
1104;6
1105;11
1106;10
1107;9
1108;9
1109;5
1110;8
1111;9
1112;3
1113;5
1114;5
1115;10
1116;6
1117;7
1118;14
1119;14
1120;7
1121;9
1122;6
1123;4
1124;8
1125;6
1126;3
1127;6
1128;5
1129;9
1130;6
1201;7
1202;6
1203;8
1204;11
1205;11
1206;10
1207;11
1208;9
1209;9
1210;10
1211;7
1212;5
1213;17
1214;7
1215;7
1216;9
1217;8
1218;9
1219;11
1220;9
1221;9
1222;15
1223;12
1224;10
1225;11
1226;14
1227;9
1228;14
1229;12
1230;11
1231;12
