0101;33
0102;34
0103;47
0104;41
0105;42
0106;30
0107;41
0108;27
0109;44
0110;34
0111;40
0112;45
0113;34
0114;34
0115;44
0116;31
0117;38
0118;32
0119;29
0120;33
0121;33
0122;20
0123;35
0124;33
0125;31
0126;42
0127;37
0128;29
0129;32
0130;49
0131;33
0201;40
0202;21
0203;28
0204;45
0205;41
0206;23
0207;29
0208;28
0209;39
0210;26
0211;34
0212;32
0213;29
0214;41
0215;30
0216;24
0217;35
0218;36
0219;30
0220;36
0221;28
0222;25
0223;33
0224;28
0225;23
0226;26
0227;21
0228;30
0301;27
0302;34
0303;20
0304;28
0305;22
0306;20
0307;26
0308;29
0309;24
0310;28
0311;25
0312;22
0313;25
0314;30
0315;27
0316;25
0317;30
0318;25
0319;22
0320;22
0321;23
0322;24
0323;27
0324;30
0325;32
0326;24
0327;19
0328;24
0329;24
0330;18
0331;26
0401;31
0402;23
0403;19
0404;22
0405;31
0406;21
0407;26
0408;27
0409;24
0410;28
0411;31
0412;25
0413;34
0414;26
0415;19
0416;30
0417;22
0418;22
0419;31
0420;15
0421;30
0422;28
0423;23
0424;28
0425;37
0426;28
0427;25
0428;26
0429;19
0430;26
0501;25
0502;23
0503;26
0504;24
0505;16
0506;26
0507;29
0508;22
0509;30
0510;19
0511;29
0512;26
0513;25
0514;14
0515;33
0516;24
0517;28
0518;20
0519;26
0520;26
0521;24
0522;25
0523;24
0524;20
0525;22
0526;21
0527;19
0528;23
0529;28
0530;39
0531;26
0601;28
0602;31
0603;19
0604;21
0605;16
0606;18
0607;13
0608;18
0609;26
0610;19
0611;14
0612;24
0613;26
0614;17
0615;23
0616;27
0617;20
0618;17
0619;32
0620;32
0621;21
0622;25
0623;27
0624;31
0625;18
0626;28
0627;23
0628;23
0629;24
0630;20
0701;18
0702;22
0703;28
0704;19
0705;22
0706;24
0707;28
0708;28
0709;25
0710;20
0711;18
0712;25
0713;27
0714;32
0715;26
0716;19
0717;29
0718;30
0719;30
0720;21
0721;19
0722;31
0723;21
0724;29
0725;21
0726;22
0727;27
0728;14
0729;21
0730;24
0731;26
0801;23
0802;28
0803;29
0804;21
0805;25
0806;21
0807;21
0808;22
0809;17
0810;17
0811;20
0812;22
0813;21
0814;27
0815;18
0816;33
0817;14
0818;22
0819;20
0820;25
0821;22
0822;25
0823;21
0824;17
0825;19
0826;29
0827;17
0828;23
0829;29
0830;24
0831;16
0901;24
0902;22
0903;26
0904;23
0905;23
0906;28
0907;21
0908;15
0909;27
0910;24
0911;23
0912;14
0913;27
0914;22
0915;22
0916;32
0917;22
0918;27
0919;31
0920;26
0921;24
0922;31
0923;19
0924;32
0925;25
0926;20
0927;17
0928;25
0929;26
0930;17
1001;21
1002;20
1003;38
1004;22
1005;20
1006;19
1007;20
1008;25
1009;28
1010;23
1011;29
1012;31
1013;24
1014;22
1015;21
1016;29
1017;18
1018;28
1019;23
1020;26
1021;16
1022;30
1023;22
1024;23
1025;18
1026;20
1027;26
1028;20
1029;30
1030;18
1031;25
1101;13
1102;19
1103;26
1104;30
1105;28
1106;23
1107;16
1108;29
1109;21
1110;29
1111;25
1112;39
1113;23
1114;37
1115;27
1116;32
1117;24
1118;22
1119;25
1120;26
1121;22
1122;27
1123;23
1124;28
1125;28
1126;28
1127;24
1128;20
1129;32
1130;28
1201;35
1202;27
1203;30
1204;25
1205;22
1206;29
1207;34
1208;25
1209;32
1210;28
1211;25
1212;32
1213;20
1214;31
1215;24
1216;24
1217;27
1218;22
1219;37
1220;21
1221;28
1222;23
1223;32
1224;27
1225;30
1226;25
1227;37
1228;32
1229;45
1230;30
1231;19
