0000;1
0101;68
0102;62
0103;59
0104;61
0105;71
0106;49
0107;61
0108;65
0109;67
0110;51
0111;60
0112;60
0113;59
0114;59
0115;43
0116;58
0117;45
0118;60
0119;56
0120;35
0121;39
0122;62
0123;44
0124;47
0125;58
0126;38
0127;45
0128;49
0129;36
0130;36
0131;53
0201;62
0202;46
0203;48
0204;46
0205;34
0206;41
0207;42
0208;43
0209;42
0210;43
0211;39
0212;56
0213;35
0214;33
0215;46
0216;36
0217;46
0218;41
0219;35
0220;43
0221;43
0222;39
0223;33
0224;42
0225;41
0226;31
0227;25
0228;46
0301;44
0302;39
0303;32
0304;42
0305;27
0306;40
0307;44
0308;26
0309;50
0310;50
0311;36
0312;41
0313;50
0314;46
0315;40
0316;32
0317;50
0318;30
0319;38
0320;30
0321;36
0322;29
0323;36
0324;36
0325;50
0326;38
0327;46
0328;46
0329;32
0330;35
0331;43
0401;28
0402;32
0403;37
0404;39
0405;39
0406;35
0407;42
0408;47
0409;29
0410;39
0411;36
0412;30
0413;51
0414;44
0415;32
0416;29
0417;36
0418;35
0419;36
0420;44
0421;43
0422;31
0423;41
0424;38
0425;42
0426;31
0427;30
0428;46
0429;44
0430;47
0501;34
0502;43
0503;43
0504;35
0505;35
0506;37
0507;40
0508;33
0509;33
0510;34
0511;36
0512;38
0513;43
0514;39
0515;36
0516;29
0517;35
0518;44
0519;31
0520;31
0521;38
0522;25
0523;43
0524;39
0525;44
0526;43
0527;43
0528;34
0529;38
0530;42
0531;36
0601;28
0602;41
0603;33
0604;29
0605;34
0606;31
0607;41
0608;38
0609;39
0610;36
0611;33
0612;30
0613;35
0614;32
0615;31
0616;39
0617;31
0618;27
0619;44
0620;38
0621;43
0622;37
0623;52
0624;38
0625;34
0626;38
0627;36
0628;31
0629;42
0630;28
0701;39
0702;27
0703;48
0704;36
0705;38
0706;44
0707;37
0708;40
0709;35
0710;31
0711;29
0712;31
0713;35
0714;34
0715;31
0716;32
0717;39
0718;39
0719;47
0720;39
0721;37
0722;34
0723;35
0724;38
0725;34
0726;38
0727;30
0728;44
0729;32
0730;33
0731;37
0801;36
0802;38
0803;45
0804;30
0805;36
0806;29
0807;36
0808;26
0809;26
0810;25
0811;33
0812;35
0813;34
0814;22
0815;20
0816;24
0817;40
0818;37
0819;41
0820;40
0821;34
0822;33
0823;41
0824;38
0825;48
0826;31
0827;41
0828;38
0829;40
0830;39
0831;49
0901;39
0902;30
0903;33
0904;29
0905;34
0906;30
0907;26
0908;35
0909;25
0910;35
0911;29
0912;35
0913;36
0914;46
0915;44
0916;36
0917;28
0918;34
0919;34
0920;31
0921;32
0922;48
0923;41
0924;32
0925;34
0926;41
0927;42
0928;44
0929;38
0930;37
1001;42
1002;42
1003;45
1004;36
1005;34
1006;37
1007;39
1008;30
1009;35
1010;45
1011;48
1012;44
1013;36
1014;45
1015;38
1016;43
1017;48
1018;40
1019;40
1020;35
1021;31
1022;46
1023;40
1024;51
1025;35
1026;41
1027;38
1028;36
1029;26
1030;37
1031;35
1101;40
1102;39
1103;40
1104;38
1105;35
1106;34
1107;38
1108;32
1109;42
1110;39
1111;37
1112;38
1113;39
1114;43
1115;42
1116;35
1117;34
1118;46
1119;40
1120;48
1121;43
1122;44
1123;44
1124;43
1125;47
1126;39
1127;40
1128;40
1129;41
1130;45
1201;37
1202;49
1203;39
1204;38
1205;46
1206;43
1207;33
1208;54
1209;43
1210;48
1211;56
1212;49
1213;38
1214;42
1215;50
1216;47
1217;38
1218;47
1219;38
1220;39
1221;40
1222;43
1223;43
1224;46
1225;48
1226;45
1227;48
1228;46
1229;59
1230;36
1231;44
