0101;25
0102;29
0103;37
0104;32
0105;22
0106;30
0107;25
0108;38
0109;32
0110;30
0111;16
0112;25
0113;28
0114;26
0115;26
0116;17
0117;21
0118;13
0119;15
0120;13
0121;26
0122;34
0123;17
0124;14
0125;10
0126;27
0127;24
0128;21
0129;29
0130;25
0131;22
0201;24
0202;23
0203;18
0204;16
0205;22
0206;21
0207;21
0208;30
0209;13
0210;21
0211;20
0212;14
0213;26
0214;16
0215;25
0216;13
0217;16
0218;25
0219;16
0220;21
0221;19
0222;20
0223;24
0224;16
0225;19
0226;22
0227;21
0228;9
0301;19
0302;17
0303;14
0304;30
0305;23
0306;21
0307;15
0308;21
0309;19
0310;20
0311;15
0312;18
0313;12
0314;21
0315;21
0316;12
0317;20
0318;16
0319;21
0320;10
0321;11
0322;7
0323;18
0324;18
0325;19
0326;14
0327;17
0328;14
0329;13
0330;11
0331;18
0401;21
0402;13
0403;17
0404;17
0405;18
0406;19
0407;11
0408;12
0409;15
0410;20
0411;12
0412;17
0413;12
0414;14
0415;19
0416;25
0417;16
0418;13
0419;15
0420;14
0421;13
0422;16
0423;10
0424;12
0425;15
0426;14
0427;21
0428;18
0429;10
0430;22
0501;20
0502;23
0503;18
0504;13
0505;17
0506;15
0507;11
0508;13
0509;9
0510;16
0511;18
0512;20
0513;13
0514;20
0515;17
0516;14
0517;19
0518;9
0519;14
0520;15
0521;12
0522;15
0523;11
0524;23
0525;12
0526;10
0527;16
0528;18
0529;17
0530;14
0531;13
0601;21
0602;20
0603;16
0604;14
0605;11
0606;8
0607;18
0608;15
0609;15
0610;17
0611;9
0612;17
0613;18
0614;16
0615;22
0616;17
0617;11
0618;14
0619;16
0620;16
0621;11
0622;21
0623;20
0624;15
0625;13
0626;19
0627;24
0628;13
0629;10
0630;14
0701;15
0702;12
0703;13
0704;16
0705;11
0706;17
0707;20
0708;14
0709;27
0710;15
0711;12
0712;14
0713;17
0714;23
0715;11
0716;26
0717;20
0718;17
0719;23
0720;18
0721;16
0722;18
0723;19
0724;15
0725;19
0726;15
0727;12
0728;11
0729;16
0730;20
0731;16
0801;17
0802;19
0803;13
0804;14
0805;15
0806;15
0807;16
0808;22
0809;15
0810;7
0811;19
0812;11
0813;15
0814;16
0815;17
0816;17
0817;12
0818;19
0819;9
0820;18
0821;19
0822;20
0823;18
0824;19
0825;13
0826;15
0827;23
0828;21
0829;21
0830;15
0831;20
0901;20
0902;10
0903;15
0904;12
0905;17
0906;18
0907;11
0908;7
0909;13
0910;10
0911;14
0912;19
0913;10
0914;16
0915;17
0916;14
0917;12
0918;10
0919;11
0920;10
0921;10
0922;18
0923;17
0924;18
0925;19
0926;22
0927;17
0928;16
0929;17
0930;15
1001;16
1002;17
1003;16
1004;18
1005;28
1006;16
1007;17
1008;10
1009;14
1010;19
1011;17
1012;12
1013;13
1014;22
1015;17
1016;12
1017;13
1018;14
1019;19
1020;17
1021;13
1022;18
1023;16
1024;17
1025;20
1026;19
1027;20
1028;25
1029;16
1030;16
1031;21
1101;14
1102;15
1103;14
1104;21
1105;15
1106;10
1107;21
1108;20
1109;20
1110;13
1111;17
1112;24
1113;18
1114;15
1115;22
1116;15
1117;17
1118;22
1119;9
1120;20
1121;12
1122;11
1123;18
1124;20
1125;14
1126;21
1127;15
1128;13
1129;14
1130;17
1201;10
1202;16
1203;16
1204;22
1205;15
1206;13
1207;17
1208;19
1209;22
1210;13
1211;26
1212;19
1213;20
1214;28
1215;17
1216;16
1217;21
1218;16
1219;15
1220;18
1221;21
1222;14
1223;23
1224;12
1225;11
1226;23
1227;26
1228;22
1229;25
1230;18
1231;18
