0101;22
0102;23
0103;21
0104;18
0105;20
0106;28
0107;21
0108;20
0109;16
0110;25
0111;35
0112;20
0113;25
0114;25
0115;14
0116;31
0117;14
0118;16
0119;21
0120;21
0121;25
0122;24
0123;18
0124;29
0125;23
0126;10
0127;26
0128;22
0129;15
0130;20
0131;18
0201;15
0202;14
0203;23
0204;15
0205;11
0206;15
0207;21
0208;13
0209;29
0210;23
0211;21
0212;12
0213;16
0214;15
0215;13
0216;21
0217;17
0218;20
0219;18
0220;24
0221;17
0222;14
0223;17
0224;19
0225;14
0226;19
0227;21
0228;13
0301;15
0302;16
0303;8
0304;11
0305;13
0306;19
0307;20
0308;19
0309;19
0310;23
0311;15
0312;12
0313;13
0314;16
0315;26
0316;9
0317;17
0318;19
0319;19
0320;16
0321;12
0322;8
0323;14
0324;14
0325;15
0326;18
0327;13
0328;16
0329;16
0330;15
0331;17
0401;12
0402;14
0403;15
0404;11
0405;13
0406;15
0407;17
0408;15
0409;14
0410;18
0411;20
0412;11
0413;24
0414;16
0415;15
0416;18
0417;16
0418;11
0419;8
0420;14
0421;14
0422;17
0423;16
0424;21
0425;12
0426;16
0427;15
0428;12
0429;8
0430;7
0501;18
0502;16
0503;14
0504;22
0505;13
0506;18
0507;15
0508;7
0509;13
0510;19
0511;25
0512;14
0513;20
0514;14
0515;14
0516;15
0517;17
0518;12
0519;17
0520;17
0521;17
0522;14
0523;8
0524;9
0525;19
0526;12
0527;16
0528;10
0529;12
0530;15
0531;19
0601;14
0602;9
0603;14
0604;17
0605;19
0606;14
0607;15
0608;7
0609;8
0610;12
0611;10
0612;13
0613;10
0614;12
0615;7
0616;14
0617;14
0618;15
0619;21
0620;8
0621;12
0622;15
0623;13
0624;22
0625;13
0626;12
0627;10
0628;11
0629;12
0630;11
0701;12
0702;18
0703;18
0704;24
0705;13
0706;19
0707;24
0708;11
0709;18
0710;18
0711;14
0712;11
0713;14
0714;18
0715;17
0716;16
0717;16
0718;16
0719;17
0720;13
0721;14
0722;21
0723;13
0724;16
0725;21
0726;12
0727;13
0728;11
0729;11
0730;17
0731;9
0801;16
0802;24
0803;19
0804;21
0805;24
0806;10
0807;18
0808;15
0809;24
0810;14
0811;8
0812;20
0813;16
0814;6
0815;15
0816;20
0817;14
0818;19
0819;12
0820;16
0821;9
0822;9
0823;22
0824;20
0825;13
0826;13
0827;10
0828;19
0829;19
0830;19
0831;17
0901;22
0902;15
0903;6
0904;8
0905;9
0906;17
0907;12
0908;12
0909;9
0910;13
0911;10
0912;13
0913;18
0914;17
0915;18
0916;17
0917;15
0918;14
0919;13
0920;16
0921;19
0922;17
0923;20
0924;17
0925;18
0926;15
0927;12
0928;19
0929;17
0930;17
1001;12
1002;15
1003;20
1004;14
1005;21
1006;11
1007;8
1008;18
1009;12
1010;17
1011;15
1012;20
1013;10
1014;13
1015;14
1016;22
1017;13
1018;11
1019;15
1020;20
1021;17
1022;16
1023;15
1024;10
1025;19
1026;17
1027;12
1028;15
1029;14
1030;17
1031;14
1101;16
1102;16
1103;16
1104;15
1105;11
1106;15
1107;11
1108;7
1109;19
1110;17
1111;20
1112;13
1113;19
1114;13
1115;12
1116;14
1117;13
1118;17
1119;16
1120;18
1121;15
1122;17
1123;27
1124;18
1125;15
1126;19
1127;14
1128;16
1129;19
1130;22
1201;22
1202;16
1203;8
1204;13
1205;15
1206;23
1207;21
1208;18
1209;21
1210;16
1211;20
1212;19
1213;18
1214;12
1215;13
1216;16
1217;16
1218;18
1219;20
1220;17
1221;16
1222;21
1223;23
1224;15
1225;14
1226;26
1227;21
1228;16
1229;9
1230;18
1231;19
