0101;22
0102;16
0103;23
0104;21
0105;13
0106;18
0107;14
0108;12
0109;18
0110;20
0111;18
0112;21
0113;12
0114;11
0115;14
0116;21
0117;14
0118;16
0119;14
0120;19
0121;16
0122;13
0123;14
0124;15
0125;20
0126;15
0127;15
0128;17
0129;16
0130;14
0131;12
0201;21
0202;19
0203;12
0204;13
0205;14
0206;14
0207;18
0208;8
0209;14
0210;10
0211;18
0212;15
0213;14
0214;13
0215;14
0216;16
0217;10
0218;12
0219;11
0220;16
0221;13
0222;14
0223;16
0224;19
0225;13
0226;9
0227;11
0228;7
0301;17
0302;12
0303;13
0304;16
0305;12
0306;11
0307;9
0308;10
0309;13
0310;11
0311;12
0312;14
0313;12
0314;9
0315;13
0316;7
0317;11
0318;9
0319;13
0320;12
0321;14
0322;14
0323;8
0324;9
0325;10
0326;15
0327;10
0328;9
0329;13
0330;12
0331;11
0401;9
0402;11
0403;12
0404;7
0405;5
0406;10
0407;13
0408;7
0409;13
0410;13
0411;4
0412;5
0413;16
0414;7
0415;12
0416;9
0417;12
0418;9
0419;12
0420;12
0421;19
0422;14
0423;12
0424;9
0425;10
0426;8
0427;7
0428;14
0429;7
0430;14
0501;17
0502;12
0503;15
0504;18
0505;11
0506;10
0507;12
0508;9
0509;7
0510;12
0511;11
0512;10
0513;11
0514;9
0515;9
0516;4
0517;11
0518;17
0519;10
0520;8
0521;13
0522;6
0523;9
0524;5
0525;12
0526;12
0527;9
0528;11
0529;11
0530;16
0531;6
0601;13
0602;12
0603;10
0604;9
0605;4
0606;5
0607;5
0608;9
0609;14
0610;11
0611;16
0612;13
0613;7
0614;12
0615;11
0616;9
0617;11
0618;12
0619;11
0620;11
0621;17
0622;14
0623;8
0624;9
0625;11
0626;13
0627;8
0628;8
0629;9
0630;14
0701;4
0702;9
0703;6
0704;14
0705;11
0706;9
0707;13
0708;6
0709;12
0710;10
0711;14
0712;12
0713;11
0714;5
0715;12
0716;10
0717;12
0718;11
0719;13
0720;8
0721;7
0722;13
0723;12
0724;15
0725;10
0726;11
0727;10
0728;12
0729;8
0730;10
0731;15
0801;10
0802;8
0803;10
0804;9
0805;12
0806;11
0807;9
0808;10
0809;9
0810;9
0811;8
0812;6
0813;7
0814;11
0815;10
0816;16
0817;9
0818;13
0819;9
0820;14
0821;12
0822;11
0823;15
0824;9
0825;12
0826;9
0827;7
0828;7
0829;13
0830;14
0831;6
0901;13
0902;11
0903;8
0904;8
0905;5
0906;7
0907;10
0908;12
0909;10
0910;11
0911;9
0912;12
0913;12
0914;15
0915;23
0916;5
0917;9
0918;11
0919;6
0920;13
0921;6
0922;15
0923;21
0924;12
0925;9
0926;14
0927;15
0928;17
0929;13
0930;14
1001;6
1002;13
1003;10
1004;10
1005;14
1006;8
1007;10
1008;10
1009;14
1010;17
1011;11
1012;9
1013;3
1014;8
1015;13
1016;13
1017;12
1018;7
1019;7
1020;16
1021;6
1022;9
1023;9
1024;6
1025;9
1026;16
1027;12
1028;10
1029;8
1030;10
1031;11
1101;14
1102;14
1103;11
1104;9
1105;9
1106;7
1107;15
1108;7
1109;10
1110;8
1111;10
1112;15
1113;9
1114;10
1115;11
1116;14
1117;10
1118;8
1119;11
1120;12
1121;11
1122;6
1123;11
1124;10
1125;10
1126;14
1127;16
1128;11
1129;11
1130;12
1201;13
1202;10
1203;14
1204;12
1205;16
1206;15
1207;11
1208;17
1209;7
1210;11
1211;21
1212;18
1213;10
1214;8
1215;7
1216;14
1217;13
1218;9
1219;9
1220;13
1221;11
1222;14
1223;7
1224;9
1225;11
1226;13
1227;14
1228;13
1229;15
1230;11
1231;12
