0101;11
0102;10
0103;13
0104;7
0105;10
0106;7
0107;17
0108;8
0109;17
0110;8
0111;6
0112;9
0113;8
0114;12
0115;7
0116;12
0117;9
0118;4
0119;11
0120;9
0121;11
0122;14
0123;6
0124;10
0125;8
0126;9
0127;8
0128;4
0129;7
0130;11
0131;8
0201;10
0202;5
0203;6
0204;9
0205;11
0206;11
0207;13
0208;10
0209;4
0210;11
0211;8
0212;10
0213;2
0214;5
0215;8
0216;7
0217;5
0218;9
0219;6
0220;8
0221;6
0222;6
0223;7
0224;6
0225;3
0226;13
0227;8
0228;8
0301;9
0302;11
0303;8
0304;7
0305;3
0306;4
0307;10
0308;8
0309;9
0310;8
0311;6
0312;13
0313;5
0314;9
0315;7
0316;7
0317;6
0318;10
0319;15
0320;10
0321;6
0322;9
0323;6
0324;9
0325;7
0326;4
0327;8
0328;13
0329;3
0330;11
0331;5
0401;10
0402;13
0403;7
0404;4
0405;7
0406;5
0407;7
0408;5
0409;12
0410;6
0411;9
0412;11
0413;6
0414;12
0415;2
0416;3
0417;5
0418;7
0419;7
0420;4
0421;4
0422;8
0423;9
0424;7
0425;4
0426;10
0427;6
0428;8
0429;7
0430;7
0501;6
0502;4
0503;15
0504;11
0505;8
0506;5
0507;2
0508;4
0509;7
0510;4
0511;6
0512;5
0513;6
0514;16
0515;8
0516;4
0517;9
0518;6
0519;6
0520;6
0521;4
0522;10
0523;9
0524;6
0525;8
0526;9
0527;4
0528;6
0529;7
0530;4
0531;5
0601;3
0602;4
0603;5
0604;5
0605;6
0606;4
0607;4
0608;5
0609;9
0610;7
0611;7
0612;6
0613;7
0614;7
0615;1
0616;4
0617;7
0618;11
0619;4
0620;9
0621;6
0622;7
0623;8
0624;5
0625;6
0626;2
0627;3
0628;2
0629;4
0630;4
0701;4
0702;3
0703;4
0704;3
0705;13
0706;4
0707;4
0708;4
0709;9
0710;5
0711;8
0712;6
0713;5
0714;6
0715;4
0716;3
0717;5
0718;12
0719;10
0720;4
0721;2
0722;3
0723;4
0724;6
0725;4
0726;9
0727;1
0728;4
0729;5
0730;4
0731;4
0801;8
0802;8
0803;6
0804;9
0805;6
0806;6
0807;1
0808;5
0809;7
0810;13
0811;3
0812;9
0813;5
0814;8
0815;7
0816;9
0817;14
0818;7
0819;2
0820;6
0821;5
0822;7
0823;9
0824;7
0825;8
0826;9
0827;7
0828;4
0829;2
0830;4
0831;7
0901;8
0902;6
0903;11
0904;5
0905;3
0906;4
0907;3
0908;5
0909;8
0910;4
0911;6
0912;8
0913;9
0914;7
0915;4
0916;3
0917;4
0918;8
0919;5
0920;11
0921;8
0922;9
0923;6
0924;5
0925;15
0926;8
0927;4
0928;5
0929;7
0930;7
1001;6
1002;9
1003;12
1004;6
1005;6
1006;11
1007;3
1008;7
1009;6
1010;10
1011;13
1012;5
1013;4
1014;9
1015;8
1016;10
1017;5
1018;5
1019;10
1020;8
1021;9
1022;7
1023;2
1024;7
1025;6
1026;3
1027;3
1028;7
1029;13
1030;13
1031;4
1101;7
1102;8
1103;6
1104;6
1105;9
1106;5
1107;10
1108;4
1109;7
1110;8
1111;9
1112;6
1113;7
1114;9
1115;7
1116;4
1117;4
1118;8
1119;12
1120;5
1122;8
1123;4
1124;10
1125;10
1126;5
1127;8
1128;7
1129;2
1130;7
1201;5
1202;9
1203;9
1204;7
1205;8
1206;5
1207;7
1208;6
1209;8
1210;12
1211;4
1212;8
1213;6
1214;11
1215;9
1216;9
1217;8
1218;9
1219;7
1220;9
1221;9
1222;9
1223;11
1224;7
1225;10
1226;7
1227;3
1228;8
1229;6
1230;8
1231;12
