0101;7
0102;2
0103;8
0104;9
0105;4
0106;4
0107;7
0108;5
0109;7
0110;6
0111;8
0112;6
0113;4
0114;4
0115;4
0116;4
0117;4
0118;5
0119;3
0120;4
0121;2
0122;2
0123;5
0124;8
0125;7
0126;3
0128;3
0129;2
0130;3
0131;4
0201;6
0202;2
0203;1
0204;6
0205;4
0206;2
0207;4
0208;4
0209;3
0210;3
0211;5
0212;5
0213;3
0214;3
0215;7
0216;11
0217;9
0218;3
0219;9
0220;5
0221;7
0222;5
0223;4
0224;1
0225;3
0226;8
0227;4
0228;5
0301;9
0302;8
0303;2
0304;3
0305;5
0306;4
0307;5
0308;6
0309;11
0310;5
0311;4
0312;4
0313;3
0314;4
0315;4
0316;4
0317;6
0318;1
0319;4
0320;7
0321;4
0322;5
0323;2
0324;7
0325;12
0326;6
0327;5
0328;6
0329;4
0330;6
0331;13
0401;3
0402;7
0403;4
0404;3
0405;3
0406;6
0407;6
0408;3
0409;4
0410;4
0411;4
0412;2
0413;8
0414;6
0415;5
0416;8
0417;7
0418;7
0419;2
0420;9
0421;7
0422;9
0423;6
0424;6
0425;3
0426;6
0427;5
0428;3
0429;7
0430;7
0501;3
0502;3
0503;7
0504;5
0505;4
0506;7
0507;9
0508;4
0509;4
0510;7
0511;5
0512;6
0513;5
0514;4
0515;2
0516;4
0517;3
0518;11
0519;6
0520;6
0521;8
0522;3
0523;8
0524;7
0525;3
0526;8
0527;4
0528;7
0529;9
0530;6
0531;4
0601;5
0602;3
0603;5
0604;2
0605;7
0606;1
0607;3
0608;6
0609;2
0610;6
0611;6
0612;6
0613;2
0614;7
0615;5
0616;2
0617;4
0618;6
0619;7
0620;1
0621;4
0622;7
0623;7
0624;2
0625;7
0626;7
0627;5
0628;3
0629;7
0701;5
0702;8
0703;3
0704;9
0705;2
0706;9
0707;3
0708;7
0709;2
0710;9
0711;5
0712;9
0713;9
0714;4
0715;5
0716;3
0717;1
0718;6
0719;4
0720;7
0721;6
0722;5
0723;3
0724;8
0725;2
0726;3
0727;10
0728;4
0729;5
0730;7
0731;9
0801;5
0802;7
0803;6
0804;6
0805;3
0807;9
0808;4
0809;3
0810;7
0811;3
0812;5
0813;5
0814;5
0815;2
0816;5
0817;1
0818;6
0819;1
0820;1
0821;4
0822;5
0823;9
0824;7
0825;7
0826;4
0827;7
0828;5
0829;10
0830;5
0831;4
0901;8
0903;5
0904;4
0905;6
0906;5
0907;7
0908;6
0909;4
0910;1
0911;3
0912;5
0913;5
0914;8
0915;2
0916;6
0917;4
0918;8
0919;3
0921;7
0922;9
0923;3
0924;7
0925;9
0926;5
0927;5
0928;5
0929;8
0930;5
1001;8
1002;2
1003;5
1004;8
1005;7
1006;5
1007;3
1008;4
1009;5
1010;6
1011;4
1012;2
1013;4
1014;4
1015;2
1016;5
1017;3
1018;7
1019;1
1020;7
1021;8
1022;7
1023;4
1024;3
1025;3
1026;6
1027;5
1028;8
1029;4
1030;5
1031;2
1101;8
1102;5
1103;7
1104;3
1105;2
1106;3
1107;6
1108;4
1109;3
1110;5
1111;5
1112;6
1113;7
1114;9
1115;9
1116;9
1117;9
1118;4
1119;3
1121;5
1122;8
1123;1
1124;7
1125;6
1126;8
1127;3
1128;5
1129;7
1130;4
1201;8
1202;3
1203;2
1204;2
1205;3
1206;7
1207;7
1208;5
1209;3
1210;4
1211;2
1212;4
1213;5
1214;8
1215;7
1216;1
1217;6
1218;2
1219;8
1220;10
1221;5
1222;5
1223;6
1224;11
1225;1
1226;5
1227;6
1228;5
1229;7
1230;2
1231;2
