0101;44
0102;40
0103;43
0104;37
0105;35
0106;43
0107;44
0108;39
0109;34
0110;55
0111;34
0112;36
0113;47
0114;40
0115;41
0116;46
0117;34
0118;34
0119;37
0120;38
0121;38
0122;34
0123;42
0124;37
0125;43
0126;41
0127;46
0128;38
0129;32
0130;37
0131;42
0201;27
0202;34
0203;29
0204;31
0205;28
0206;28
0207;27
0208;34
0209;42
0210;32
0211;30
0212;34
0213;26
0214;35
0215;31
0216;29
0217;40
0218;32
0219;28
0220;35
0221;32
0222;38
0223;24
0224;44
0225;28
0226;34
0227;23
0228;30
0301;16
0302;21
0303;24
0304;34
0305;19
0306;23
0307;29
0308;25
0309;27
0310;24
0311;22
0312;27
0313;26
0314;28
0315;34
0316;32
0317;31
0318;29
0319;26
0320;31
0321;32
0322;39
0323;23
0324;23
0325;35
0326;29
0327;20
0328;29
0329;26
0330;24
0331;32
0401;27
0402;14
0403;34
0404;30
0405;39
0406;33
0407;32
0408;17
0409;34
0410;23
0411;24
0412;22
0413;27
0414;31
0415;25
0416;13
0417;24
0418;26
0419;28
0420;23
0421;38
0422;27
0423;25
0424;30
0425;35
0426;28
0427;22
0428;23
0429;29
0430;24
0501;28
0502;24
0503;23
0504;24
0505;25
0506;18
0507;27
0508;29
0509;41
0510;28
0511;25
0512;30
0513;29
0514;29
0515;31
0516;25
0517;30
0518;24
0519;36
0520;19
0521;27
0522;31
0523;30
0524;21
0525;24
0526;32
0527;34
0528;22
0529;28
0530;19
0531;20
0601;26
0602;17
0603;28
0604;21
0605;27
0606;19
0607;31
0608;23
0609;29
0610;24
0611;31
0612;24
0613;20
0614;19
0615;20
0616;25
0617;19
0618;19
0619;38
0620;35
0621;34
0622;32
0623;33
0624;24
0625;36
0626;25
0627;25
0628;22
0629;27
0630;18
0701;25
0702;26
0703;34
0704;34
0705;28
0706;22
0707;32
0708;14
0709;31
0710;34
0711;26
0712;23
0713;27
0714;20
0715;18
0716;15
0717;26
0718;27
0719;28
0720;29
0721;19
0722;15
0723;19
0724;26
0725;26
0726;22
0727;32
0728;30
0729;29
0730;27
0731;33
0801;29
0802;22
0803;29
0804;31
0805;24
0806;17
0807;25
0808;22
0809;17
0810;23
0811;19
0812;16
0813;18
0814;26
0815;30
0816;22
0817;23
0818;31
0819;21
0820;20
0821;23
0822;26
0823;24
0824;20
0825;30
0826;18
0827;24
0828;26
0829;27
0830;26
0831;24
0901;23
0902;23
0903;18
0904;25
0905;25
0906;20
0907;25
0908;30
0909;25
0910;27
0911;32
0912;32
0913;24
0914;24
0915;30
0916;28
0917;23
0918;25
0919;32
0920;28
0921;40
0922;15
0923;36
0924;35
0925;36
0926;28
0927;32
0928;30
0929;34
0930;29
1001;30
1002;29
1003;20
1004;24
1005;25
1006;26
1007;36
1008;21
1009;29
1010;29
1011;26
1012;30
1013;23
1014;31
1015;32
1016;23
1017;32
1018;33
1019;29
1020;20
1021;32
1022;23
1023;27
1024;31
1025;30
1026;27
1027;30
1028;22
1029;27
1030;12
1031;26
1101;36
1102;28
1103;32
1104;26
1105;38
1106;32
1107;14
1108;28
1109;28
1110;34
1111;34
1112;35
1113;28
1114;17
1115;25
1116;22
1117;41
1118;28
1119;29
1120;30
1121;24
1122;25
1123;27
1124;27
1125;37
1126;26
1127;32
1128;30
1129;33
1130;34
1201;43
1202;29
1203;35
1204;44
1205;37
1206;39
1207;37
1208;33
1209;29
1210;25
1211;31
1212;29
1213;35
1214;39
1215;35
1216;30
1217;26
1218;44
1219;33
1220;40
1221;36
1222;36
1223;31
1224;38
1225;28
1226;30
1227;39
1228;29
1229;46
1230;26
1231;30
