0101;21
0102;24
0103;26
0104;29
0105;35
0106;24
0107;25
0108;31
0109;30
0110;30
0111;31
0112;36
0113;38
0114;28
0115;26
0116;21
0117;33
0118;25
0119;20
0120;34
0121;25
0122;28
0123;35
0124;28
0125;21
0126;27
0127;26
0128;25
0129;25
0130;28
0131;23
0201;29
0202;29
0203;23
0204;21
0205;23
0206;26
0207;28
0208;26
0209;23
0210;21
0211;23
0212;26
0213;25
0214;19
0215;21
0216;22
0217;25
0218;20
0219;18
0220;31
0221;24
0222;19
0223;28
0224;26
0225;21
0226;31
0227;23
0228;17
0301;12
0302;28
0303;19
0304;20
0305;20
0306;14
0307;16
0308;30
0309;14
0310;22
0311;25
0312;14
0313;22
0314;22
0315;19
0316;22
0317;19
0318;13
0319;17
0320;17
0321;24
0322;15
0323;14
0324;36
0325;18
0326;13
0327;15
0328;15
0329;17
0330;21
0331;27
0401;22
0402;18
0403;18
0404;28
0405;13
0406;19
0407;23
0408;22
0409;19
0410;18
0411;24
0412;16
0413;26
0414;16
0415;18
0416;19
0417;12
0418;23
0419;20
0420;25
0421;14
0422;32
0423;13
0424;18
0425;16
0426;24
0427;19
0428;24
0429;21
0430;23
0501;20
0502;17
0503;25
0504;21
0505;23
0506;25
0507;20
0508;18
0509;14
0510;26
0511;19
0512;26
0513;16
0514;16
0515;15
0516;19
0517;21
0518;23
0519;22
0520;15
0521;25
0522;25
0523;20
0524;22
0525;15
0526;16
0527;21
0528;18
0529;21
0530;19
0531;16
0601;16
0602;22
0603;16
0604;17
0605;16
0606;21
0607;15
0608;20
0609;25
0610;20
0611;19
0612;18
0613;21
0614;20
0615;25
0616;25
0617;10
0618;21
0619;24
0620;9
0621;18
0622;24
0623;26
0624;15
0625;20
0626;27
0627;11
0628;24
0629;7
0630;17
0701;17
0702;13
0703;19
0704;19
0705;19
0706;28
0707;21
0708;19
0709;23
0710;24
0711;20
0712;20
0713;13
0714;20
0715;24
0716;25
0717;16
0718;10
0719;26
0720;15
0721;18
0722;21
0723;23
0724;19
0725;24
0726;18
0727;21
0728;13
0729;20
0730;16
0731;19
0801;25
0802;19
0803;28
0804;24
0805;22
0806;12
0807;19
0808;14
0809;24
0810;25
0811;31
0812;19
0813;22
0814;18
0815;17
0816;18
0817;18
0818;21
0819;18
0820;13
0821;16
0822;15
0823;22
0824;17
0825;17
0826;20
0827;16
0828;21
0829;28
0830;33
0831;15
0901;16
0902;15
0903;20
0904;17
0905;17
0906;22
0907;12
0908;20
0909;15
0910;10
0911;22
0912;18
0913;16
0914;22
0915;17
0916;16
0917;23
0918;18
0919;26
0920;21
0921;22
0922;22
0923;17
0924;23
0925;23
0926;24
0927;24
0928;29
0929;10
0930;11
1001;28
1002;16
1003;20
1004;17
1005;23
1006;22
1007;17
1008;26
1009;26
1010;27
1011;22
1012;17
1013;25
1014;14
1015;20
1016;21
1017;22
1018;16
1019;20
1020;19
1021;16
1022;20
1023;22
1024;14
1025;25
1026;14
1027;21
1028;21
1029;18
1030;17
1031;19
1101;19
1102;21
1103;22
1104;23
1105;28
1106;23
1107;21
1108;22
1109;20
1110;25
1111;21
1112;16
1113;22
1114;21
1115;25
1116;18
1117;17
1118;18
1119;18
1120;22
1121;29
1122;32
1123;18
1124;21
1125;18
1126;14
1127;27
1128;29
1129;33
1130;29
1201;19
1202;28
1203;24
1204;23
1205;23
1206;23
1207;32
1208;18
1209;34
1210;19
1211;37
1212;24
1213;24
1214;27
1215;28
1216;14
1217;38
1218;33
1219;21
1220;28
1221;19
1222;30
1223;26
1224;41
1225;22
1226;23
1227;37
1228;30
1229;24
1230;20
1231;33
