0101;42
0102;32
0103;38
0104;35
0105;33
0106;32
0107;29
0108;28
0109;36
0110;42
0111;29
0112;35
0113;34
0114;24
0115;32
0116;37
0117;31
0118;38
0119;36
0120;26
0121;35
0122;37
0123;35
0124;23
0125;37
0126;30
0127;29
0128;39
0129;26
0130;28
0131;38
0201;29
0202;39
0203;28
0204;27
0205;43
0206;24
0207;34
0208;36
0209;31
0210;24
0211;16
0212;37
0213;25
0214;29
0215;33
0216;34
0217;29
0218;26
0219;17
0220;25
0221;25
0222;33
0223;26
0224;24
0225;13
0226;31
0227;26
0228;31
0301;30
0302;24
0303;25
0304;25
0305;24
0306;23
0307;24
0308;24
0309;31
0310;22
0311;23
0312;20
0313;30
0314;29
0315;14
0316;25
0317;32
0318;24
0319;23
0320;25
0321;30
0322;20
0323;31
0324;27
0325;25
0326;21
0327;27
0328;26
0329;22
0330;28
0331;19
0401;19
0402;19
0403;26
0404;21
0405;23
0406;24
0407;17
0408;19
0409;20
0410;21
0411;25
0412;27
0413;31
0414;29
0415;19
0416;17
0417;21
0418;27
0419;27
0420;30
0421;17
0422;15
0423;22
0424;28
0425;35
0426;21
0427;25
0428;28
0429;26
0430;26
0501;25
0502;22
0503;20
0504;27
0505;27
0506;24
0507;29
0508;24
0509;21
0510;26
0511;29
0512;24
0513;20
0514;25
0515;29
0516;15
0517;18
0518;34
0519;28
0520;19
0521;24
0522;18
0523;35
0524;24
0525;27
0526;12
0527;21
0528;22
0529;23
0530;22
0531;31
0601;27
0602;19
0603;23
0604;18
0605;19
0606;14
0607;24
0608;19
0609;30
0610;21
0611;24
0612;13
0613;17
0614;27
0615;23
0616;21
0617;16
0618;22
0619;22
0620;27
0621;28
0622;33
0623;27
0624;20
0625;15
0626;19
0627;29
0628;20
0629;20
0630;23
0701;20
0702;15
0703;20
0704;15
0705;18
0706;28
0707;25
0708;31
0709;31
0710;14
0711;22
0712;28
0713;22
0714;21
0715;25
0716;19
0717;24
0718;27
0719;21
0720;31
0721;27
0722;23
0723;25
0724;24
0725;20
0726;21
0727;29
0728;21
0729;29
0730;22
0731;19
0801;21
0802;12
0803;17
0804;22
0805;21
0806;16
0807;23
0808;23
0809;28
0810;28
0811;31
0812;23
0813;18
0814;30
0815;26
0816;19
0817;25
0818;23
0819;25
0820;23
0821;27
0822;23
0823;26
0824;23
0825;23
0826;28
0827;31
0828;16
0829;28
0830;27
0831;25
0901;26
0902;20
0903;25
0904;18
0905;23
0906;21
0907;32
0908;34
0909;13
0910;20
0911;18
0912;27
0913;19
0914;28
0915;19
0916;21
0917;21
0918;20
0919;24
0920;24
0921;26
0922;27
0923;22
0924;22
0925;29
0926;19
0927;27
0928;21
0929;22
0930;25
1001;24
1002;27
1003;24
1004;29
1005;29
1006;27
1007;35
1008;41
1009;14
1010;27
1011;26
1012;26
1013;20
1014;23
1015;24
1016;27
1017;22
1018;26
1019;19
1020;23
1021;16
1022;30
1023;29
1024;35
1025;30
1026;24
1027;24
1028;28
1029;28
1030;18
1031;16
1101;21
1102;32
1103;22
1104;30
1105;19
1106;22
1107;29
1108;27
1109;30
1110;24
1111;33
1112;28
1113;22
1114;22
1115;33
1116;22
1117;30
1118;33
1119;19
1120;27
1121;24
1122;28
1123;30
1124;30
1125;24
1126;29
1127;25
1128;29
1129;29
1130;28
1201;35
1202;32
1203;36
1204;28
1205;29
1206;21
1207;35
1208;24
1209;25
1210;21
1211;26
1212;27
1213;32
1214;30
1215;35
1216;21
1217;25
1218;27
1219;25
1220;34
1221;33
1222;30
1223;31
1224;34
1225;37
1226;37
1227;36
1228;33
1229;25
1230;37
1231;35
