0101;2
0102;2
0103;3
0104;4
0105;2
0106;6
0107;1
0108;1
0109;3
0110;1
0111;4
0112;4
0114;1
0115;2
0116;3
0117;2
0118;1
0119;1
0120;7
0121;5
0122;2
0123;6
0124;2
0125;2
0126;2
0127;3
0128;6
0129;3
0130;2
0131;2
0201;2
0202;4
0203;3
0204;1
0205;1
0206;2
0207;4
0208;3
0209;1
0210;2
0211;4
0212;2
0213;1
0214;4
0215;5
0216;5
0217;3
0218;2
0219;2
0220;3
0221;2
0222;2
0223;3
0224;3
0226;4
0227;5
0228;2
0301;1
0302;1
0303;3
0304;2
0305;3
0307;2
0308;3
0310;5
0311;3
0312;3
0313;2
0314;3
0315;3
0316;1
0317;1
0318;4
0319;1
0320;5
0321;1
0322;6
0323;1
0324;3
0326;8
0327;1
0328;3
0329;2
0330;1
0331;1
0401;2
0402;3
0403;8
0404;1
0405;3
0406;3
0407;3
0408;3
0409;4
0410;1
0411;6
0412;1
0414;3
0415;2
0416;4
0417;1
0418;6
0419;5
0420;5
0421;1
0422;2
0423;3
0425;1
0426;2
0427;6
0428;4
0429;3
0501;1
0502;1
0503;1
0505;2
0506;2
0508;4
0509;5
0510;3
0511;2
0512;4
0513;3
0514;2
0515;6
0516;1
0517;1
0518;3
0519;1
0520;5
0521;2
0522;5
0523;3
0524;5
0525;3
0526;3
0527;4
0528;4
0529;2
0530;4
0531;3
0601;4
0602;2
0603;2
0604;3
0605;4
0606;4
0607;2
0608;2
0609;4
0610;2
0611;2
0612;1
0613;3
0614;2
0615;1
0616;2
0617;4
0618;4
0619;4
0620;4
0621;1
0622;4
0625;1
0626;4
0627;2
0628;2
0629;1
0630;3
0701;6
0702;3
0703;1
0704;4
0705;2
0706;2
0707;3
0708;4
0709;4
0710;1
0711;2
0712;2
0713;4
0714;1
0715;1
0716;2
0717;8
0718;2
0719;1
0720;4
0721;6
0722;3
0723;2
0724;2
0725;4
0726;2
0727;2
0728;1
0729;1
0730;3
0731;6
0801;4
0802;2
0803;5
0804;2
0805;3
0806;2
0807;7
0808;1
0809;1
0810;4
0811;4
0812;1
0813;3
0814;1
0815;1
0816;2
0817;3
0818;4
0819;1
0820;3
0821;2
0822;1
0823;3
0824;2
0825;2
0826;2
0827;4
0828;2
0829;2
0830;1
0831;3
0901;3
0902;3
0903;1
0904;2
0905;2
0906;2
0908;2
0909;5
0911;1
0912;4
0913;2
0914;3
0915;2
0916;2
0917;4
0918;1
0919;2
0920;2
0921;2
0922;1
0923;2
0924;2
0925;4
0926;2
0927;2
0928;4
0930;2
1001;1
1002;1
1003;3
1004;2
1005;3
1006;1
1007;2
1008;3
1009;4
1010;4
1011;3
1012;2
1013;4
1014;2
1015;2
1016;3
1017;3
1019;2
1020;2
1021;1
1022;2
1023;3
1024;4
1025;1
1026;6
1027;6
1029;3
1030;1
1031;2
1102;3
1103;1
1104;3
1105;1
1106;3
1107;2
1108;3
1109;4
1110;1
1112;1
1113;1
1114;2
1115;3
1116;6
1117;1
1118;3
1119;10
1120;2
1121;3
1123;2
1126;1
1128;2
1129;2
1130;1
1201;2
1202;1
1203;2
1204;1
1205;2
1206;2
1207;1
1208;2
1209;5
1210;1
1211;3
1212;3
1213;3
1214;1
1215;1
1216;5
1217;1
1218;3
1219;1
1220;2
1221;2
1222;5
1223;1
1224;2
1225;4
1226;4
1227;3
1228;4
1229;1
1230;2
1231;1
