0101;3
0102;1
0103;1
0104;1
0105;2
0106;4
0107;2
0108;4
0109;2
0110;1
0111;1
0112;1
0113;1
0114;3
0116;3
0117;1
0118;2
0119;2
0122;3
0123;2
0124;2
0125;3
0126;1
0127;4
0128;2
0129;5
0130;1
0131;2
0201;2
0205;2
0206;3
0207;2
0208;3
0209;2
0210;1
0211;1
0212;2
0213;1
0214;3
0215;3
0216;3
0217;2
0218;3
0219;2
0220;1
0221;3
0222;2
0223;2
0224;1
0225;5
0226;1
0227;1
0228;1
0301;4
0302;1
0303;3
0304;4
0305;1
0306;5
0307;5
0309;1
0310;6
0311;6
0312;3
0313;4
0314;2
0315;2
0316;3
0317;6
0318;2
0320;2
0321;2
0322;1
0323;2
0324;1
0325;3
0326;4
0328;2
0330;1
0331;1
0401;4
0402;2
0403;3
0404;2
0405;1
0406;4
0407;4
0409;1
0410;2
0411;3
0412;3
0413;5
0414;1
0416;2
0417;1
0419;2
0420;1
0421;1
0422;2
0424;1
0425;1
0426;3
0427;2
0428;2
0429;1
0430;1
0501;2
0502;1
0504;3
0505;4
0506;3
0508;5
0509;2
0510;2
0511;2
0512;6
0514;2
0517;1
0518;3
0519;2
0520;3
0521;2
0523;2
0524;1
0525;5
0526;3
0527;4
0529;1
0530;2
0531;2
0601;3
0604;4
0605;2
0606;4
0607;1
0608;1
0609;4
0610;4
0611;2
0612;1
0613;3
0614;1
0615;1
0616;2
0617;3
0618;1
0620;2
0621;1
0622;1
0624;1
0625;2
0626;3
0627;4
0628;1
0629;2
0630;2
0701;2
0703;1
0704;3
0705;1
0706;3
0707;1
0708;3
0709;3
0710;1
0711;2
0713;1
0715;2
0716;3
0717;2
0718;1
0719;3
0721;2
0722;3
0723;3
0725;2
0727;2
0728;4
0729;3
0731;1
0801;2
0802;2
0803;2
0804;2
0805;1
0806;2
0808;1
0809;3
0810;1
0811;1
0812;1
0813;4
0814;3
0815;1
0816;5
0817;2
0818;1
0819;1
0820;4
0821;2
0822;2
0823;2
0824;4
0827;3
0828;1
0829;3
0830;2
0831;1
0901;1
0902;2
0903;1
0904;1
0905;4
0906;1
0907;1
0908;1
0909;2
0910;4
0911;1
0912;2
0913;1
0914;4
0916;2
0917;2
0920;3
0921;3
0922;1
0923;2
0924;1
0926;1
0927;2
0928;1
0929;3
0930;1
1001;2
1002;2
1003;3
1004;3
1005;3
1007;2
1008;4
1009;1
1010;1
1011;3
1012;2
1013;3
1015;5
1017;2
1018;4
1020;1
1021;2
1022;3
1023;4
1024;1
1026;2
1027;2
1028;3
1029;4
1030;2
1031;5
1101;4
1102;2
1103;3
1104;3
1105;2
1106;1
1107;1
1108;1
1109;3
1110;2
1111;4
1112;1
1113;1
1114;1
1115;2
1117;2
1118;1
1120;4
1121;1
1123;2
1124;2
1125;1
1126;2
1127;3
1128;2
1129;3
1130;1
1202;2
1204;2
1205;4
1206;5
1207;7
1208;1
1209;5
1210;1
1212;1
1213;1
1215;2
1216;3
1217;3
1218;2
1219;3
1220;3
1221;2
1222;1
1223;4
1224;1
1225;1
1226;4
1227;1
1228;3
1229;6
1230;1
1231;2
