0101;15
0102;6
0103;16
0104;11
0105;16
0106;16
0107;13
0108;10
0109;7
0110;11
0111;13
0112;19
0113;6
0114;10
0115;15
0116;11
0117;15
0118;14
0119;12
0120;10
0121;10
0122;11
0123;11
0124;9
0125;10
0126;8
0127;13
0128;10
0129;12
0130;12
0131;17
0201;15
0202;15
0203;21
0204;15
0205;7
0206;11
0207;9
0208;9
0209;13
0210;11
0211;14
0212;9
0213;9
0214;10
0215;11
0216;7
0217;19
0218;16
0219;14
0220;3
0221;17
0222;14
0223;11
0224;11
0225;9
0226;12
0227;7
0228;13
0301;7
0302;7
0303;5
0304;6
0305;19
0306;12
0307;10
0308;6
0309;6
0310;19
0311;7
0312;5
0313;16
0314;10
0315;13
0316;16
0317;13
0318;12
0319;10
0320;14
0321;16
0322;7
0323;15
0324;22
0325;9
0326;9
0327;8
0328;10
0329;14
0330;14
0331;9
0401;15
0402;10
0403;21
0404;18
0405;16
0406;15
0407;12
0408;12
0409;13
0410;24
0411;14
0412;8
0413;14
0414;13
0415;10
0416;14
0417;13
0418;10
0419;16
0420;10
0421;10
0422;12
0423;11
0424;13
0425;15
0426;11
0427;12
0428;11
0429;8
0430;15
0501;19
0502;10
0503;8
0504;18
0505;20
0506;11
0507;13
0508;16
0509;7
0510;14
0511;6
0512;13
0513;13
0514;15
0515;12
0516;14
0517;14
0518;13
0519;10
0520;6
0521;13
0522;20
0523;13
0524;11
0525;11
0526;9
0527;6
0528;13
0529;7
0530;12
0531;10
0601;12
0602;14
0603;9
0604;15
0605;15
0606;16
0607;8
0608;4
0609;15
0610;10
0611;13
0612;8
0613;16
0614;14
0615;10
0616;8
0617;12
0618;13
0619;15
0620;9
0621;18
0622;6
0623;12
0624;15
0625;14
0626;16
0627;7
0628;16
0629;7
0630;15
0701;7
0702;4
0703;11
0704;8
0705;11
0706;16
0707;12
0708;15
0709;10
0710;11
0711;12
0712;12
0713;11
0714;9
0715;14
0716;12
0717;15
0718;10
0719;10
0720;13
0721;12
0722;10
0723;13
0724;8
0725;10
0726;15
0727;10
0728;11
0729;18
0730;9
0731;13
0801;16
0802;16
0803;15
0804;13
0805;16
0806;13
0807;9
0808;15
0809;16
0810;5
0811;11
0812;7
0813;11
0814;12
0815;11
0816;8
0817;18
0818;7
0819;8
0820;14
0821;17
0822;12
0823;12
0824;11
0825;9
0826;7
0827;12
0828;11
0829;18
0830;7
0831;12
0901;11
0902;13
0903;7
0904;11
0905;4
0906;11
0907;10
0908;9
0909;11
0910;12
0911;13
0912;14
0913;11
0914;9
0915;7
0916;11
0917;11
0918;12
0919;10
0920;18
0921;5
0922;12
0923;8
0924;7
0925;15
0926;14
0927;13
0928;14
0929;11
0930;12
1001;10
1002;12
1003;7
1004;11
1005;12
1006;12
1007;8
1008;14
1009;19
1010;7
1011;20
1012;12
1013;7
1014;6
1015;16
1016;12
1017;10
1018;15
1019;15
1020;13
1021;10
1022;9
1023;12
1024;14
1025;11
1026;12
1027;10
1028;11
1029;8
1030;13
1031;14
1101;8
1102;8
1103;11
1104;9
1105;12
1106;10
1107;12
1108;16
1109;8
1110;18
1111;14
1112;16
1113;17
1114;16
1115;13
1116;18
1117;19
1118;12
1119;14
1120;10
1121;12
1122;9
1123;15
1124;9
1125;10
1126;12
1127;9
1128;14
1129;8
1130;9
1201;6
1202;14
1203;11
1204;11
1205;8
1206;14
1207;18
1208;10
1209;11
1210;11
1211;8
1212;13
1213;16
1214;11
1215;10
1216;5
1217;13
1218;10
1219;9
1220;6
1221;19
1222;9
1223;11
1224;5
1225;12
1226;10
1227;15
1228;13
1229;9
1230;10
1231;15
