0101;1
0102;3
0103;4
0104;1
0105;2
0106;1
0107;2
0108;1
0109;3
0110;1
0111;2
0112;1
0113;2
0114;2
0115;2
0116;2
0117;2
0118;3
0119;2
0120;2
0121;2
0122;3
0123;4
0124;5
0125;1
0126;3
0127;5
0128;2
0129;1
0130;2
0131;3
0201;2
0203;2
0204;3
0205;4
0206;4
0207;4
0208;3
0209;2
0210;2
0211;3
0212;1
0213;3
0214;1
0215;2
0216;2
0217;2
0218;2
0219;4
0220;2
0221;2
0222;1
0223;1
0224;2
0225;1
0226;4
0227;1
0228;1
0301;2
0302;2
0303;1
0304;4
0305;6
0306;2
0307;3
0308;2
0309;3
0310;1
0311;1
0312;2
0313;3
0314;2
0315;1
0316;1
0317;6
0318;1
0319;3
0320;4
0321;2
0322;2
0323;2
0324;4
0325;3
0326;5
0327;3
0328;3
0329;3
0401;8
0402;3
0403;5
0404;1
0405;3
0406;3
0407;3
0408;5
0409;2
0410;2
0411;2
0412;5
0413;2
0415;3
0416;4
0417;1
0419;2
0420;1
0421;2
0422;2
0423;4
0424;3
0425;2
0426;3
0427;2
0428;2
0430;1
0503;1
0504;5
0505;2
0506;3
0508;2
0511;1
0512;3
0513;3
0514;4
0516;3
0517;5
0518;2
0519;3
0520;2
0521;1
0522;1
0523;1
0524;3
0525;2
0526;1
0528;3
0529;1
0530;7
0531;3
0601;3
0602;5
0603;4
0604;3
0606;2
0607;1
0609;5
0611;2
0612;4
0613;2
0614;1
0615;2
0616;1
0617;2
0618;2
0619;4
0620;2
0622;4
0623;3
0624;2
0625;1
0626;2
0627;3
0628;1
0629;3
0630;4
0701;1
0702;4
0703;2
0704;3
0705;6
0706;5
0708;3
0709;1
0710;3
0711;3
0712;4
0713;3
0714;1
0715;5
0716;2
0717;1
0718;2
0719;3
0720;1
0721;6
0722;1
0723;1
0724;4
0725;3
0726;1
0727;5
0728;2
0729;2
0730;1
0731;4
0801;3
0802;1
0803;3
0804;2
0805;3
0806;5
0807;3
0808;4
0809;4
0810;1
0811;1
0812;4
0813;5
0815;3
0816;2
0817;4
0818;3
0819;7
0820;2
0821;6
0823;5
0824;3
0825;3
0827;1
0828;2
0829;3
0830;6
0831;1
0901;4
0902;2
0903;2
0904;3
0905;1
0909;1
0910;1
0911;2
0913;1
0914;4
0915;1
0916;3
0917;2
0919;3
0920;2
0921;2
0924;3
0925;3
0926;2
0927;4
0928;2
0929;3
1001;1
1002;2
1004;2
1005;2
1006;3
1007;2
1008;2
1009;4
1010;3
1011;1
1012;1
1013;2
1014;1
1015;3
1016;5
1017;6
1018;1
1020;3
1022;2
1023;2
1024;2
1025;1
1027;3
1028;3
1029;1
1101;1
1102;2
1103;2
1104;2
1105;2
1106;3
1107;1
1108;1
1109;2
1110;4
1111;4
1112;3
1113;1
1114;3
1115;2
1116;1
1117;3
1118;3
1120;4
1122;2
1123;3
1124;2
1125;1
1126;6
1127;4
1128;3
1129;3
1130;1
1201;1
1202;4
1203;2
1204;1
1205;2
1206;2
1207;5
1209;3
1210;2
1211;4
1212;5
1213;1
1215;2
1216;2
1217;3
1218;1
1219;3
1220;1
1221;1
1222;3
1223;2
1224;10
1225;4
1226;2
1227;6
1228;2
1229;3
1230;3
1231;2
