0101;19
0102;11
0103;15
0104;25
0105;14
0106;17
0107;21
0108;14
0109;20
0110;17
0111;14
0112;13
0113;15
0114;22
0115;17
0116;11
0117;21
0118;11
0119;17
0120;14
0121;15
0122;13
0123;14
0124;22
0125;12
0126;20
0127;17
0128;18
0129;14
0130;21
0131;20
0201;21
0202;14
0203;17
0204;12
0205;20
0206;20
0207;19
0208;24
0209;31
0210;20
0211;24
0212;27
0213;16
0214;19
0215;18
0216;25
0217;28
0218;18
0219;25
0220;21
0221;19
0222;16
0223;14
0224;15
0225;22
0226;12
0227;9
0228;15
0301;21
0302;15
0303;18
0304;17
0305;19
0306;26
0307;17
0308;21
0309;12
0310;21
0311;19
0312;20
0313;28
0314;26
0315;10
0316;16
0317;15
0318;10
0319;9
0320;18
0321;13
0322;22
0323;22
0324;14
0325;21
0326;20
0327;23
0328;23
0329;16
0330;11
0331;9
0401;20
0402;15
0403;14
0404;23
0405;19
0406;12
0407;12
0408;23
0409;10
0410;17
0411;18
0412;17
0413;14
0414;8
0415;20
0416;14
0417;17
0418;18
0419;21
0420;15
0421;18
0422;15
0423;18
0424;7
0425;15
0426;17
0427;14
0428;14
0429;10
0430;20
0501;12
0502;16
0503;9
0504;12
0505;11
0506;16
0507;20
0508;10
0509;19
0510;17
0511;16
0512;13
0513;21
0514;10
0515;14
0516;15
0517;8
0518;18
0519;20
0520;11
0521;12
0522;8
0523;13
0524;11
0525;17
0526;16
0527;24
0528;15
0529;10
0530;12
0531;13
0601;8
0602;18
0603;16
0604;16
0605;18
0606;8
0607;19
0608;14
0609;17
0610;17
0611;13
0612;11
0613;13
0614;16
0615;8
0616;15
0617;10
0618;11
0619;15
0620;21
0621;8
0622;16
0623;8
0624;8
0625;16
0626;8
0627;19
0628;15
0629;15
0630;16
0701;12
0702;8
0703;19
0704;21
0705;23
0706;12
0707;8
0708;10
0709;16
0710;20
0711;13
0712;15
0713;14
0714;12
0715;14
0716;11
0717;13
0718;16
0719;10
0720;12
0721;13
0722;14
0723;9
0724;20
0725;12
0726;18
0727;17
0728;15
0729;14
0730;12
0731;12
0801;18
0802;10
0803;14
0804;16
0805;12
0806;15
0807;22
0808;7
0809;12
0810;12
0811;11
0812;11
0813;22
0814;18
0815;11
0816;19
0817;28
0818;20
0819;17
0820;23
0821;19
0822;18
0823;17
0824;15
0825;12
0826;21
0827;21
0828;14
0829;13
0830;19
0831;14
0901;9
0902;17
0903;17
0904;17
0905;13
0906;18
0907;19
0908;15
0909;17
0910;10
0911;9
0912;17
0913;12
0914;17
0915;13
0916;13
0917;19
0918;16
0919;16
0920;12
0921;19
0922;19
0923;14
0924;14
0925;11
0926;20
0927;21
0928;12
0929;17
0930;12
1001;17
1002;14
1003;11
1004;17
1005;15
1006;13
1007;10
1008;12
1009;19
1010;18
1011;16
1012;10
1013;17
1014;9
1015;20
1016;22
1017;17
1018;19
1019;9
1020;26
1021;17
1022;18
1023;16
1024;16
1025;12
1026;14
1027;17
1028;8
1029;15
1030;15
1031;19
1101;16
1102;17
1103;17
1104;12
1105;10
1106;20
1107;18
1108;14
1109;17
1110;18
1111;15
1112;17
1113;10
1114;12
1115;10
1116;20
1117;14
1118;15
1119;17
1120;16
1121;22
1122;21
1123;14
1124;19
1125;16
1126;14
1127;21
1128;16
1129;18
1130;16
1201;18
1202;27
1203;18
1204;9
1205;19
1206;20
1207;18
1208;17
1209;23
1210;13
1211;14
1212;20
1213;15
1214;15
1215;22
1216;17
1217;17
1218;21
1219;19
1220;18
1221;18
1222;23
1223;12
1224;17
1225;23
1226;16
1227;22
1228;16
1229;17
1230;14
1231;13
