0101;12
0102;10
0103;7
0104;13
0105;8
0106;10
0107;11
0108;9
0109;5
0110;13
0111;6
0112;8
0113;9
0114;11
0115;12
0116;12
0117;9
0118;6
0119;14
0120;5
0121;8
0122;9
0123;11
0124;4
0125;9
0126;13
0127;17
0128;11
0129;4
0130;13
0131;12
0201;9
0202;9
0203;6
0204;11
0205;10
0206;9
0207;18
0208;10
0209;12
0210;5
0211;7
0212;8
0213;8
0214;7
0215;6
0216;8
0217;5
0218;8
0219;4
0220;10
0221;8
0222;6
0223;5
0224;9
0225;5
0226;10
0227;9
0228;13
0301;7
0302;13
0303;8
0304;7
0305;13
0306;4
0307;13
0308;9
0309;7
0310;5
0311;9
0312;15
0313;11
0314;9
0315;8
0316;12
0317;13
0318;5
0319;13
0320;11
0321;7
0322;7
0323;9
0324;10
0325;11
0326;10
0327;11
0328;13
0329;5
0330;7
0331;9
0401;10
0402;6
0403;8
0404;13
0405;5
0406;6
0407;7
0408;13
0409;10
0410;7
0411;11
0412;8
0413;7
0414;9
0415;9
0416;14
0417;12
0418;11
0419;6
0420;10
0421;10
0422;12
0423;9
0424;11
0425;8
0426;13
0427;14
0428;9
0429;19
0430;11
0501;10
0502;7
0503;6
0504;10
0505;6
0506;9
0507;9
0508;13
0509;6
0510;3
0511;8
0512;10
0513;8
0514;9
0515;5
0516;7
0517;7
0518;4
0519;11
0520;11
0521;16
0522;10
0523;12
0524;9
0525;6
0526;16
0527;4
0528;7
0529;5
0530;8
0531;7
0601;7
0602;10
0603;9
0604;7
0605;8
0606;8
0607;8
0608;7
0609;15
0610;16
0611;6
0612;11
0613;10
0614;7
0615;6
0616;12
0617;20
0618;11
0619;11
0620;5
0621;11
0622;9
0623;9
0624;7
0625;10
0626;7
0627;3
0628;18
0629;16
0630;8
0701;8
0702;12
0703;9
0704;16
0705;7
0706;13
0707;9
0708;4
0709;8
0710;9
0711;9
0712;7
0713;16
0714;7
0715;11
0716;9
0717;10
0718;7
0719;11
0720;4
0721;9
0722;8
0723;11
0724;11
0725;12
0726;8
0727;10
0728;9
0729;6
0730;1
0731;11
0801;13
0802;7
0803;9
0804;10
0805;14
0806;9
0807;10
0808;10
0809;6
0810;7
0811;11
0812;14
0813;9
0814;13
0815;10
0816;9
0817;9
0818;9
0819;11
0820;5
0821;6
0822;6
0823;7
0824;6
0825;10
0826;3
0827;8
0828;7
0829;9
0830;15
0831;12
0901;11
0902;6
0903;11
0904;9
0905;7
0906;5
0907;14
0908;6
0909;13
0910;8
0911;4
0912;14
0913;13
0914;5
0915;10
0916;9
0917;10
0918;4
0919;6
0920;4
0921;8
0922;12
0923;10
0924;9
0925;4
0926;12
0927;17
0928;7
0929;9
0930;7
1001;9
1002;12
1003;8
1004;7
1005;11
1006;12
1007;11
1008;14
1009;9
1010;8
1011;9
1012;12
1013;14
1014;7
1015;8
1016;7
1017;19
1018;7
1019;10
1020;12
1021;15
1022;8
1023;6
1024;12
1025;11
1026;10
1027;12
1028;8
1029;11
1030;14
1031;12
1101;7
1102;7
1103;9
1104;6
1105;14
1106;10
1107;10
1108;7
1109;11
1110;8
1111;7
1112;9
1113;11
1114;8
1115;13
1116;11
1117;11
1118;7
1119;12
1120;11
1121;10
1122;9
1123;9
1124;7
1125;15
1126;9
1127;10
1128;8
1129;9
1130;14
1201;9
1202;7
1203;11
1204;10
1205;12
1206;15
1207;12
1208;11
1209;6
1210;12
1211;7
1212;14
1213;14
1214;8
1215;11
1216;10
1217;13
1218;6
1219;11
1220;7
1221;13
1222;8
1223;10
1224;7
1225;7
1226;18
1227;10
1228;18
1229;5
1230;9
1231;3
