0101;11
0102;10
0103;10
0104;17
0105;10
0106;14
0107;16
0108;10
0109;13
0110;7
0111;6
0112;6
0113;10
0114;10
0115;11
0116;9
0117;14
0118;7
0119;9
0120;7
0121;7
0122;12
0123;10
0124;9
0125;6
0126;6
0127;5
0128;6
0129;8
0130;7
0131;10
0201;9
0202;14
0203;8
0204;9
0205;10
0206;12
0207;14
0208;12
0209;9
0210;5
0211;10
0212;8
0213;13
0214;8
0215;9
0216;7
0217;5
0218;7
0219;6
0220;8
0221;13
0222;11
0223;6
0224;6
0225;2
0226;10
0227;9
0228;6
0301;16
0302;10
0303;7
0304;14
0305;13
0306;12
0307;9
0308;11
0309;10
0310;11
0311;17
0312;10
0313;6
0314;10
0315;11
0316;11
0317;5
0318;6
0319;7
0320;8
0321;7
0322;4
0323;7
0324;10
0325;3
0326;3
0327;8
0328;9
0329;5
0330;7
0331;7
0401;9
0402;10
0403;9
0404;9
0405;5
0406;7
0407;10
0408;5
0409;4
0410;11
0411;8
0412;9
0413;9
0414;9
0415;9
0416;15
0417;5
0418;9
0419;11
0420;6
0421;8
0422;4
0423;8
0424;8
0425;3
0426;10
0427;6
0428;6
0429;8
0430;4
0501;10
0502;6
0503;11
0504;7
0505;6
0506;8
0507;7
0508;12
0509;7
0510;8
0511;9
0512;5
0513;15
0514;6
0515;12
0516;11
0517;7
0518;13
0519;9
0520;7
0521;9
0522;10
0523;6
0524;11
0525;10
0526;9
0527;3
0528;9
0529;11
0530;6
0531;4
0601;12
0602;5
0603;9
0604;8
0605;11
0606;13
0607;11
0608;11
0609;6
0610;7
0611;7
0612;7
0613;6
0614;6
0615;5
0616;5
0617;7
0618;13
0619;6
0620;14
0621;7
0622;6
0623;8
0624;9
0625;8
0626;9
0627;7
0628;14
0629;6
0630;4
0701;11
0702;8
0703;4
0704;14
0705;9
0706;10
0707;8
0708;11
0709;6
0710;14
0711;10
0712;10
0713;7
0714;9
0715;12
0716;10
0717;15
0718;8
0719;9
0720;8
0721;6
0722;6
0723;6
0724;9
0725;6
0726;5
0727;6
0728;9
0729;6
0730;13
0731;8
0801;10
0802;7
0803;13
0804;6
0805;8
0806;4
0807;15
0808;6
0809;5
0810;12
0811;3
0812;8
0813;9
0814;6
0815;7
0816;8
0817;6
0818;13
0819;12
0820;5
0821;9
0822;7
0823;7
0824;10
0825;8
0826;13
0827;9
0828;10
0829;8
0830;13
0831;7
0901;5
0902;8
0903;6
0904;4
0905;7
0906;4
0907;8
0908;7
0909;10
0910;3
0911;2
0912;13
0913;5
0914;7
0915;9
0916;8
0917;6
0918;8
0919;13
0920;8
0921;10
0922;8
0923;8
0924;13
0925;8
0926;9
0927;6
0928;9
0929;12
0930;9
1001;11
1002;12
1003;8
1004;11
1005;8
1006;14
1007;9
1008;6
1009;10
1010;6
1011;9
1012;9
1013;4
1014;11
1015;14
1016;9
1017;7
1018;10
1019;8
1020;7
1021;11
1022;8
1023;12
1024;8
1025;5
1026;6
1027;11
1028;7
1029;10
1030;10
1031;16
1101;8
1102;9
1103;7
1104;4
1105;7
1106;9
1107;6
1108;8
1109;2
1110;11
1111;5
1112;10
1113;8
1114;15
1115;5
1116;8
1117;5
1118;10
1119;9
1120;7
1121;9
1122;9
1123;8
1124;6
1125;3
1126;8
1127;14
1128;10
1129;8
1130;11
1201;12
1202;11
1203;4
1204;10
1205;13
1206;10
1207;9
1208;10
1209;15
1210;6
1211;7
1212;6
1213;10
1214;8
1215;10
1216;12
1217;9
1218;7
1219;6
1220;4
1221;4
1222;4
1223;10
1224;6
1225;7
1226;8
1227;8
1228;13
1229;11
1230;10
1231;6
