0101;10
0102;8
0103;7
0104;14
0105;7
0106;5
0107;15
0108;8
0109;6
0110;9
0111;9
0112;9
0113;3
0114;6
0115;5
0116;9
0117;8
0118;7
0119;3
0120;3
0121;7
0122;8
0123;6
0124;8
0125;7
0126;9
0127;12
0128;5
0129;6
0130;6
0131;6
0201;9
0202;4
0203;11
0204;10
0205;3
0206;4
0207;12
0208;9
0209;5
0210;11
0211;4
0212;5
0213;8
0214;8
0215;7
0216;8
0217;3
0218;10
0219;3
0220;10
0221;6
0222;8
0223;10
0224;5
0225;9
0226;4
0227;4
0228;9
0301;7
0302;11
0303;10
0304;12
0305;6
0306;6
0307;9
0308;11
0309;4
0310;9
0311;12
0312;7
0313;6
0314;5
0315;11
0316;7
0317;7
0318;6
0319;5
0320;13
0321;5
0322;6
0323;5
0324;3
0325;11
0326;11
0327;6
0328;11
0329;5
0330;6
0331;7
0401;5
0402;6
0403;9
0404;6
0405;4
0406;6
0407;5
0408;7
0409;12
0410;10
0411;10
0412;6
0413;9
0414;12
0415;9
0416;10
0417;7
0418;9
0419;8
0420;11
0421;10
0422;6
0423;10
0424;13
0425;11
0426;2
0427;8
0428;7
0429;6
0430;4
0501;11
0502;8
0503;8
0504;5
0505;11
0506;7
0507;11
0508;11
0509;6
0510;8
0511;15
0512;7
0513;13
0514;4
0515;5
0516;5
0517;7
0518;14
0519;8
0520;4
0521;12
0522;5
0523;8
0524;11
0525;8
0526;8
0527;8
0528;6
0529;10
0530;2
0531;7
0601;5
0602;8
0603;12
0604;6
0605;11
0606;7
0607;6
0608;8
0609;8
0610;6
0611;8
0612;16
0613;4
0614;7
0615;9
0616;1
0617;6
0618;9
0619;5
0620;5
0621;4
0622;12
0623;5
0624;5
0625;8
0626;5
0627;6
0628;10
0629;3
0630;7
0701;5
0702;12
0703;8
0704;11
0705;5
0706;8
0707;8
0708;9
0709;6
0710;10
0711;8
0712;7
0713;4
0714;6
0715;5
0716;7
0717;4
0718;6
0719;5
0720;7
0721;4
0722;6
0723;5
0724;10
0725;1
0726;4
0727;5
0728;5
0730;4
0731;7
0801;8
0802;7
0803;7
0804;6
0805;12
0806;8
0807;6
0808;12
0809;7
0810;4
0811;4
0812;5
0813;7
0814;13
0815;15
0816;8
0817;5
0818;5
0819;5
0820;6
0821;6
0822;6
0823;11
0824;7
0825;8
0826;4
0827;8
0828;4
0829;7
0830;6
0831;6
0901;14
0902;6
0903;9
0904;6
0905;7
0906;8
0907;7
0908;3
0909;7
0910;5
0911;8
0912;4
0913;6
0914;7
0915;11
0916;13
0917;6
0918;7
0919;7
0920;9
0921;7
0922;6
0923;6
0924;5
0925;8
0926;10
0927;5
0928;4
0929;7
0930;6
1001;5
1002;8
1003;3
1004;9
1005;10
1006;13
1007;6
1008;12
1009;7
1010;5
1011;6
1012;9
1013;3
1014;10
1015;5
1016;5
1017;10
1018;6
1019;7
1020;8
1021;8
1022;3
1023;7
1024;8
1025;2
1026;3
1027;10
1028;6
1029;5
1030;8
1031;9
1101;6
1102;5
1103;7
1104;8
1105;8
1106;7
1107;4
1108;7
1109;4
1110;8
1111;5
1112;7
1113;8
1114;8
1115;9
1116;14
1117;10
1118;6
1119;12
1120;8
1121;11
1122;7
1123;6
1124;3
1125;9
1126;6
1127;7
1128;6
1129;11
1130;9
1201;7
1202;9
1203;9
1204;12
1205;5
1206;8
1207;7
1208;7
1209;17
1210;9
1211;8
1212;10
1213;6
1214;6
1215;11
1216;9
1217;8
1218;7
1219;8
1220;8
1221;9
1222;8
1223;7
1224;12
1225;4
1226;11
1227;8
1228;8
1229;6
1230;4
1231;12
