0101;5
0102;5
0103;8
0104;4
0105;8
0106;5
0107;4
0108;7
0109;4
0110;2
0111;6
0112;3
0113;6
0114;2
0115;3
0116;6
0117;7
0118;3
0119;1
0120;3
0121;8
0122;4
0123;4
0124;3
0125;7
0126;4
0127;6
0128;7
0129;3
0130;4
0131;5
0201;4
0202;4
0203;5
0204;3
0206;2
0207;2
0208;6
0209;5
0210;5
0211;4
0212;4
0213;3
0214;3
0215;3
0216;7
0217;2
0218;5
0219;4
0220;4
0221;4
0222;2
0223;4
0224;4
0226;2
0227;2
0301;1
0302;2
0303;6
0304;4
0305;7
0306;8
0307;4
0308;6
0309;6
0310;5
0311;4
0312;8
0313;2
0314;9
0315;6
0316;6
0317;2
0318;6
0319;4
0320;4
0321;7
0322;6
0323;5
0324;4
0325;4
0326;2
0327;2
0328;10
0329;2
0330;2
0331;7
0401;4
0402;5
0403;3
0404;10
0405;5
0406;5
0407;10
0408;1
0409;7
0410;5
0411;2
0413;4
0414;2
0415;6
0416;2
0417;2
0418;5
0419;4
0420;5
0421;7
0422;3
0423;7
0424;3
0425;4
0426;2
0427;2
0428;3
0429;3
0430;3
0501;3
0503;5
0504;2
0505;6
0506;4
0507;5
0508;5
0509;5
0510;4
0511;5
0512;3
0513;4
0514;1
0515;8
0516;1
0517;9
0518;2
0519;5
0520;5
0521;2
0522;3
0523;3
0524;4
0525;7
0526;5
0527;9
0528;4
0529;4
0530;5
0531;5
0601;5
0602;2
0603;1
0604;1
0605;4
0606;2
0607;4
0608;1
0609;2
0611;1
0612;2
0613;2
0615;1
0616;2
0617;3
0618;1
0619;4
0620;3
0621;4
0622;5
0623;5
0624;4
0625;5
0626;3
0627;2
0628;2
0629;11
0630;6
0701;1
0702;7
0703;3
0704;3
0705;6
0706;4
0707;6
0708;11
0709;4
0710;1
0711;3
0712;5
0713;3
0714;3
0715;2
0716;3
0717;3
0718;3
0719;5
0720;3
0721;3
0722;2
0723;2
0724;7
0725;1
0726;2
0727;9
0728;4
0729;1
0730;5
0731;1
0801;2
0802;2
0803;2
0804;7
0805;4
0806;2
0807;2
0808;2
0809;1
0810;5
0811;3
0812;1
0813;4
0814;3
0815;6
0816;8
0817;1
0818;3
0819;2
0820;4
0821;3
0822;4
0823;2
0824;2
0825;3
0826;2
0827;4
0828;4
0829;5
0830;4
0831;5
0901;4
0902;1
0903;9
0904;3
0905;4
0906;3
0907;4
0908;4
0909;3
0910;4
0911;4
0912;4
0913;3
0914;3
0915;4
0916;3
0917;1
0918;2
0919;3
0920;4
0921;1
0922;3
0923;3
0924;2
0925;1
0926;7
0927;4
0928;2
0929;1
0930;6
1001;2
1002;7
1003;7
1004;4
1005;5
1006;4
1007;6
1008;5
1009;5
1010;3
1012;4
1013;1
1014;3
1015;9
1016;7
1017;2
1018;3
1019;3
1020;3
1021;8
1022;5
1023;2
1024;1
1025;3
1026;3
1027;2
1028;4
1029;3
1030;5
1031;3
1101;3
1102;2
1103;4
1104;6
1105;1
1106;4
1107;3
1108;7
1109;5
1110;3
1111;1
1112;2
1114;3
1115;3
1116;5
1117;4
1118;7
1119;5
1120;3
1121;3
1122;2
1123;3
1124;5
1125;5
1126;4
1127;10
1129;1
1130;3
1201;1
1202;3
1203;6
1204;2
1205;3
1206;7
1207;6
1209;1
1210;6
1211;3
1212;3
1213;5
1214;2
1215;3
1216;6
1217;1
1218;3
1219;6
1220;5
1221;7
1222;5
1223;4
1224;6
1225;4
1226;6
1227;4
1228;3
1229;2
1230;2
1231;4
