0101;24
0102;20
0103;25
0104;21
0105;17
0106;18
0107;26
0108;20
0109;26
0110;20
0111;28
0112;18
0113;21
0114;15
0115;23
0116;19
0117;19
0118;17
0119;18
0120;19
0121;12
0122;23
0123;22
0124;22
0125;16
0126;18
0127;14
0128;18
0129;16
0130;12
0131;20
0201;16
0202;18
0203;23
0204;21
0205;16
0206;14
0207;15
0208;20
0209;25
0210;24
0211;23
0212;24
0213;17
0214;19
0215;16
0216;18
0217;12
0218;17
0219;24
0220;15
0221;17
0222;18
0223;16
0224;18
0225;16
0226;19
0227;28
0228;26
0301;20
0302;26
0303;14
0304;19
0305;22
0306;20
0307;23
0308;13
0309;23
0310;17
0311;15
0312;21
0313;16
0314;14
0315;21
0316;21
0317;21
0318;23
0319;14
0320;12
0321;24
0322;15
0323;23
0324;11
0325;14
0326;14
0327;21
0328;17
0329;21
0330;23
0331;22
0401;25
0402;22
0403;17
0404;19
0405;17
0406;20
0407;23
0408;25
0409;21
0410;18
0411;15
0412;26
0413;22
0414;17
0415;17
0416;20
0417;26
0418;30
0419;11
0420;20
0421;24
0422;26
0423;20
0424;15
0425;18
0426;15
0427;16
0428;9
0429;12
0430;14
0501;16
0502;12
0503;18
0504;17
0505;17
0506;20
0507;17
0508;19
0509;20
0510;18
0511;19
0512;14
0513;15
0514;19
0515;13
0516;26
0517;16
0518;19
0519;16
0520;16
0521;21
0522;15
0523;20
0524;21
0525;24
0526;23
0527;12
0528;16
0529;33
0530;15
0531;13
0601;27
0602;19
0603;10
0604;17
0605;12
0606;19
0607;18
0608;22
0609;17
0610;16
0611;18
0612;26
0613;16
0614;19
0615;16
0616;17
0617;21
0618;12
0619;17
0620;22
0621;15
0622;17
0623;23
0624;22
0625;10
0626;16
0627;19
0628;18
0629;14
0630;9
0701;23
0702;20
0703;20
0704;20
0705;11
0706;21
0707;16
0708;20
0709;16
0710;16
0711;17
0712;19
0713;16
0714;21
0715;24
0716;21
0717;13
0718;27
0719;26
0720;12
0721;9
0722;12
0723;20
0724;18
0725;23
0726;22
0727;14
0728;17
0729;18
0730;24
0731;34
0801;17
0802;14
0803;21
0804;22
0805;15
0806;16
0807;32
0808;19
0809;19
0810;15
0811;14
0812;23
0813;18
0814;16
0815;15
0816;21
0817;19
0818;13
0819;15
0820;16
0821;12
0822;18
0823;18
0824;13
0825;18
0826;23
0827;16
0828;12
0829;19
0830;19
0831;23
0901;24
0902;16
0903;16
0904;18
0905;22
0906;18
0907;10
0908;10
0909;15
0910;20
0911;15
0912;13
0913;10
0914;17
0915;17
0916;15
0917;22
0918;19
0919;18
0920;16
0921;26
0922;17
0923;18
0924;15
0925;20
0926;23
0927;29
0928;18
0929;16
0930;18
1001;24
1002;17
1003;21
1004;27
1005;21
1006;18
1007;14
1008;20
1009;18
1010;16
1011;22
1012;19
1013;19
1014;21
1015;23
1016;19
1017;25
1018;19
1019;17
1020;17
1021;20
1022;11
1023;19
1024;18
1025;17
1026;19
1027;15
1028;20
1029;12
1030;11
1031;19
1100;1
1101;17
1102;18
1103;12
1104;19
1105;23
1106;14
1107;24
1108;12
1109;11
1110;16
1111;21
1112;22
1113;21
1114;21
1115;14
1116;18
1117;15
1118;21
1119;13
1120;22
1121;12
1122;21
1123;22
1124;12
1125;22
1126;18
1127;16
1128;24
1129;25
1130;15
1201;22
1202;23
1203;15
1204;13
1205;21
1206;17
1207;22
1208;13
1209;23
1210;23
1211;21
1212;26
1213;18
1214;21
1215;23
1216;14
1217;20
1218;12
1219;16
1220;17
1221;16
1222;14
1223;16
1224;22
1225;21
1226;12
1227;20
1228;25
1229;15
1230;24
1231;19
