0101;6
0102;1
0103;8
0104;4
0105;8
0106;7
0107;8
0108;6
0109;5
0110;13
0111;3
0112;4
0113;10
0114;8
0115;7
0116;8
0117;5
0118;6
0119;6
0120;4
0121;8
0122;5
0123;9
0124;6
0125;5
0126;8
0127;7
0128;4
0129;9
0130;8
0131;5
0201;7
0202;8
0203;3
0204;8
0205;6
0206;10
0207;6
0208;4
0209;4
0210;8
0211;9
0212;5
0213;5
0214;9
0215;7
0216;8
0217;3
0218;12
0219;6
0220;7
0221;7
0222;8
0223;6
0224;8
0225;5
0226;4
0227;3
0228;3
0301;5
0302;6
0303;6
0304;7
0305;4
0306;6
0307;9
0308;6
0309;7
0310;6
0311;10
0312;10
0313;12
0314;4
0315;3
0316;9
0317;13
0318;10
0319;4
0320;13
0321;8
0322;5
0323;8
0324;3
0325;7
0326;6
0327;7
0328;6
0329;8
0330;10
0331;6
0401;7
0402;4
0403;5
0404;7
0405;4
0406;6
0407;11
0408;9
0409;5
0410;6
0411;4
0412;10
0413;8
0414;10
0415;7
0416;10
0417;6
0418;6
0419;7
0420;9
0421;8
0422;8
0423;7
0424;9
0425;7
0426;8
0427;8
0428;9
0429;8
0430;9
0501;8
0502;9
0503;7
0504;2
0505;6
0506;6
0507;6
0508;8
0509;11
0510;6
0511;5
0512;7
0513;4
0514;5
0515;3
0516;11
0517;5
0518;3
0519;9
0520;2
0521;9
0522;4
0523;6
0524;4
0525;7
0526;7
0527;2
0528;7
0529;6
0530;5
0531;5
0600;1
0601;7
0602;3
0603;2
0604;10
0605;6
0606;7
0607;3
0608;5
0609;8
0610;6
0611;8
0612;5
0613;6
0614;5
0615;7
0616;8
0617;5
0618;7
0619;4
0620;2
0621;5
0622;4
0623;6
0624;7
0625;6
0626;2
0627;6
0628;5
0629;9
0630;8
0701;3
0702;6
0703;8
0704;7
0705;5
0706;7
0707;5
0708;6
0709;2
0710;5
0711;6
0712;4
0713;5
0714;2
0715;5
0716;2
0717;6
0718;3
0719;2
0720;4
0721;8
0722;3
0723;5
0724;3
0725;5
0726;1
0727;6
0728;2
0729;2
0730;7
0731;4
0800;1
0801;9
0802;8
0803;5
0804;7
0805;7
0806;12
0807;10
0808;7
0809;6
0810;5
0811;2
0812;3
0813;4
0814;6
0815;6
0816;5
0817;9
0818;3
0819;3
0820;6
0821;2
0822;6
0823;5
0824;7
0826;3
0827;4
0828;7
0829;5
0830;8
0831;4
0901;7
0902;4
0903;4
0904;10
0905;3
0906;10
0907;3
0908;5
0909;10
0910;5
0911;8
0912;6
0913;7
0914;6
0915;8
0916;6
0917;6
0918;1
0919;3
0920;8
0921;9
0922;4
0923;4
0924;5
0925;4
0926;5
0927;6
0928;3
0929;4
0930;6
1001;3
1002;4
1003;8
1004;7
1005;3
1006;8
1007;7
1008;7
1009;4
1010;6
1011;8
1012;8
1013;5
1014;2
1015;5
1016;2
1017;10
1018;4
1019;5
1020;9
1021;7
1022;9
1023;4
1024;6
1025;8
1026;9
1027;3
1028;2
1029;5
1030;7
1031;5
1101;11
1102;5
1103;4
1104;7
1105;5
1106;7
1107;5
1108;7
1109;6
1110;9
1111;7
1112;5
1113;1
1114;4
1115;7
1116;10
1117;7
1118;9
1119;10
1120;11
1121;3
1122;9
1123;6
1124;2
1125;8
1126;10
1127;3
1128;8
1129;6
1130;11
1201;3
1202;7
1203;4
1204;6
1205;13
1206;13
1207;7
1208;9
1209;9
1210;7
1211;9
1212;8
1213;13
1214;7
1215;10
1216;3
1217;7
1218;12
1219;7
1220;5
1221;6
1222;15
1223;7
1224;7
1225;5
1226;5
1227;4
1228;3
1229;10
1230;7
1231;3
