0101;7
0102;4
0103;2
0104;4
0105;5
0106;3
0107;6
0108;7
0109;6
0110;3
0111;4
0112;9
0113;5
0114;5
0115;3
0116;7
0117;11
0118;5
0119;4
0120;4
0121;4
0122;2
0123;4
0124;3
0125;5
0126;8
0127;3
0128;8
0129;5
0130;3
0131;7
0201;6
0202;3
0203;8
0204;5
0205;6
0206;6
0207;5
0208;2
0209;1
0210;6
0211;4
0212;8
0213;5
0214;10
0215;4
0216;5
0217;9
0218;8
0219;7
0220;9
0221;11
0222;9
0223;6
0224;2
0225;4
0226;4
0227;7
0228;7
0301;7
0302;2
0303;4
0304;2
0305;8
0306;5
0307;4
0308;8
0309;10
0310;2
0311;7
0312;1
0313;4
0314;5
0315;6
0316;4
0317;4
0318;8
0319;5
0320;4
0321;5
0322;9
0323;4
0324;4
0325;8
0326;5
0327;7
0328;5
0329;7
0330;6
0331;3
0401;5
0402;3
0403;7
0404;7
0405;7
0406;4
0407;8
0408;8
0409;5
0410;8
0411;4
0412;7
0413;1
0414;7
0415;6
0416;10
0417;5
0418;11
0419;4
0420;8
0421;8
0422;6
0423;10
0424;4
0425;5
0426;4
0427;3
0428;6
0429;6
0430;4
0501;3
0502;4
0503;6
0504;7
0505;5
0506;4
0507;8
0508;6
0509;6
0510;6
0511;6
0512;3
0513;5
0514;7
0515;9
0516;6
0517;6
0518;3
0519;8
0520;2
0521;1
0522;4
0523;5
0524;8
0525;7
0526;5
0527;7
0528;3
0529;4
0530;6
0531;2
0601;8
0602;4
0603;5
0604;5
0605;7
0606;8
0607;3
0608;7
0609;2
0610;2
0611;4
0612;7
0613;9
0614;6
0615;3
0616;8
0617;5
0618;3
0619;1
0620;7
0621;8
0622;7
0623;3
0624;4
0625;1
0626;3
0627;3
0628;8
0629;6
0630;5
0701;7
0702;5
0703;3
0704;9
0705;1
0706;5
0707;8
0708;4
0709;9
0710;8
0711;3
0712;7
0713;3
0714;4
0715;3
0716;4
0717;6
0718;8
0719;3
0720;5
0721;5
0722;5
0723;5
0724;1
0725;5
0726;6
0727;8
0728;5
0729;10
0730;2
0731;9
0801;8
0802;3
0803;5
0804;9
0805;3
0806;6
0807;8
0808;6
0809;3
0810;2
0811;5
0812;1
0813;6
0814;5
0815;11
0816;7
0817;4
0818;5
0819;4
0820;4
0821;1
0822;2
0823;7
0824;3
0825;7
0826;5
0827;6
0828;3
0829;4
0830;6
0831;2
0901;3
0902;8
0903;4
0904;2
0905;7
0906;5
0907;5
0908;5
0909;6
0910;4
0911;8
0912;6
0913;8
0914;5
0915;2
0916;1
0917;4
0918;5
0919;5
0920;7
0921;1
0922;3
0923;6
0924;6
0925;10
0926;3
0927;6
0928;4
0929;6
0930;3
1001;9
1002;4
1003;9
1004;3
1005;8
1006;7
1007;4
1008;4
1009;5
1010;9
1011;2
1012;5
1013;2
1014;9
1015;6
1016;4
1017;5
1018;4
1019;5
1020;6
1021;4
1022;6
1023;3
1024;2
1025;4
1026;7
1027;3
1028;5
1029;5
1030;5
1031;5
1101;3
1102;6
1103;7
1104;8
1105;2
1106;8
1107;6
1108;9
1109;11
1110;6
1111;2
1112;4
1113;1
1114;1
1115;6
1116;4
1117;5
1118;6
1119;8
1120;9
1121;4
1122;5
1123;3
1124;4
1125;6
1126;5
1127;3
1128;9
1129;3
1130;7
1201;5
1202;4
1203;5
1204;7
1205;1
1206;5
1207;5
1208;6
1209;8
1210;10
1211;11
1212;9
1213;9
1214;5
1215;8
1216;9
1217;4
1218;6
1219;4
1220;5
1221;6
1222;5
1223;7
1224;9
1225;7
1226;6
1227;10
1228;4
1229;2
1230;4
1231;5
