0101;22
0102;18
0103;9
0104;18
0105;22
0106;12
0107;14
0108;23
0109;15
0110;14
0111;15
0112;13
0113;18
0114;15
0115;13
0116;19
0117;17
0118;18
0119;16
0120;17
0121;16
0122;16
0123;21
0124;19
0125;20
0126;16
0127;19
0128;12
0129;20
0130;19
0131;22
0201;17
0202;11
0203;15
0204;16
0205;18
0206;18
0207;13
0208;15
0209;14
0210;17
0211;23
0212;15
0213;17
0214;17
0215;17
0216;18
0217;16
0218;8
0219;16
0220;16
0221;26
0222;17
0223;19
0224;19
0225;22
0226;18
0227;21
0228;20
0301;18
0302;11
0303;16
0304;16
0305;17
0306;12
0307;22
0308;16
0309;25
0310;16
0311;17
0312;17
0313;26
0314;28
0315;19
0316;12
0317;16
0318;17
0319;12
0320;18
0321;20
0322;18
0323;17
0324;16
0325;18
0326;19
0327;13
0328;21
0329;16
0330;22
0331;27
0401;26
0402;17
0403;8
0404;22
0405;17
0406;20
0407;22
0408;22
0409;23
0410;13
0411;17
0412;15
0413;16
0414;21
0415;23
0416;18
0417;14
0418;26
0419;16
0420;17
0421;15
0422;17
0423;16
0424;11
0425;21
0426;23
0427;19
0428;13
0429;23
0430;16
0501;14
0502;10
0503;23
0504;8
0505;12
0506;16
0507;22
0508;13
0509;18
0510;18
0511;16
0512;10
0513;14
0514;13
0515;14
0516;11
0517;16
0518;26
0519;15
0520;16
0521;17
0522;22
0523;18
0524;14
0525;18
0526;11
0527;19
0528;13
0529;13
0530;15
0531;19
0601;16
0602;15
0603;12
0604;13
0605;16
0606;16
0607;18
0608;13
0609;16
0610;16
0611;13
0612;15
0613;15
0614;13
0615;18
0616;13
0617;12
0618;18
0619;13
0620;12
0621;17
0622;12
0623;17
0624;10
0625;14
0626;12
0627;14
0628;14
0629;18
0630;16
0701;7
0702;29
0703;14
0704;19
0705;13
0706;18
0707;21
0708;18
0709;14
0710;13
0711;21
0712;15
0713;13
0714;15
0715;11
0716;20
0717;15
0718;17
0719;15
0720;13
0721;16
0722;17
0723;18
0724;16
0725;16
0726;21
0727;18
0728;14
0729;20
0730;10
0731;12
0801;18
0802;16
0803;9
0804;8
0805;11
0806;12
0807;16
0808;15
0809;14
0810;10
0811;18
0812;19
0813;11
0814;20
0815;14
0816;18
0817;7
0818;23
0819;20
0820;16
0821;13
0822;10
0823;12
0824;13
0825;11
0826;6
0827;20
0828;14
0829;15
0830;15
0831;14
0901;8
0902;17
0903;18
0904;11
0905;21
0906;16
0907;20
0908;14
0909;22
0910;15
0911;17
0912;21
0913;14
0914;19
0915;19
0916;18
0917;13
0918;7
0919;14
0920;16
0921;13
0922;13
0923;21
0924;17
0925;17
0926;14
0927;9
0928;23
0929;20
0930;23
1001;22
1002;19
1003;19
1004;7
1005;15
1006;15
1007;12
1008;18
1009;19
1010;11
1011;15
1012;15
1013;10
1014;21
1015;14
1016;15
1017;24
1018;17
1019;19
1020;18
1021;14
1022;13
1023;11
1024;20
1025;23
1026;17
1027;23
1028;11
1029;16
1030;22
1031;14
1101;19
1102;22
1103;18
1104;14
1105;25
1106;19
1107;18
1108;14
1109;22
1110;19
1111;11
1112;21
1113;16
1114;15
1115;19
1116;20
1117;19
1118;20
1119;20
1120;20
1121;18
1122;17
1123;24
1124;18
1125;18
1126;22
1127;13
1128;20
1129;15
1130;20
1201;18
1202;17
1203;23
1204;15
1205;23
1206;18
1207;18
1208;17
1209;21
1210;20
1211;11
1212;20
1213;19
1214;25
1215;19
1216;19
1217;16
1218;21
1219;16
1220;16
1221;16
1222;22
1223;22
1224;21
1225;15
1226;18
1227;14
1228;16
1229;18
1230;23
1231;15
