0101;91
0102;74
0103;71
0104;69
0105;53
0106;61
0107;60
0108;67
0109;65
0110;59
0111;70
0112;60
0113;66
0114;54
0115;50
0116;65
0117;79
0118;68
0119;53
0120;70
0121;62
0122;67
0123;64
0124;49
0125;59
0126;63
0127;59
0128;43
0129;69
0130;65
0131;62
0201;74
0202;69
0203;61
0204;74
0205;76
0206;63
0207;42
0208;63
0209;71
0210;77
0211;78
0212;65
0213;49
0214;62
0215;55
0216;50
0217;45
0218;48
0219;74
0220;76
0221;60
0222;65
0223;55
0224;62
0225;48
0226;60
0227;60
0228;49
0300;1
0301;66
0302;60
0303;56
0304;67
0305;61
0306;84
0307;57
0308;60
0309;55
0310;73
0311;53
0312;64
0313;54
0314;53
0315;62
0316;66
0317;58
0318;60
0319;57
0320;58
0321;68
0322;58
0323;67
0324;68
0325;61
0326;56
0327;57
0328;54
0329;53
0330;47
0331;54
0401;54
0402;60
0403;64
0404;68
0405;71
0406;58
0407;63
0408;58
0409;55
0410;63
0411;61
0412;65
0413;62
0414;70
0415;70
0416;60
0417;63
0418;59
0419;72
0420;63
0421;68
0422;56
0423;51
0424;73
0425;66
0426;66
0427;59
0428;50
0429;58
0430;74
0501;64
0502;70
0503;60
0504;59
0505;59
0506;54
0507;52
0508;54
0509;60
0510;65
0511;68
0512;51
0513;54
0514;60
0515;50
0516;67
0517;63
0518;70
0519;56
0520;45
0521;61
0522;54
0523;75
0524;72
0525;64
0526;53
0527;52
0528;53
0529;57
0530;42
0531;64
0601;63
0602;55
0603;55
0604;51
0605;74
0606;65
0607;65
0608;63
0609;54
0610;70
0611;45
0612;62
0613;67
0614;50
0615;60
0616;55
0617;39
0618;62
0619;57
0620;51
0621;56
0622;53
0623;59
0624;65
0625;55
0626;61
0627;60
0628;65
0629;54
0630;60
0701;62
0702;48
0703;68
0704;64
0705;65
0706;52
0707;52
0708;62
0709;75
0710;56
0711;59
0712;54
0713;69
0714;70
0715;56
0716;60
0717;48
0718;61
0719;56
0720;52
0721;49
0722;56
0723;54
0724;43
0725;59
0726;69
0727;63
0728;64
0729;55
0730;67
0731;53
0801;59
0802;62
0803;62
0804;55
0805;57
0806;63
0807;62
0808;59
0809;65
0810;47
0811;48
0812;51
0813;52
0814;53
0815;66
0816;59
0817;64
0818;49
0819;51
0820;49
0821;51
0822;47
0823;46
0824;37
0825;44
0826;51
0827;54
0828;47
0829;64
0830;69
0831;45
0901;55
0902;62
0903;57
0904;55
0905;51
0906;54
0907;59
0908;38
0909;61
0910;57
0911;50
0912;45
0913;56
0914;65
0915;52
0916;45
0917;56
0918;53
0919;58
0920;54
0921;57
0922;51
0923;67
0924;53
0925;79
0926;45
0927;53
0928;48
0929;62
0930;56
1001;55
1002;63
1003;70
1004;65
1005;55
1006;62
1007;62
1008;58
1009;56
1010;62
1011;64
1012;50
1013;55
1014;67
1015;51
1016;58
1017;52
1018;75
1019;53
1020;53
1021;76
1022;62
1023;54
1024;50
1025;52
1026;69
1027;49
1028;54
1029;61
1030;50
1031;59
1101;51
1102;57
1103;59
1104;54
1105;61
1106;60
1107;64
1108;61
1109;73
1110;55
1111;50
1112;60
1113;52
1114;59
1115;58
1116;58
1117;60
1118;56
1119;66
1120;64
1121;65
1122;72
1123;57
1124;60
1125;60
1126;65
1127;69
1128;56
1129;70
1130;64
1201;67
1202;64
1203;63
1204;84
1205;61
1206;70
1207;76
1208;64
1209;70
1210;74
1211;67
1212;66
1213;71
1214;59
1215;54
1216;67
1217;62
1218;49
1219;69
1220;68
1221;72
1222;56
1223;66
1224;74
1225;46
1226;71
1227;74
1228;40
1229;60
1230;45
1231;73
