0101;36
0102;26
0103;33
0104;38
0105;41
0106;41
0107;35
0108;29
0109;40
0110;22
0111;28
0112;40
0113;33
0114;36
0115;29
0116;36
0117;33
0118;27
0119;40
0120;38
0121;41
0122;31
0123;41
0124;29
0125;33
0126;18
0127;33
0128;41
0129;39
0130;37
0131;33
0201;33
0202;25
0203;34
0204;33
0205;37
0206;35
0207;32
0208;27
0209;38
0210;27
0211;28
0212;38
0213;28
0214;23
0215;22
0216;30
0217;32
0218;24
0219;35
0220;45
0221;32
0222;17
0223;31
0224;29
0225;34
0226;25
0227;32
0228;27
0300;1
0301;33
0302;21
0303;26
0304;26
0305;35
0306;31
0307;25
0308;25
0309;30
0310;21
0311;43
0312;42
0313;27
0314;23
0315;32
0316;23
0317;29
0318;32
0319;34
0320;29
0321;24
0322;40
0323;36
0324;37
0325;33
0326;32
0327;29
0328;36
0329;25
0330;30
0331;32
0401;40
0402;31
0403;26
0404;38
0405;41
0406;32
0407;26
0408;22
0409;35
0410;29
0411;38
0412;32
0413;33
0414;34
0415;28
0416;33
0417;34
0418;37
0419;30
0420;30
0421;32
0422;24
0423;30
0424;22
0425;32
0426;32
0427;43
0428;24
0429;24
0430;23
0501;38
0502;39
0503;30
0504;25
0505;26
0506;23
0507;26
0508;31
0509;30
0510;40
0511;39
0512;41
0513;24
0514;24
0515;28
0516;24
0517;48
0518;31
0519;31
0520;29
0521;27
0522;32
0523;41
0524;41
0525;36
0526;21
0527;17
0528;34
0529;28
0530;33
0531;35
0601;37
0602;30
0603;27
0604;23
0605;38
0606;39
0607;28
0608;30
0609;37
0610;21
0611;23
0612;22
0613;32
0614;33
0615;29
0616;22
0617;33
0618;14
0619;37
0620;31
0621;27
0622;22
0623;28
0624;33
0625;26
0626;24
0627;29
0628;32
0629;26
0630;32
0701;28
0702;37
0703;30
0704;32
0705;33
0706;23
0707;30
0708;28
0709;28
0710;25
0711;31
0712;33
0713;25
0714;26
0715;30
0716;31
0717;21
0718;35
0719;15
0720;31
0721;33
0722;28
0723;26
0724;27
0725;36
0726;16
0727;40
0728;33
0729;29
0730;26
0731;20
0801;31
0802;26
0803;27
0804;28
0805;27
0806;31
0807;32
0808;28
0809;29
0810;21
0811;23
0812;26
0813;30
0814;25
0815;28
0816;28
0817;34
0818;28
0819;33
0820;15
0821;26
0822;27
0823;24
0824;21
0825;29
0826;29
0827;24
0828;29
0829;33
0830;27
0831;29
0901;22
0902;32
0903;23
0904;27
0905;26
0906;29
0907;25
0908;33
0909;25
0910;30
0911;36
0912;26
0913;33
0914;29
0915;45
0916;29
0917;26
0918;25
0919;34
0920;28
0921;35
0922;27
0923;30
0924;31
0925;35
0926;29
0927;27
0928;32
0929;29
0930;25
1001;28
1002;28
1003;34
1004;33
1005;25
1006;38
1007;21
1008;29
1009;24
1010;23
1011;40
1012;22
1013;33
1014;42
1015;39
1016;21
1017;23
1018;27
1019;35
1020;22
1021;31
1022;29
1023;21
1024;35
1025;32
1026;22
1027;24
1028;32
1029;21
1030;37
1031;20
1101;36
1102;23
1103;30
1104;28
1105;28
1106;31
1107;29
1108;23
1109;20
1110;36
1111;24
1112;19
1113;26
1114;27
1115;27
1116;45
1117;28
1118;33
1119;40
1120;34
1121;27
1122;39
1123;34
1124;27
1125;34
1126;30
1127;45
1128;34
1129;22
1130;30
1200;1
1201;39
1202;36
1203;35
1204;26
1205;30
1206;31
1207;27
1208;36
1209;38
1210;36
1211;38
1212;34
1213;34
1214;30
1215;35
1216;36
1217;30
1218;24
1219;30
1220;33
1221;28
1222;34
1223;33
1224;45
1225;25
1226;35
1227;33
1228;31
1229;31
1230;19
1231;45
