0101;13
0102;17
0103;20
0104;9
0105;10
0106;16
0107;12
0108;17
0109;22
0110;9
0111;10
0112;11
0113;15
0114;9
0115;8
0116;16
0117;17
0118;15
0119;16
0120;20
0121;16
0122;12
0123;20
0124;12
0125;18
0126;21
0127;13
0128;16
0129;21
0130;14
0131;16
0201;13
0202;15
0203;17
0204;10
0205;17
0206;10
0207;14
0208;15
0209;13
0210;11
0211;10
0212;19
0213;12
0214;10
0215;12
0216;14
0217;11
0218;15
0219;10
0220;15
0221;15
0222;16
0223;18
0224;9
0225;13
0226;11
0227;14
0228;17
0301;13
0302;15
0303;20
0304;18
0305;13
0306;14
0307;27
0308;13
0309;9
0310;17
0311;6
0312;18
0313;22
0314;11
0315;21
0316;14
0317;7
0318;8
0319;11
0320;19
0321;23
0322;14
0323;14
0324;16
0325;20
0326;18
0327;22
0328;21
0329;13
0330;13
0331;15
0401;15
0402;19
0403;17
0404;16
0405;21
0406;17
0407;13
0408;11
0409;20
0410;14
0411;17
0412;16
0413;10
0414;19
0415;19
0416;17
0417;13
0418;14
0419;11
0420;14
0421;15
0422;14
0423;18
0424;15
0425;14
0426;18
0427;18
0428;18
0429;21
0430;12
0501;10
0502;10
0503;13
0504;15
0505;20
0506;19
0507;16
0508;21
0509;14
0510;13
0511;10
0512;13
0513;15
0514;14
0515;15
0516;21
0517;12
0518;12
0519;11
0520;10
0521;17
0522;16
0523;16
0524;7
0525;24
0526;19
0527;14
0528;16
0529;15
0530;10
0531;10
0601;16
0602;8
0603;9
0604;19
0605;20
0606;11
0607;11
0608;16
0609;13
0610;21
0611;10
0612;13
0613;23
0614;14
0615;10
0616;17
0617;13
0618;17
0619;6
0620;11
0621;22
0622;8
0623;14
0624;17
0625;15
0626;16
0627;15
0628;10
0629;8
0630;10
0701;9
0702;12
0703;20
0704;15
0705;15
0706;11
0707;10
0708;13
0709;14
0710;19
0711;12
0712;14
0713;19
0714;12
0715;16
0716;7
0717;12
0718;14
0719;19
0720;17
0721;12
0722;18
0723;21
0724;13
0725;16
0726;11
0727;8
0728;13
0729;20
0730;13
0731;7
0801;23
0802;15
0803;6
0804;15
0805;10
0806;14
0807;15
0808;14
0809;18
0810;16
0811;10
0812;17
0813;17
0814;9
0815;16
0816;11
0817;12
0818;13
0819;12
0820;13
0821;14
0822;19
0823;10
0824;16
0825;14
0826;17
0827;15
0828;17
0829;18
0830;10
0831;16
0901;11
0902;10
0903;14
0904;14
0905;15
0906;16
0907;18
0908;16
0909;14
0910;10
0911;14
0912;15
0913;13
0914;16
0915;17
0916;17
0917;15
0918;14
0919;9
0920;8
0921;10
0922;15
0923;16
0924;12
0925;19
0926;17
0927;15
0928;16
0929;16
0930;16
1001;11
1002;8
1003;13
1004;11
1005;13
1006;11
1007;16
1008;18
1009;14
1010;11
1011;11
1012;9
1013;11
1014;18
1015;13
1016;16
1017;13
1018;11
1019;11
1020;10
1021;18
1022;23
1023;12
1024;15
1025;12
1026;13
1027;16
1028;16
1029;13
1030;10
1031;18
1101;15
1102;21
1103;14
1104;10
1105;16
1106;14
1107;8
1108;6
1109;14
1110;12
1111;13
1112;20
1113;9
1114;11
1115;11
1116;13
1117;16
1118;14
1119;15
1120;19
1121;19
1122;11
1123;17
1124;16
1125;8
1126;18
1127;13
1128;16
1129;24
1130;21
1201;17
1202;13
1203;14
1204;13
1205;15
1206;10
1207;12
1208;21
1209;20
1210;15
1211;23
1212;12
1213;19
1214;15
1215;8
1216;7
1217;15
1218;14
1219;20
1220;14
1221;18
1222;16
1223;16
1224;21
1225;16
1226;10
1227;20
1228;17
1229;13
1230;17
1231;18
