0101;4
0102;9
0103;7
0104;6
0105;5
0106;8
0107;8
0108;13
0109;6
0110;4
0111;7
0112;8
0113;2
0114;8
0115;5
0116;14
0117;11
0118;5
0119;4
0120;9
0121;2
0122;9
0123;5
0124;7
0125;9
0126;5
0127;5
0128;10
0129;6
0130;7
0131;4
0201;8
0202;5
0203;5
0204;8
0205;6
0206;6
0207;6
0208;11
0209;10
0210;7
0211;5
0212;8
0213;3
0214;5
0215;5
0216;10
0217;4
0218;7
0219;4
0220;5
0221;12
0222;7
0223;3
0224;1
0225;3
0226;7
0227;13
0228;11
0301;11
0302;6
0303;10
0304;3
0305;3
0306;9
0307;9
0308;10
0309;4
0310;8
0311;7
0312;4
0313;10
0314;11
0315;5
0316;5
0317;9
0318;3
0319;16
0320;7
0321;4
0322;5
0323;4
0324;9
0325;6
0326;9
0327;8
0328;8
0329;7
0330;7
0331;6
0401;7
0402;4
0403;3
0404;10
0405;6
0406;6
0407;5
0408;3
0409;8
0410;12
0411;6
0412;10
0413;10
0414;9
0415;3
0416;5
0417;5
0418;6
0419;7
0420;6
0421;8
0422;8
0423;5
0424;3
0425;7
0426;7
0427;5
0428;8
0429;6
0430;8
0501;6
0502;7
0503;7
0504;5
0505;8
0506;4
0507;4
0508;5
0509;10
0510;12
0511;8
0512;7
0513;4
0514;7
0515;4
0516;6
0517;4
0518;7
0519;10
0520;4
0521;4
0522;6
0523;7
0524;2
0525;3
0526;9
0527;3
0528;8
0529;7
0530;3
0531;9
0601;4
0602;7
0603;6
0604;4
0605;10
0606;12
0607;4
0608;5
0609;5
0610;5
0611;7
0612;7
0613;8
0614;8
0615;6
0616;6
0617;6
0618;4
0619;4
0620;6
0621;4
0622;4
0623;8
0624;5
0625;9
0626;5
0627;2
0628;7
0629;9
0630;4
0701;7
0702;4
0703;8
0704;8
0705;8
0706;13
0707;5
0708;3
0709;7
0710;10
0711;3
0712;5
0713;4
0714;10
0715;5
0716;7
0717;3
0718;4
0719;4
0720;3
0721;8
0722;10
0723;6
0724;3
0725;6
0726;5
0727;6
0728;4
0729;3
0730;4
0731;7
0801;5
0802;2
0803;9
0804;9
0805;4
0806;7
0807;9
0809;9
0810;3
0811;4
0812;8
0813;10
0814;5
0815;10
0816;5
0817;6
0819;7
0820;8
0821;7
0822;6
0823;6
0824;7
0825;6
0826;13
0827;4
0828;7
0829;5
0830;7
0831;6
0901;4
0902;8
0903;4
0904;9
0905;4
0906;8
0907;7
0908;8
0909;7
0910;9
0911;6
0912;2
0913;6
0914;3
0915;3
0916;8
0917;5
0918;7
0919;5
0920;7
0921;7
0922;9
0923;1
0924;6
0925;7
0926;2
0927;8
0928;3
0929;3
0930;8
1001;4
1002;8
1003;3
1004;3
1005;2
1006;6
1007;3
1008;8
1009;3
1010;7
1011;5
1012;2
1013;4
1014;3
1015;7
1016;9
1017;2
1018;10
1020;7
1021;8
1022;4
1023;8
1024;3
1025;8
1026;3
1027;9
1028;3
1029;7
1030;1
1031;7
1101;4
1102;8
1103;3
1104;5
1105;4
1106;9
1107;5
1108;4
1109;2
1110;11
1111;3
1112;3
1113;4
1114;6
1115;1
1116;3
1117;8
1118;8
1119;3
1120;5
1121;9
1122;7
1123;3
1124;4
1125;8
1126;4
1127;5
1128;12
1129;8
1130;3
1201;4
1202;4
1203;9
1204;12
1205;8
1206;2
1207;11
1208;13
1209;7
1210;6
1211;7
1212;1
1213;1
1214;6
1215;8
1217;9
1218;5
1219;3
1220;5
1221;6
1222;4
1223;7
1224;4
1225;8
1226;2
1227;6
1228;4
1229;3
1230;8
1231;6
