0101;12
0102;16
0103;24
0104;13
0105;14
0106;18
0107;16
0108;19
0109;14
0110;14
0111;15
0112;14
0113;12
0114;11
0115;20
0116;15
0117;20
0118;18
0119;13
0120;19
0121;11
0122;16
0123;14
0124;18
0125;20
0126;15
0127;11
0128;16
0129;14
0130;19
0131;11
0201;12
0202;21
0203;13
0204;15
0205;13
0206;16
0207;20
0208;8
0209;21
0210;12
0211;19
0212;11
0213;8
0214;13
0215;20
0216;23
0217;24
0218;14
0219;12
0220;20
0221;18
0222;11
0223;14
0224;18
0225;7
0226;12
0227;15
0228;17
0301;14
0302;19
0303;17
0304;9
0305;14
0306;14
0307;16
0308;12
0309;16
0310;17
0311;11
0312;15
0313;17
0314;21
0315;14
0316;12
0317;15
0318;8
0319;11
0320;16
0321;13
0322;14
0323;20
0324;9
0325;13
0326;12
0327;9
0328;14
0329;17
0330;17
0331;17
0401;13
0402;10
0403;18
0404;17
0405;14
0406;14
0407;11
0408;14
0409;12
0410;19
0411;13
0412;13
0413;12
0414;14
0415;13
0416;9
0417;13
0418;21
0419;12
0420;5
0421;18
0422;11
0423;20
0424;21
0425;22
0426;13
0427;17
0428;9
0429;13
0430;13
0501;10
0502;13
0503;17
0504;12
0505;8
0506;11
0507;19
0508;23
0509;17
0510;13
0511;17
0512;19
0513;10
0514;14
0515;12
0516;16
0517;16
0518;15
0519;16
0520;14
0521;12
0522;17
0523;22
0524;14
0525;18
0526;15
0527;19
0528;11
0529;10
0530;11
0531;9
0601;11
0602;7
0603;13
0604;21
0605;14
0606;12
0607;16
0608;17
0609;18
0610;13
0611;11
0612;15
0613;11
0614;15
0615;15
0616;17
0617;14
0618;13
0619;11
0620;12
0621;13
0622;12
0623;11
0624;19
0625;13
0626;10
0627;12
0628;15
0629;14
0630;10
0701;13
0702;14
0703;22
0704;14
0705;15
0706;15
0707;13
0708;12
0709;12
0710;12
0711;9
0712;12
0713;9
0714;12
0715;9
0716;13
0717;11
0718;14
0719;11
0720;17
0721;12
0722;13
0723;9
0724;26
0725;12
0726;14
0727;20
0728;15
0729;13
0730;8
0731;13
0801;12
0802;6
0803;8
0804;14
0805;14
0806;16
0807;10
0808;12
0809;9
0810;13
0811;9
0812;13
0813;12
0814;20
0815;10
0816;12
0817;12
0818;10
0819;20
0820;10
0821;8
0822;15
0823;16
0824;17
0825;9
0826;12
0827;14
0828;10
0829;6
0830;13
0831;12
0901;14
0902;15
0903;9
0904;8
0905;11
0906;12
0907;16
0908;22
0909;11
0910;8
0911;11
0912;14
0913;10
0914;9
0915;15
0916;9
0917;11
0918;13
0919;16
0920;11
0921;16
0922;14
0923;14
0924;16
0925;20
0926;21
0927;24
0928;9
0929;7
0930;15
1001;11
1002;21
1003;17
1004;12
1005;11
1006;11
1007;11
1008;6
1009;21
1010;15
1011;14
1012;13
1013;10
1014;12
1015;11
1016;10
1017;16
1018;8
1019;9
1020;14
1021;17
1022;20
1023;11
1024;14
1025;11
1026;14
1027;14
1028;12
1029;25
1030;10
1031;20
1101;15
1102;9
1103;17
1104;8
1105;7
1106;13
1107;14
1108;16
1109;14
1110;5
1111;14
1112;7
1113;6
1114;17
1115;14
1116;12
1117;17
1118;16
1119;6
1120;14
1121;13
1122;16
1123;13
1124;19
1125;17
1126;13
1127;11
1128;17
1129;13
1130;19
1201;15
1202;12
1203;12
1204;13
1205;16
1206;15
1207;18
1208;8
1209;20
1210;16
1211;21
1212;22
1213;16
1214;17
1215;16
1216;14
1217;15
1218;12
1219;12
1220;12
1221;17
1222;17
1223;18
1224;17
1225;18
1226;7
1227;13
1228;18
1229;11
1230;24
1231;19
