0101;8
0102;10
0103;8
0104;8
0105;10
0106;5
0107;13
0108;6
0109;11
0110;8
0111;6
0112;7
0113;10
0114;13
0115;5
0116;6
0117;9
0118;8
0119;12
0120;12
0121;10
0122;12
0123;12
0124;8
0125;3
0126;9
0127;6
0128;9
0129;8
0130;11
0131;12
0201;6
0202;4
0203;6
0204;7
0205;11
0206;6
0207;11
0208;10
0209;12
0210;13
0211;5
0212;8
0213;9
0214;12
0215;10
0216;9
0217;9
0218;7
0219;4
0220;5
0221;10
0222;8
0223;11
0224;7
0225;12
0226;13
0227;7
0228;10
0301;11
0302;11
0303;9
0304;9
0305;14
0306;4
0307;14
0308;6
0309;7
0310;7
0311;9
0312;3
0313;11
0314;7
0315;9
0316;9
0317;9
0318;8
0319;13
0320;9
0321;4
0322;6
0323;7
0324;5
0325;15
0326;3
0327;3
0328;6
0329;4
0330;12
0331;15
0401;5
0402;9
0403;9
0404;6
0405;3
0406;7
0407;9
0408;7
0409;10
0410;3
0411;9
0412;11
0413;6
0414;8
0415;14
0416;7
0417;5
0418;8
0419;5
0420;8
0421;12
0422;8
0423;9
0424;15
0425;8
0426;14
0427;12
0428;5
0429;9
0430;4
0501;6
0502;13
0503;4
0504;10
0505;8
0506;7
0507;8
0508;3
0509;5
0510;5
0511;7
0512;6
0513;6
0514;6
0515;9
0516;12
0517;7
0518;4
0519;8
0520;5
0521;6
0522;6
0523;7
0524;8
0525;10
0526;11
0527;8
0528;6
0529;7
0530;11
0531;8
0601;8
0602;10
0603;6
0604;8
0605;5
0606;7
0607;5
0608;5
0609;6
0610;7
0611;8
0612;5
0613;6
0614;6
0615;3
0616;8
0617;11
0618;8
0619;8
0620;4
0621;7
0622;5
0623;7
0624;3
0625;11
0626;5
0627;6
0628;3
0629;9
0630;9
0701;7
0702;11
0703;10
0704;5
0705;8
0706;12
0707;7
0708;11
0709;6
0710;6
0711;10
0712;5
0713;6
0714;5
0715;8
0716;6
0717;6
0718;5
0719;4
0720;7
0721;9
0722;6
0723;6
0724;2
0725;4
0726;7
0727;4
0728;9
0729;7
0730;5
0731;3
0801;7
0802;6
0803;7
0804;7
0805;4
0806;6
0807;11
0808;5
0809;3
0810;4
0811;6
0812;7
0813;2
0814;5
0815;3
0816;7
0817;9
0818;7
0819;7
0820;8
0821;9
0822;7
0823;9
0824;5
0825;4
0826;7
0827;4
0828;7
0829;3
0830;5
0831;2
0901;2
0902;4
0903;4
0904;4
0905;10
0906;10
0907;2
0908;5
0909;6
0910;5
0911;7
0912;8
0913;5
0914;14
0915;8
0916;7
0917;14
0918;9
0919;9
0920;10
0921;9
0922;8
0923;9
0924;6
0925;6
0926;12
0927;5
0928;8
0929;7
0930;3
1001;6
1002;11
1003;6
1004;5
1005;8
1006;11
1007;2
1008;8
1009;6
1010;5
1011;6
1012;5
1013;7
1014;2
1015;5
1016;3
1017;5
1018;5
1019;6
1020;9
1021;3
1022;10
1023;6
1024;8
1025;9
1026;4
1027;8
1028;5
1029;9
1030;9
1031;4
1101;2
1102;10
1103;9
1105;8
1106;13
1107;7
1108;7
1109;3
1110;8
1111;6
1112;7
1113;5
1114;5
1115;8
1116;7
1117;9
1118;6
1119;8
1120;5
1121;7
1122;6
1123;8
1124;7
1125;11
1126;8
1127;9
1128;5
1129;10
1130;9
1201;5
1202;12
1203;9
1204;5
1205;7
1206;10
1207;7
1208;7
1209;7
1210;6
1211;9
1212;8
1213;6
1214;8
1215;10
1216;8
1217;8
1218;16
1219;8
1220;8
1221;5
1222;8
1223;11
1224;10
1225;12
1226;7
1227;5
1228;3
1229;5
1230;2
1231;7
