0101;10
0102;10
0103;8
0104;11
0105;7
0106;8
0107;8
0108;10
0109;12
0110;9
0111;3
0112;11
0113;10
0114;5
0115;12
0116;12
0117;7
0118;10
0119;9
0120;7
0121;3
0122;11
0123;5
0124;10
0125;7
0126;5
0127;5
0128;9
0129;4
0130;7
0131;7
0201;10
0202;8
0203;9
0204;14
0205;13
0206;9
0207;8
0208;7
0209;12
0210;4
0211;7
0212;3
0213;10
0214;13
0215;9
0216;7
0217;12
0218;5
0219;11
0220;2
0221;11
0222;11
0223;3
0224;9
0225;8
0226;8
0227;5
0228;11
0301;5
0302;10
0303;10
0304;10
0305;6
0306;3
0307;6
0308;6
0309;9
0310;7
0311;3
0312;6
0313;11
0314;11
0315;7
0316;7
0317;12
0318;9
0319;6
0320;5
0321;16
0322;3
0323;4
0324;5
0325;9
0326;5
0327;13
0328;8
0329;2
0330;6
0331;5
0401;7
0402;12
0403;12
0404;4
0405;9
0406;7
0407;15
0408;4
0409;6
0410;8
0411;5
0412;11
0413;14
0414;13
0415;2
0416;6
0417;7
0418;5
0419;11
0420;5
0421;2
0422;9
0423;7
0424;7
0425;9
0426;4
0427;9
0428;14
0429;4
0430;11
0501;6
0502;11
0503;4
0504;6
0505;7
0506;6
0507;9
0508;6
0509;6
0510;7
0511;12
0512;3
0513;6
0514;5
0515;5
0516;5
0517;7
0518;6
0519;6
0520;10
0521;5
0522;9
0523;7
0524;3
0525;9
0526;6
0527;5
0528;7
0529;8
0530;7
0531;8
0601;12
0602;8
0603;3
0604;5
0605;8
0606;9
0607;8
0608;5
0609;6
0610;7
0611;6
0612;13
0613;8
0614;8
0615;4
0616;8
0617;4
0618;7
0619;9
0620;9
0621;6
0622;8
0623;6
0624;11
0625;5
0626;4
0627;6
0628;9
0629;6
0630;9
0701;8
0702;6
0703;6
0704;11
0705;5
0706;12
0707;10
0708;9
0709;7
0710;4
0711;6
0712;11
0713;8
0714;9
0715;2
0716;9
0717;4
0718;9
0719;7
0720;4
0721;4
0722;6
0723;6
0724;6
0725;6
0726;7
0727;7
0728;9
0729;5
0730;3
0731;4
0801;8
0802;2
0803;9
0804;6
0805;9
0806;12
0807;4
0808;11
0809;8
0810;4
0811;16
0812;6
0813;5
0814;4
0815;5
0816;11
0817;9
0818;8
0819;10
0820;9
0821;17
0822;7
0823;8
0824;4
0825;9
0826;3
0827;8
0828;5
0829;5
0830;5
0831;6
0901;7
0902;7
0903;7
0904;9
0905;9
0906;8
0907;10
0908;3
0909;5
0910;5
0911;7
0912;4
0913;4
0914;12
0915;4
0916;4
0917;3
0918;9
0919;7
0920;10
0921;8
0922;6
0923;7
0924;5
0925;8
0926;11
0927;2
0928;10
0929;10
0930;8
1001;7
1002;9
1003;9
1004;11
1005;17
1006;7
1007;9
1008;7
1009;11
1010;9
1011;3
1012;7
1013;8
1014;9
1015;6
1016;6
1017;8
1018;4
1019;9
1020;8
1021;6
1022;7
1023;6
1024;5
1025;4
1026;7
1027;13
1028;6
1029;5
1030;5
1031;6
1101;14
1102;14
1103;6
1104;10
1105;7
1106;6
1107;13
1108;4
1109;8
1110;6
1111;7
1112;10
1113;9
1114;6
1115;6
1116;11
1117;10
1118;6
1119;4
1120;7
1121;6
1122;12
1123;9
1124;6
1125;11
1126;12
1127;10
1128;8
1129;4
1130;4
1201;7
1202;9
1203;9
1204;11
1205;12
1206;7
1207;9
1208;5
1209;8
1210;6
1211;9
1212;15
1213;7
1214;5
1215;6
1216;12
1217;12
1218;15
1219;10
1220;12
1221;11
1222;10
1223;11
1224;10
1225;8
1226;7
1227;11
1228;11
1229;8
1230;8
1231;6
