0101;12
0102;9
0103;16
0104;12
0105;13
0106;10
0107;11
0108;10
0109;6
0110;6
0111;3
0112;8
0113;8
0114;9
0115;13
0116;9
0117;16
0118;10
0119;14
0120;9
0121;15
0122;9
0123;9
0124;10
0125;6
0126;8
0127;5
0128;8
0129;9
0130;11
0131;8
0201;14
0202;11
0203;9
0204;7
0205;9
0206;6
0207;10
0208;8
0209;6
0210;5
0211;5
0212;2
0213;15
0214;14
0215;6
0216;9
0217;5
0218;8
0219;12
0220;9
0221;6
0222;10
0223;7
0224;13
0225;10
0226;10
0227;9
0228;9
0301;10
0302;8
0303;6
0304;11
0305;8
0306;9
0307;10
0308;11
0309;5
0310;11
0311;6
0312;9
0313;8
0314;10
0315;13
0316;11
0317;14
0318;8
0319;8
0320;13
0321;11
0322;15
0323;7
0324;6
0325;8
0326;12
0327;12
0328;8
0329;10
0330;11
0331;13
0401;14
0402;9
0403;7
0404;6
0405;7
0406;10
0407;13
0408;3
0409;9
0410;11
0411;6
0412;9
0413;9
0414;8
0415;16
0416;14
0417;14
0418;10
0419;13
0420;10
0421;12
0422;12
0423;14
0424;12
0425;7
0426;14
0427;3
0428;9
0429;6
0430;7
0501;10
0502;10
0503;14
0504;7
0505;10
0506;9
0507;8
0508;7
0509;8
0510;5
0511;12
0512;4
0513;5
0514;6
0515;8
0516;5
0517;5
0518;15
0519;7
0520;7
0521;10
0522;8
0523;12
0524;11
0525;15
0526;10
0527;9
0528;11
0529;9
0530;14
0531;11
0601;9
0602;5
0603;11
0604;12
0605;9
0606;17
0607;10
0608;15
0609;11
0610;8
0611;5
0612;8
0613;7
0614;5
0615;8
0616;10
0617;2
0618;8
0619;5
0620;5
0621;8
0622;8
0623;8
0624;6
0625;4
0626;8
0627;9
0628;5
0629;8
0630;14
0701;6
0702;8
0703;12
0704;5
0705;6
0706;7
0707;11
0708;8
0709;7
0710;6
0711;14
0712;8
0713;8
0714;9
0715;8
0716;5
0717;14
0718;6
0719;8
0720;8
0721;9
0722;7
0723;9
0724;7
0725;9
0726;3
0727;9
0728;8
0729;7
0730;5
0731;8
0801;11
0802;11
0803;6
0804;10
0805;10
0806;10
0807;3
0808;6
0809;6
0810;7
0811;9
0812;9
0813;9
0814;8
0815;10
0816;10
0817;4
0818;8
0819;10
0820;4
0821;4
0822;7
0823;6
0824;11
0825;12
0826;9
0827;4
0828;6
0829;9
0830;12
0831;5
0901;9
0902;7
0903;8
0904;7
0905;8
0906;7
0907;10
0908;8
0909;6
0910;4
0911;9
0912;12
0913;12
0914;7
0915;6
0916;7
0917;5
0918;12
0919;6
0920;9
0921;9
0922;9
0923;8
0924;12
0925;7
0926;7
0927;9
0928;7
0929;9
0930;12
1001;9
1002;12
1003;12
1004;9
1005;5
1006;5
1007;9
1008;8
1009;6
1010;7
1011;11
1012;6
1013;8
1014;7
1015;11
1016;5
1017;6
1018;6
1019;9
1020;4
1021;4
1022;10
1023;10
1024;6
1025;7
1026;6
1027;8
1028;10
1029;5
1030;7
1031;8
1101;7
1102;9
1103;10
1104;6
1105;12
1106;9
1107;14
1108;5
1109;3
1110;11
1111;9
1112;9
1113;8
1114;4
1115;13
1116;6
1117;7
1118;13
1119;11
1120;8
1121;9
1122;11
1123;6
1124;5
1125;4
1126;8
1127;5
1128;13
1129;10
1130;11
1201;17
1202;6
1203;6
1204;8
1205;12
1206;9
1207;6
1208;11
1209;15
1210;13
1211;7
1212;18
1213;9
1214;5
1215;6
1216;8
1217;12
1218;12
1219;7
1220;17
1221;10
1222;5
1223;7
1224;11
1225;9
1226;9
1227;14
1228;14
1229;11
1230;8
1231;8
