0101;9
0102;9
0103;8
0104;8
0105;6
0106;8
0107;14
0108;11
0109;6
0110;9
0111;13
0112;14
0113;10
0114;8
0115;12
0116;10
0117;11
0118;10
0119;9
0120;8
0121;11
0122;12
0123;16
0124;5
0125;8
0126;9
0127;7
0128;12
0129;13
0130;10
0131;3
0201;14
0202;8
0203;16
0204;10
0205;12
0206;10
0207;14
0208;10
0209;8
0210;10
0211;9
0212;10
0213;6
0214;8
0215;14
0216;17
0217;12
0218;12
0219;15
0220;11
0221;13
0222;13
0223;10
0224;8
0225;4
0226;12
0227;8
0228;8
0301;9
0302;6
0303;8
0304;12
0305;12
0306;9
0307;9
0308;10
0309;11
0310;9
0311;13
0312;6
0313;9
0314;5
0315;16
0316;9
0317;13
0318;10
0319;12
0320;12
0321;15
0322;8
0323;16
0324;11
0325;8
0326;5
0327;19
0328;12
0329;9
0330;12
0331;8
0400;1
0401;11
0402;7
0403;13
0404;12
0405;10
0406;11
0407;21
0408;10
0409;13
0410;7
0411;12
0412;13
0413;11
0414;16
0415;13
0416;8
0417;14
0418;10
0419;11
0420;4
0421;13
0422;13
0423;12
0424;16
0425;7
0426;12
0427;7
0428;6
0429;6
0430;12
0501;9
0502;13
0503;3
0504;10
0505;9
0506;9
0507;9
0508;5
0509;10
0510;4
0511;11
0512;16
0513;10
0514;11
0515;18
0516;7
0517;8
0518;7
0519;15
0520;11
0521;8
0522;11
0523;12
0524;9
0525;7
0526;9
0527;18
0528;12
0529;24
0530;13
0531;11
0601;8
0602;10
0603;10
0604;9
0605;7
0606;5
0607;8
0608;10
0609;8
0610;9
0611;7
0612;9
0613;15
0614;10
0615;10
0616;12
0617;9
0618;12
0619;10
0620;10
0621;11
0622;11
0623;6
0624;9
0625;5
0626;13
0627;7
0628;12
0629;8
0630;10
0701;11
0702;12
0703;11
0704;11
0705;13
0706;17
0707;11
0708;13
0709;10
0710;6
0711;12
0712;12
0713;7
0714;11
0715;13
0716;11
0717;9
0718;7
0719;13
0720;12
0721;12
0722;8
0723;8
0724;5
0725;12
0726;7
0727;9
0728;13
0729;10
0730;11
0731;18
0801;8
0802;13
0803;9
0804;13
0805;6
0806;15
0807;12
0808;14
0809;14
0810;10
0811;11
0812;10
0813;11
0814;12
0815;13
0816;8
0817;3
0818;4
0819;13
0820;11
0821;10
0822;11
0823;11
0824;11
0825;9
0826;8
0827;14
0828;11
0829;15
0830;12
0831;12
0901;9
0902;7
0903;12
0904;10
0905;9
0906;10
0907;11
0908;11
0909;6
0910;12
0911;8
0912;9
0913;10
0914;9
0915;7
0916;13
0917;10
0918;2
0919;7
0920;17
0921;7
0922;13
0923;17
0924;13
0925;10
0926;4
0927;5
0928;15
0929;7
0930;8
1001;12
1002;16
1003;7
1004;9
1005;6
1006;10
1007;8
1008;13
1009;8
1010;7
1011;10
1012;10
1013;11
1014;12
1015;9
1016;6
1017;6
1018;9
1019;5
1020;13
1021;7
1022;13
1023;7
1024;11
1025;12
1026;16
1027;10
1028;8
1029;9
1030;12
1031;6
1101;12
1102;3
1103;11
1104;9
1105;12
1106;16
1107;9
1108;6
1109;13
1110;16
1111;13
1112;12
1113;10
1114;11
1115;12
1116;11
1117;23
1118;9
1119;12
1120;5
1121;13
1122;15
1123;10
1124;10
1125;13
1126;8
1127;18
1128;8
1129;12
1130;16
1201;7
1202;13
1203;14
1204;17
1205;16
1206;11
1207;14
1208;12
1209;14
1210;19
1211;9
1212;11
1213;12
1214;12
1215;7
1216;6
1217;16
1218;13
1219;14
1220;13
1221;14
1222;15
1223;14
1224;9
1225;8
1226;15
1227;7
1228;5
1229;10
1230;14
1231;14
