0101;13
0102;11
0103;7
0104;13
0105;5
0106;6
0107;13
0108;14
0109;5
0110;5
0111;6
0112;12
0113;8
0114;6
0115;8
0116;6
0117;10
0118;4
0119;6
0120;6
0121;5
0122;8
0123;3
0124;7
0125;7
0126;9
0127;13
0128;10
0129;8
0130;9
0131;9
0201;5
0202;7
0203;11
0204;4
0205;3
0206;6
0207;5
0208;10
0209;8
0210;4
0211;6
0212;9
0213;13
0214;6
0215;5
0216;13
0217;4
0218;5
0219;5
0220;11
0221;8
0222;5
0223;6
0224;10
0225;5
0226;5
0227;7
0228;8
0301;8
0302;10
0303;11
0304;9
0305;6
0306;8
0307;3
0308;5
0309;11
0310;6
0311;6
0312;8
0313;8
0314;4
0315;10
0316;10
0317;8
0318;8
0319;8
0320;3
0321;5
0322;6
0323;11
0324;14
0325;8
0326;10
0327;5
0328;5
0329;6
0330;7
0331;7
0401;11
0402;6
0403;5
0404;12
0405;5
0406;4
0407;10
0408;10
0409;5
0410;7
0411;7
0412;15
0413;11
0414;9
0415;13
0416;4
0417;14
0418;8
0419;4
0420;7
0421;6
0422;7
0423;7
0424;12
0425;2
0426;13
0427;7
0428;9
0429;6
0430;16
0501;10
0502;9
0503;7
0504;11
0505;10
0506;6
0507;9
0508;6
0509;7
0510;7
0511;8
0512;5
0513;10
0514;10
0515;5
0516;4
0517;9
0518;4
0519;9
0520;13
0521;10
0522;9
0523;6
0524;6
0525;10
0526;7
0527;6
0528;9
0529;8
0530;2
0531;4
0601;7
0602;13
0603;10
0604;9
0605;10
0606;5
0607;9
0608;8
0609;7
0610;10
0611;9
0612;9
0613;10
0614;11
0615;7
0616;5
0617;6
0618;7
0619;9
0620;6
0621;7
0622;5
0623;5
0624;8
0625;7
0626;12
0627;11
0628;7
0629;4
0630;8
0701;11
0702;11
0703;6
0704;5
0705;7
0706;6
0707;6
0708;5
0709;3
0710;8
0711;6
0712;2
0713;7
0714;6
0715;7
0716;3
0717;6
0718;7
0719;8
0720;6
0721;9
0722;10
0723;10
0724;10
0725;7
0726;6
0727;8
0728;5
0729;7
0730;12
0731;7
0801;12
0802;6
0803;3
0804;10
0805;7
0806;6
0807;8
0808;8
0809;7
0810;5
0811;9
0812;6
0813;7
0814;4
0815;7
0816;4
0817;7
0818;7
0819;10
0820;7
0821;6
0822;13
0823;6
0824;4
0825;5
0826;12
0827;12
0828;8
0829;6
0830;11
0831;3
0901;14
0902;5
0903;9
0904;8
0905;6
0906;6
0907;7
0908;10
0909;10
0910;5
0911;9
0912;9
0913;8
0914;12
0915;7
0916;10
0917;6
0918;7
0919;8
0920;10
0921;9
0922;11
0923;11
0924;12
0925;7
0926;8
0927;9
0928;6
0929;6
0930;14
1001;9
1002;12
1003;7
1004;9
1005;11
1006;13
1007;10
1008;9
1009;7
1010;13
1011;8
1012;9
1013;6
1014;7
1015;11
1016;8
1017;9
1018;14
1019;8
1020;14
1021;7
1022;8
1023;7
1024;14
1025;11
1026;5
1027;11
1028;7
1029;11
1030;7
1031;6
1101;3
1102;13
1103;10
1104;9
1105;8
1106;8
1107;8
1108;5
1109;7
1110;8
1111;9
1112;4
1113;6
1114;15
1115;8
1116;6
1117;5
1118;8
1119;9
1120;11
1121;8
1122;8
1123;14
1124;7
1125;11
1126;10
1127;7
1128;6
1129;5
1130;3
1201;9
1202;7
1203;6
1204;2
1205;11
1206;6
1207;12
1208;12
1209;13
1210;13
1211;3
1212;16
1213;36
1214;8
1215;22
1216;24
1217;16
1218;13
1219;21
1220;19
1221;14
1222;18
1223;36
1224;28
1225;30
1226;28
1227;28
1228;19
1229;19
1230;11
1231;16
