0101;15
0102;15
0103;14
0104;14
0105;10
0106;17
0107;19
0108;13
0109;9
0110;15
0111;28
0112;22
0113;10
0114;8
0115;17
0116;19
0117;18
0118;19
0119;13
0120;18
0121;15
0122;19
0123;15
0124;15
0125;27
0126;19
0127;15
0128;16
0129;13
0130;18
0131;18
0201;14
0202;15
0203;17
0204;13
0205;16
0206;11
0207;18
0208;13
0209;27
0210;18
0211;8
0212;19
0213;17
0214;16
0215;19
0216;20
0217;7
0218;18
0219;12
0220;14
0221;13
0222;19
0223;20
0224;13
0225;24
0226;15
0227;15
0228;11
0301;22
0302;24
0303;17
0304;16
0305;9
0306;13
0307;15
0308;17
0309;13
0310;12
0311;14
0312;21
0313;18
0314;18
0315;12
0316;15
0317;15
0318;15
0319;26
0320;14
0321;18
0322;16
0323;15
0324;16
0325;14
0326;12
0327;21
0328;10
0329;8
0330;12
0331;17
0401;9
0402;13
0403;10
0404;18
0405;21
0406;9
0407;12
0408;21
0409;18
0410;10
0411;22
0412;14
0413;8
0414;9
0415;8
0416;18
0417;11
0418;18
0419;18
0420;13
0421;11
0422;15
0423;9
0424;16
0425;16
0426;14
0427;21
0428;10
0429;19
0430;18
0501;14
0502;19
0503;14
0504;20
0505;25
0506;11
0507;15
0508;9
0509;15
0510;10
0511;14
0512;19
0513;16
0514;14
0515;17
0516;9
0517;15
0518;11
0519;16
0520;16
0521;11
0522;15
0523;21
0524;17
0525;12
0526;19
0527;16
0528;14
0529;19
0530;13
0531;15
0601;17
0602;11
0603;12
0604;10
0605;9
0606;25
0607;12
0608;14
0609;16
0610;17
0611;12
0612;20
0613;20
0614;20
0615;11
0616;14
0617;15
0618;17
0619;15
0620;17
0621;17
0622;16
0623;12
0624;12
0625;17
0626;28
0627;11
0628;11
0629;17
0630;17
0701;15
0702;17
0703;14
0704;12
0705;16
0706;18
0707;21
0708;11
0709;17
0710;11
0711;12
0712;19
0713;21
0714;15
0715;13
0716;8
0717;12
0718;14
0719;26
0720;16
0721;20
0722;20
0723;15
0724;17
0725;20
0726;10
0727;21
0728;15
0729;19
0730;14
0731;10
0801;13
0802;17
0803;11
0804;19
0805;17
0806;20
0807;17
0808;19
0809;10
0810;12
0811;10
0812;13
0813;20
0814;11
0815;13
0816;12
0817;16
0818;11
0819;12
0820;12
0821;17
0822;10
0823;17
0824;21
0825;12
0826;18
0827;12
0828;13
0829;13
0830;17
0831;12
0901;8
0902;12
0903;15
0904;8
0905;14
0906;12
0907;9
0908;11
0909;12
0910;13
0911;21
0912;9
0913;26
0914;24
0915;16
0916;15
0917;23
0918;23
0919;15
0920;12
0921;18
0922;17
0923;9
0924;9
0925;20
0926;20
0927;14
0928;11
0929;14
0930;13
1001;19
1002;15
1003;10
1004;13
1005;14
1006;11
1007;16
1008;11
1009;17
1010;16
1011;20
1012;12
1013;14
1014;8
1015;15
1016;22
1017;18
1018;17
1019;16
1020;15
1021;11
1022;16
1023;15
1024;16
1025;15
1026;20
1027;17
1028;12
1029;18
1030;16
1031;33
1101;16
1102;14
1103;16
1104;17
1105;25
1106;27
1107;18
1108;23
1109;15
1110;15
1111;12
1112;18
1113;15
1114;22
1115;16
1116;14
1117;13
1118;20
1119;24
1120;24
1121;24
1122;23
1123;18
1124;29
1125;21
1126;26
1127;24
1128;29
1129;19
1130;30
1201;23
1202;24
1203;32
1204;46
1205;49
1206;26
1207;18
1208;34
1209;28
1210;52
1211;39
1212;32
1213;52
1214;31
1215;40
1216;54
1217;37
1218;42
1219;38
1220;54
1221;34
1222;49
1223;36
1224;50
1225;37
1226;50
1227;34
1228;42
1229;46
1230;43
1231;58
