0101;9
0102;15
0103;13
0104;10
0105;11
0106;13
0107;13
0108;15
0109;9
0110;11
0111;10
0112;12
0113;9
0114;10
0115;12
0116;13
0117;13
0118;12
0119;9
0120;11
0121;13
0122;6
0123;8
0124;3
0125;17
0126;8
0127;12
0128;18
0129;10
0130;9
0131;5
0201;10
0202;9
0203;11
0204;14
0205;10
0206;13
0207;8
0208;12
0209;6
0210;11
0211;9
0212;11
0213;8
0214;11
0215;17
0216;9
0217;5
0218;6
0219;9
0220;16
0221;11
0222;10
0223;6
0224;10
0225;11
0226;7
0227;11
0228;18
0301;7
0302;11
0303;14
0304;4
0305;11
0306;14
0307;12
0308;8
0309;7
0310;8
0311;8
0312;6
0313;10
0314;11
0315;12
0316;11
0317;10
0318;11
0319;9
0320;11
0321;11
0322;5
0323;12
0324;10
0325;12
0326;9
0327;11
0328;8
0329;7
0330;14
0331;7
0401;8
0402;10
0403;6
0404;8
0405;11
0406;12
0407;14
0408;9
0409;11
0410;8
0411;3
0412;7
0413;6
0414;16
0415;10
0416;8
0417;10
0418;14
0419;8
0420;15
0421;16
0422;14
0423;12
0424;12
0425;9
0426;18
0427;9
0428;9
0429;14
0430;13
0501;10
0502;10
0503;7
0504;10
0505;11
0506;10
0507;10
0508;9
0509;18
0510;7
0511;10
0512;11
0513;10
0514;10
0515;7
0516;10
0517;11
0518;7
0519;10
0520;9
0521;8
0522;14
0523;11
0524;10
0525;15
0526;8
0527;10
0528;11
0529;11
0530;8
0531;11
0601;11
0602;12
0603;12
0604;10
0605;10
0606;9
0607;6
0608;11
0609;8
0610;13
0611;10
0612;9
0613;10
0614;12
0615;5
0616;13
0617;5
0618;5
0619;12
0620;15
0621;14
0622;7
0623;13
0624;7
0625;12
0626;5
0627;11
0628;12
0629;13
0630;4
0701;6
0702;12
0703;6
0704;14
0705;6
0706;12
0707;14
0708;16
0709;10
0710;9
0711;7
0712;9
0713;14
0714;11
0715;19
0716;14
0717;5
0718;9
0719;8
0720;14
0721;12
0722;12
0723;8
0724;15
0725;7
0726;12
0727;6
0728;14
0729;15
0730;11
0731;12
0801;8
0802;11
0803;11
0804;11
0805;12
0806;8
0807;11
0808;10
0809;18
0810;8
0811;9
0812;10
0813;8
0814;11
0815;17
0816;8
0817;9
0818;10
0819;11
0820;12
0821;5
0822;16
0823;8
0824;6
0825;7
0826;5
0827;8
0828;11
0829;7
0830;10
0831;7
0901;6
0902;8
0903;6
0904;10
0905;6
0906;12
0907;10
0908;8
0909;7
0910;11
0911;11
0912;10
0913;11
0914;10
0915;8
0916;14
0917;6
0918;15
0919;16
0920;11
0921;17
0922;9
0923;18
0924;10
0925;8
0926;10
0927;12
0928;4
0929;8
0930;10
1001;9
1002;8
1003;9
1004;12
1005;15
1006;9
1007;15
1008;10
1009;14
1010;17
1011;13
1012;12
1013;17
1014;11
1015;7
1016;14
1017;7
1018;18
1019;17
1020;9
1021;14
1022;6
1023;14
1024;12
1025;8
1026;11
1027;8
1028;9
1029;12
1030;8
1031;7
1101;11
1102;11
1103;10
1104;19
1105;11
1106;11
1107;6
1108;13
1109;12
1110;10
1111;25
1112;13
1113;12
1114;10
1115;15
1116;8
1117;18
1118;12
1119;11
1120;14
1121;8
1122;17
1123;14
1124;22
1125;20
1126;13
1127;7
1128;13
1129;12
1130;21
1201;15
1202;22
1203;26
1204;29
1205;25
1206;12
1207;31
1208;21
1209;33
1210;9
1211;39
1212;27
1213;46
1214;17
1215;32
1216;24
1217;22
1218;27
1219;37
1220;37
1221;15
1222;44
1223;36
1224;43
1225;37
1226;26
1227;22
1228;18
1229;31
1230;20
1231;27
