0101;14
0102;21
0103;19
0104;17
0105;21
0106;14
0107;26
0108;22
0109;24
0110;18
0111;24
0112;20
0113;22
0114;22
0115;23
0116;14
0117;28
0118;17
0119;15
0120;18
0121;21
0122;20
0123;22
0124;30
0125;21
0126;24
0127;22
0128;17
0129;33
0130;16
0131;11
0201;18
0202;19
0203;22
0204;20
0205;21
0206;27
0207;22
0208;37
0209;25
0210;28
0211;20
0212;17
0213;28
0214;17
0215;21
0216;21
0217;22
0218;22
0219;19
0220;19
0221;14
0222;20
0223;23
0224;17
0225;14
0226;16
0227;21
0228;21
0301;13
0302;22
0303;23
0304;19
0305;18
0306;21
0307;21
0308;25
0309;21
0310;20
0311;10
0312;23
0313;10
0314;20
0315;23
0316;16
0317;15
0318;17
0319;13
0320;20
0321;24
0322;24
0323;14
0324;16
0325;18
0326;20
0327;21
0328;28
0329;18
0330;16
0331;16
0401;19
0402;21
0403;23
0404;19
0405;15
0406;19
0407;16
0408;16
0409;21
0410;15
0411;22
0412;15
0413;14
0414;16
0415;20
0416;22
0417;18
0418;17
0419;26
0420;18
0421;25
0422;19
0423;16
0424;21
0425;26
0426;10
0427;12
0428;18
0429;22
0430;25
0501;16
0502;16
0503;16
0504;20
0505;14
0506;22
0507;16
0508;18
0509;28
0510;21
0511;20
0512;19
0513;18
0514;14
0515;16
0516;24
0517;25
0518;21
0519;24
0520;23
0521;19
0522;28
0523;25
0524;15
0525;11
0526;20
0527;15
0528;15
0529;15
0530;12
0531;9
0601;14
0602;17
0603;15
0604;13
0605;16
0606;19
0607;16
0608;19
0609;20
0610;17
0611;20
0612;27
0613;18
0614;17
0615;21
0616;18
0617;15
0618;22
0619;16
0620;22
0621;19
0622;14
0623;21
0624;20
0625;20
0626;16
0627;18
0628;17
0629;29
0630;16
0701;17
0702;17
0703;16
0704;17
0705;18
0706;20
0707;15
0708;13
0709;25
0710;17
0711;17
0712;16
0713;12
0714;14
0715;16
0716;16
0717;33
0718;15
0719;18
0720;21
0721;23
0722;15
0723;13
0724;16
0725;17
0726;16
0727;25
0728;21
0729;22
0730;18
0731;19
0801;14
0802;26
0803;21
0804;20
0805;27
0806;19
0807;12
0808;10
0809;21
0810;25
0811;17
0812;17
0813;17
0814;17
0815;16
0816;14
0817;19
0818;17
0819;16
0820;13
0821;16
0822;19
0823;18
0824;20
0825;14
0826;13
0827;14
0828;15
0829;12
0830;15
0831;18
0901;22
0902;15
0903;18
0904;21
0905;14
0906;21
0907;14
0908;24
0909;21
0910;31
0911;18
0912;16
0913;14
0914;15
0915;23
0916;14
0917;19
0918;21
0919;14
0920;16
0921;15
0922;13
0923;21
0924;20
0925;14
0926;16
0927;25
0928;14
0929;18
0930;12
1001;22
1002;16
1003;13
1004;13
1005;19
1006;12
1007;22
1008;21
1009;18
1010;12
1011;20
1012;20
1013;18
1014;18
1015;19
1016;20
1017;20
1018;22
1019;11
1020;31
1021;22
1022;18
1023;22
1024;23
1025;18
1026;20
1027;17
1028;18
1029;19
1030;18
1031;20
1101;12
1102;13
1103;26
1104;16
1105;15
1106;19
1107;8
1108;9
1109;23
1110;13
1111;26
1112;14
1113;12
1114;14
1115;10
1116;16
1117;12
1118;19
1119;19
1120;18
1121;22
1122;13
1123;8
1124;21
1125;17
1126;14
1127;18
1128;24
1129;16
1130;22
1201;33
1202;15
1203;27
1204;22
1205;16
1206;25
1207;19
1208;29
1209;16
1210;28
1211;37
1212;26
1213;44
1214;58
1215;40
1216;54
1217;34
1218;32
1219;26
1220;42
1221;47
1222;42
1223;44
1224;43
1225;33
1226;50
1227;39
1228;32
1229;52
1230;47
1231;42
