0101;13
0102;20
0103;14
0104;14
0105;16
0106;12
0107;15
0108;14
0109;17
0110;19
0111;9
0112;15
0113;12
0114;16
0115;10
0116;11
0117;13
0118;11
0119;14
0120;9
0121;18
0122;10
0123;13
0124;13
0125;15
0126;9
0127;19
0128;14
0129;12
0130;13
0131;14
0201;10
0202;16
0203;18
0204;19
0205;14
0206;15
0207;13
0208;11
0209;4
0210;12
0211;13
0212;9
0213;29
0214;14
0215;18
0216;13
0217;9
0218;15
0219;18
0220;18
0221;19
0222;15
0223;19
0224;12
0225;15
0226;7
0227;19
0228;21
0301;18
0302;14
0303;11
0304;11
0305;10
0306;8
0307;16
0308;13
0309;11
0310;13
0311;22
0312;7
0313;12
0314;10
0315;12
0316;18
0317;17
0318;12
0319;11
0320;9
0321;13
0322;14
0323;16
0324;13
0325;12
0326;10
0327;8
0328;10
0329;15
0330;10
0331;11
0401;12
0402;10
0403;16
0404;11
0405;16
0406;12
0407;12
0408;16
0409;15
0410;13
0411;16
0412;15
0413;8
0414;12
0415;15
0416;12
0417;18
0418;14
0419;10
0420;15
0421;10
0422;9
0423;17
0424;16
0425;11
0426;12
0427;7
0428;14
0429;12
0430;14
0501;12
0502;9
0503;17
0504;17
0505;16
0506;16
0507;4
0508;13
0509;13
0510;15
0511;6
0512;19
0513;13
0514;13
0515;15
0516;9
0517;7
0518;23
0519;15
0520;9
0521;11
0522;13
0523;12
0524;16
0525;12
0526;11
0527;13
0528;12
0529;23
0530;12
0531;8
0601;18
0602;16
0603;11
0604;12
0605;13
0606;11
0607;14
0608;15
0609;9
0610;7
0611;13
0612;20
0613;11
0614;10
0615;15
0616;9
0617;15
0618;8
0619;14
0620;16
0621;14
0622;15
0623;7
0624;16
0625;13
0626;12
0627;8
0628;10
0629;13
0630;9
0701;19
0702;9
0703;10
0704;15
0705;16
0706;16
0707;14
0708;16
0709;7
0710;14
0711;21
0712;11
0713;14
0714;8
0715;10
0716;11
0717;12
0718;15
0719;12
0720;16
0721;12
0722;14
0723;13
0724;14
0725;16
0726;9
0727;8
0728;15
0729;14
0730;7
0731;9
0801;15
0802;15
0803;9
0804;9
0805;14
0806;11
0807;14
0808;15
0809;10
0810;18
0811;10
0812;11
0813;13
0814;18
0815;16
0816;10
0817;10
0818;9
0819;15
0820;12
0821;19
0822;22
0823;8
0824;7
0825;12
0826;15
0827;14
0828;6
0829;13
0830;14
0831;14
0901;9
0902;12
0903;13
0904;8
0905;9
0906;18
0907;19
0908;6
0909;19
0910;12
0911;14
0912;14
0913;9
0914;11
0915;18
0916;9
0917;21
0918;21
0919;19
0920;16
0921;13
0922;12
0923;10
0924;16
0925;12
0926;12
0927;5
0928;6
0929;14
0930;11
1001;15
1002;10
1003;7
1004;17
1005;17
1006;10
1007;6
1008;14
1009;14
1010;16
1011;11
1012;11
1013;6
1014;12
1015;13
1016;14
1017;8
1018;20
1019;17
1020;14
1021;13
1022;8
1023;14
1024;12
1025;14
1026;15
1027;12
1028;11
1029;17
1030;23
1031;16
1101;9
1102;13
1103;13
1104;11
1105;21
1106;14
1107;11
1108;12
1109;15
1110;13
1111;13
1112;11
1113;11
1114;13
1115;15
1116;19
1117;13
1118;21
1119;13
1120;18
1121;18
1122;14
1123;21
1124;11
1125;18
1126;20
1127;13
1128;10
1129;16
1130;12
1201;10
1202;21
1203;18
1204;16
1205;11
1206;13
1207;17
1208;28
1209;16
1210;31
1211;26
1212;17
1213;38
1214;40
1215;33
1216;21
1217;32
1218;37
1219;31
1220;25
1221;43
1222;40
1223;56
1224;38
1225;44
1226;33
1227;24
1228;31
1229;43
1230;47
1231;39
