0101;7
0102;10
0103;4
0104;10
0105;15
0106;8
0107;6
0108;2
0109;8
0110;4
0111;7
0112;5
0113;9
0114;8
0115;7
0116;4
0117;5
0118;10
0119;6
0120;3
0121;9
0122;8
0123;4
0124;9
0125;4
0126;9
0127;10
0128;7
0129;11
0130;13
0131;8
0201;10
0202;2
0203;8
0204;4
0205;9
0206;3
0207;10
0208;2
0209;5
0210;3
0211;8
0212;7
0213;5
0214;10
0215;9
0216;7
0217;9
0218;5
0219;3
0220;8
0221;8
0222;9
0223;4
0224;5
0225;4
0226;5
0227;7
0228;6
0301;6
0302;3
0303;10
0304;5
0305;5
0306;3
0307;9
0308;10
0309;6
0310;6
0311;11
0312;8
0313;6
0314;9
0315;7
0316;4
0317;2
0318;6
0319;6
0320;6
0321;5
0322;7
0323;11
0324;7
0325;3
0326;7
0327;4
0328;10
0329;4
0330;3
0331;5
0401;6
0402;3
0403;7
0404;6
0405;5
0406;9
0407;7
0408;8
0409;7
0410;11
0411;11
0412;3
0413;9
0414;4
0415;10
0416;3
0417;11
0418;4
0419;1
0420;2
0421;7
0422;6
0423;1
0424;2
0425;7
0426;5
0427;8
0428;6
0429;9
0430;7
0501;4
0502;6
0503;9
0504;7
0505;6
0506;9
0507;6
0508;8
0509;6
0510;6
0511;6
0512;4
0513;6
0514;4
0515;3
0516;5
0517;6
0518;3
0519;5
0520;7
0521;7
0522;3
0523;7
0524;2
0525;4
0526;3
0527;5
0528;8
0529;10
0530;5
0531;6
0601;2
0602;5
0603;5
0604;8
0605;2
0606;5
0607;4
0608;3
0609;6
0610;2
0611;8
0612;8
0613;6
0614;5
0615;12
0616;10
0617;5
0618;6
0619;7
0620;10
0621;7
0622;13
0623;8
0624;8
0625;4
0626;2
0627;5
0628;6
0629;8
0630;7
0701;3
0702;6
0703;4
0704;2
0705;1
0706;6
0707;4
0708;8
0709;3
0710;14
0711;11
0712;5
0713;7
0714;5
0715;6
0716;7
0717;8
0718;5
0719;4
0720;2
0721;5
0722;4
0723;6
0724;6
0725;9
0726;4
0727;8
0728;5
0729;3
0730;6
0731;5
0801;6
0802;9
0803;3
0804;5
0805;2
0806;3
0807;6
0808;7
0809;3
0810;2
0811;2
0812;4
0813;4
0814;6
0815;5
0816;6
0817;10
0818;5
0819;5
0820;5
0821;7
0822;4
0823;8
0824;7
0825;5
0826;8
0827;6
0828;11
0829;6
0830;2
0831;3
0901;6
0902;4
0903;5
0904;2
0905;7
0906;4
0907;5
0908;6
0909;10
0910;10
0911;4
0912;2
0913;5
0914;4
0915;7
0916;6
0917;2
0918;5
0919;10
0920;6
0921;4
0922;5
0923;3
0924;3
0925;6
0926;5
0927;7
0928;8
0929;3
0930;4
1001;11
1002;5
1003;5
1004;3
1005;14
1006;2
1007;4
1008;6
1009;3
1010;3
1011;6
1012;5
1013;6
1014;8
1015;4
1016;5
1017;4
1018;10
1019;5
1020;12
1021;7
1022;11
1023;3
1024;6
1025;8
1026;8
1027;7
1028;9
1029;4
1030;3
1031;3
1101;6
1102;8
1103;5
1104;9
1105;7
1106;3
1107;8
1108;7
1109;7
1110;6
1111;9
1112;8
1113;4
1114;4
1115;3
1116;3
1117;1
1118;5
1119;7
1120;4
1121;7
1122;3
1123;5
1124;5
1125;2
1126;10
1127;8
1128;5
1129;11
1130;10
1201;5
1202;7
1203;9
1204;7
1205;6
1206;6
1207;10
1208;18
1209;15
1210;8
1211;20
1212;16
1213;9
1214;18
1215;22
1216;14
1217;13
1218;24
1219;15
1220;12
1221;12
1222;6
1223;8
1224;9
1225;6
1226;12
1227;27
1228;20
1229;9
1230;16
1231;10
