0101;10
0102;7
0103;9
0104;6
0105;8
0106;6
0107;5
0108;12
0109;11
0110;12
0111;12
0112;15
0113;11
0114;7
0115;6
0116;14
0117;4
0118;7
0119;13
0120;6
0121;5
0122;11
0123;3
0124;10
0125;5
0126;9
0127;5
0128;11
0129;12
0130;11
0131;6
0201;12
0202;6
0203;1
0204;13
0205;5
0206;17
0207;9
0208;11
0209;11
0210;7
0211;7
0212;7
0213;8
0214;3
0215;13
0216;8
0217;15
0218;9
0219;8
0220;8
0221;10
0222;7
0223;4
0224;9
0225;8
0226;4
0227;7
0228;11
0301;6
0302;7
0303;10
0304;5
0305;13
0306;5
0307;13
0308;3
0309;5
0310;3
0311;6
0312;13
0313;12
0314;6
0315;7
0316;13
0317;7
0318;11
0319;6
0320;11
0321;8
0322;8
0323;12
0324;7
0325;8
0326;10
0327;12
0328;10
0329;9
0330;6
0331;15
0401;9
0402;8
0403;6
0404;14
0405;9
0406;12
0407;9
0408;5
0409;9
0410;13
0411;10
0412;2
0413;10
0414;9
0415;8
0416;7
0417;15
0418;6
0419;9
0420;5
0421;9
0422;6
0423;12
0424;7
0425;4
0426;5
0427;11
0428;10
0429;11
0430;6
0501;8
0502;11
0503;4
0504;9
0505;8
0506;5
0507;8
0508;11
0509;6
0510;4
0511;4
0512;5
0513;7
0514;10
0515;5
0516;15
0517;10
0518;8
0519;4
0520;12
0521;9
0522;2
0523;9
0524;10
0525;5
0526;10
0527;6
0528;6
0529;12
0530;9
0531;5
0601;7
0602;9
0603;9
0604;9
0605;4
0606;5
0607;10
0608;6
0609;10
0610;7
0611;8
0612;5
0613;11
0614;9
0615;11
0616;3
0617;10
0618;12
0619;11
0620;12
0621;13
0622;4
0623;9
0624;5
0625;10
0626;8
0627;6
0628;7
0629;6
0630;8
0701;12
0702;9
0703;7
0704;6
0705;11
0706;11
0707;6
0708;3
0709;8
0710;8
0711;6
0712;10
0713;8
0714;4
0715;7
0716;10
0717;6
0718;10
0719;5
0720;9
0721;4
0722;5
0723;11
0724;8
0725;10
0726;7
0727;9
0728;10
0729;5
0730;5
0731;9
0801;5
0802;5
0803;5
0804;10
0805;9
0806;10
0807;12
0808;8
0809;14
0810;10
0811;6
0812;10
0813;5
0814;5
0815;5
0816;11
0817;7
0818;4
0819;6
0820;9
0821;6
0822;5
0823;15
0824;4
0825;6
0826;4
0827;2
0828;2
0829;6
0830;6
0831;9
0901;4
0902;11
0903;9
0904;8
0905;7
0906;14
0907;6
0908;6
0909;11
0910;7
0911;7
0912;4
0913;3
0914;7
0915;9
0916;7
0917;7
0918;9
0919;5
0920;8
0921;4
0922;2
0923;6
0924;7
0925;8
0926;5
0927;2
0928;6
0929;10
0930;10
1001;8
1002;15
1003;6
1004;5
1005;6
1006;7
1007;7
1008;4
1009;7
1010;11
1011;6
1012;13
1013;11
1014;11
1015;7
1016;13
1017;6
1018;8
1019;6
1020;4
1021;7
1022;9
1023;6
1024;6
1025;8
1026;11
1027;9
1028;11
1029;9
1030;11
1031;6
1101;11
1102;9
1103;11
1104;13
1105;10
1106;6
1107;12
1108;6
1109;8
1110;10
1111;8
1112;3
1113;6
1114;10
1115;4
1116;10
1117;8
1118;11
1119;5
1120;5
1121;15
1122;14
1123;6
1124;9
1125;6
1126;10
1127;7
1128;10
1129;4
1130;8
1201;3
1202;14
1203;9
1204;7
1205;19
1206;15
1207;4
1208;6
1209;16
1210;15
1211;12
1212;21
1213;18
1214;22
1215;18
1216;27
1217;20
1218;22
1219;20
1220;36
1221;28
1222;24
1223;22
1224;16
1225;25
1226;18
1227;48
1228;23
1229;17
1230;14
1231;22
