0101;20
0102;21
0103;16
0104;21
0105;13
0106;19
0107;19
0108;28
0109;17
0110;18
0111;25
0112;15
0113;15
0114;22
0115;17
0116;12
0117;11
0118;16
0119;14
0120;19
0121;20
0122;7
0123;20
0124;14
0125;20
0126;20
0127;20
0128;11
0129;24
0130;21
0131;18
0201;18
0202;19
0203;20
0204;16
0205;14
0206;34
0207;15
0208;18
0209;20
0210;21
0211;17
0212;15
0213;17
0214;15
0215;20
0216;21
0217;21
0218;24
0219;14
0220;15
0221;18
0222;13
0223;13
0224;15
0225;16
0226;17
0227;22
0228;16
0301;16
0302;25
0303;16
0304;21
0305;19
0306;16
0307;13
0308;15
0309;15
0310;12
0311;13
0312;7
0313;15
0314;15
0315;19
0316;15
0317;7
0318;16
0319;13
0320;17
0321;11
0322;19
0323;16
0324;16
0325;15
0326;14
0327;13
0328;24
0329;23
0330;16
0331;16
0401;15
0402;10
0403;14
0404;14
0405;16
0406;13
0407;14
0408;27
0409;9
0410;21
0411;21
0412;10
0413;18
0414;18
0415;7
0416;15
0417;24
0418;19
0419;16
0420;13
0421;14
0422;17
0423;16
0424;17
0425;14
0426;19
0427;18
0428;26
0429;15
0430;13
0501;17
0502;14
0503;28
0504;22
0505;17
0506;15
0507;13
0508;11
0509;19
0510;7
0511;17
0512;12
0513;14
0514;15
0515;21
0516;22
0517;16
0518;13
0519;14
0520;14
0521;29
0522;18
0523;20
0524;17
0525;18
0526;18
0527;17
0528;16
0529;9
0530;18
0531;9
0601;19
0602;16
0603;16
0604;20
0605;17
0606;13
0607;17
0608;15
0609;24
0610;16
0611;16
0612;20
0613;23
0614;16
0615;21
0616;23
0617;17
0618;21
0619;16
0620;21
0621;19
0622;16
0623;19
0624;19
0625;28
0626;17
0627;13
0628;12
0629;23
0630;9
0701;17
0702;11
0703;8
0704;20
0705;12
0706;22
0707;17
0708;11
0709;23
0710;15
0711;17
0712;20
0713;10
0714;11
0715;21
0716;24
0717;10
0718;29
0719;19
0720;24
0721;17
0722;18
0723;25
0724;20
0725;16
0726;19
0727;17
0728;23
0729;21
0730;21
0731;20
0801;17
0802;12
0803;17
0804;18
0805;18
0806;25
0807;15
0808;20
0809;15
0810;15
0811;23
0812;11
0813;13
0814;20
0815;21
0816;12
0817;13
0818;5
0819;15
0820;16
0821;20
0822;15
0823;9
0824;21
0825;12
0826;16
0827;16
0828;14
0829;15
0830;14
0831;11
0901;19
0902;14
0903;14
0904;18
0905;12
0906;16
0907;24
0908;20
0909;16
0910;15
0911;26
0912;25
0913;14
0914;11
0915;15
0916;13
0917;13
0918;18
0919;22
0920;10
0921;14
0922;14
0923;21
0924;14
0925;13
0926;17
0927;15
0928;15
0929;14
0930;18
1001;25
1002;19
1003;18
1004;10
1005;16
1006;15
1007;16
1008;25
1009;22
1010;15
1011;17
1012;23
1013;16
1014;14
1015;15
1016;14
1017;23
1018;19
1019;24
1020;23
1021;14
1022;15
1023;19
1024;19
1025;25
1026;20
1027;20
1028;15
1029;16
1030;17
1031;16
1101;18
1102;14
1103;21
1104;26
1105;15
1106;18
1107;22
1108;11
1109;16
1110;17
1111;31
1112;16
1113;21
1114;19
1115;25
1116;11
1117;22
1118;21
1119;17
1120;19
1121;19
1122;24
1123;16
1124;20
1125;15
1126;17
1127;12
1128;15
1129;21
1130;18
1201;19
1202;15
1203;13
1204;21
1205;13
1206;25
1207;31
1208;23
1209;18
1210;30
1211;40
1212;40
1213;43
1214;44
1215;46
1216;50
1217;32
1218;26
1219;31
1220;46
1221;42
1222;44
1223;34
1224;44
1225;22
1226;28
1227;32
1228;49
1229;40
1230;65
1231;32
