0101;7
0102;11
0103;20
0104;12
0105;11
0106;21
0107;17
0108;11
0109;12
0110;16
0111;21
0112;18
0113;8
0114;16
0115;17
0116;18
0117;12
0118;12
0119;20
0120;14
0121;13
0122;18
0123;14
0124;11
0125;12
0126;12
0127;12
0128;12
0129;17
0130;14
0131;13
0201;14
0202;11
0203;12
0204;23
0205;24
0206;15
0207;15
0208;16
0209;21
0210;10
0211;10
0212;16
0213;20
0214;14
0215;12
0216;14
0217;9
0218;18
0219;8
0220;13
0221;11
0222;19
0223;10
0224;21
0225;19
0226;17
0227;16
0228;18
0301;8
0302;10
0303;11
0304;15
0305;17
0306;20
0307;9
0308;22
0309;14
0310;6
0311;21
0312;11
0313;8
0314;13
0315;15
0316;8
0317;10
0318;14
0319;18
0320;17
0321;18
0322;15
0323;12
0324;10
0325;13
0326;9
0327;19
0328;18
0329;12
0330;10
0331;15
0401;11
0402;6
0403;17
0404;15
0405;15
0406;20
0407;9
0408;15
0409;18
0410;16
0411;10
0412;13
0413;9
0414;21
0415;21
0416;14
0417;8
0418;11
0419;14
0420;17
0421;14
0422;13
0423;13
0424;16
0425;9
0426;15
0427;11
0428;15
0429;8
0430;12
0501;5
0502;18
0503;15
0504;13
0505;12
0506;10
0507;10
0508;14
0509;18
0510;11
0511;11
0512;12
0513;8
0514;12
0515;10
0516;16
0517;12
0518;12
0519;9
0520;13
0521;15
0522;10
0523;15
0524;20
0525;13
0526;12
0527;20
0528;11
0529;12
0530;7
0531;8
0601;19
0602;18
0603;14
0604;14
0605;18
0606;13
0607;15
0608;7
0609;17
0610;12
0611;7
0612;9
0613;15
0614;15
0615;14
0616;11
0617;12
0618;12
0619;12
0620;10
0621;16
0622;16
0623;16
0624;10
0625;8
0626;6
0627;12
0628;16
0629;9
0630;12
0701;9
0702;12
0703;12
0704;13
0705;13
0706;8
0707;15
0708;9
0709;6
0710;8
0711;9
0712;11
0713;14
0714;11
0715;15
0716;11
0717;8
0718;13
0719;9
0720;17
0721;10
0722;16
0723;14
0724;16
0725;15
0726;12
0727;17
0728;13
0729;4
0730;8
0731;9
0801;7
0802;7
0803;12
0804;13
0805;10
0806;11
0807;11
0808;9
0809;11
0810;13
0811;13
0812;8
0813;9
0814;10
0815;12
0816;7
0817;9
0818;9
0819;7
0820;27
0821;16
0822;4
0823;8
0824;7
0825;11
0826;20
0827;10
0828;17
0829;13
0830;14
0831;11
0901;11
0902;10
0903;13
0904;15
0905;9
0906;18
0907;15
0908;8
0909;17
0910;9
0911;17
0912;20
0913;17
0914;12
0915;14
0916;7
0917;8
0918;13
0919;12
0920;17
0921;17
0922;17
0923;15
0924;9
0925;7
0926;10
0927;20
0928;11
0929;14
0930;11
1001;14
1002;8
1003;26
1004;10
1005;12
1006;15
1007;20
1008;11
1009;11
1010;13
1011;13
1012;14
1013;23
1014;23
1015;11
1016;17
1017;9
1018;17
1019;6
1020;11
1021;22
1022;12
1023;28
1024;20
1025;12
1026;15
1027;11
1028;18
1029;13
1030;22
1031;10
1101;22
1102;9
1103;15
1104;8
1105;16
1106;16
1107;23
1108;19
1109;20
1110;18
1111;24
1112;16
1113;23
1114;15
1115;22
1116;12
1117;18
1118;19
1119;23
1120;24
1121;15
1122;26
1123;22
1124;11
1125;16
1126;8
1127;26
1128;19
1129;20
1130;16
1201;23
1202;23
1203;18
1204;39
1205;32
1206;43
1207;32
1208;43
1209;47
1210;41
1211;32
1212;47
1213;42
1214;50
1215;42
1216;39
1217;47
1218;39
1219;52
1220;40
1221;33
1222;53
1223;35
1224;30
1225;54
1226;40
1227;45
1228;29
1229;47
1230;42
1231;29
