0101;12
0102;12
0103;14
0104;23
0105;21
0106;18
0107;19
0108;24
0109;24
0110;9
0111;15
0112;20
0113;23
0114;12
0115;16
0116;20
0117;14
0118;12
0119;19
0120;19
0121;14
0122;13
0123;15
0124;16
0125;20
0126;18
0127;20
0128;19
0129;13
0130;13
0131;18
0201;10
0202;20
0203;17
0204;11
0205;21
0206;12
0207;16
0208;26
0209;21
0210;14
0211;15
0212;14
0213;20
0214;17
0215;15
0216;17
0217;24
0218;16
0219;19
0220;21
0221;17
0222;17
0223;17
0224;19
0225;21
0226;22
0227;16
0228;23
0301;14
0302;12
0303;29
0304;15
0305;17
0306;19
0307;15
0308;11
0309;19
0310;9
0311;15
0312;17
0313;18
0314;11
0315;16
0316;19
0317;20
0318;14
0319;25
0320;15
0321;16
0322;12
0323;17
0324;22
0325;11
0326;16
0327;14
0328;13
0329;9
0330;20
0331;24
0401;20
0402;14
0403;19
0404;20
0405;17
0406;23
0407;13
0408;18
0409;17
0410;26
0411;14
0412;16
0413;12
0414;20
0415;7
0416;13
0417;15
0418;11
0419;21
0420;16
0421;19
0422;16
0423;10
0424;15
0425;12
0426;19
0427;12
0428;15
0429;16
0430;16
0501;17
0502;10
0503;16
0504;13
0505;10
0506;17
0507;12
0508;18
0509;18
0510;19
0511;13
0512;8
0513;13
0514;18
0515;7
0516;12
0517;17
0518;16
0519;15
0520;13
0521;14
0522;19
0523;15
0524;15
0525;12
0526;17
0527;12
0528;15
0529;20
0530;13
0531;11
0601;18
0602;14
0603;22
0604;21
0605;20
0606;21
0607;22
0608;13
0609;16
0610;25
0611;13
0612;13
0613;16
0614;12
0615;13
0616;24
0617;18
0618;22
0619;19
0620;18
0621;16
0622;15
0623;11
0624;13
0625;15
0626;18
0627;14
0628;12
0629;15
0630;11
0701;13
0702;7
0703;15
0704;8
0705;16
0706;16
0707;21
0708;17
0709;19
0710;12
0711;12
0712;23
0713;13
0714;17
0715;16
0716;13
0717;13
0718;19
0719;10
0720;13
0721;20
0722;22
0723;15
0724;18
0725;11
0726;15
0727;11
0728;8
0729;18
0730;12
0731;13
0801;9
0802;14
0803;20
0804;10
0805;11
0806;8
0807;19
0808;12
0809;17
0810;8
0811;14
0812;11
0813;18
0814;15
0815;7
0816;18
0817;16
0818;11
0819;20
0820;12
0821;8
0822;14
0823;22
0824;10
0825;16
0826;10
0827;14
0828;11
0829;16
0830;15
0831;14
0901;11
0902;18
0903;15
0904;11
0905;9
0906;16
0907;13
0908;18
0909;16
0910;17
0911;20
0912;16
0913;13
0914;17
0915;16
0916;14
0917;17
0918;17
0919;20
0920;18
0921;18
0922;13
0923;9
0924;11
0925;14
0926;12
0927;16
0928;8
0929;14
0930;16
1001;19
1002;15
1003;16
1004;17
1005;20
1006;14
1007;16
1008;7
1009;13
1010;20
1011;26
1012;20
1013;14
1014;17
1015;22
1016;16
1017;17
1018;20
1019;18
1020;19
1021;13
1022;13
1023;21
1024;17
1025;16
1026;16
1027;16
1028;15
1029;13
1030;18
1031;12
1101;13
1102;15
1103;16
1104;16
1105;12
1106;8
1107;17
1108;8
1109;17
1110;12
1111;20
1112;14
1113;17
1114;15
1115;17
1116;17
1117;18
1118;19
1119;20
1120;15
1121;18
1122;20
1123;24
1124;14
1125;21
1126;23
1127;18
1128;21
1129;18
1130;29
1201;21
1202;32
1203;33
1204;37
1205;39
1206;29
1207;21
1208;28
1209;24
1210;46
1211;20
1212;38
1213;45
1214;48
1215;26
1216;39
1217;36
1218;46
1219;25
1220;54
1221;38
1222;28
1223;32
1224;47
1225;38
1226;38
1227;49
1228;32
1229;32
1230;37
1231;36
