0101;31
0102;36
0103;25
0104;35
0105;35
0106;44
0107;22
0108;36
0109;34
0110;42
0111;41
0112;35
0113;27
0114;35
0115;28
0116;26
0117;29
0118;26
0119;27
0120;34
0121;39
0122;36
0123;28
0124;26
0125;32
0126;27
0127;25
0128;19
0129;20
0130;22
0131;13
0201;17
0202;14
0203;15
0204;16
0205;26
0206;16
0207;15
0208;16
0209;15
0210;10
0211;8
0212;16
0213;7
0214;9
0215;6
0216;8
0217;7
0218;10
0219;9
0220;11
0221;7
0222;16
0223;5
0224;6
0225;8
0226;14
0227;11
0228;12
0301;26
0302;23
0303;14
0304;25
0305;12
0306;17
0307;23
0308;20
0309;24
0310;22
0311;19
0312;20
0313;23
0314;33
0315;31
0316;30
0317;29
0318;26
0319;23
0320;39
0321;25
0322;26
0323;33
0324;26
0325;26
0326;25
0327;33
0328;34
0329;37
0330;40
0331;33
0401;18
0402;32
0403;20
0404;42
0405;29
0406;20
0407;33
0408;27
0409;20
0410;26
0411;23
0412;41
0413;30
0414;28
0415;23
0416;37
0417;33
0418;24
0419;24
0420;21
0421;32
0422;26
0423;36
0424;34
0425;19
0426;27
0427;22
0428;34
0429;29
0430;24
0501;36
0502;37
0503;29
0504;14
0505;35
0506;31
0507;16
0508;22
0509;22
0510;29
0511;34
0512;24
0513;17
0514;23
0515;33
0516;19
0517;29
0518;31
0519;30
0520;23
0521;31
0522;37
0523;26
0524;29
0525;31
0526;27
0527;22
0528;41
0529;38
0530;33
0531;33
0601;24
0602;28
0603;21
0604;33
0605;21
0606;25
0607;36
0608;20
0609;24
0610;34
0611;23
0612;28
0613;23
0614;19
0615;23
0616;29
0617;22
0618;24
0619;30
0620;39
0621;31
0622;27
0623;15
0624;26
0625;19
0626;23
0627;31
0628;19
0629;33
0630;26
0701;31
0702;26
0703;22
0704;25
0705;33
0706;28
0707;25
0708;23
0709;31
0710;18
0711;25
0712;26
0713;29
0714;26
0715;15
0716;33
0717;33
0718;36
0719;32
0720;29
0721;37
0722;33
0723;31
0724;33
0725;28
0726;37
0727;27
0728;19
0729;23
0730;28
0731;34
0801;26
0802;27
0803;22
0804;22
0805;29
0806;25
0807;32
0808;34
0809;30
0810;30
0811;28
0812;28
0813;19
0814;22
0815;26
0816;29
0817;36
0818;24
0819;22
0820;15
0821;32
0822;29
0823;23
0824;28
0825;26
0826;34
0827;27
0828;23
0829;24
0830;15
0831;34
0901;16
0902;19
0903;26
0904;19
0905;33
0906;34
0907;27
0908;29
0909;27
0910;33
0911;29
0912;33
0913;24
0914;21
0915;25
0916;36
0917;27
0918;23
0919;35
0920;29
0921;34
0922;41
0923;41
0924;27
0925;35
0926;20
0927;18
0928;26
0929;30
0930;31
1001;27
1002;43
1003;31
1004;51
1005;33
1006;54
1007;36
1008;33
1009;24
1010;54
1011;49
1012;31
1013;42
1014;32
1015;29
1016;50
1017;39
1018;35
1019;49
1020;54
1021;34
1022;44
1023;40
1024;42
1025;43
1026;38
1027;32
1028;35
1029;48
1030;52
1031;37
1101;54
1102;38
1103;45
1104;29
1105;29
1106;57
1107;32
1108;38
1109;30
1110;36
1111;31
1112;45
1113;52
1114;54
1115;35
1116;46
1117;50
1118;52
1119;48
1120;42
1121;38
1122;34
1123;37
1124;43
1125;41
1126;27
1127;48
1128;57
1129;29
1130;61
1201;79
1202;57
1203;62
1204;63
1205;61
1206;63
1207;71
1208;90
1209;63
1210;75
1211;62
1212;58
1213;95
1214;78
1215;65
1216;80
1217;70
1218;91
1219;76
1220;85
1221;80
1222;68
1223;60
1224;66
1225;82
1226;60
1227;75
1228;80
1229;85
1230;110
1231;92
