0101;6
0102;7
0103;4
0104;6
0105;6
0106;7
0107;3
0108;5
0109;2
0110;5
0111;7
0112;7
0113;6
0114;5
0115;6
0116;8
0117;4
0118;2
0119;11
0120;8
0121;7
0122;5
0123;4
0124;5
0125;2
0126;4
0127;7
0128;3
0129;2
0130;4
0131;9
0201;4
0202;5
0203;5
0204;2
0205;6
0206;9
0207;8
0208;11
0209;8
0210;9
0211;6
0212;4
0213;6
0214;6
0215;7
0216;5
0217;5
0218;4
0219;9
0220;4
0221;7
0222;9
0223;7
0224;6
0225;4
0226;6
0227;4
0228;4
0301;5
0302;4
0303;5
0304;3
0305;5
0306;6
0307;5
0308;8
0309;3
0310;4
0311;8
0312;5
0313;4
0314;10
0315;1
0316;8
0317;6
0318;4
0319;1
0320;10
0321;4
0322;5
0323;1
0324;4
0325;4
0326;4
0327;6
0328;5
0329;5
0330;11
0331;5
0401;3
0402;4
0403;11
0404;7
0405;6
0406;7
0407;5
0408;6
0409;6
0410;6
0411;8
0412;6
0413;5
0414;11
0415;6
0416;6
0417;9
0418;7
0419;4
0420;6
0421;6
0422;6
0423;7
0424;4
0425;3
0426;3
0427;4
0428;5
0429;8
0430;5
0501;6
0502;8
0503;6
0504;3
0505;7
0506;3
0507;4
0508;5
0509;6
0510;6
0511;5
0512;4
0513;8
0514;1
0515;3
0516;3
0517;6
0518;2
0519;4
0520;5
0521;8
0522;1
0523;2
0524;2
0525;6
0526;2
0527;2
0528;4
0529;7
0530;3
0531;2
0601;2
0602;5
0603;4
0604;6
0605;6
0606;1
0607;4
0608;4
0609;4
0610;7
0611;1
0612;5
0613;6
0614;3
0615;4
0616;7
0617;3
0618;6
0619;5
0620;7
0621;10
0622;4
0623;6
0624;8
0625;11
0626;4
0627;4
0628;6
0629;4
0630;1
0701;6
0702;7
0703;4
0704;2
0705;4
0706;8
0707;7
0708;3
0709;7
0710;3
0711;4
0712;2
0713;4
0714;5
0715;4
0716;6
0717;6
0718;5
0720;5
0721;7
0722;8
0723;8
0724;6
0725;6
0727;4
0728;1
0729;7
0730;7
0731;5
0801;3
0802;7
0803;3
0804;6
0805;3
0806;1
0807;2
0808;4
0809;2
0810;7
0811;8
0812;6
0813;6
0814;8
0815;7
0816;3
0817;3
0818;4
0819;2
0820;3
0821;4
0822;6
0823;3
0824;2
0825;6
0826;5
0827;3
0828;1
0829;3
0830;4
0831;7
0901;9
0902;7
0903;2
0904;3
0905;5
0906;5
0907;6
0908;5
0909;7
0910;4
0911;6
0912;5
0913;3
0914;9
0915;8
0916;9
0917;3
0918;3
0919;5
0920;4
0921;3
0922;8
0923;6
0924;4
0925;3
0926;7
0927;5
0928;3
0929;6
0930;5
1001;5
1002;4
1003;2
1004;2
1005;5
1006;3
1007;3
1008;4
1009;4
1010;8
1011;2
1012;2
1013;2
1014;4
1016;5
1017;3
1018;10
1019;8
1020;4
1021;1
1022;8
1023;8
1025;7
1026;7
1027;4
1028;1
1029;3
1030;5
1031;8
1101;5
1102;7
1103;8
1104;2
1105;4
1106;7
1107;5
1108;5
1109;3
1110;7
1111;5
1112;4
1113;6
1114;2
1115;1
1116;7
1117;8
1119;6
1120;2
1121;6
1122;7
1123;4
1124;4
1125;5
1126;5
1127;4
1128;7
1129;2
1130;9
1201;7
1202;7
1203;9
1204;12
1205;10
1206;3
1207;11
1208;12
1209;15
1210;23
1211;10
1212;12
1213;15
1214;19
1215;24
1216;6
1217;15
1218;15
1219;12
1220;8
1221;16
1222;8
1223;14
1224;10
1225;17
1226;18
1227;14
1228;18
1229;12
1230;12
1231;3
