0101;3
0102;12
0103;11
0104;7
0105;10
0106;13
0107;18
0108;12
0109;12
0110;10
0111;3
0112;11
0113;5
0114;10
0115;9
0116;8
0117;12
0118;9
0119;7
0120;13
0121;18
0122;12
0123;13
0124;10
0125;7
0126;8
0127;7
0128;11
0129;7
0130;10
0131;14
0201;5
0202;7
0203;13
0204;15
0205;13
0206;8
0207;5
0208;18
0209;9
0210;8
0211;15
0212;10
0213;9
0214;7
0215;18
0216;7
0217;8
0218;7
0219;12
0220;11
0221;13
0222;11
0223;12
0224;7
0225;10
0226;11
0227;15
0228;8
0301;8
0302;10
0303;11
0304;7
0305;11
0306;19
0307;3
0308;8
0309;7
0310;11
0311;12
0312;8
0313;13
0314;10
0315;9
0316;14
0317;10
0318;6
0319;6
0320;7
0321;13
0322;9
0323;16
0324;8
0325;6
0326;11
0327;15
0328;14
0329;12
0330;10
0331;7
0401;10
0402;10
0403;11
0404;11
0405;9
0406;13
0407;14
0408;10
0409;10
0410;8
0411;7
0412;10
0413;9
0414;8
0415;13
0416;14
0417;10
0418;11
0419;9
0420;8
0421;8
0422;13
0423;8
0424;11
0425;15
0426;10
0427;10
0428;16
0429;7
0430;9
0501;11
0502;11
0503;5
0504;8
0505;14
0506;12
0507;13
0508;9
0509;9
0510;13
0511;11
0512;10
0513;7
0514;9
0515;8
0516;5
0517;11
0518;8
0519;8
0520;11
0521;6
0522;11
0523;9
0524;11
0525;9
0526;15
0527;5
0528;10
0529;9
0530;9
0531;10
0601;8
0602;12
0603;7
0604;8
0605;5
0606;8
0607;13
0608;17
0609;17
0610;16
0611;13
0612;8
0613;10
0614;8
0615;13
0616;7
0617;15
0618;10
0619;11
0620;16
0621;6
0622;12
0623;9
0624;8
0625;7
0626;12
0627;12
0628;10
0629;4
0630;6
0701;12
0702;5
0703;11
0704;4
0705;8
0706;8
0707;14
0708;8
0709;4
0710;12
0711;11
0712;14
0713;4
0714;9
0715;2
0716;11
0717;6
0718;6
0719;14
0720;12
0721;5
0722;9
0723;3
0724;13
0725;10
0726;4
0727;16
0728;9
0729;9
0730;12
0731;15
0801;3
0802;4
0803;12
0804;6
0805;9
0806;4
0807;13
0808;6
0809;10
0810;10
0811;9
0812;12
0813;13
0814;9
0815;13
0816;9
0817;7
0818;11
0819;13
0820;12
0821;12
0822;9
0823;3
0824;10
0825;6
0826;13
0827;10
0828;2
0829;8
0830;5
0831;4
0901;12
0902;12
0903;15
0904;7
0905;7
0906;8
0907;14
0908;8
0909;12
0910;8
0911;6
0912;6
0913;11
0914;7
0915;5
0916;7
0917;6
0918;9
0919;9
0920;15
0921;7
0922;11
0923;8
0924;14
0925;10
0926;5
0927;11
0928;17
0929;11
0930;6
1001;11
1002;9
1003;15
1004;14
1005;7
1006;9
1007;17
1008;7
1009;5
1010;13
1011;9
1012;16
1013;13
1014;16
1015;12
1016;10
1017;5
1018;9
1019;10
1020;17
1021;12
1022;12
1023;11
1024;10
1025;13
1026;11
1027;13
1028;18
1029;7
1030;13
1031;10
1101;19
1102;12
1103;16
1104;7
1105;10
1106;8
1107;8
1108;10
1109;8
1110;20
1111;12
1112;13
1113;11
1114;8
1115;9
1116;11
1117;13
1118;9
1119;8
1120;13
1121;6
1122;20
1123;14
1124;11
1125;5
1126;10
1127;12
1128;14
1129;10
1130;14
1201;15
1202;24
1203;31
1204;13
1205;9
1206;19
1207;14
1208;27
1209;18
1210;16
1211;23
1212;18
1213;16
1214;23
1215;29
1216;39
1217;30
1218;25
1219;16
1220;17
1221;24
1222;31
1223;29
1224;31
1225;44
1226;18
1227;35
1228;27
1229;25
1230;28
1231;24
