0101;27
0102;19
0103;20
0104;21
0105;16
0106;16
0107;20
0108;25
0109;28
0110;16
0111;22
0112;21
0113;19
0114;16
0115;29
0116;20
0117;17
0118;25
0119;15
0120;22
0121;21
0122;15
0123;22
0124;17
0125;20
0126;25
0127;21
0128;15
0129;16
0130;23
0131;20
0201;18
0202;28
0203;13
0204;29
0205;18
0206;18
0207;21
0208;23
0209;20
0210;17
0211;13
0212;17
0213;24
0214;18
0215;17
0216;28
0217;23
0218;14
0219;25
0220;20
0221;15
0222;13
0223;15
0224;24
0225;25
0226;20
0227;19
0228;19
0301;20
0302;15
0303;22
0304;21
0305;14
0306;16
0307;19
0308;16
0309;14
0310;20
0311;23
0312;13
0313;12
0314;23
0315;21
0316;11
0317;20
0318;18
0319;25
0320;25
0321;21
0322;7
0323;21
0324;18
0325;21
0326;17
0327;26
0328;24
0329;23
0330;13
0331;15
0401;22
0402;18
0403;10
0404;24
0405;33
0406;19
0407;19
0408;24
0409;16
0410;18
0411;20
0412;10
0413;19
0414;13
0415;15
0416;16
0417;10
0418;24
0419;24
0420;13
0421;18
0422;15
0423;11
0424;16
0425;14
0426;22
0427;10
0428;14
0429;20
0430;14
0501;17
0502;21
0503;14
0504;22
0505;12
0506;19
0507;15
0508;15
0509;15
0510;14
0511;14
0512;17
0513;9
0514;15
0515;23
0516;16
0517;17
0518;21
0519;15
0520;19
0521;16
0522;16
0523;12
0524;15
0525;9
0526;16
0527;19
0528;17
0529;9
0530;14
0531;14
0601;19
0602;19
0603;11
0604;22
0605;16
0606;15
0607;17
0608;22
0609;19
0610;30
0611;24
0612;23
0613;16
0614;13
0615;22
0616;14
0617;13
0618;12
0619;22
0620;16
0621;16
0622;18
0623;22
0624;18
0625;18
0626;26
0627;14
0628;15
0629;14
0630;12
0701;17
0702;15
0703;10
0704;14
0705;14
0706;19
0707;19
0708;16
0709;15
0710;8
0711;12
0712;18
0713;15
0714;18
0715;19
0716;23
0717;13
0718;12
0719;13
0720;18
0721;23
0722;20
0723;21
0724;18
0725;14
0726;15
0727;16
0728;16
0729;19
0730;17
0731;20
0801;17
0802;21
0803;13
0804;13
0805;16
0806;21
0807;21
0808;24
0809;17
0810;14
0811;21
0812;17
0813;15
0814;23
0815;20
0816;15
0817;17
0818;20
0819;20
0820;17
0821;27
0822;16
0823;20
0824;16
0825;19
0826;21
0827;12
0828;17
0829;18
0830;26
0831;22
0901;16
0902;15
0903;11
0904;10
0905;14
0906;26
0907;14
0908;22
0909;13
0910;20
0911;14
0912;16
0913;19
0914;17
0915;17
0916;13
0917;23
0918;18
0919;24
0920;13
0921;22
0922;23
0923;22
0924;19
0925;16
0926;22
0927;23
0928;26
0929;13
0930;16
1001;23
1002;15
1003;13
1004;24
1005;29
1006;23
1007;23
1008;31
1009;21
1010;17
1011;19
1012;30
1013;20
1014;14
1015;17
1016;18
1017;18
1018;20
1019;22
1020;22
1021;13
1022;26
1023;27
1024;21
1025;16
1026;21
1027;30
1028;28
1029;17
1030;24
1031;12
1101;19
1102;37
1103;23
1104;28
1105;24
1106;24
1107;17
1108;32
1109;22
1110;30
1111;30
1112;23
1113;32
1114;13
1115;19
1116;17
1117;19
1118;21
1119;23
1120;25
1121;15
1122;14
1123;24
1124;25
1125;23
1126;23
1127;30
1128;22
1129;18
1130;17
1201;36
1202;38
1203;32
1204;24
1205;64
1206;46
1207;39
1208;42
1209;41
1210;45
1211;40
1212;71
1213;66
1214;55
1215;47
1216;58
1217;46
1218;59
1219;44
1220;40
1221;62
1222;55
1223;49
1224;59
1225;54
1226;48
1227;62
1228;50
1229;44
1230;55
1231;41
