0101;19
0102;9
0103;23
0104;18
0105;17
0106;18
0107;19
0108;21
0109;12
0110;15
0111;20
0112;9
0113;15
0114;14
0115;11
0116;12
0117;17
0118;13
0119;10
0120;10
0121;12
0122;9
0123;14
0124;17
0125;14
0126;17
0127;16
0128;15
0129;16
0130;9
0131;14
0201;18
0202;21
0203;6
0204;15
0205;10
0206;15
0207;18
0208;17
0209;8
0210;12
0211;12
0212;11
0213;15
0214;12
0215;10
0216;20
0217;7
0218;16
0219;8
0220;10
0221;21
0222;16
0223;14
0224;18
0225;13
0226;15
0227;8
0228;23
0301;10
0302;14
0303;17
0304;16
0305;13
0306;11
0307;9
0308;15
0309;10
0310;13
0311;11
0312;16
0313;13
0314;19
0315;16
0316;13
0317;9
0318;12
0319;12
0320;8
0321;11
0322;8
0323;18
0324;12
0325;12
0326;7
0327;18
0328;16
0329;14
0330;18
0331;12
0401;12
0402;10
0403;19
0404;14
0405;19
0406;10
0407;9
0408;14
0409;15
0410;17
0411;11
0412;11
0413;18
0414;11
0415;14
0416;15
0417;14
0418;10
0419;15
0420;7
0421;12
0422;18
0423;9
0424;14
0425;15
0426;11
0427;15
0428;13
0429;9
0430;14
0501;19
0502;16
0503;21
0504;12
0505;15
0506;13
0507;5
0508;10
0509;16
0510;13
0511;11
0512;18
0513;7
0514;11
0515;17
0516;14
0517;10
0518;12
0519;15
0520;12
0521;22
0522;19
0523;8
0524;11
0525;9
0526;12
0527;18
0528;9
0529;13
0530;7
0531;16
0601;11
0602;10
0603;12
0604;9
0605;11
0606;13
0607;8
0608;13
0609;10
0610;15
0611;9
0612;10
0613;14
0614;15
0615;10
0616;16
0617;7
0618;19
0619;11
0620;10
0621;12
0622;13
0623;13
0624;12
0625;14
0626;12
0627;9
0628;15
0629;10
0630;15
0701;5
0702;12
0703;13
0704;8
0705;12
0706;14
0707;9
0708;11
0709;10
0710;12
0711;13
0712;14
0713;5
0714;6
0715;18
0716;14
0717;16
0718;8
0719;13
0720;6
0721;17
0722;18
0723;21
0724;15
0725;13
0726;11
0727;13
0728;9
0729;15
0730;18
0731;9
0801;9
0802;9
0803;15
0804;9
0805;6
0806;12
0807;5
0808;9
0809;11
0810;8
0811;8
0812;12
0813;10
0814;7
0815;12
0816;6
0817;15
0818;16
0819;18
0820;7
0821;11
0822;15
0823;11
0824;16
0825;10
0826;13
0827;14
0828;13
0829;16
0830;9
0831;18
0901;15
0902;18
0903;5
0904;7
0905;17
0906;10
0907;8
0908;13
0909;7
0910;13
0911;10
0912;15
0913;9
0914;9
0915;13
0916;12
0917;8
0918;10
0919;5
0920;11
0921;17
0922;22
0923;6
0924;17
0925;9
0926;6
0927;11
0928;5
0929;10
0930;10
1001;12
1002;10
1003;16
1004;17
1005;12
1006;18
1007;14
1008;12
1009;14
1010;6
1011;13
1012;14
1013;20
1014;11
1015;14
1016;14
1017;18
1018;12
1019;15
1020;9
1021;14
1022;18
1023;16
1024;9
1025;15
1026;15
1027;11
1028;9
1029;12
1030;13
1031;19
1101;20
1102;22
1103;33
1104;23
1105;20
1106;26
1107;5
1108;26
1109;6
1110;31
1111;30
1112;30
1113;34
1114;28
1115;16
1116;25
1117;17
1118;18
1119;26
1120;26
1121;14
1122;13
1123;14
1124;11
1125;16
1126;27
1127;18
1128;13
1129;18
1130;31
1201;31
1202;10
1203;23
1204;20
1205;23
1206;18
1207;30
1208;27
1209;30
1210;18
1211;28
1212;26
1213;34
1214;33
1215;36
1216;26
1217;24
1218;32
1219;20
1220;20
1221;20
1222;42
1223;28
1224;28
1225;10
1226;36
1227;22
1228;28
1229;34
1230;44
1231;30
