0101;3
0102;3
0103;1
0104;2
0105;4
0106;6
0107;5
0108;5
0109;2
0110;2
0111;2
0112;4
0113;1
0114;2
0115;1
0116;2
0117;5
0118;7
0119;2
0120;6
0121;3
0122;2
0123;1
0125;5
0126;3
0128;2
0129;1
0130;4
0131;2
0201;5
0202;5
0203;1
0204;5
0205;4
0206;3
0207;1
0208;5
0209;1
0210;1
0212;5
0213;4
0214;4
0215;1
0216;4
0217;1
0218;1
0219;2
0220;2
0221;5
0222;5
0223;1
0224;3
0226;3
0227;7
0228;3
0301;3
0302;3
0304;1
0305;2
0306;3
0307;4
0308;16
0309;2
0310;1
0311;4
0312;2
0313;2
0314;1
0315;1
0316;1
0317;3
0318;3
0319;3
0320;2
0321;4
0322;2
0323;4
0324;3
0325;4
0326;2
0327;2
0328;1
0329;3
0330;1
0331;2
0401;7
0402;1
0403;4
0404;3
0405;2
0406;2
0407;5
0408;5
0409;3
0410;3
0411;1
0412;3
0413;8
0414;2
0416;4
0417;2
0418;3
0419;3
0420;1
0421;1
0423;5
0424;4
0425;1
0426;2
0427;2
0428;3
0429;1
0430;2
0501;3
0502;3
0503;1
0504;3
0505;1
0506;5
0507;6
0508;1
0509;5
0510;1
0511;2
0513;1
0514;4
0515;4
0516;2
0517;5
0518;2
0519;6
0520;1
0521;1
0523;4
0524;6
0525;8
0526;4
0527;2
0528;2
0529;2
0530;1
0531;2
0601;1
0602;1
0603;2
0604;3
0605;1
0606;6
0607;5
0608;1
0609;2
0610;1
0611;5
0613;1
0614;4
0615;3
0616;2
0617;4
0618;3
0619;1
0620;2
0621;3
0622;3
0623;3
0624;3
0625;5
0626;5
0627;4
0628;1
0630;2
0701;2
0702;3
0704;2
0705;1
0707;3
0708;2
0710;1
0711;1
0712;3
0713;4
0714;2
0715;1
0716;4
0718;3
0719;1
0720;6
0721;2
0722;1
0723;4
0724;2
0725;3
0726;2
0727;4
0728;1
0729;3
0730;5
0731;4
0801;4
0802;2
0803;1
0804;2
0805;2
0806;2
0807;2
0808;3
0809;4
0810;2
0811;1
0812;3
0813;2
0814;2
0816;3
0817;3
0818;2
0819;1
0820;3
0821;3
0822;2
0823;4
0824;1
0825;1
0826;4
0827;1
0828;7
0829;1
0830;2
0831;1
0901;5
0902;4
0903;2
0904;2
0905;4
0906;1
0907;1
0908;3
0909;2
0910;1
0911;3
0912;5
0913;2
0914;2
0915;3
0916;2
0917;7
0918;4
0919;6
0920;3
0921;1
0922;6
0923;1
0924;2
0925;5
0926;1
0927;1
0928;3
0929;2
0930;1
1001;4
1002;2
1003;2
1004;1
1005;3
1006;2
1007;2
1008;4
1009;2
1010;6
1011;5
1012;3
1013;3
1014;4
1015;3
1016;2
1017;1
1018;4
1019;2
1020;2
1022;1
1023;2
1024;7
1025;2
1027;3
1028;4
1029;1
1030;1
1031;1
1101;1
1102;1
1104;3
1105;2
1106;2
1107;1
1108;2
1109;1
1110;2
1111;3
1112;1
1113;3
1114;4
1115;3
1116;2
1117;4
1118;3
1119;5
1120;1
1121;3
1122;1
1123;3
1124;8
1125;2
1126;4
1127;1
1128;4
1129;4
1130;13
1201;2
1203;3
1204;1
1205;3
1206;4
1207;4
1208;8
1209;9
1210;10
1211;15
1212;15
1213;12
1214;10
1215;10
1216;8
1217;4
1218;8
1219;12
1220;11
1221;16
1222;15
1223;8
1224;4
1225;16
1226;10
1227;8
1228;2
1229;4
1230;9
1231;4
