0101;23
0102;26
0103;39
0104;24
0105;38
0106;29
0107;24
0108;24
0109;33
0110;26
0111;26
0112;33
0113;37
0114;35
0115;30
0116;20
0117;25
0118;27
0119;29
0120;28
0121;31
0122;35
0123;24
0124;41
0125;34
0126;34
0127;28
0128;20
0129;23
0130;32
0131;24
0201;23
0202;23
0203;28
0204;26
0205;21
0206;17
0207;26
0208;27
0209;30
0210;27
0211;24
0212;32
0213;25
0214;28
0215;25
0216;25
0217;25
0218;30
0219;23
0220;29
0221;20
0222;18
0223;20
0224;32
0225;27
0226;26
0227;24
0228;38
0301;28
0302;20
0303;26
0304;20
0305;16
0306;24
0307;33
0308;25
0309;28
0310;31
0311;14
0312;16
0313;20
0314;24
0315;28
0316;27
0317;18
0318;22
0319;26
0320;24
0321;27
0322;30
0323;25
0324;26
0325;17
0326;27
0327;28
0328;28
0329;18
0330;27
0331;23
0401;38
0402;23
0403;17
0404;23
0405;31
0406;24
0407;29
0408;16
0409;23
0410;30
0411;20
0412;24
0413;26
0414;15
0415;19
0416;25
0417;20
0418;20
0419;26
0420;22
0421;15
0422;18
0423;21
0424;28
0425;34
0426;16
0427;33
0428;28
0429;25
0430;33
0501;22
0502;24
0503;20
0504;23
0505;31
0506;28
0507;20
0508;23
0509;23
0510;27
0511;33
0512;23
0513;27
0514;27
0515;23
0516;22
0517;19
0518;26
0519;19
0520;27
0521;24
0522;27
0523;26
0524;28
0525;25
0526;30
0527;22
0528;14
0529;23
0530;22
0531;25
0601;28
0602;23
0603;25
0604;28
0605;29
0606;22
0607;35
0608;20
0609;25
0610;26
0611;26
0612;21
0613;31
0614;14
0615;25
0616;30
0617;28
0618;30
0619;28
0620;26
0621;21
0622;24
0623;25
0624;30
0625;24
0626;20
0627;25
0628;17
0629;25
0630;30
0701;29
0702;14
0703;16
0704;24
0705;23
0706;28
0707;37
0708;21
0709;21
0710;19
0711;26
0712;22
0713;27
0714;22
0715;20
0716;21
0717;24
0718;32
0719;14
0720;20
0721;24
0722;24
0723;35
0724;28
0725;34
0726;20
0727;24
0728;16
0729;25
0730;29
0731;14
0801;22
0802;29
0803;25
0804;23
0805;18
0806;23
0807;23
0808;19
0809;17
0810;31
0811;12
0812;23
0813;23
0814;12
0815;20
0816;24
0817;15
0818;19
0819;20
0820;16
0821;27
0822;16
0823;27
0824;31
0825;22
0826;16
0827;20
0828;16
0829;24
0830;24
0831;30
0901;23
0902;15
0903;32
0904;23
0905;25
0906;15
0907;21
0908;28
0909;21
0910;27
0911;19
0912;27
0913;23
0914;19
0915;18
0916;26
0917;25
0918;27
0919;28
0920;31
0921;27
0922;22
0923;17
0924;21
0925;20
0926;23
0927;20
0928;28
0929;23
0930;21
1001;21
1002;21
1003;20
1004;13
1005;21
1006;30
1007;25
1008;23
1009;34
1010;25
1011;30
1012;34
1013;28
1014;24
1015;26
1016;32
1017;22
1018;24
1019;32
1020;28
1021;31
1022;26
1023;32
1024;26
1025;25
1026;29
1027;24
1028;30
1029;24
1030;25
1031;35
1101;17
1102;40
1103;37
1104;47
1105;29
1106;31
1107;27
1108;35
1109;30
1110;27
1111;45
1112;43
1113;43
1114;48
1115;42
1116;35
1117;53
1118;43
1119;40
1120;33
1121;56
1122;35
1123;23
1124;44
1125;52
1126;59
1127;57
1128;64
1129;57
1130;68
1201;74
1202;87
1203;76
1204;45
1205;49
1206;68
1207;67
1208;58
1209;78
1210;65
1211;80
1212;85
1213;83
1214;82
1215;98
1216;89
1217;103
1218;86
1219;74
1220;96
1221;67
1222;81
1223;96
1224;55
1225;79
1226;62
1227;82
1228;89
1229;72
1230;76
1231;64
