0101;24
0102;16
0103;18
0104;29
0105;22
0106;30
0107;20
0108;18
0109;24
0110;21
0111;19
0112;23
0113;17
0114;16
0115;17
0116;18
0117;26
0118;17
0119;18
0120;22
0121;15
0122;21
0123;24
0124;16
0125;17
0126;23
0127;20
0128;21
0129;20
0130;20
0131;35
0201;21
0202;11
0203;24
0204;23
0205;14
0206;22
0207;18
0208;14
0209;24
0210;13
0211;23
0212;17
0213;19
0214;20
0215;15
0216;17
0217;23
0218;22
0219;26
0220;21
0221;22
0222;17
0223;17
0224;16
0225;21
0226;18
0227;21
0228;22
0301;30
0302;16
0303;22
0304;23
0305;25
0306;25
0307;27
0308;22
0309;19
0310;11
0311;23
0312;18
0313;18
0314;15
0315;17
0316;20
0317;16
0318;17
0319;18
0320;17
0321;15
0322;24
0323;11
0324;15
0325;19
0326;19
0327;25
0328;15
0329;9
0330;20
0331;15
0401;29
0402;20
0403;17
0404;20
0405;18
0406;28
0407;25
0408;21
0409;15
0410;21
0411;21
0412;17
0413;20
0414;12
0415;14
0416;21
0417;18
0418;10
0419;20
0420;19
0421;22
0422;29
0423;24
0424;22
0425;12
0426;22
0427;20
0428;16
0429;26
0430;26
0501;23
0502;20
0503;15
0504;22
0505;18
0506;17
0507;18
0508;20
0509;13
0510;18
0511;18
0512;18
0513;21
0514;11
0515;18
0516;25
0517;10
0518;22
0519;20
0520;15
0521;15
0522;21
0523;18
0524;17
0525;18
0526;21
0527;12
0528;26
0529;12
0530;15
0531;17
0601;19
0602;12
0603;18
0604;19
0605;11
0606;23
0607;15
0608;19
0609;16
0610;15
0611;20
0612;28
0613;20
0614;23
0615;19
0616;14
0617;14
0618;31
0619;14
0620;17
0621;20
0622;16
0623;14
0624;21
0625;24
0626;9
0627;23
0628;20
0629;19
0630;12
0701;14
0702;15
0703;12
0704;17
0705;18
0706;13
0707;14
0708;26
0709;7
0710;22
0711;14
0712;11
0713;14
0714;21
0715;11
0716;12
0717;14
0718;14
0719;11
0720;15
0721;12
0722;18
0723;17
0724;22
0725;18
0726;31
0727;21
0728;26
0729;22
0730;16
0731;23
0801;19
0802;18
0803;17
0804;18
0805;20
0806;17
0807;19
0808;24
0809;13
0810;43
0811;15
0812;28
0813;9
0814;16
0815;21
0816;14
0817;14
0818;14
0819;15
0820;14
0821;12
0822;14
0823;18
0824;15
0825;13
0826;12
0827;25
0828;24
0829;22
0830;14
0831;23
0901;16
0902;22
0903;21
0904;18
0905;16
0906;26
0907;13
0908;14
0909;23
0910;15
0911;19
0912;17
0913;15
0914;16
0915;35
0916;18
0917;23
0918;29
0919;18
0920;13
0921;25
0922;13
0923;17
0924;14
0925;20
0926;24
0927;27
0928;17
0929;26
0930;16
1001;31
1002;21
1003;24
1004;15
1005;20
1006;24
1007;22
1008;27
1009;14
1010;29
1011;15
1012;27
1013;29
1014;26
1015;18
1016;21
1017;23
1018;25
1019;20
1020;24
1021;28
1022;17
1023;21
1024;26
1025;32
1026;20
1027;18
1028;19
1029;17
1030;26
1031;30
1101;21
1102;29
1103;26
1104;16
1105;20
1106;16
1107;17
1108;31
1109;19
1110;19
1111;11
1112;11
1113;19
1114;21
1115;20
1116;26
1117;25
1118;16
1119;14
1120;32
1121;20
1122;29
1123;23
1124;18
1125;19
1126;26
1127;28
1128;38
1129;28
1130;37
1201;40
1202;48
1203;34
1204;56
1205;49
1206;39
1207;41
1208;47
1209;57
1210;62
1211;48
1212;49
1213;60
1214;78
1215;42
1216;40
1217;38
1218;51
1219;52
1220;43
1221;75
1222;67
1223;70
1224;62
1225;66
1226;86
1227;59
1228;45
1229;51
1230;43
1231;45
