0101;15
0102;13
0103;16
0104;16
0105;20
0106;17
0107;14
0108;7
0109;13
0110;11
0111;14
0112;7
0113;10
0114;12
0115;12
0116;11
0117;8
0118;6
0119;13
0120;11
0121;16
0122;16
0123;14
0124;10
0125;10
0126;7
0127;14
0128;11
0129;11
0130;14
0131;19
0201;14
0202;16
0203;16
0204;11
0205;7
0206;18
0207;9
0208;9
0209;11
0210;5
0211;16
0212;9
0213;2
0214;7
0215;13
0216;10
0217;7
0218;9
0219;16
0220;11
0221;16
0222;12
0223;9
0224;14
0225;9
0226;17
0227;13
0228;8
0229;9
0301;21
0302;12
0303;11
0304;12
0305;12
0306;12
0307;12
0308;18
0309;9
0310;15
0311;5
0312;14
0313;9
0314;14
0315;16
0316;14
0317;16
0318;15
0319;7
0320;11
0321;8
0322;11
0323;10
0324;11
0325;20
0326;19
0327;13
0328;13
0329;13
0330;18
0331;13
0401;10
0402;17
0403;11
0404;10
0405;14
0406;19
0407;16
0408;18
0409;9
0410;4
0411;9
0412;12
0413;10
0414;14
0415;11
0416;6
0417;19
0418;4
0419;15
0420;19
0421;6
0422;12
0423;9
0424;13
0425;11
0426;8
0427;6
0428;10
0429;17
0430;14
0501;12
0502;16
0503;14
0504;8
0505;12
0506;14
0507;9
0508;12
0509;13
0510;14
0511;18
0512;11
0513;8
0514;14
0515;14
0516;12
0517;10
0518;10
0519;9
0520;9
0521;15
0522;13
0523;4
0524;7
0525;14
0526;10
0527;12
0528;12
0529;14
0530;10
0531;10
0601;6
0602;11
0603;14
0604;22
0605;10
0606;10
0607;7
0608;9
0609;10
0610;14
0611;3
0612;8
0613;7
0614;15
0615;15
0616;10
0617;9
0618;15
0619;5
0620;6
0621;11
0622;11
0623;15
0624;14
0625;11
0626;7
0627;15
0628;7
0629;14
0630;10
0701;13
0702;15
0703;13
0704;13
0705;12
0706;6
0707;5
0708;7
0709;8
0710;10
0711;7
0712;11
0713;11
0714;5
0715;8
0716;24
0717;8
0718;10
0719;7
0720;14
0721;18
0722;15
0723;11
0724;11
0725;15
0726;12
0727;11
0728;10
0729;14
0730;10
0731;6
0801;19
0802;11
0803;15
0804;9
0805;14
0806;6
0807;3
0808;10
0809;6
0810;14
0811;4
0812;11
0813;15
0814;8
0815;10
0816;13
0817;10
0818;13
0819;8
0820;8
0821;13
0822;12
0823;12
0824;10
0825;12
0826;16
0827;14
0828;11
0829;7
0830;12
0831;9
0901;8
0902;8
0903;13
0904;9
0905;10
0906;12
0907;7
0908;13
0909;11
0910;12
0911;10
0912;11
0913;6
0914;9
0915;8
0916;5
0917;8
0918;11
0919;18
0920;8
0921;7
0922;8
0923;13
0924;10
0925;12
0926;14
0927;14
0928;18
0929;15
0930;11
1001;10
1002;15
1003;12
1004;14
1005;10
1006;11
1007;10
1008;15
1009;9
1010;8
1011;13
1012;20
1013;11
1014;13
1015;18
1016;11
1017;23
1018;12
1019;15
1020;14
1021;10
1022;16
1023;10
1024;11
1025;15
1026;14
1027;9
1028;15
1029;9
1030;17
1031;14
1101;11
1102;14
1103;13
1104;13
1105;13
1106;7
1107;7
1108;10
1109;11
1110;13
1111;8
1112;13
1113;12
1114;13
1115;14
1116;17
1117;11
1118;13
1119;9
1120;14
1121;10
1122;9
1123;18
1124;17
1125;7
1126;14
1127;18
1128;14
1129;13
1130;15
1201;14
1202;16
1203;7
1204;7
1205;12
1206;8
1207;13
1208;12
1209;13
1210;14
1211;14
1212;15
1213;8
1214;10
1215;15
1216;16
1217;11
1218;8
1219;22
1220;13
1221;19
1222;7
1223;25
1224;19
1225;13
1226;17
1227;15
1228;18
1229;20
1230;18
1231;15
