0101;8
0102;2
0103;7
0104;6
0105;5
0106;1
0107;4
0108;7
0109;7
0110;2
0111;6
0112;7
0113;12
0114;2
0115;4
0116;3
0117;6
0118;4
0119;7
0120;6
0121;5
0122;2
0123;6
0124;6
0125;4
0126;3
0127;7
0128;2
0129;6
0130;5
0131;2
0201;4
0202;5
0203;4
0204;2
0205;5
0206;4
0207;5
0208;4
0209;7
0210;6
0211;9
0212;3
0213;9
0214;8
0215;1
0216;4
0217;3
0218;3
0219;6
0220;3
0221;2
0222;8
0223;5
0224;8
0225;3
0226;3
0227;4
0228;5
0229;8
0301;3
0302;7
0303;6
0304;7
0305;3
0306;9
0307;6
0308;7
0309;2
0310;7
0311;9
0312;2
0313;10
0314;6
0315;3
0316;6
0317;7
0318;3
0319;5
0320;2
0321;3
0322;6
0323;3
0324;4
0325;6
0326;5
0327;2
0328;6
0329;7
0330;5
0331;9
0401;7
0402;2
0403;3
0404;5
0405;5
0406;5
0407;3
0408;6
0409;5
0410;6
0411;11
0412;6
0413;9
0414;6
0415;4
0416;4
0417;8
0418;3
0419;1
0420;5
0421;5
0422;2
0423;4
0424;6
0425;6
0426;4
0427;2
0428;6
0429;6
0430;3
0501;2
0502;5
0503;4
0504;5
0505;5
0506;2
0507;6
0508;5
0509;4
0510;8
0511;7
0512;3
0513;4
0514;3
0515;6
0516;1
0517;5
0518;4
0519;2
0520;6
0521;5
0522;2
0523;7
0524;2
0525;2
0526;3
0527;4
0528;4
0529;6
0530;9
0531;11
0601;6
0602;6
0603;3
0604;5
0605;2
0606;3
0607;6
0608;7
0609;2
0610;4
0611;2
0612;5
0613;3
0614;3
0615;2
0616;4
0617;5
0618;2
0619;5
0620;5
0621;4
0622;1
0623;3
0624;3
0625;5
0626;4
0627;16
0628;2
0629;4
0630;4
0701;5
0702;4
0703;2
0704;3
0705;6
0706;1
0707;5
0708;5
0709;3
0710;7
0711;6
0712;3
0713;4
0714;5
0715;7
0716;3
0717;5
0718;7
0719;4
0720;5
0721;4
0722;7
0723;3
0724;6
0725;6
0726;2
0727;4
0728;5
0729;4
0730;4
0731;4
0801;3
0802;4
0803;2
0804;5
0805;7
0806;3
0807;5
0808;2
0809;4
0810;5
0811;2
0812;3
0813;6
0814;1
0815;3
0816;4
0817;3
0818;6
0819;6
0820;7
0821;3
0822;5
0823;5
0824;6
0825;8
0826;1
0827;2
0828;7
0829;5
0830;5
0831;4
0901;2
0902;7
0903;10
0904;7
0905;9
0906;10
0907;4
0908;3
0909;4
0910;4
0911;6
0912;3
0913;3
0914;3
0915;8
0916;8
0917;7
0918;6
0919;5
0920;7
0921;6
0922;2
0923;2
0924;4
0925;4
0926;4
0927;3
0928;5
0929;3
0930;3
1001;9
1002;6
1003;5
1004;6
1005;2
1006;6
1007;6
1008;7
1009;4
1010;4
1011;5
1012;7
1013;6
1014;1
1015;7
1016;5
1017;3
1018;10
1019;2
1020;7
1021;9
1022;7
1023;3
1024;5
1025;1
1026;5
1027;5
1029;6
1030;2
1031;3
1101;6
1102;5
1103;4
1104;2
1105;4
1106;3
1107;1
1108;7
1109;3
1110;4
1111;4
1113;6
1114;7
1115;5
1116;2
1117;3
1118;7
1119;2
1120;4
1121;5
1122;7
1123;7
1124;3
1125;3
1126;4
1127;4
1128;1
1129;2
1130;8
1201;3
1202;6
1203;4
1204;4
1205;5
1206;8
1207;1
1208;2
1209;4
1210;2
1211;4
1212;8
1213;6
1214;5
1215;5
1216;4
1217;4
1218;9
1219;8
1220;7
1221;4
1222;6
1223;5
1224;7
1225;9
1226;4
1227;9
1228;3
1229;2
1230;6
1231;8
