0101;1
0102;4
0103;6
0104;3
0105;5
0106;4
0107;6
0108;4
0109;7
0110;6
0111;5
0112;4
0113;13
0114;6
0115;6
0116;3
0117;3
0118;2
0119;1
0120;3
0121;2
0122;3
0123;1
0124;7
0125;6
0126;8
0127;3
0128;5
0129;3
0130;4
0131;5
0201;10
0202;5
0203;1
0204;3
0205;5
0206;7
0207;2
0208;6
0209;2
0210;6
0211;3
0212;4
0213;8
0214;2
0215;3
0216;6
0217;1
0218;3
0219;3
0220;2
0221;2
0222;6
0223;3
0224;6
0225;5
0226;3
0227;3
0228;5
0229;7
0301;3
0302;2
0303;3
0304;5
0305;3
0306;4
0307;5
0308;5
0309;1
0310;8
0311;4
0312;4
0313;2
0314;2
0315;3
0316;12
0317;6
0318;7
0319;5
0320;3
0321;4
0322;5
0323;2
0324;5
0325;2
0326;4
0327;3
0328;1
0329;3
0330;6
0331;6
0401;4
0402;4
0403;7
0404;3
0405;8
0406;3
0407;3
0408;3
0409;4
0410;4
0411;4
0412;6
0413;9
0414;2
0415;3
0416;4
0417;4
0418;2
0419;1
0420;5
0421;3
0422;2
0423;5
0424;2
0425;3
0426;3
0427;3
0428;5
0429;5
0430;7
0501;3
0502;6
0503;6
0504;3
0505;2
0506;2
0507;2
0508;2
0509;3
0510;4
0511;6
0512;5
0513;2
0514;6
0515;1
0516;3
0517;3
0518;5
0519;6
0520;3
0521;6
0522;3
0524;4
0525;2
0526;8
0527;9
0528;5
0529;4
0530;7
0531;3
0601;3
0602;1
0603;2
0604;4
0605;2
0606;8
0607;7
0608;5
0609;4
0610;2
0611;3
0612;1
0613;3
0614;4
0615;4
0616;3
0617;4
0618;4
0619;2
0620;2
0621;5
0622;6
0623;3
0624;4
0625;4
0626;4
0627;5
0628;4
0629;2
0630;7
0701;3
0702;3
0703;4
0704;3
0705;5
0706;4
0707;6
0708;3
0709;2
0710;1
0711;2
0712;3
0713;4
0714;3
0715;2
0716;2
0717;6
0718;2
0719;5
0720;4
0721;2
0722;2
0723;5
0724;8
0725;4
0726;4
0727;2
0728;2
0729;9
0730;3
0731;3
0801;2
0802;2
0803;7
0804;5
0805;6
0806;5
0807;5
0808;5
0809;2
0811;3
0812;3
0813;4
0814;8
0815;5
0816;3
0817;4
0818;4
0819;5
0820;2
0821;2
0822;2
0823;5
0824;2
0825;7
0826;2
0827;6
0828;3
0829;3
0830;9
0831;4
0901;3
0902;4
0903;5
0904;4
0905;5
0906;6
0907;3
0908;7
0910;3
0911;3
0912;4
0913;5
0914;4
0915;1
0916;4
0917;4
0918;3
0919;3
0920;3
0921;3
0922;4
0923;2
0924;7
0926;7
0927;3
0928;7
0929;8
0930;5
1001;7
1002;2
1003;4
1004;4
1006;3
1007;3
1008;4
1009;6
1010;6
1011;3
1012;2
1013;4
1014;7
1015;5
1016;4
1017;6
1018;6
1019;12
1020;4
1021;4
1022;4
1023;8
1024;3
1025;3
1026;4
1027;2
1028;6
1029;2
1030;6
1031;6
1101;2
1103;5
1104;3
1105;2
1106;4
1107;8
1108;4
1109;3
1110;4
1111;1
1112;1
1113;8
1114;5
1115;6
1116;6
1117;3
1118;6
1119;2
1120;3
1121;5
1122;4
1123;9
1124;4
1125;2
1126;2
1127;8
1128;3
1129;6
1130;5
1201;2
1202;5
1203;2
1204;6
1205;1
1206;6
1207;4
1208;7
1209;2
1210;4
1212;3
1213;2
1214;6
1215;13
1216;4
1217;7
1218;7
1219;9
1220;7
1221;4
1222;4
1223;2
1224;5
1225;6
1226;4
1227;8
1228;3
1229;9
1230;9
1231;6
