0101;12
0102;9
0103;6
0104;7
0105;12
0106;13
0107;14
0108;13
0109;12
0110;9
0111;20
0112;19
0113;14
0114;14
0115;15
0116;15
0117;15
0118;14
0119;11
0120;11
0121;6
0122;8
0123;13
0124;9
0125;20
0126;12
0127;9
0128;12
0129;14
0130;6
0131;14
0201;11
0202;17
0203;10
0204;11
0205;11
0206;6
0207;8
0208;15
0209;8
0210;10
0211;10
0212;14
0213;14
0214;5
0215;14
0216;11
0217;17
0218;10
0219;11
0220;11
0221;14
0222;15
0223;10
0224;15
0225;14
0226;17
0227;12
0228;16
0229;10
0301;16
0302;16
0303;11
0304;16
0305;15
0306;11
0307;15
0308;10
0309;14
0310;12
0311;9
0312;12
0313;12
0314;11
0315;19
0316;14
0317;9
0318;17
0319;14
0320;8
0321;11
0322;16
0323;18
0324;8
0325;8
0326;16
0327;12
0328;10
0329;11
0330;13
0331;11
0401;7
0402;17
0403;6
0404;9
0405;11
0406;10
0407;14
0408;12
0409;6
0410;17
0411;6
0412;5
0413;11
0414;9
0415;12
0416;13
0417;14
0418;14
0419;8
0420;14
0421;7
0422;11
0423;10
0424;9
0425;11
0426;8
0427;14
0428;14
0429;14
0430;21
0501;9
0502;13
0503;7
0504;13
0505;12
0506;9
0507;17
0508;7
0509;9
0510;14
0511;16
0512;10
0513;10
0514;11
0515;16
0516;14
0517;11
0518;11
0519;10
0520;14
0521;7
0522;9
0523;15
0524;12
0525;3
0526;10
0527;10
0528;9
0529;8
0530;11
0531;11
0601;5
0602;11
0603;11
0604;11
0605;9
0606;14
0607;7
0608;13
0609;15
0610;10
0611;10
0612;14
0613;11
0614;9
0615;10
0616;12
0617;7
0618;5
0619;15
0620;14
0621;7
0622;9
0623;7
0624;12
0625;9
0626;6
0627;17
0628;15
0629;13
0630;13
0701;11
0702;10
0703;12
0704;10
0705;14
0706;11
0707;10
0708;10
0709;7
0710;14
0711;10
0712;13
0713;9
0714;12
0715;8
0716;9
0717;8
0718;13
0719;7
0720;12
0721;8
0722;14
0723;8
0724;11
0725;14
0726;10
0727;10
0728;15
0729;8
0730;8
0731;11
0801;10
0802;11
0803;8
0804;13
0805;8
0806;7
0807;9
0808;14
0809;14
0810;8
0811;11
0812;8
0813;6
0814;9
0815;8
0816;14
0817;16
0818;4
0819;12
0820;10
0821;11
0822;10
0823;11
0824;8
0825;9
0826;8
0827;7
0828;8
0829;9
0830;11
0831;13
0901;9
0902;12
0903;13
0904;5
0905;12
0906;14
0907;15
0908;9
0909;10
0910;18
0911;12
0912;17
0913;8
0914;9
0915;12
0916;10
0917;12
0918;9
0919;15
0920;15
0921;6
0922;9
0923;5
0924;8
0925;5
0926;8
0927;13
0928;10
0929;14
0930;8
1001;12
1002;13
1003;8
1004;15
1005;13
1006;7
1007;15
1008;15
1009;10
1010;11
1011;10
1012;13
1013;21
1014;7
1015;15
1016;9
1017;11
1018;8
1019;12
1020;11
1021;6
1022;11
1023;9
1024;11
1025;8
1026;16
1027;9
1028;7
1029;17
1030;10
1031;12
1101;16
1102;12
1103;12
1104;16
1105;6
1106;10
1107;11
1108;8
1109;14
1110;14
1111;13
1112;12
1113;11
1114;8
1115;14
1116;9
1117;15
1118;9
1119;14
1120;9
1121;12
1122;13
1123;14
1124;12
1125;15
1126;10
1127;18
1128;8
1129;15
1130;6
1201;7
1202;8
1203;13
1204;9
1205;13
1206;22
1207;8
1208;5
1209;10
1210;10
1211;9
1212;12
1213;16
1214;10
1215;5
1216;10
1217;11
1218;9
1219;20
1220;14
1221;12
1222;19
1223;10
1224;18
1225;18
1226;16
1227;13
1228;18
1229;20
1230;17
1231;12
