0101;5
0102;5
0103;7
0104;9
0105;11
0106;13
0107;11
0108;15
0109;6
0110;7
0111;12
0112;8
0113;8
0114;9
0115;15
0116;11
0117;18
0118;13
0119;8
0120;15
0121;13
0122;7
0123;5
0124;6
0125;10
0126;12
0127;12
0128;11
0129;17
0130;14
0131;7
0201;8
0202;11
0203;13
0204;9
0205;8
0206;7
0207;7
0208;3
0209;6
0210;16
0211;5
0212;6
0213;16
0214;12
0215;12
0216;13
0217;10
0218;8
0219;15
0220;17
0221;15
0222;13
0223;8
0224;13
0225;6
0226;10
0227;9
0228;7
0229;21
0301;11
0302;8
0303;13
0304;10
0305;14
0306;9
0307;12
0308;11
0309;7
0310;17
0311;4
0312;12
0313;9
0314;6
0315;10
0316;5
0317;8
0318;12
0319;10
0320;11
0321;11
0322;10
0323;14
0324;9
0325;13
0326;11
0327;8
0328;12
0329;17
0330;12
0331;6
0401;12
0402;11
0403;15
0404;11
0405;9
0406;3
0407;6
0408;8
0409;12
0410;12
0411;21
0412;9
0413;8
0414;7
0415;7
0416;12
0417;8
0418;7
0419;10
0420;11
0421;8
0422;14
0423;5
0424;7
0425;12
0426;10
0427;11
0428;10
0429;10
0430;12
0501;10
0502;9
0503;8
0504;6
0505;16
0506;6
0507;9
0508;11
0509;15
0510;8
0511;15
0512;9
0513;4
0514;4
0515;7
0516;11
0517;4
0518;10
0519;10
0520;10
0521;10
0522;6
0523;11
0524;5
0525;7
0526;6
0527;9
0528;15
0529;13
0530;8
0531;12
0601;5
0602;9
0603;6
0604;4
0605;11
0606;12
0607;7
0608;13
0609;6
0610;8
0611;10
0612;6
0613;14
0614;12
0615;9
0616;6
0617;10
0618;4
0619;8
0620;4
0621;8
0622;17
0623;9
0624;15
0625;3
0626;7
0627;8
0628;9
0629;7
0630;8
0701;8
0702;9
0703;5
0704;12
0705;20
0706;6
0707;11
0708;14
0709;6
0710;14
0711;9
0712;9
0713;7
0714;5
0715;8
0716;10
0717;5
0718;9
0719;7
0720;8
0721;8
0722;11
0723;5
0724;12
0725;13
0726;8
0727;8
0728;5
0729;9
0730;12
0731;10
0801;6
0802;6
0803;4
0804;9
0805;6
0806;6
0807;4
0808;11
0809;8
0810;6
0811;10
0812;9
0813;10
0814;7
0815;18
0816;2
0817;9
0818;7
0819;10
0820;6
0821;5
0822;8
0823;10
0824;5
0825;14
0826;4
0827;12
0828;11
0829;10
0830;8
0831;7
0901;11
0902;7
0903;7
0904;9
0905;6
0906;11
0907;10
0908;9
0909;5
0910;5
0911;10
0912;7
0913;9
0914;9
0915;6
0916;7
0917;9
0918;6
0919;14
0920;5
0921;13
0922;9
0923;9
0924;10
0925;10
0926;6
0927;9
0928;16
0929;6
0930;9
1001;10
1002;7
1003;11
1004;7
1005;8
1006;5
1007;9
1008;9
1009;4
1010;7
1011;9
1012;9
1013;15
1014;13
1015;9
1016;8
1017;7
1018;7
1019;9
1020;13
1021;10
1022;6
1023;5
1024;8
1025;12
1026;10
1027;6
1028;9
1029;5
1030;10
1031;8
1101;8
1102;12
1103;9
1104;16
1105;10
1106;11
1107;3
1108;7
1109;8
1110;6
1111;9
1112;8
1113;15
1114;12
1115;7
1116;10
1117;14
1118;10
1119;11
1120;12
1121;12
1122;12
1123;8
1124;7
1125;10
1126;4
1127;5
1128;14
1129;15
1130;6
1201;9
1202;10
1203;14
1204;9
1205;7
1206;9
1207;8
1208;9
1209;15
1210;10
1211;10
1212;10
1213;10
1214;10
1215;15
1216;12
1217;8
1218;6
1219;14
1220;9
1221;5
1222;10
1223;16
1224;10
1225;9
1226;15
1227;15
1228;9
1229;8
1230;13
1231;13
