0101;12
0102;17
0103;9
0104;12
0105;4
0106;12
0107;12
0108;10
0109;7
0110;15
0111;10
0112;9
0113;5
0114;8
0115;11
0116;10
0117;8
0118;14
0119;15
0120;8
0121;11
0122;11
0123;12
0124;7
0125;5
0126;4
0127;5
0128;10
0129;10
0130;8
0131;11
0201;7
0202;8
0203;4
0204;9
0205;10
0206;6
0207;9
0208;3
0209;11
0210;10
0211;6
0212;9
0213;10
0214;7
0215;13
0216;5
0217;11
0218;9
0219;8
0220;9
0221;11
0222;10
0223;11
0224;4
0225;8
0226;3
0227;11
0228;5
0229;10
0301;16
0302;13
0303;13
0304;12
0305;6
0306;9
0307;7
0308;8
0309;8
0310;10
0311;11
0312;6
0313;10
0314;5
0315;6
0316;7
0317;9
0318;16
0319;3
0320;14
0321;7
0322;10
0323;9
0324;7
0325;9
0326;13
0327;2
0328;7
0329;6
0330;7
0331;9
0401;11
0402;9
0403;12
0404;10
0405;11
0406;4
0407;7
0408;12
0409;6
0410;10
0411;6
0412;7
0413;4
0414;11
0415;15
0416;3
0417;12
0418;16
0419;9
0420;11
0421;12
0422;9
0423;14
0424;10
0425;6
0426;8
0427;8
0428;11
0429;7
0430;10
0501;11
0502;6
0503;11
0504;7
0505;9
0506;6
0507;7
0508;8
0509;4
0510;6
0511;6
0512;7
0513;7
0514;4
0515;9
0516;5
0517;7
0518;7
0519;5
0520;8
0521;12
0522;10
0523;11
0524;13
0525;8
0526;5
0527;10
0528;10
0529;9
0530;10
0531;8
0601;9
0602;8
0603;6
0604;3
0605;11
0606;4
0607;10
0608;13
0609;7
0610;9
0611;6
0612;6
0613;10
0614;5
0615;5
0616;3
0617;5
0618;13
0619;13
0620;9
0621;10
0622;13
0623;10
0624;9
0625;10
0626;8
0627;7
0628;8
0629;3
0630;8
0701;6
0702;4
0703;8
0704;11
0705;10
0706;8
0707;9
0708;3
0709;8
0710;7
0711;10
0712;13
0713;6
0714;9
0715;10
0716;11
0717;9
0718;10
0719;13
0720;7
0721;8
0722;14
0723;10
0724;12
0725;7
0726;7
0727;9
0728;3
0729;12
0730;7
0731;6
0801;10
0802;11
0803;8
0804;9
0805;4
0806;9
0807;11
0808;6
0809;10
0810;5
0811;11
0812;7
0813;12
0814;4
0815;12
0816;3
0817;8
0818;13
0819;2
0820;9
0821;4
0822;9
0823;10
0824;8
0825;6
0826;12
0827;7
0828;9
0829;9
0830;7
0831;7
0901;4
0902;7
0903;9
0904;14
0905;9
0906;8
0907;11
0908;5
0909;11
0910;12
0911;16
0912;7
0913;10
0914;7
0915;6
0916;6
0917;8
0918;8
0919;5
0920;14
0921;4
0922;10
0923;4
0924;12
0925;8
0926;10
0927;4
0928;11
0929;7
0930;12
1001;8
1002;9
1003;9
1004;6
1005;12
1006;11
1007;13
1008;5
1009;8
1010;9
1011;9
1012;9
1013;11
1014;8
1015;5
1016;10
1017;5
1018;6
1019;8
1020;10
1021;8
1022;9
1023;16
1024;11
1025;8
1026;9
1027;4
1028;6
1029;9
1030;13
1031;10
1101;9
1102;7
1103;10
1104;11
1105;10
1106;9
1107;10
1108;9
1109;11
1110;13
1111;11
1112;9
1113;12
1114;10
1115;7
1116;10
1117;8
1118;5
1119;10
1120;8
1121;4
1122;11
1123;8
1124;13
1125;10
1126;5
1127;10
1128;9
1129;7
1130;10
1201;13
1202;8
1203;8
1204;12
1205;6
1206;8
1207;7
1208;12
1209;15
1210;8
1211;5
1212;9
1213;11
1214;5
1215;10
1216;8
1217;13
1218;10
1219;11
1220;8
1221;10
1222;17
1223;23
1224;15
1225;11
1226;9
1227;14
1228;8
1229;9
1230;12
1231;14
