0101;30
0102;22
0103;22
0104;18
0105;16
0106;18
0107;15
0108;24
0109;24
0110;24
0111;25
0112;22
0113;20
0114;25
0115;20
0116;19
0117;14
0118;26
0119;28
0120;28
0121;22
0122;19
0123;18
0124;23
0125;22
0126;20
0127;9
0128;20
0129;21
0130;25
0131;16
0201;24
0202;25
0203;12
0204;16
0205;22
0206;19
0207;29
0208;20
0209;14
0210;19
0211;15
0212;15
0213;19
0214;22
0215;23
0216;14
0217;13
0218;21
0219;22
0220;18
0221;22
0222;19
0223;17
0224;17
0225;20
0226;25
0227;14
0228;14
0229;19
0301;29
0302;15
0303;14
0304;18
0305;15
0306;28
0307;20
0308;18
0309;19
0310;13
0311;17
0312;14
0313;15
0314;22
0315;24
0316;21
0317;17
0318;21
0319;24
0320;21
0321;15
0322;23
0323;17
0324;16
0325;25
0326;22
0327;11
0328;16
0329;23
0330;27
0331;9
0401;20
0402;18
0403;16
0404;27
0405;24
0406;20
0407;17
0408;18
0409;20
0410;20
0411;24
0412;21
0413;20
0414;19
0415;18
0416;24
0417;13
0418;26
0419;25
0420;20
0421;17
0422;17
0423;22
0424;15
0425;21
0426;13
0427;17
0428;16
0429;18
0430;21
0501;9
0502;21
0503;15
0504;16
0505;14
0506;16
0507;20
0508;21
0509;19
0510;26
0511;14
0512;13
0513;19
0514;13
0515;12
0516;8
0517;12
0518;14
0519;26
0520;29
0521;20
0522;17
0523;16
0524;13
0525;15
0526;23
0527;15
0528;19
0529;16
0530;16
0531;18
0601;17
0602;15
0603;18
0604;10
0605;19
0606;14
0607;12
0608;19
0609;12
0610;17
0611;18
0612;11
0613;8
0614;17
0615;18
0616;12
0617;20
0618;25
0619;20
0620;19
0621;11
0622;17
0623;15
0624;17
0625;15
0626;24
0627;17
0628;16
0629;18
0630;24
0701;17
0702;22
0703;20
0704;21
0705;14
0706;15
0707;19
0708;16
0709;19
0710;12
0711;15
0712;19
0713;21
0714;15
0715;19
0716;13
0717;24
0718;19
0719;24
0720;21
0721;9
0722;24
0723;23
0724;20
0725;16
0726;21
0727;15
0728;11
0729;11
0730;20
0731;14
0801;20
0802;19
0803;19
0804;19
0805;22
0806;19
0807;17
0808;18
0809;14
0810;21
0811;17
0812;18
0813;14
0814;13
0815;26
0816;22
0817;22
0818;14
0819;17
0820;19
0821;16
0822;24
0823;22
0824;15
0825;22
0826;15
0827;17
0828;13
0829;16
0830;19
0831;21
0901;10
0902;18
0903;12
0904;19
0905;20
0906;22
0907;21
0908;26
0909;10
0910;17
0911;14
0912;18
0913;18
0914;19
0915;13
0916;12
0917;19
0918;13
0919;26
0920;12
0921;18
0922;14
0923;25
0924;21
0925;18
0926;18
0927;17
0928;12
0929;18
0930;10
1001;13
1002;14
1003;17
1004;28
1005;24
1006;16
1007;14
1008;20
1009;16
1010;14
1011;20
1012;21
1013;14
1014;15
1015;21
1016;13
1017;23
1018;19
1019;21
1020;21
1021;16
1022;19
1023;21
1024;14
1025;17
1026;18
1027;17
1028;14
1029;12
1030;17
1031;20
1101;15
1102;23
1103;15
1104;19
1105;14
1106;19
1107;14
1108;14
1109;15
1110;29
1111;22
1112;26
1113;22
1114;16
1115;23
1116;23
1117;23
1118;20
1119;21
1120;18
1121;16
1122;20
1123;18
1124;26
1125;20
1126;11
1127;16
1128;21
1129;17
1130;19
1201;21
1202;22
1203;26
1204;17
1205;20
1206;23
1207;23
1208;30
1209;31
1210;12
1211;20
1212;20
1213;28
1214;15
1215;22
1216;13
1217;23
1218;17
1219;25
1220;21
1221;24
1222;23
1223;22
1224;24
1225;21
1226;18
1227;28
1228;21
1229;26
1230;19
1231;14
