0101;7
0102;8
0103;1
0104;5
0105;8
0106;7
0107;7
0108;5
0109;9
0110;7
0111;6
0112;10
0113;5
0114;1
0115;4
0116;5
0117;6
0118;4
0119;10
0120;5
0121;4
0122;5
0123;1
0124;5
0125;6
0126;5
0127;5
0128;8
0129;9
0130;7
0131;2
0201;5
0202;4
0203;5
0204;5
0205;6
0206;5
0207;2
0208;2
0209;9
0210;8
0211;7
0212;6
0213;3
0214;7
0215;4
0216;15
0217;6
0218;11
0219;9
0220;11
0221;4
0222;8
0223;4
0224;8
0225;5
0226;8
0227;5
0228;10
0229;5
0301;8
0302;5
0303;5
0304;8
0305;8
0306;9
0307;6
0308;6
0309;4
0310;8
0311;2
0312;4
0313;5
0314;10
0315;9
0316;8
0317;9
0318;9
0319;6
0320;7
0321;5
0322;5
0323;3
0324;5
0325;12
0326;6
0327;8
0328;11
0329;8
0330;7
0331;5
0401;6
0402;5
0403;4
0404;7
0405;7
0406;6
0407;2
0408;4
0409;8
0410;3
0411;9
0412;10
0413;6
0414;6
0415;12
0416;7
0417;5
0418;4
0419;6
0420;4
0421;6
0422;8
0423;9
0424;6
0425;2
0426;7
0427;6
0428;5
0429;3
0430;5
0501;3
0502;8
0503;5
0504;7
0505;5
0506;3
0507;7
0508;7
0509;8
0510;3
0511;2
0512;5
0513;6
0514;6
0515;4
0516;3
0517;8
0518;5
0519;3
0520;7
0521;3
0522;9
0523;2
0524;7
0525;8
0526;5
0527;7
0528;2
0529;8
0530;7
0531;4
0601;3
0602;3
0603;5
0604;4
0605;5
0606;4
0607;6
0608;4
0609;3
0610;5
0611;4
0612;3
0613;13
0614;4
0615;2
0616;8
0617;4
0618;3
0619;6
0620;6
0621;2
0622;4
0623;3
0624;5
0625;4
0626;4
0627;12
0628;3
0629;4
0630;9
0701;6
0702;7
0703;13
0704;4
0705;8
0706;5
0707;4
0708;3
0709;5
0710;4
0711;4
0712;8
0713;5
0714;3
0715;6
0716;5
0717;3
0718;2
0719;6
0720;6
0721;6
0722;4
0723;3
0724;4
0725;4
0726;2
0727;2
0728;12
0729;6
0730;5
0731;5
0801;5
0802;8
0803;4
0804;4
0805;3
0806;5
0807;6
0809;3
0810;3
0811;4
0812;6
0813;3
0814;5
0815;5
0816;5
0817;10
0818;5
0819;4
0820;4
0821;3
0822;5
0823;7
0824;4
0825;8
0826;3
0827;5
0828;4
0829;6
0830;7
0831;2
0901;1
0902;5
0903;9
0904;7
0905;5
0906;4
0907;3
0908;3
0909;3
0910;3
0911;2
0912;8
0913;12
0914;2
0915;5
0916;1
0917;9
0918;2
0919;7
0920;7
0921;4
0922;2
0923;7
0924;4
0925;5
0926;3
0927;4
0929;9
0930;6
1001;3
1002;8
1003;5
1004;7
1005;7
1006;10
1007;9
1008;7
1009;5
1010;5
1011;6
1012;11
1013;5
1014;4
1015;7
1016;3
1017;4
1018;8
1019;5
1020;6
1021;13
1022;6
1023;7
1024;4
1025;7
1026;8
1027;6
1028;5
1029;6
1030;8
1031;6
1101;10
1102;9
1103;7
1104;9
1105;6
1106;10
1107;4
1108;8
1109;9
1110;7
1111;7
1112;1
1113;7
1114;7
1115;6
1116;4
1117;6
1118;5
1119;4
1120;3
1121;5
1122;3
1123;2
1124;13
1125;4
1126;2
1127;5
1128;8
1129;8
1130;7
1201;5
1202;9
1203;8
1204;12
1205;3
1206;8
1207;5
1208;4
1209;6
1210;3
1211;5
1212;5
1213;7
1214;11
1215;4
1216;5
1217;7
1218;7
1219;9
1220;5
1221;5
1222;6
1223;6
1224;7
1225;11
1226;6
1227;2
1228;7
1229;11
1230;10
1231;8
