0101;28
0102;26
0103;28
0104;31
0105;21
0106;24
0107;21
0108;11
0109;26
0110;30
0111;34
0112;28
0113;28
0114;29
0115;33
0116;19
0117;29
0118;23
0119;39
0120;33
0121;23
0122;24
0123;38
0124;28
0125;21
0126;32
0127;25
0128;34
0129;34
0130;28
0131;31
0201;33
0202;32
0203;23
0204;28
0205;24
0206;29
0207;24
0208;32
0209;17
0210;15
0211;23
0212;37
0213;27
0214;23
0215;22
0216;30
0217;32
0218;31
0219;25
0220;31
0221;32
0222;22
0223;20
0224;20
0225;17
0226;34
0227;34
0228;33
0229;26
0301;33
0302;23
0303;35
0304;23
0305;35
0306;32
0307;24
0308;29
0309;26
0310;26
0311;34
0312;26
0313;14
0314;29
0315;32
0316;21
0317;21
0318;29
0319;28
0320;26
0321;20
0322;23
0323;35
0324;17
0325;25
0326;34
0327;21
0328;35
0329;25
0330;27
0331;27
0401;28
0402;33
0403;27
0404;28
0405;19
0406;28
0407;35
0408;26
0409;19
0410;24
0411;25
0412;29
0413;24
0414;22
0415;19
0416;20
0417;20
0418;25
0419;21
0420;24
0421;30
0422;26
0423;19
0424;29
0425;28
0426;24
0427;26
0428;24
0429;28
0430;21
0501;31
0502;21
0503;27
0504;25
0505;23
0506;23
0507;33
0508;22
0509;25
0510;30
0511;25
0512;26
0513;21
0514;28
0515;22
0516;25
0517;29
0518;24
0519;24
0520;27
0521;24
0522;21
0523;28
0524;30
0525;23
0526;24
0527;24
0528;18
0529;22
0530;30
0531;15
0601;24
0602;14
0603;24
0604;17
0605;20
0606;20
0607;18
0608;24
0609;25
0610;30
0611;23
0612;26
0613;23
0614;20
0615;27
0616;23
0617;21
0618;26
0619;30
0620;25
0621;26
0622;22
0623;25
0624;26
0625;24
0626;26
0627;14
0628;30
0629;28
0630;16
0701;16
0702;28
0703;20
0704;25
0705;29
0706;19
0707;27
0708;23
0709;30
0710;23
0711;25
0712;22
0713;16
0714;18
0715;30
0716;24
0717;24
0718;21
0719;30
0720;31
0721;24
0722;26
0723;15
0724;25
0725;28
0726;28
0727;17
0728;12
0729;16
0730;23
0731;21
0801;27
0802;22
0803;17
0804;24
0805;24
0806;12
0807;17
0808;25
0809;26
0810;15
0811;23
0812;28
0813;22
0814;20
0815;15
0816;20
0817;28
0818;21
0819;23
0820;16
0821;18
0822;15
0823;24
0824;33
0825;15
0826;28
0827;22
0828;21
0829;21
0830;23
0831;23
0901;23
0902;33
0903;17
0904;25
0905;21
0906;20
0907;24
0908;25
0909;25
0910;17
0911;19
0912;27
0913;24
0914;22
0915;25
0916;22
0917;22
0918;25
0919;26
0920;26
0921;25
0922;21
0923;25
0924;22
0925;28
0926;25
0927;15
0928;28
0929;18
0930;18
1001;31
1002;21
1003;32
1004;25
1005;27
1006;19
1007;22
1008;25
1009;23
1010;24
1011;27
1012;11
1013;38
1014;26
1015;26
1016;29
1017;28
1018;33
1019;26
1020;21
1021;34
1022;25
1023;18
1024;25
1025;19
1026;26
1027;28
1028;27
1029;28
1030;21
1031;26
1101;26
1102;21
1103;25
1104;22
1105;23
1106;25
1107;20
1108;29
1109;26
1110;14
1111;29
1112;18
1113;25
1114;17
1115;23
1116;23
1117;15
1118;20
1119;17
1120;27
1121;22
1122;26
1123;30
1124;23
1125;27
1126;26
1127;23
1128;37
1129;23
1130;31
1201;25
1202;27
1203;21
1204;23
1205;34
1206;27
1207;27
1208;22
1209;26
1210;26
1211;20
1212;29
1213;24
1214;25
1215;37
1216;31
1217;28
1218;20
1219;22
1220;38
1221;28
1222;20
1223;23
1224;36
1225;37
1226;29
1227;33
1228;25
1229;18
1230;30
1231;26
