0101;9
0102;8
0103;15
0104;8
0105;7
0106;8
0107;8
0108;11
0109;7
0110;8
0111;8
0112;12
0113;8
0114;9
0115;10
0116;8
0117;8
0118;8
0119;15
0120;10
0121;16
0122;8
0123;10
0124;7
0125;5
0126;4
0127;12
0128;6
0129;7
0130;8
0131;10
0201;2
0202;11
0203;8
0204;6
0205;7
0206;8
0207;3
0208;14
0209;9
0210;9
0211;10
0212;8
0213;6
0214;6
0215;7
0216;8
0217;4
0218;7
0219;14
0220;8
0221;4
0222;6
0223;7
0224;9
0225;9
0226;6
0227;10
0228;7
0229;7
0301;17
0302;12
0303;5
0304;9
0305;8
0306;7
0307;11
0308;6
0309;8
0310;5
0311;4
0312;7
0313;7
0314;11
0315;4
0316;8
0317;10
0318;15
0319;11
0320;2
0321;10
0322;5
0323;8
0324;11
0325;12
0326;9
0327;7
0328;14
0329;7
0330;6
0331;10
0401;8
0402;10
0403;13
0404;4
0405;8
0406;12
0407;13
0408;8
0409;10
0410;7
0411;8
0412;4
0413;7
0414;14
0415;12
0416;11
0417;8
0418;12
0419;6
0420;10
0421;5
0422;7
0423;9
0424;9
0425;6
0426;8
0427;11
0428;10
0429;4
0430;3
0501;13
0502;6
0503;6
0504;3
0505;6
0506;12
0507;13
0508;9
0509;4
0510;7
0511;5
0512;10
0513;12
0514;7
0515;6
0516;3
0517;4
0518;6
0519;12
0520;3
0521;10
0522;5
0523;8
0524;10
0525;2
0526;10
0527;8
0528;7
0529;12
0530;8
0531;4
0601;5
0602;6
0603;4
0604;7
0605;10
0606;6
0607;9
0608;8
0609;9
0610;9
0611;6
0612;5
0613;3
0614;9
0615;5
0616;8
0617;6
0618;9
0619;5
0620;8
0621;9
0622;12
0623;8
0624;9
0625;5
0626;5
0627;7
0628;6
0629;9
0630;7
0701;3
0702;11
0703;4
0704;7
0705;8
0706;14
0707;7
0708;8
0709;3
0710;12
0711;4
0712;6
0713;6
0714;3
0715;5
0716;9
0717;9
0718;5
0719;19
0720;6
0721;7
0722;1
0723;6
0724;8
0725;7
0726;6
0727;8
0728;9
0729;10
0730;6
0731;6
0801;3
0802;6
0803;11
0804;4
0805;6
0806;8
0807;7
0808;5
0809;5
0810;6
0811;5
0812;11
0813;8
0814;12
0815;11
0816;4
0817;10
0818;11
0819;5
0820;11
0821;6
0822;7
0823;3
0824;6
0825;6
0826;8
0827;15
0828;9
0829;6
0830;5
0831;10
0901;5
0902;12
0903;7
0904;12
0905;6
0906;6
0907;4
0908;4
0909;6
0910;7
0911;7
0912;5
0913;3
0914;5
0915;6
0916;6
0917;14
0918;7
0919;4
0920;4
0921;5
0922;7
0923;7
0924;9
0925;9
0926;10
0927;4
0928;4
0929;3
0930;4
1001;8
1002;6
1003;8
1004;7
1005;7
1006;7
1007;8
1008;8
1009;6
1010;9
1011;11
1012;7
1013;3
1014;9
1015;6
1016;12
1017;8
1018;5
1019;7
1020;7
1021;7
1022;14
1023;7
1024;4
1025;6
1026;11
1027;11
1028;12
1029;8
1030;9
1031;8
1101;6
1102;7
1103;5
1104;7
1105;6
1106;7
1107;7
1108;7
1109;6
1110;3
1111;11
1112;7
1113;4
1114;11
1115;7
1116;7
1117;9
1118;12
1119;9
1120;4
1121;10
1122;5
1123;12
1124;4
1125;7
1126;7
1127;9
1128;7
1129;8
1130;6
1201;8
1202;7
1203;10
1204;9
1205;5
1206;4
1207;8
1208;9
1209;3
1210;6
1211;7
1212;10
1213;8
1214;4
1215;7
1216;7
1217;5
1218;10
1219;9
1220;9
1221;8
1222;1
1223;9
1224;19
1225;8
1226;12
1227;9
1228;5
1229;9
1230;12
1231;9
