0101;32
0102;20
0103;19
0104;24
0105;19
0106;26
0107;39
0108;26
0109;19
0110;31
0111;22
0112;28
0113;19
0114;22
0115;25
0116;14
0117;28
0118;23
0119;28
0120;17
0121;31
0122;24
0123;34
0124;14
0125;25
0126;20
0127;24
0128;19
0129;28
0130;35
0131;26
0201;19
0202;22
0203;32
0204;24
0205;26
0206;24
0207;28
0208;22
0209;26
0210;21
0211;30
0212;24
0213;25
0214;19
0215;25
0216;23
0217;27
0218;21
0219;14
0220;25
0221;21
0222;26
0223;20
0224;27
0225;30
0226;24
0227;17
0228;14
0229;24
0301;22
0302;26
0303;20
0304;23
0305;24
0306;27
0307;19
0308;23
0309;22
0310;24
0311;23
0312;26
0313;14
0314;23
0315;19
0316;26
0317;37
0318;22
0319;20
0320;29
0321;28
0322;21
0323;19
0324;22
0325;24
0326;18
0327;20
0328;17
0329;30
0330;20
0331;20
0401;18
0402;24
0403;21
0404;17
0405;23
0406;21
0407;28
0408;17
0409;17
0410;20
0411;17
0412;18
0413;23
0414;31
0415;30
0416;18
0417;18
0418;21
0419;23
0420;24
0421;12
0422;20
0423;23
0424;15
0425;22
0426;23
0427;16
0428;23
0429;28
0430;18
0501;15
0502;17
0503;15
0504;24
0505;16
0506;16
0507;21
0508;24
0509;20
0510;23
0511;24
0512;21
0513;22
0514;20
0515;21
0516;17
0517;28
0518;19
0519;29
0520;19
0521;22
0522;19
0523;14
0524;20
0525;17
0526;15
0527;22
0528;17
0529;20
0530;27
0531;20
0601;20
0602;19
0603;20
0604;21
0605;20
0606;19
0607;21
0608;14
0609;17
0610;26
0611;18
0612;17
0613;22
0614;23
0615;32
0616;19
0617;16
0618;21
0619;22
0620;10
0621;16
0622;21
0623;16
0624;15
0625;25
0626;24
0627;23
0628;21
0629;21
0630;31
0701;22
0702;10
0703;15
0704;14
0705;21
0706;15
0707;17
0708;23
0709;20
0710;29
0711;18
0712;23
0713;21
0714;11
0715;19
0716;19
0717;24
0718;26
0719;16
0720;22
0721;18
0722;17
0723;16
0724;14
0725;18
0726;21
0727;17
0728;25
0729;27
0730;26
0731;21
0801;20
0802;20
0803;13
0804;23
0805;12
0806;15
0807;21
0808;20
0809;18
0810;20
0811;24
0812;17
0813;11
0814;19
0815;26
0816;21
0817;20
0818;29
0819;18
0820;22
0821;23
0822;18
0823;20
0824;24
0825;22
0826;22
0827;26
0828;21
0829;22
0830;18
0831;24
0901;25
0902;23
0903;14
0904;18
0905;15
0906;12
0907;20
0908;21
0909;20
0910;12
0911;22
0912;16
0913;22
0914;13
0915;17
0916;19
0917;13
0918;18
0919;20
0920;17
0921;28
0922;15
0923;19
0924;21
0925;26
0926;17
0927;18
0928;22
0929;11
0930;18
1001;22
1002;22
1003;18
1004;27
1005;13
1006;26
1007;18
1008;22
1009;19
1010;17
1011;24
1012;18
1013;16
1014;20
1015;24
1016;21
1017;24
1018;24
1019;19
1020;21
1021;16
1022;15
1023;12
1024;21
1025;18
1026;24
1027;23
1028;25
1029;28
1030;17
1031;18
1101;20
1102;23
1103;25
1104;19
1105;27
1106;30
1107;13
1108;31
1109;19
1110;19
1111;30
1112;21
1113;32
1114;26
1115;22
1116;22
1117;16
1118;23
1119;16
1120;27
1121;25
1122;19
1123;14
1124;24
1125;25
1126;21
1127;26
1128;15
1129;28
1130;19
1201;19
1202;23
1203;20
1204;24
1205;26
1206;22
1207;22
1208;18
1209;21
1210;27
1211;25
1212;19
1213;28
1214;21
1215;28
1216;25
1217;26
1218;21
1219;23
1220;22
1221;19
1222;25
1223;28
1224;23
1225;29
1226;46
1227;34
1228;29
1229;41
1230;27
1231;30
