0101;2
0102;10
0103;9
0104;7
0105;9
0106;9
0107;8
0108;7
0109;8
0110;8
0111;8
0112;12
0113;3
0114;9
0115;11
0116;7
0117;6
0118;8
0119;4
0120;5
0121;7
0122;7
0123;7
0124;11
0125;8
0126;8
0127;15
0128;5
0129;5
0130;7
0131;9
0201;2
0202;6
0203;9
0204;9
0205;5
0206;6
0207;9
0208;6
0209;7
0210;20
0211;9
0212;10
0213;11
0214;13
0215;11
0216;7
0217;7
0218;9
0219;12
0220;11
0221;2
0222;6
0223;4
0224;8
0225;9
0226;7
0227;7
0228;8
0229;13
0301;5
0302;13
0303;7
0304;7
0305;9
0306;13
0307;4
0308;8
0309;9
0310;10
0311;9
0312;8
0313;7
0314;12
0315;9
0316;8
0317;12
0318;13
0319;6
0320;2
0321;10
0322;10
0323;8
0324;8
0325;10
0326;12
0327;8
0328;10
0329;9
0330;7
0331;16
0401;4
0402;11
0403;7
0404;7
0405;4
0406;8
0407;6
0408;7
0409;6
0410;6
0411;8
0412;5
0413;7
0414;11
0415;8
0416;4
0417;7
0418;11
0419;2
0420;9
0421;4
0423;9
0424;2
0425;12
0426;8
0427;8
0428;9
0429;11
0430;8
0501;4
0502;10
0503;9
0504;9
0505;11
0506;4
0507;5
0508;5
0509;6
0510;14
0511;5
0512;10
0513;4
0514;5
0515;7
0516;5
0517;10
0518;10
0519;7
0520;11
0521;10
0522;8
0523;5
0524;6
0525;6
0526;8
0527;8
0528;8
0529;9
0530;12
0531;12
0601;8
0602;8
0603;4
0604;6
0605;5
0606;7
0607;6
0608;9
0609;8
0610;4
0611;9
0612;9
0613;4
0614;7
0615;8
0616;6
0617;5
0618;3
0619;2
0620;5
0621;8
0622;4
0623;9
0624;7
0625;5
0626;8
0627;8
0628;7
0629;5
0630;10
0701;8
0702;9
0703;6
0704;8
0705;10
0706;12
0707;7
0708;4
0709;3
0710;10
0711;8
0712;11
0713;10
0714;10
0715;1
0716;11
0717;4
0718;11
0719;12
0720;13
0721;7
0722;6
0723;5
0724;8
0725;8
0726;12
0727;8
0728;4
0729;8
0730;10
0731;4
0801;5
0802;3
0803;3
0804;12
0805;10
0806;7
0807;9
0808;8
0809;7
0810;7
0811;4
0812;5
0813;8
0814;13
0815;5
0816;8
0817;7
0818;7
0819;4
0820;9
0821;3
0822;8
0823;5
0824;8
0825;6
0826;9
0827;9
0828;2
0829;7
0830;6
0831;7
0901;11
0902;6
0903;7
0904;8
0905;9
0906;11
0907;6
0908;5
0909;4
0910;4
0911;11
0912;6
0913;12
0914;5
0915;6
0916;8
0917;7
0918;9
0919;6
0920;9
0921;8
0922;5
0923;10
0924;5
0925;10
0926;9
0927;12
0928;14
0929;5
0930;5
1001;10
1002;8
1003;6
1004;11
1005;8
1006;7
1007;8
1008;8
1009;5
1010;11
1011;6
1012;12
1013;8
1014;8
1015;7
1016;9
1017;14
1018;18
1019;7
1020;8
1021;5
1022;10
1023;7
1024;11
1025;9
1026;8
1027;10
1028;10
1029;8
1030;11
1031;3
1101;11
1102;6
1103;7
1104;5
1105;6
1106;10
1107;7
1108;6
1109;9
1110;5
1111;10
1112;8
1113;4
1114;5
1115;6
1116;4
1117;7
1118;10
1119;15
1120;7
1121;6
1122;7
1123;6
1124;3
1125;7
1126;6
1127;4
1128;8
1129;7
1130;15
1201;10
1202;9
1203;6
1204;8
1205;7
1206;9
1207;12
1208;10
1209;4
1210;10
1211;9
1212;8
1213;16
1214;7
1215;9
1216;13
1217;3
1218;8
1219;14
1220;12
1221;10
1222;14
1223;12
1224;7
1225;12
1226;10
1227;9
1228;9
1229;12
1230;7
1231;14
