0000;1
0101;20
0102;14
0103;19
0104;20
0105;19
0106;23
0107;19
0108;17
0109;18
0110;22
0111;19
0112;17
0113;32
0114;14
0115;16
0116;19
0117;31
0118;17
0119;24
0120;12
0121;17
0122;19
0123;21
0124;22
0125;32
0126;25
0127;13
0128;18
0129;23
0130;24
0131;15
0201;24
0202;23
0203;20
0204;21
0205;22
0206;21
0207;23
0208;17
0209;20
0210;29
0211;16
0212;25
0213;20
0214;17
0215;21
0216;13
0217;15
0218;21
0219;18
0220;17
0221;14
0222;17
0223;20
0224;24
0225;19
0226;24
0227;18
0228;21
0229;25
0301;19
0302;14
0303;17
0304;22
0305;11
0306;16
0307;21
0308;25
0309;20
0310;22
0311;23
0312;25
0313;23
0314;28
0315;31
0316;25
0317;23
0318;33
0319;22
0320;23
0321;24
0322;17
0323;25
0324;22
0325;20
0326;23
0327;22
0328;17
0329;22
0330;15
0331;19
0401;17
0402;16
0403;27
0404;18
0405;26
0406;19
0407;26
0408;26
0409;22
0410;16
0411;17
0412;17
0413;25
0414;12
0415;16
0416;24
0417;18
0418;23
0419;18
0420;16
0421;19
0422;21
0423;17
0424;23
0425;20
0426;22
0427;18
0428;18
0429;16
0430;26
0501;24
0502;15
0503;26
0504;14
0505;21
0506;18
0507;23
0508;23
0509;15
0510;14
0511;25
0512;14
0513;24
0514;13
0515;19
0516;18
0517;17
0518;11
0519;11
0520;21
0521;23
0522;15
0523;19
0524;16
0525;19
0526;14
0527;18
0528;24
0529;14
0530;20
0531;15
0601;15
0602;9
0603;17
0604;17
0605;20
0606;10
0607;22
0608;18
0609;19
0610;21
0611;12
0612;18
0613;26
0614;19
0615;21
0616;15
0617;24
0618;22
0619;13
0620;12
0621;10
0622;21
0623;25
0624;19
0625;20
0626;18
0627;16
0628;10
0629;16
0630;15
0701;20
0702;16
0703;11
0704;12
0705;20
0706;17
0707;20
0708;14
0709;20
0710;14
0711;27
0712;15
0713;24
0714;15
0715;15
0716;18
0717;15
0718;27
0719;17
0720;22
0721;23
0722;28
0723;18
0724;19
0725;21
0726;13
0727;17
0728;26
0729;14
0730;13
0731;11
0801;16
0802;16
0803;19
0804;20
0805;16
0806;15
0807;22
0808;17
0809;20
0810;11
0811;18
0812;20
0813;15
0814;21
0815;17
0816;16
0817;18
0818;19
0819;15
0820;18
0821;20
0822;20
0823;16
0824;22
0825;16
0826;23
0827;19
0828;17
0829;17
0830;14
0831;14
0901;15
0902;13
0903;12
0904;17
0905;9
0906;15
0907;15
0908;13
0909;16
0910;18
0911;17
0912;24
0913;16
0914;18
0915;19
0916;14
0917;10
0918;20
0919;21
0920;26
0921;19
0922;22
0923;14
0924;15
0925;18
0926;14
0927;18
0928;21
0929;24
0930;20
1001;20
1002;17
1003;20
1004;16
1005;12
1006;18
1007;15
1008;19
1009;22
1010;25
1011;18
1012;11
1013;22
1014;16
1015;23
1016;13
1017;28
1018;13
1019;19
1020;26
1021;21
1022;18
1023;20
1024;22
1025;17
1026;23
1027;20
1028;26
1029;19
1030;18
1031;16
1101;18
1102;19
1103;20
1104;22
1105;28
1106;16
1107;16
1108;14
1109;11
1110;12
1111;19
1112;18
1113;18
1114;23
1115;25
1116;29
1117;17
1118;23
1119;22
1120;20
1121;27
1122;15
1123;19
1124;22
1125;22
1126;24
1127;15
1128;13
1129;23
1130;18
1201;19
1202;20
1203;16
1204;12
1205;27
1206;27
1207;25
1208;17
1209;22
1210;20
1211;22
1212;21
1213;25
1214;19
1215;19
1216;18
1217;26
1218;21
1219;21
1220;15
1221;23
1222;22
1223;29
1224;24
1225;30
1226;32
1227;21
1228;27
1229;29
1230;28
1231;13
