0101;31
0102;35
0103;44
0104;44
0105;42
0106;41
0107;45
0108;39
0109;41
0110;46
0111;38
0112;44
0113;43
0114;37
0115;36
0116;39
0117;39
0118;40
0119;49
0120;41
0121;46
0122;47
0123;48
0124;27
0125;37
0126;35
0127;38
0128;48
0129;45
0130;41
0131;39
0201;39
0202;43
0203;42
0204;44
0205;47
0206;35
0207;31
0208;46
0209;27
0210;40
0211;40
0212;46
0213;46
0214;55
0215;37
0216;43
0217;39
0218;35
0219;38
0220;58
0221;45
0222;48
0223;37
0224;43
0225;41
0226;43
0227;47
0228;43
0229;43
0301;39
0302;47
0303;49
0304;39
0305;38
0306;41
0307;45
0308;39
0309;41
0310;58
0311;37
0312;48
0313;34
0314;47
0315;43
0316;38
0317;45
0318;47
0319;31
0320;36
0321;43
0322;35
0323;33
0324;48
0325;36
0326;52
0327;39
0328;50
0329;44
0330;34
0331;57
0401;53
0402;42
0403;33
0404;37
0405;37
0406;66
0407;43
0408;47
0409;47
0410;44
0411;40
0412;47
0413;40
0414;39
0415;47
0416;26
0417;33
0418;41
0419;26
0420;49
0421;47
0422;26
0423;39
0424;40
0425;44
0426;20
0427;34
0428;38
0429;40
0430;54
0501;27
0502;39
0503;38
0504;39
0505;32
0506;32
0507;47
0508;33
0509;39
0510;29
0511;43
0512;39
0513;25
0514;37
0515;41
0516;38
0517;39
0518;35
0519;43
0520;42
0521;33
0522;31
0523;41
0524;44
0525;38
0526;34
0527;33
0528;34
0529;32
0530;38
0531;26
0601;37
0602;40
0603;28
0604;38
0605;33
0606;38
0607;28
0608;33
0609;33
0610;32
0611;25
0612;36
0613;29
0614;42
0615;19
0616;29
0617;40
0618;27
0619;42
0620;32
0621;51
0622;34
0623;37
0624;36
0625;37
0626;31
0627;25
0628;31
0629;36
0630;26
0701;29
0702;37
0703;19
0704;35
0705;32
0706;35
0707;26
0708;29
0709;31
0710;32
0711;41
0712;33
0713;38
0714;34
0715;32
0716;41
0717;27
0718;30
0719;36
0720;36
0721;49
0722;38
0723;41
0724;43
0725;32
0726;30
0727;40
0728;28
0729;31
0730;28
0731;35
0801;34
0802;41
0803;37
0804;38
0805;37
0806;39
0807;29
0808;34
0809;31
0810;32
0811;33
0812;26
0813;26
0814;37
0815;36
0816;21
0817;40
0818;41
0819;39
0820;41
0821;35
0822;25
0823;39
0824;49
0825;50
0826;49
0827;40
0828;32
0829;32
0830;43
0831;34
0901;27
0902;31
0903;37
0904;29
0905;30
0906;29
0907;27
0908;36
0909;32
0910;33
0911;40
0912;42
0913;31
0914;34
0915;34
0916;37
0917;19
0918;30
0919;41
0920;35
0921;36
0922;29
0923;28
0924;33
0925;29
0926;39
0927;32
0928;33
0929;44
0930;37
1001;39
1002;20
1003;35
1004;32
1005;32
1006;33
1007;31
1008;44
1009;39
1010;37
1011;39
1012;30
1013;38
1014;54
1015;45
1016;37
1017;32
1018;31
1019;42
1020;32
1021;29
1022;34
1023;42
1024;38
1025;38
1026;33
1027;35
1028;35
1029;35
1030;32
1031;38
1101;38
1102;40
1103;49
1104;26
1105;49
1106;33
1107;34
1108;39
1109;46
1110;38
1111;36
1112;40
1113;42
1114;39
1115;43
1116;42
1117;51
1118;31
1119;34
1120;38
1121;39
1122;30
1123;39
1124;48
1125;31
1126;45
1127;46
1128;43
1129;32
1130;47
1201;44
1202;37
1203;46
1204;46
1205;25
1206;46
1207;50
1208;41
1209;46
1210;43
1211;41
1212;50
1213;44
1214;40
1215;50
1216;52
1217;56
1218;41
1219;41
1220;47
1221;51
1222;44
1223;36
1224;57
1225;46
1226;50
1227;46
1228;60
1229;54
1230;57
1231;33
