0101;20
0102;16
0103;20
0104;22
0105;12
0106;26
0107;16
0108;23
0109;17
0110;32
0111;25
0112;22
0113;22
0114;22
0115;27
0116;21
0117;27
0118;33
0119;18
0120;28
0121;26
0122;25
0123;26
0124;24
0125;25
0126;19
0127;27
0128;15
0129;20
0130;18
0131;23
0201;27
0202;23
0203;24
0204;21
0205;25
0206;33
0207;16
0208;18
0209;16
0210;20
0211;17
0212;25
0213;25
0214;25
0215;11
0216;22
0217;24
0218;20
0219;25
0220;22
0221;23
0222;22
0223;29
0224;15
0225;17
0226;20
0227;24
0228;24
0229;26
0301;15
0302;18
0303;26
0304;21
0305;17
0306;15
0307;22
0308;19
0309;22
0310;15
0311;21
0312;15
0313;24
0314;22
0315;21
0316;16
0317;11
0318;29
0319;17
0320;26
0321;13
0322;25
0323;15
0324;23
0325;20
0326;25
0327;13
0328;15
0329;24
0330;23
0331;24
0401;29
0402;20
0403;16
0404;29
0405;20
0406;16
0407;25
0408;28
0409;20
0410;28
0411;21
0412;20
0413;19
0414;11
0415;27
0416;23
0417;13
0418;12
0419;27
0420;24
0421;28
0422;19
0423;16
0424;17
0425;16
0426;21
0427;22
0428;26
0429;18
0430;18
0501;14
0502;17
0503;22
0504;19
0505;24
0506;28
0507;22
0508;21
0509;23
0510;26
0511;17
0512;23
0513;17
0514;13
0515;16
0516;28
0517;16
0518;17
0519;23
0520;17
0521;22
0522;28
0523;16
0524;15
0525;22
0526;15
0527;11
0528;15
0529;18
0530;20
0531;25
0601;17
0602;19
0603;29
0604;11
0605;19
0606;10
0607;21
0608;15
0609;12
0610;18
0611;11
0612;16
0613;17
0614;19
0615;14
0616;19
0617;21
0618;14
0619;21
0620;21
0621;27
0622;18
0623;19
0624;26
0625;18
0626;17
0627;20
0628;11
0629;13
0630;17
0701;20
0702;17
0703;12
0704;15
0705;22
0706;18
0707;20
0708;15
0709;16
0710;18
0711;12
0712;23
0713;26
0714;16
0715;17
0716;18
0717;16
0718;21
0719;25
0720;12
0721;18
0722;16
0723;13
0724;15
0725;19
0726;15
0727;21
0728;19
0729;14
0730;14
0731;15
0801;23
0802;15
0803;25
0804;17
0805;13
0806;14
0807;23
0808;19
0809;24
0810;21
0811;13
0812;19
0813;22
0814;17
0815;17
0816;18
0817;20
0818;19
0819;13
0820;13
0821;11
0822;22
0823;18
0824;23
0825;29
0826;22
0827;22
0828;23
0829;19
0830;17
0831;17
0901;17
0902;21
0903;13
0904;11
0905;19
0906;21
0907;17
0908;13
0909;24
0910;19
0911;31
0912;16
0913;20
0914;24
0915;14
0916;15
0917;25
0918;14
0919;19
0920;22
0921;20
0922;23
0923;27
0924;20
0925;16
0926;25
0927;18
0928;16
0929;23
0930;16
1001;19
1002;20
1003;16
1004;10
1005;18
1006;14
1007;19
1008;21
1009;17
1010;23
1011;21
1012;18
1013;21
1014;18
1015;24
1016;21
1017;14
1018;16
1019;12
1020;23
1021;23
1022;20
1023;24
1024;17
1025;24
1026;14
1027;16
1028;23
1029;21
1030;22
1031;20
1101;24
1102;24
1103;32
1104;19
1105;28
1106;21
1107;18
1108;24
1109;26
1110;29
1111;20
1112;19
1113;30
1114;18
1115;21
1116;14
1117;14
1118;28
1119;18
1120;23
1121;28
1122;25
1123;19
1124;20
1125;21
1126;21
1127;17
1128;21
1129;19
1130;14
1201;16
1202;21
1203;30
1204;19
1205;25
1206;22
1207;27
1208;23
1209;24
1210;18
1211;17
1212;28
1213;22
1214;18
1215;20
1216;21
1217;18
1218;24
1219;13
1220;23
1221;20
1222;18
1223;20
1224;26
1225;20
1226;26
1227;24
1228;23
1229;25
1230;29
1231;29
