0101;3
0102;8
0103;5
0104;7
0105;7
0106;4
0107;9
0108;5
0109;7
0110;7
0111;4
0112;7
0113;11
0114;8
0115;8
0116;5
0117;5
0118;4
0119;10
0120;6
0121;7
0122;8
0123;8
0124;11
0125;5
0126;3
0127;4
0128;6
0129;7
0130;4
0131;6
0201;8
0202;9
0203;4
0204;4
0205;7
0206;7
0207;4
0208;7
0209;8
0210;5
0211;6
0212;4
0213;6
0214;2
0215;9
0216;7
0217;17
0218;3
0219;5
0220;6
0221;11
0222;9
0223;9
0224;5
0225;4
0226;5
0227;6
0228;4
0229;5
0301;6
0302;8
0303;7
0304;7
0305;8
0306;7
0307;8
0308;7
0309;1
0310;6
0311;5
0312;5
0313;8
0314;6
0315;11
0316;9
0317;7
0318;1
0319;5
0320;6
0321;9
0322;9
0323;5
0324;7
0325;6
0326;6
0327;7
0328;9
0329;2
0330;6
0331;8
0401;11
0402;8
0403;4
0404;9
0405;2
0406;4
0407;5
0408;5
0409;10
0410;4
0411;6
0412;6
0413;3
0414;4
0415;3
0416;5
0418;3
0419;6
0420;8
0421;4
0422;8
0423;3
0424;5
0425;7
0426;12
0427;2
0428;5
0429;5
0430;7
0501;4
0502;3
0503;7
0504;3
0505;6
0506;4
0507;3
0508;7
0509;5
0510;2
0511;10
0512;7
0513;8
0514;8
0515;5
0516;5
0517;5
0518;9
0519;3
0520;7
0521;5
0522;5
0523;2
0524;6
0525;5
0526;9
0527;6
0528;7
0529;6
0530;5
0531;6
0601;4
0602;6
0603;7
0604;6
0605;6
0606;6
0607;8
0608;1
0609;11
0610;6
0611;10
0612;6
0613;3
0614;8
0615;2
0616;3
0617;8
0618;5
0619;5
0620;3
0621;7
0622;8
0623;15
0624;3
0625;4
0626;3
0627;6
0628;10
0629;3
0630;6
0701;5
0702;3
0703;7
0704;3
0705;4
0706;1
0707;6
0708;6
0709;7
0710;4
0711;5
0712;9
0713;8
0714;12
0715;8
0716;3
0717;5
0718;9
0719;10
0720;8
0721;8
0722;4
0723;3
0724;3
0725;10
0726;12
0727;1
0728;5
0729;4
0730;7
0731;4
0801;7
0802;5
0803;3
0804;5
0805;3
0806;2
0807;5
0808;2
0809;1
0810;3
0811;6
0812;10
0813;4
0814;4
0815;2
0816;3
0817;2
0818;1
0819;5
0820;5
0821;8
0822;2
0823;7
0824;6
0825;6
0826;3
0827;4
0828;3
0829;1
0830;9
0831;10
0901;9
0902;9
0903;3
0904;4
0905;10
0906;8
0907;3
0908;5
0909;5
0911;4
0912;8
0914;6
0915;3
0916;6
0917;4
0918;6
0919;10
0920;5
0921;4
0922;5
0923;3
0924;4
0925;3
0926;7
0927;4
0928;6
0929;5
0930;4
1001;10
1002;9
1003;3
1004;8
1005;3
1006;8
1007;1
1008;4
1009;6
1010;4
1011;7
1012;6
1013;5
1014;4
1015;6
1016;4
1017;6
1018;3
1019;3
1020;4
1021;6
1022;4
1023;4
1024;5
1025;4
1026;4
1027;9
1028;5
1029;2
1030;7
1031;6
1101;4
1102;7
1103;6
1104;4
1105;5
1106;4
1107;4
1108;6
1109;5
1110;5
1111;2
1112;4
1113;6
1114;6
1115;7
1116;4
1117;8
1118;9
1119;7
1120;5
1121;4
1122;4
1123;9
1124;8
1125;7
1126;7
1127;6
1128;5
1129;7
1130;6
1201;8
1202;8
1203;4
1204;5
1205;6
1206;1
1207;6
1208;4
1209;5
1210;11
1211;3
1212;4
1213;7
1214;9
1215;5
1216;3
1217;10
1218;5
1219;6
1220;6
1221;6
1222;7
1223;11
1224;8
1225;10
1226;9
1227;11
1228;10
1229;7
1230;6
1231;15
