0101;14
0102;15
0103;21
0104;15
0105;16
0106;17
0107;14
0108;19
0109;22
0110;21
0111;33
0112;16
0113;5
0114;16
0115;21
0116;12
0117;14
0118;15
0119;20
0120;14
0121;17
0122;10
0123;18
0124;19
0125;12
0126;12
0127;12
0128;17
0129;15
0130;19
0131;16
0201;16
0202;13
0203;26
0204;18
0205;13
0206;19
0207;15
0208;21
0209;17
0210;13
0211;13
0212;17
0213;16
0214;9
0215;17
0216;12
0217;15
0218;22
0219;13
0220;11
0221;12
0222;12
0223;16
0224;19
0225;16
0226;14
0227;19
0228;19
0229;25
0301;12
0302;19
0303;10
0304;13
0305;17
0306;21
0307;14
0308;16
0309;16
0310;15
0311;13
0312;17
0313;16
0314;15
0315;15
0316;15
0317;19
0318;19
0319;25
0320;16
0321;15
0322;16
0323;12
0324;17
0325;16
0326;20
0327;18
0328;18
0329;16
0330;18
0331;15
0401;13
0402;12
0403;11
0404;18
0405;18
0406;12
0407;12
0408;14
0409;17
0410;18
0411;17
0412;12
0413;14
0414;13
0415;11
0416;17
0417;11
0418;12
0419;12
0420;20
0421;11
0422;16
0423;10
0424;14
0425;17
0426;21
0427;20
0428;18
0429;16
0430;14
0501;14
0502;17
0503;15
0504;14
0505;11
0506;22
0507;12
0508;15
0509;10
0510;23
0511;15
0512;13
0513;19
0514;12
0515;16
0516;11
0517;17
0518;19
0519;13
0520;19
0521;22
0522;12
0523;13
0524;11
0525;9
0526;14
0527;6
0528;15
0529;17
0530;16
0531;15
0601;16
0602;15
0603;18
0604;17
0605;17
0606;10
0607;18
0608;15
0609;16
0610;15
0611;14
0612;10
0613;13
0614;19
0615;13
0616;12
0617;18
0618;13
0619;9
0620;22
0621;20
0622;19
0623;20
0624;14
0625;14
0626;10
0627;13
0628;16
0629;13
0630;16
0701;12
0702;14
0703;16
0704;17
0705;10
0706;11
0707;14
0708;21
0709;19
0710;13
0711;10
0712;17
0713;10
0714;16
0715;13
0716;19
0717;15
0718;12
0719;12
0720;20
0721;13
0722;18
0723;17
0724;16
0725;18
0726;10
0727;15
0728;17
0729;7
0730;17
0731;8
0801;7
0802;15
0803;21
0804;13
0805;13
0806;10
0807;17
0808;10
0809;12
0810;15
0811;7
0812;20
0813;13
0814;9
0815;8
0816;23
0817;15
0818;16
0819;14
0820;13
0821;13
0822;15
0823;14
0824;15
0825;18
0826;22
0827;21
0828;15
0829;16
0830;8
0831;8
0901;16
0902;12
0903;12
0904;16
0905;10
0906;8
0907;14
0908;17
0909;17
0910;15
0911;12
0912;14
0913;14
0914;11
0915;11
0916;10
0917;16
0918;11
0919;10
0920;18
0921;12
0922;12
0923;12
0924;13
0925;14
0926;17
0927;17
0928;15
0929;15
0930;19
1001;17
1002;9
1003;14
1004;16
1005;11
1006;11
1007;12
1008;17
1009;11
1010;20
1011;14
1012;17
1013;11
1014;13
1015;8
1016;14
1017;15
1018;14
1019;10
1020;15
1021;14
1022;14
1023;16
1024;13
1025;18
1026;10
1027;14
1028;14
1029;17
1030;11
1031;14
1101;14
1102;14
1103;8
1104;17
1105;11
1106;16
1107;10
1108;13
1109;14
1110;14
1111;17
1112;11
1113;19
1114;9
1115;15
1116;13
1117;23
1118;9
1119;16
1120;25
1121;16
1122;18
1123;18
1124;17
1125;20
1126;30
1127;15
1128;12
1129;10
1130;14
1201;16
1202;18
1203;11
1204;11
1205;14
1206;23
1207;14
1208;18
1209;21
1210;18
1211;8
1212;21
1213;15
1214;15
1215;16
1216;15
1217;21
1218;19
1219;14
1220;12
1221;14
1222;18
1223;14
1224;17
1225;19
1226;26
1227;24
1228;12
1229;16
1230;20
1231;12
