0101;49
0102;44
0103;46
0104;61
0105;42
0106;51
0107;41
0108;48
0109;54
0110;52
0111;52
0112;54
0113;63
0114;67
0115;42
0116;41
0117;35
0118;44
0119;52
0120;55
0121;47
0122;55
0123;41
0124;45
0125;44
0126;58
0127;55
0128;47
0129;65
0130;44
0131;43
0201;46
0202;56
0203;39
0204;54
0205;47
0206;52
0207;47
0208;51
0209;58
0210;48
0211;53
0212;67
0213;43
0214;54
0215;62
0216;50
0217;40
0218;45
0219;47
0220;37
0221;58
0222;54
0223;40
0224;51
0225;44
0226;49
0227;49
0228;39
0229;39
0301;62
0302;46
0303;36
0304;51
0305;41
0306;50
0307;70
0308;48
0309;67
0310;46
0311;53
0312;56
0313;44
0314;45
0315;57
0316;66
0317;48
0318;53
0319;52
0320;50
0321;54
0322;46
0323;56
0324;56
0325;52
0326;40
0327;46
0328;43
0329;43
0330;54
0331;47
0401;59
0402;48
0403;46
0404;47
0405;53
0406;60
0407;55
0408;47
0409;47
0410;45
0411;39
0412;55
0413;44
0414;43
0415;35
0416;35
0417;30
0418;51
0419;54
0420;43
0421;47
0422;43
0423;45
0424;38
0425;54
0426;42
0427;46
0428;41
0429;37
0430;41
0501;44
0502;44
0503;57
0504;48
0505;58
0506;47
0507;46
0508;40
0509;59
0510;43
0511;46
0512;45
0513;48
0514;42
0515;36
0516;42
0517;36
0518;41
0519;62
0520;47
0521;38
0522;33
0523;36
0524;40
0525;45
0526;42
0527;50
0528;46
0529;50
0530;48
0531;46
0601;44
0602;48
0603;46
0604;45
0605;34
0606;44
0607;42
0608;58
0609;44
0610;44
0611;49
0612;43
0613;39
0614;35
0615;47
0616;51
0617;51
0618;38
0619;35
0620;52
0621;47
0622;52
0623;39
0624;41
0625;40
0626;36
0627;42
0628;29
0629;62
0630;36
0701;41
0702;47
0703;41
0704;37
0705;41
0706;47
0707;50
0708;49
0709;38
0710;40
0711;52
0712;43
0713;42
0714;48
0715;42
0716;36
0717;48
0718;47
0719;46
0720;50
0721;45
0722;44
0723;38
0724;47
0725;58
0726;40
0727;40
0728;36
0729;49
0730;32
0731;33
0801;27
0802;35
0803;36
0804;33
0805;32
0806;31
0807;30
0808;46
0809;40
0810;42
0811;46
0812;43
0813;35
0814;43
0815;34
0816;46
0817;41
0818;28
0819;51
0820;42
0821;33
0822;32
0823;35
0824;46
0825;53
0826;35
0827;47
0828;40
0829;40
0830;36
0831;47
0901;37
0902;61
0903;30
0904;44
0905;48
0906;48
0907;40
0908;45
0909;38
0910;35
0911;39
0912;45
0913;43
0914;44
0915;43
0916;43
0917;37
0918;37
0919;44
0920;53
0921;45
0922;59
0923;47
0924;48
0925;49
0926;44
0927;47
0928;38
0929;52
0930;42
1001;36
1002;47
1003;40
1004;46
1005;43
1006;45
1007;40
1008;53
1009;44
1010;40
1011;61
1012;49
1013;56
1014;54
1015;59
1016;57
1017;50
1018;52
1019;55
1020;61
1021;37
1022;45
1023;40
1024;42
1025;48
1026;45
1027;49
1028;67
1029;37
1030;45
1031;41
1101;54
1102;39
1103;52
1104;43
1105;53
1106;33
1107;41
1108;58
1109;64
1110;57
1111;47
1112;42
1113;32
1114;49
1115;50
1116;46
1117;48
1118;61
1119;48
1120;39
1121;38
1122;36
1123;57
1124;52
1125;57
1126;38
1127;48
1128;49
1129;55
1130;41
1201;49
1202;44
1203;56
1204;46
1205;48
1206;55
1207;47
1208;61
1209;58
1210;53
1211;41
1212;45
1213;51
1214;48
1215;47
1216;68
1217;45
1218;58
1219;41
1220;61
1221;54
1222;56
1223;67
1224;55
1225;50
1226;59
1227;68
1228;59
1229;53
1230;50
1231;52
