0101;37
0102;35
0103;35
0104;29
0105;43
0106;50
0107;38
0108;28
0109;34
0110;30
0111;40
0112;43
0113;41
0114;34
0115;35
0116;39
0117;32
0118;39
0119;26
0120;33
0121;30
0122;31
0123;38
0124;42
0125;48
0126;26
0127;41
0128;40
0129;18
0130;40
0131;28
0201;32
0202;39
0203;40
0204;30
0205;31
0206;38
0207;34
0208;37
0209;34
0210;29
0211;35
0212;33
0213;25
0214;39
0215;33
0216;45
0217;35
0218;39
0219;34
0220;41
0221;35
0222;42
0223;32
0224;25
0225;40
0226;28
0227;45
0228;36
0229;36
0301;46
0302;33
0303;45
0304;33
0305;40
0306;25
0307;29
0308;32
0309;39
0310;29
0311;31
0312;46
0313;34
0314;33
0315;32
0316;46
0317;35
0318;49
0319;24
0320;27
0321;37
0322;47
0323;35
0324;29
0325;41
0326;49
0327;39
0328;39
0329;36
0330;52
0331;33
0401;36
0402;36
0403;35
0404;44
0405;45
0406;39
0407;31
0408;25
0409;41
0410;41
0411;39
0412;52
0413;40
0414;39
0415;43
0416;42
0417;24
0418;40
0419;26
0420;29
0421;31
0422;45
0423;30
0424;29
0425;32
0426;34
0427;33
0428;38
0429;36
0430;34
0501;29
0502;41
0503;28
0504;39
0505;36
0506;37
0507;32
0508;23
0509;40
0510;34
0511;33
0512;30
0513;36
0514;27
0515;39
0516;19
0517;37
0518;40
0519;26
0520;39
0521;29
0522;31
0523;41
0524;29
0525;31
0526;35
0527;38
0528;27
0529;37
0530;31
0531;21
0601;28
0602;26
0603;24
0604;31
0605;33
0606;31
0607;32
0608;41
0609;32
0610;37
0611;43
0612;33
0613;26
0614;34
0615;25
0616;26
0617;29
0618;22
0619;35
0620;31
0621;32
0622;24
0623;32
0624;38
0625;28
0626;32
0627;28
0628;26
0629;26
0630;36
0701;28
0702;28
0703;37
0704;42
0705;38
0706;33
0707;33
0708;29
0709;28
0710;33
0711;37
0712;36
0713;25
0714;31
0715;30
0716;26
0717;24
0718;35
0719;31
0720;38
0721;31
0722;31
0723;32
0724;37
0725;30
0726;32
0727;30
0728;35
0729;28
0730;32
0731;33
0801;21
0802;25
0803;37
0804;26
0805;30
0806;42
0807;22
0808;33
0809;34
0810;18
0811;33
0812;22
0813;27
0814;34
0815;25
0816;26
0817;35
0818;35
0819;24
0820;31
0821;29
0822;33
0823;31
0824;26
0825;31
0826;32
0827;27
0828;30
0829;24
0830;23
0831;34
0901;38
0902;34
0903;28
0904;32
0905;27
0906;36
0907;31
0908;36
0909;35
0910;28
0911;38
0912;35
0913;34
0914;38
0915;31
0916;31
0917;31
0918;24
0919;31
0920;34
0921;27
0922;36
0923;31
0924;38
0925;27
0926;35
0927;21
0928;28
0929;32
0930;24
1001;41
1002;27
1003;32
1004;45
1005;28
1006;46
1007;46
1008;34
1009;40
1010;26
1011;35
1012;42
1013;27
1014;37
1015;27
1016;35
1017;36
1018;34
1019;34
1020;36
1021;27
1022;33
1023;36
1024;33
1025;32
1026;32
1027;34
1028;46
1029;41
1030;26
1031;39
1101;36
1102;28
1103;27
1104;33
1105;52
1106;39
1107;35
1108;25
1109;25
1110;37
1111;36
1112;41
1113;28
1114;38
1115;38
1116;44
1117;31
1118;43
1119;27
1120;43
1121;39
1122;27
1123;26
1124;31
1125;33
1126;26
1127;45
1128;37
1129;26
1130;28
1201;31
1202;33
1203;34
1204;34
1205;40
1206;36
1207;23
1208;29
1209;39
1210;35
1211;33
1212;32
1213;28
1214;46
1215;34
1216;37
1217;32
1218;37
1219;46
1220;52
1221;50
1222;45
1223;46
1224;34
1225;31
1226;30
1227;56
1228;49
1229;45
1230;47
1231;37
