0101;26
0102;25
0103;22
0104;20
0105;26
0106;30
0107;27
0108;30
0109;25
0110;32
0111;29
0112;26
0113;24
0114;16
0115;36
0116;32
0117;17
0118;19
0119;22
0120;36
0121;27
0122;31
0123;31
0124;24
0125;25
0126;15
0127;17
0128;18
0129;20
0130;29
0131;23
0201;15
0202;20
0203;28
0204;17
0205;24
0206;22
0207;22
0208;23
0209;24
0210;25
0211;17
0212;23
0213;16
0214;22
0215;32
0216;21
0217;27
0218;12
0219;33
0220;19
0221;21
0222;27
0223;20
0224;21
0225;17
0226;27
0227;17
0228;16
0229;38
0301;32
0302;26
0303;22
0304;27
0305;15
0306;18
0307;18
0308;18
0309;17
0310;25
0311;27
0312;18
0313;23
0314;28
0315;13
0316;26
0317;24
0318;27
0319;36
0320;33
0321;20
0322;31
0323;27
0324;20
0325;31
0326;22
0327;23
0328;18
0329;24
0330;25
0331;19
0401;31
0402;28
0403;25
0404;25
0405;24
0406;20
0407;16
0408;24
0409;22
0410;18
0411;20
0412;23
0413;23
0414;21
0415;26
0416;30
0417;13
0418;24
0419;21
0420;25
0421;24
0422;17
0423;17
0424;14
0425;25
0426;20
0427;16
0428;18
0429;19
0430;17
0501;24
0502;15
0503;15
0504;21
0505;23
0506;21
0507;26
0508;23
0509;17
0510;27
0511;21
0512;24
0513;16
0514;19
0515;13
0516;17
0517;32
0518;20
0519;20
0520;21
0521;21
0522;13
0523;21
0524;21
0525;17
0526;30
0527;29
0528;24
0529;20
0530;23
0531;5
0601;23
0602;23
0603;17
0604;22
0605;17
0606;23
0607;32
0608;29
0609;21
0610;31
0611;24
0612;22
0613;22
0614;26
0615;15
0616;20
0617;22
0618;17
0619;17
0620;24
0621;16
0622;21
0623;16
0624;23
0625;17
0626;17
0627;15
0628;21
0629;25
0630;16
0701;17
0702;13
0703;23
0704;21
0705;24
0706;14
0707;25
0708;23
0709;22
0710;19
0711;17
0712;21
0713;17
0714;15
0715;14
0716;11
0717;21
0718;30
0719;23
0720;21
0721;20
0722;20
0723;17
0724;23
0725;11
0726;23
0727;25
0728;23
0729;24
0730;20
0731;22
0801;14
0802;13
0803;15
0804;22
0805;17
0806;23
0807;14
0808;18
0809;18
0810;14
0811;12
0812;28
0813;31
0814;21
0815;12
0816;19
0817;25
0818;23
0819;15
0820;24
0821;14
0822;18
0823;29
0824;29
0825;19
0826;24
0827;16
0828;21
0829;26
0830;25
0831;19
0901;19
0902;25
0903;18
0904;21
0905;28
0906;24
0907;24
0908;12
0909;21
0910;14
0911;22
0912;24
0913;27
0914;13
0915;21
0916;15
0917;15
0918;15
0919;21
0920;25
0921;23
0922;20
0923;26
0924;14
0925;20
0926;30
0927;17
0928;28
0929;29
0930;26
1001;21
1002;15
1003;15
1004;22
1005;20
1006;21
1007;19
1008;20
1009;27
1010;21
1011;25
1012;21
1013;19
1014;27
1015;22
1016;8
1017;31
1018;20
1019;21
1020;33
1021;17
1022;15
1023;31
1024;24
1025;18
1026;22
1027;25
1028;17
1029;22
1030;29
1031;15
1101;17
1102;24
1103;23
1104;23
1105;24
1106;29
1107;25
1108;16
1109;17
1110;22
1111;25
1112;18
1113;23
1114;29
1115;37
1116;28
1117;25
1118;24
1119;22
1120;28
1121;24
1122;29
1123;26
1124;24
1125;20
1126;23
1127;17
1128;21
1129;22
1130;26
1201;17
1202;33
1203;23
1204;21
1205;18
1206;27
1207;30
1208;43
1209;36
1210;28
1211;25
1212;33
1213;23
1214;25
1215;32
1216;27
1217;32
1218;27
1219;24
1220;30
1221;29
1222;34
1223;34
1224;34
1225;28
1226;33
1227;36
1228;37
1229;30
1230;33
1231;24
