0101;12
0102;16
0103;11
0104;12
0105;8
0106;6
0107;12
0108;15
0109;7
0110;9
0111;13
0112;11
0113;15
0114;7
0115;10
0116;17
0117;10
0118;7
0119;12
0120;10
0121;5
0122;10
0123;13
0124;8
0125;17
0126;13
0127;7
0128;8
0129;11
0130;11
0131;10
0201;13
0202;13
0203;9
0204;11
0205;7
0206;12
0207;10
0208;11
0209;17
0210;16
0211;18
0212;9
0213;16
0214;11
0215;13
0216;10
0217;15
0218;9
0219;17
0220;14
0221;12
0222;8
0223;18
0224;6
0225;9
0226;14
0227;16
0228;13
0229;15
0301;15
0302;13
0303;16
0304;11
0305;12
0306;8
0307;7
0308;14
0309;10
0310;6
0311;16
0312;19
0313;11
0314;9
0315;15
0316;16
0317;13
0318;13
0319;11
0320;5
0321;13
0322;6
0323;8
0324;13
0325;13
0326;11
0327;10
0328;9
0329;13
0330;13
0331;16
0401;13
0402;9
0403;19
0404;13
0405;8
0406;10
0407;10
0408;9
0409;14
0410;14
0411;9
0412;9
0413;13
0414;10
0415;8
0416;8
0417;14
0418;13
0419;15
0420;12
0421;8
0422;18
0423;13
0424;9
0425;4
0426;17
0427;5
0428;11
0429;10
0430;8
0501;10
0502;12
0503;9
0504;16
0505;4
0506;10
0507;13
0508;12
0509;5
0510;10
0511;13
0512;4
0513;10
0514;14
0515;10
0516;12
0517;11
0518;9
0519;7
0520;10
0521;11
0522;12
0523;9
0524;5
0525;12
0526;12
0527;9
0528;10
0529;6
0530;11
0531;16
0601;9
0602;8
0603;13
0604;5
0605;16
0606;15
0607;9
0608;11
0609;14
0610;9
0611;8
0612;11
0613;12
0614;12
0615;14
0616;10
0617;10
0618;18
0619;11
0620;4
0621;14
0622;14
0623;13
0624;9
0625;11
0626;3
0627;11
0628;9
0629;13
0630;10
0701;9
0702;14
0703;12
0704;15
0705;13
0706;6
0707;13
0708;12
0709;14
0710;9
0711;11
0712;7
0713;8
0714;9
0715;11
0716;9
0717;15
0718;7
0719;7
0720;18
0721;17
0722;13
0723;10
0724;6
0725;12
0726;8
0727;10
0728;7
0729;9
0730;9
0731;12
0801;5
0802;10
0803;10
0804;11
0805;8
0806;10
0807;3
0808;11
0809;11
0810;10
0811;14
0812;12
0813;8
0814;7
0815;11
0816;7
0817;12
0818;7
0819;9
0820;8
0821;12
0822;9
0823;9
0824;13
0825;10
0826;10
0827;5
0828;15
0829;12
0830;16
0831;11
0901;14
0902;12
0903;13
0904;8
0905;17
0906;7
0907;7
0908;9
0909;19
0910;11
0911;9
0912;8
0913;8
0914;16
0915;8
0916;13
0917;6
0918;11
0919;13
0920;16
0921;8
0922;12
0923;11
0924;7
0925;14
0926;7
0927;13
0928;8
0929;9
0930;5
1001;9
1002;9
1003;9
1004;8
1005;8
1006;11
1007;13
1008;8
1009;12
1010;8
1011;15
1012;8
1013;8
1014;11
1015;15
1016;12
1017;4
1018;11
1019;11
1020;10
1021;12
1022;15
1023;9
1024;11
1025;17
1026;16
1027;12
1028;5
1029;4
1030;12
1031;11
1101;8
1102;12
1103;10
1104;14
1105;12
1106;10
1107;14
1108;14
1109;8
1110;7
1111;11
1112;13
1113;7
1114;10
1115;11
1116;14
1117;13
1118;11
1119;15
1120;16
1121;10
1122;7
1123;15
1124;5
1125;12
1126;14
1127;8
1128;11
1129;7
1130;10
1201;12
1202;10
1203;5
1204;10
1205;12
1206;6
1207;11
1208;11
1209;9
1210;4
1211;19
1212;10
1213;6
1214;16
1215;5
1216;12
1217;17
1218;9
1219;12
1220;8
1221;11
1222;15
1223;9
1224;14
1225;4
1226;9
1227;20
1228;12
1229;12
1230;15
1231;12
