0101;4
0102;4
0103;5
0104;8
0105;6
0106;7
0107;4
0108;11
0109;6
0110;10
0111;5
0112;1
0113;9
0114;10
0115;6
0116;7
0117;5
0118;5
0119;15
0120;10
0121;8
0122;5
0123;8
0124;12
0125;8
0126;7
0127;8
0128;5
0129;8
0130;5
0131;10
0201;4
0202;2
0203;8
0204;6
0205;7
0206;8
0207;4
0208;5
0209;5
0210;4
0211;9
0212;9
0213;7
0214;3
0215;3
0216;6
0217;12
0218;11
0219;4
0220;9
0221;8
0222;7
0223;4
0224;7
0225;4
0226;3
0227;7
0228;5
0229;5
0301;7
0302;12
0303;7
0304;9
0305;9
0306;6
0307;10
0308;7
0309;8
0310;5
0311;10
0312;8
0313;7
0314;6
0315;7
0316;16
0317;13
0318;8
0319;5
0320;5
0321;15
0322;7
0323;9
0324;7
0325;6
0326;10
0327;5
0328;9
0329;5
0330;8
0331;6
0401;7
0402;9
0403;7
0404;10
0405;11
0406;8
0407;1
0408;8
0409;7
0410;9
0411;9
0412;7
0413;10
0414;4
0415;9
0416;7
0417;4
0418;11
0419;6
0420;6
0421;6
0422;11
0423;3
0424;11
0425;5
0426;8
0427;4
0428;7
0429;8
0430;4
0501;3
0502;10
0503;8
0504;5
0505;11
0506;3
0507;9
0508;7
0509;9
0510;4
0511;7
0512;7
0513;3
0514;6
0515;6
0516;5
0517;5
0518;7
0519;5
0520;2
0521;9
0522;5
0523;4
0524;3
0525;7
0526;5
0527;8
0528;5
0529;9
0530;5
0531;7
0601;8
0602;5
0603;5
0604;4
0605;8
0606;3
0607;6
0608;8
0609;4
0610;3
0611;6
0612;5
0613;1
0614;5
0615;8
0616;5
0617;15
0618;7
0619;11
0620;2
0621;8
0622;6
0623;7
0624;7
0625;2
0626;6
0627;9
0628;3
0629;9
0630;4
0701;6
0702;5
0703;9
0704;5
0705;10
0706;7
0707;6
0708;4
0709;4
0710;9
0711;6
0712;2
0713;4
0714;5
0715;5
0716;4
0717;5
0718;12
0719;5
0720;8
0721;10
0722;3
0723;8
0724;11
0725;6
0726;3
0727;7
0728;2
0729;6
0730;3
0731;9
0801;7
0802;14
0803;6
0804;8
0805;7
0806;10
0807;5
0808;7
0809;5
0810;5
0811;9
0812;6
0813;2
0814;4
0815;5
0816;10
0817;1
0818;7
0819;5
0820;7
0821;6
0822;7
0823;6
0824;7
0825;1
0826;4
0827;5
0828;7
0829;7
0830;2
0831;7
0901;6
0902;7
0903;13
0904;1
0905;8
0906;3
0907;5
0908;9
0909;5
0910;2
0911;4
0912;5
0913;9
0914;7
0915;8
0916;4
0917;9
0918;3
0919;6
0920;7
0921;4
0922;3
0923;8
0924;9
0925;7
0926;8
0927;4
0928;7
0929;7
0930;8
1001;8
1002;2
1003;7
1004;6
1005;6
1006;5
1007;5
1008;2
1009;7
1010;6
1011;8
1012;4
1013;2
1014;12
1015;7
1016;4
1017;5
1018;8
1019;7
1020;3
1021;7
1022;7
1023;8
1024;6
1025;4
1027;8
1028;7
1029;5
1030;12
1031;10
1101;3
1102;8
1103;5
1104;8
1105;4
1106;5
1107;10
1108;5
1109;7
1110;5
1111;8
1112;4
1113;4
1114;4
1115;4
1116;4
1117;9
1118;8
1119;6
1120;10
1121;9
1122;5
1123;8
1124;3
1125;6
1126;7
1127;5
1128;9
1129;8
1130;12
1201;8
1202;8
1203;9
1204;11
1205;5
1206;10
1207;5
1208;6
1209;8
1210;3
1211;8
1212;6
1213;10
1214;5
1215;8
1216;10
1217;16
1218;6
1219;9
1220;10
1221;9
1222;6
1223;9
1224;11
1225;10
1226;9
1227;6
1228;8
1229;5
1230;5
1231;10
