0101;14
0102;22
0103;23
0104;21
0105;11
0106;15
0107;15
0108;13
0109;21
0110;29
0111;21
0112;15
0113;27
0114;23
0115;19
0116;17
0117;14
0118;13
0119;11
0120;21
0121;16
0122;8
0123;11
0124;9
0125;12
0126;13
0127;13
0128;26
0129;14
0130;16
0131;25
0201;24
0202;13
0203;30
0204;25
0205;22
0206;19
0207;11
0208;11
0209;21
0210;21
0211;11
0212;16
0213;19
0214;16
0215;25
0216;17
0217;21
0218;15
0219;17
0220;23
0221;15
0222;18
0223;20
0224;11
0225;16
0226;13
0227;22
0228;14
0229;13
0301;15
0302;24
0303;14
0304;16
0305;17
0306;21
0307;22
0308;20
0309;18
0310;17
0311;17
0312;14
0313;15
0314;16
0315;23
0316;14
0317;18
0318;15
0319;19
0320;17
0321;9
0322;18
0323;12
0324;20
0325;20
0326;13
0327;9
0328;20
0329;19
0330;14
0331;14
0401;14
0402;19
0403;15
0404;21
0405;24
0406;21
0407;13
0408;19
0409;18
0410;18
0411;20
0412;18
0413;14
0414;12
0415;14
0416;12
0417;16
0418;12
0419;9
0420;10
0421;20
0422;15
0423;14
0424;13
0425;13
0426;15
0427;10
0428;18
0429;19
0430;16
0501;18
0502;19
0503;12
0504;11
0505;21
0506;18
0507;15
0508;11
0509;11
0510;17
0511;19
0512;21
0513;13
0514;12
0515;19
0516;15
0517;15
0518;10
0519;15
0520;18
0521;15
0522;20
0523;14
0524;13
0525;10
0526;9
0527;14
0528;14
0529;14
0530;20
0531;9
0601;19
0602;9
0603;5
0604;6
0605;12
0606;8
0607;17
0608;11
0609;11
0610;14
0611;12
0612;14
0613;24
0614;14
0615;13
0616;12
0617;10
0618;13
0619;8
0620;18
0621;12
0622;20
0623;10
0624;21
0625;15
0626;15
0627;18
0628;11
0629;11
0630;19
0701;19
0702;16
0703;13
0704;17
0705;19
0706;14
0707;22
0708;13
0709;14
0710;20
0711;12
0712;16
0713;12
0714;13
0715;6
0716;12
0717;13
0718;10
0719;25
0720;13
0721;22
0722;13
0723;12
0724;15
0725;12
0726;18
0727;20
0728;11
0729;11
0730;11
0731;11
0801;16
0802;17
0803;19
0804;11
0805;7
0806;14
0807;15
0808;10
0809;10
0810;8
0811;16
0812;11
0813;7
0814;11
0815;21
0816;13
0817;11
0818;19
0819;8
0820;15
0821;11
0822;16
0823;13
0824;9
0825;20
0826;17
0827;11
0828;13
0829;10
0830;16
0831;15
0901;15
0902;12
0903;14
0904;18
0905;19
0906;19
0907;13
0908;11
0909;15
0910;18
0911;16
0912;15
0913;13
0914;13
0915;22
0916;14
0917;14
0918;11
0919;16
0920;10
0921;14
0922;15
0923;7
0924;10
0925;9
0926;16
0927;10
0928;11
0929;22
0930;23
1001;15
1002;24
1003;8
1004;19
1005;11
1006;15
1007;22
1008;17
1009;14
1010;15
1011;17
1012;18
1013;17
1014;17
1015;16
1016;17
1017;22
1018;16
1019;14
1020;18
1021;18
1022;16
1023;20
1024;16
1025;21
1026;12
1027;14
1028;16
1029;13
1030;16
1031;20
1101;26
1102;14
1103;16
1104;20
1105;16
1106;14
1107;14
1108;13
1109;14
1110;19
1111;20
1112;13
1113;16
1114;18
1115;18
1116;18
1117;13
1118;17
1119;16
1120;15
1121;15
1122;20
1123;16
1124;20
1125;14
1126;22
1127;17
1128;16
1129;14
1130;19
1201;13
1202;14
1203;11
1204;17
1205;19
1206;20
1207;12
1208;20
1209;10
1210;21
1211;23
1212;18
1213;22
1214;17
1215;17
1216;12
1217;22
1218;17
1219;24
1220;17
1221;24
1222;19
1223;18
1224;23
1225;23
1226;22
1227;16
1228;29
1229;18
1230;24
1231;23
