0101;20
0102;7
0103;12
0104;7
0105;14
0106;18
0107;12
0108;15
0109;17
0110;23
0111;8
0112;14
0113;8
0114;9
0115;11
0116;10
0117;11
0118;18
0119;16
0120;14
0121;12
0122;10
0123;18
0124;16
0125;15
0126;13
0127;18
0128;12
0129;12
0130;12
0131;8
0201;17
0202;11
0203;9
0204;9
0205;9
0206;9
0207;15
0208;17
0209;11
0210;16
0211;12
0212;10
0213;17
0214;16
0215;6
0216;14
0217;8
0218;20
0219;17
0220;16
0221;15
0222;9
0223;22
0224;8
0225;9
0226;15
0227;13
0228;9
0229;20
0301;18
0302;9
0303;20
0304;19
0305;15
0306;15
0307;11
0308;6
0309;10
0310;10
0311;17
0312;12
0313;16
0314;13
0315;18
0316;13
0317;13
0318;13
0319;17
0320;16
0321;18
0322;16
0323;20
0324;10
0325;18
0326;15
0327;12
0328;8
0329;17
0330;10
0331;11
0401;21
0402;11
0403;8
0404;15
0405;18
0406;8
0407;10
0408;5
0409;10
0410;16
0411;12
0412;15
0413;13
0414;11
0415;7
0416;13
0417;16
0418;17
0419;10
0420;12
0421;19
0422;10
0423;13
0424;13
0425;16
0426;17
0427;14
0428;15
0429;10
0430;13
0501;20
0502;14
0503;15
0504;19
0505;13
0506;11
0507;8
0508;12
0509;12
0510;11
0511;13
0512;12
0513;18
0514;12
0515;7
0516;8
0517;19
0518;15
0519;8
0520;9
0521;15
0522;18
0523;15
0524;12
0525;9
0526;12
0527;6
0528;17
0529;21
0530;10
0531;15
0601;14
0602;10
0603;6
0604;9
0605;8
0606;14
0607;15
0608;11
0609;14
0610;15
0611;14
0612;11
0613;11
0614;12
0615;8
0616;7
0617;6
0618;8
0619;12
0620;10
0621;12
0622;9
0623;9
0624;9
0625;13
0626;7
0627;10
0628;11
0629;14
0630;7
0701;9
0702;9
0703;14
0704;6
0705;8
0706;14
0707;14
0708;15
0709;14
0710;15
0711;17
0712;6
0713;11
0714;3
0715;17
0716;10
0717;13
0718;21
0719;11
0720;15
0721;12
0722;14
0723;11
0724;14
0725;9
0726;19
0727;9
0728;7
0729;11
0730;9
0731;19
0801;4
0802;7
0803;13
0804;6
0805;13
0806;13
0807;10
0808;13
0809;15
0810;12
0811;12
0812;9
0813;10
0814;12
0815;22
0816;11
0817;10
0818;16
0819;17
0820;15
0821;8
0822;13
0823;13
0824;11
0825;12
0826;12
0827;11
0828;12
0829;13
0830;12
0831;11
0901;14
0902;12
0903;9
0904;11
0905;12
0906;11
0907;12
0908;11
0909;14
0910;11
0911;12
0912;12
0913;17
0914;12
0915;9
0916;11
0917;12
0918;5
0919;10
0920;14
0921;15
0922;13
0923;12
0924;9
0925;10
0926;8
0927;11
0928;11
0929;18
0930;9
1001;11
1002;10
1003;8
1004;22
1005;17
1006;10
1007;12
1008;13
1009;11
1010;16
1011;19
1012;10
1013;11
1014;12
1015;15
1016;5
1017;24
1018;11
1019;15
1020;15
1021;21
1022;12
1023;14
1024;11
1025;17
1026;10
1027;10
1028;8
1029;13
1030;16
1031;10
1101;4
1102;9
1103;10
1104;17
1105;7
1106;9
1107;13
1108;13
1109;9
1110;9
1111;8
1112;14
1113;15
1114;10
1115;17
1116;14
1117;16
1118;17
1119;10
1120;13
1121;11
1122;18
1123;12
1124;7
1125;17
1126;12
1127;15
1128;9
1129;13
1130;18
1201;9
1202;10
1203;15
1204;18
1205;14
1206;8
1207;25
1208;14
1209;12
1210;14
1211;15
1212;17
1213;13
1214;9
1215;17
1216;12
1217;10
1218;18
1219;14
1220;16
1221;17
1222;14
1223;17
1224;24
1225;13
1226;17
1227;11
1228;13
1229;15
1230;26
1231;21
