0101;20
0102;11
0103;12
0104;19
0105;9
0106;21
0107;12
0108;8
0109;12
0110;11
0111;17
0112;5
0113;12
0114;3
0115;12
0116;13
0117;9
0118;12
0119;12
0120;14
0121;12
0122;12
0123;13
0124;10
0125;16
0126;8
0127;9
0128;13
0129;13
0130;6
0131;9
0201;17
0202;7
0203;7
0204;13
0205;10
0206;7
0207;13
0208;13
0209;15
0210;8
0211;9
0212;14
0213;16
0214;9
0215;13
0216;15
0217;14
0218;11
0219;18
0220;3
0221;17
0222;10
0223;15
0224;10
0225;10
0226;11
0227;11
0228;10
0229;13
0301;7
0302;9
0303;13
0304;10
0305;14
0306;10
0307;7
0308;16
0309;17
0310;8
0311;8
0312;12
0313;9
0314;10
0315;7
0316;13
0317;13
0318;15
0319;19
0320;10
0321;18
0322;12
0323;16
0324;11
0325;9
0326;15
0327;10
0328;7
0329;9
0330;10
0331;8
0401;11
0402;18
0403;11
0404;16
0405;17
0406;10
0407;9
0408;15
0409;10
0410;9
0411;13
0412;15
0413;14
0414;10
0415;9
0416;14
0417;14
0418;13
0419;9
0420;10
0421;11
0422;9
0423;8
0424;11
0425;13
0426;10
0427;11
0428;11
0429;10
0430;12
0501;4
0502;16
0503;7
0504;8
0505;11
0506;16
0507;4
0508;10
0509;12
0510;15
0511;12
0512;10
0513;10
0514;12
0515;8
0516;7
0517;9
0518;10
0519;12
0520;7
0521;4
0522;13
0523;12
0524;12
0525;7
0526;8
0527;16
0528;12
0529;7
0530;8
0531;10
0601;12
0602;9
0603;6
0604;7
0605;10
0606;9
0607;16
0608;12
0609;14
0610;16
0611;10
0612;11
0613;16
0614;6
0615;8
0616;4
0617;5
0618;9
0619;13
0620;9
0621;8
0622;8
0623;12
0624;13
0625;7
0626;6
0627;13
0628;9
0629;9
0630;9
0701;5
0702;12
0703;9
0704;10
0705;12
0706;6
0707;1
0708;15
0709;8
0710;9
0711;13
0712;11
0713;13
0714;13
0715;3
0716;14
0717;8
0718;11
0719;10
0720;17
0721;10
0722;16
0723;8
0724;9
0725;6
0726;13
0727;6
0728;13
0729;14
0730;7
0731;6
0801;10
0802;9
0803;8
0804;12
0805;5
0806;8
0807;5
0808;9
0809;7
0810;4
0811;11
0812;9
0813;8
0814;13
0815;17
0816;10
0817;13
0818;12
0819;13
0820;10
0821;10
0822;17
0823;10
0824;14
0825;13
0826;11
0827;13
0828;18
0829;6
0830;13
0831;10
0901;11
0902;9
0903;11
0904;13
0905;7
0906;11
0907;10
0908;12
0909;9
0910;8
0911;12
0912;15
0913;14
0914;14
0915;11
0916;8
0917;8
0918;5
0919;7
0920;6
0921;7
0922;12
0923;8
0924;16
0925;8
0926;10
0927;12
0928;6
0929;13
0930;10
1001;12
1002;8
1003;11
1004;11
1005;11
1006;13
1007;12
1008;9
1009;15
1010;11
1011;12
1012;19
1013;7
1014;16
1015;11
1016;8
1017;10
1018;15
1019;14
1020;11
1021;9
1022;12
1023;8
1024;7
1025;14
1026;15
1027;11
1028;11
1029;11
1030;17
1031;7
1101;11
1102;18
1103;16
1104;10
1105;6
1106;6
1107;12
1108;4
1109;13
1110;14
1111;14
1112;10
1113;11
1114;15
1115;10
1116;7
1117;10
1118;15
1119;10
1120;22
1121;11
1122;14
1123;11
1124;16
1125;14
1126;13
1127;20
1128;13
1129;13
1130;13
1201;9
1202;6
1203;12
1204;12
1205;15
1206;9
1207;19
1208;17
1209;15
1210;19
1211;14
1212;12
1213;10
1214;12
1215;8
1216;17
1217;14
1218;12
1219;21
1220;11
1221;14
1222;9
1223;15
1224;16
1225;13
1226;18
1227;13
1228;13
1229;13
1230;14
1231;14
