0101;5
0102;8
0103;7
0104;9
0105;8
0106;5
0107;11
0108;9
0109;8
0110;12
0111;7
0112;6
0113;5
0114;9
0115;9
0116;7
0117;13
0118;10
0119;13
0120;6
0121;11
0122;11
0123;10
0124;14
0125;9
0126;7
0127;15
0128;4
0129;9
0130;9
0131;9
0201;7
0202;9
0203;6
0204;9
0205;13
0206;9
0207;9
0208;13
0209;15
0210;8
0211;9
0212;7
0213;7
0214;7
0215;9
0216;3
0217;7
0218;8
0219;15
0220;12
0221;11
0222;14
0223;7
0224;11
0225;12
0226;10
0227;4
0228;6
0229;13
0301;15
0302;8
0303;10
0304;9
0305;9
0306;8
0307;4
0308;8
0309;7
0310;9
0311;5
0312;7
0313;11
0314;9
0315;13
0316;9
0317;8
0318;10
0319;11
0320;8
0321;8
0322;14
0323;7
0324;8
0325;11
0326;8
0327;5
0328;6
0329;16
0330;7
0331;8
0401;10
0402;17
0403;5
0404;6
0405;11
0406;7
0407;11
0408;5
0409;6
0410;11
0411;4
0412;8
0413;10
0414;7
0415;7
0416;4
0417;9
0418;8
0419;11
0420;12
0421;10
0422;3
0423;10
0424;13
0425;11
0426;12
0427;15
0428;11
0429;7
0430;8
0501;5
0502;8
0503;7
0504;8
0505;13
0506;14
0507;7
0508;9
0509;5
0510;6
0511;7
0512;11
0513;6
0514;11
0515;7
0516;12
0517;6
0518;8
0519;6
0520;6
0521;9
0522;10
0523;5
0524;5
0525;9
0526;12
0527;10
0528;12
0529;12
0530;7
0531;2
0601;16
0602;5
0603;5
0604;7
0605;6
0606;13
0607;10
0608;8
0609;8
0610;8
0611;11
0612;4
0613;9
0614;13
0615;9
0616;14
0617;5
0618;6
0619;9
0620;7
0621;6
0622;9
0623;4
0624;15
0625;8
0626;9
0627;9
0628;7
0629;11
0630;8
0701;11
0702;5
0703;9
0704;11
0705;11
0706;13
0707;11
0708;12
0709;5
0710;13
0711;5
0712;7
0713;7
0714;8
0715;10
0716;10
0717;9
0718;3
0719;5
0720;13
0721;9
0722;14
0723;5
0724;7
0725;8
0726;12
0727;7
0728;13
0729;14
0730;4
0731;7
0801;5
0802;13
0803;10
0804;11
0805;9
0806;11
0807;11
0808;6
0809;7
0810;7
0811;12
0812;4
0813;5
0814;11
0815;13
0816;10
0817;13
0818;10
0819;7
0820;15
0821;10
0822;11
0823;16
0824;9
0825;14
0826;8
0827;7
0828;12
0829;15
0830;8
0831;13
0901;6
0902;4
0903;9
0904;7
0905;10
0906;9
0907;5
0908;9
0909;9
0910;9
0911;6
0912;6
0913;10
0914;9
0915;7
0916;11
0917;6
0918;9
0919;5
0920;8
0921;10
0922;6
0923;14
0924;10
0925;8
0926;7
0927;9
0928;10
0929;8
0930;9
1001;7
1002;3
1003;8
1004;10
1005;6
1006;7
1007;5
1008;7
1009;8
1010;5
1011;9
1012;5
1013;12
1014;6
1015;7
1016;13
1017;8
1018;9
1019;10
1020;12
1021;8
1022;9
1023;14
1024;4
1025;12
1026;3
1027;9
1028;14
1029;7
1030;6
1031;14
1101;8
1102;10
1103;3
1104;8
1105;7
1106;9
1107;9
1108;11
1109;7
1110;10
1111;5
1112;14
1113;7
1114;6
1115;12
1116;8
1117;8
1118;14
1119;11
1120;8
1121;8
1122;11
1123;8
1124;6
1125;7
1126;9
1127;5
1128;7
1129;17
1130;11
1201;14
1202;12
1203;8
1204;11
1205;9
1206;16
1207;8
1208;8
1209;6
1210;6
1211;11
1212;10
1213;8
1214;8
1215;14
1216;9
1217;14
1218;8
1219;6
1220;14
1221;14
1222;14
1223;8
1224;15
1225;12
1226;9
1227;14
1228;15
1229;8
1230;8
1231;16
