0101;20
0102;10
0103;7
0104;11
0105;13
0106;11
0107;14
0108;12
0109;14
0110;14
0111;23
0112;14
0113;13
0114;12
0115;20
0116;6
0117;12
0118;10
0119;18
0120;12
0121;9
0122;17
0123;10
0124;14
0125;9
0126;7
0127;13
0128;9
0129;11
0130;7
0131;7
0201;11
0202;15
0203;11
0204;16
0205;13
0206;15
0207;16
0208;11
0209;16
0210;19
0211;11
0212;10
0213;10
0214;13
0215;12
0216;12
0217;9
0218;7
0219;15
0220;12
0221;16
0222;5
0223;13
0224;13
0225;10
0226;16
0227;15
0228;4
0301;11
0302;20
0303;16
0304;11
0305;18
0306;10
0307;15
0308;11
0309;10
0310;21
0311;14
0312;8
0313;18
0314;6
0315;9
0316;15
0317;13
0318;6
0319;22
0320;13
0321;10
0322;6
0323;10
0324;15
0325;7
0326;14
0327;12
0328;13
0329;10
0330;15
0331;22
0401;13
0402;11
0403;16
0404;11
0405;14
0406;17
0407;13
0408;10
0409;10
0410;12
0411;8
0412;6
0413;14
0414;13
0415;5
0416;4
0417;9
0418;8
0419;16
0420;10
0421;8
0422;9
0423;8
0424;6
0425;16
0426;16
0427;7
0428;11
0429;13
0430;15
0501;15
0502;10
0503;10
0504;12
0505;11
0506;9
0507;8
0508;7
0509;9
0510;4
0511;7
0512;8
0513;8
0514;10
0515;16
0516;17
0517;8
0518;15
0519;10
0520;11
0521;13
0522;8
0523;8
0524;7
0525;13
0526;13
0527;16
0528;8
0529;8
0530;7
0531;16
0601;13
0602;12
0603;8
0604;6
0605;13
0606;14
0607;10
0608;5
0609;8
0610;7
0611;13
0612;15
0613;6
0614;12
0615;10
0616;12
0617;7
0618;11
0619;4
0620;7
0621;10
0622;12
0623;22
0624;7
0625;13
0626;5
0627;10
0628;5
0629;18
0630;11
0701;12
0702;7
0703;11
0704;16
0705;9
0706;8
0707;18
0708;12
0709;14
0710;10
0711;15
0712;8
0713;13
0714;9
0715;7
0716;15
0717;10
0718;10
0719;15
0720;11
0721;13
0722;9
0723;7
0724;8
0725;4
0726;8
0727;8
0728;5
0729;9
0730;15
0731;4
0801;10
0802;10
0803;8
0804;14
0805;9
0806;10
0807;15
0808;12
0809;11
0810;10
0811;10
0812;15
0813;12
0814;18
0815;9
0816;9
0817;17
0818;9
0819;6
0820;15
0821;10
0822;9
0823;12
0824;8
0825;11
0826;10
0827;13
0828;13
0829;13
0830;10
0831;13
0901;16
0902;10
0903;6
0904;14
0905;8
0906;7
0907;13
0908;9
0909;10
0910;13
0911;12
0912;8
0913;8
0914;9
0915;10
0916;10
0917;11
0918;16
0919;10
0920;10
0921;14
0922;8
0923;9
0924;14
0925;3
0926;11
0927;14
0928;13
0929;10
0930;24
1001;13
1002;11
1003;12
1004;8
1005;13
1006;9
1007;13
1008;10
1009;8
1010;13
1011;9
1012;11
1013;13
1014;14
1015;11
1016;16
1017;15
1018;17
1019;12
1020;10
1021;11
1022;12
1023;10
1024;11
1025;13
1026;15
1027;14
1028;11
1029;4
1030;9
1031;12
1101;7
1102;13
1103;16
1104;15
1105;14
1106;14
1107;17
1108;7
1109;8
1110;13
1111;16
1112;12
1113;9
1114;13
1115;7
1116;10
1117;12
1118;17
1119;11
1120;14
1121;12
1122;8
1123;17
1124;17
1125;13
1126;14
1127;4
1128;11
1129;10
1130;10
1201;12
1202;16
1203;12
1204;12
1205;9
1206;15
1207;12
1208;14
1209;16
1210;9
1211;9
1212;12
1213;11
1214;14
1215;16
1216;13
1217;17
1218;11
1219;10
1220;8
1221;7
1222;8
1223;12
1224;8
1225;11
1226;16
1227;7
1228;12
1229;11
1230;12
1231;14
