0000;1
0101;46
0102;46
0103;40
0104;42
0105;38
0106;39
0107;45
0108;44
0109;26
0110;37
0111;38
0112;41
0113;43
0114;30
0115;47
0116;42
0117;37
0118;40
0119;30
0120;36
0121;42
0122;34
0123;45
0124;39
0125;33
0126;48
0127;45
0128;34
0129;45
0130;30
0131;51
0201;40
0202;46
0203;43
0204;43
0205;42
0206;45
0207;52
0208;41
0209;47
0210;45
0211;48
0212;50
0213;44
0214;51
0215;48
0216;38
0217;58
0218;51
0219;49
0220;49
0221;44
0222;43
0223;42
0224;47
0225;33
0226;31
0227;32
0228;37
0301;39
0302;57
0303;33
0304;32
0305;32
0306;26
0307;45
0308;37
0309;36
0310;45
0311;36
0312;37
0313;34
0314;46
0315;30
0316;35
0317;43
0318;41
0319;32
0320;35
0321;31
0322;34
0323;34
0324;29
0325;29
0326;35
0327;34
0328;22
0329;26
0330;37
0331;25
0401;36
0402;37
0403;48
0404;26
0405;36
0406;24
0407;33
0408;25
0409;18
0410;28
0411;44
0412;29
0413;32
0414;25
0415;31
0416;32
0417;31
0418;38
0419;32
0420;26
0421;44
0422;33
0423;33
0424;32
0425;24
0426;30
0427;40
0428;41
0429;21
0430;25
0501;20
0502;25
0503;29
0504;31
0505;35
0506;36
0507;35
0508;26
0509;37
0510;28
0511;38
0512;27
0513;16
0514;38
0515;40
0516;28
0517;27
0518;26
0519;29
0520;26
0521;30
0522;23
0523;25
0524;27
0525;31
0526;33
0527;26
0528;33
0529;27
0530;31
0531;43
0601;38
0602;19
0603;31
0604;22
0605;31
0606;35
0607;40
0608;33
0609;24
0610;28
0611;23
0612;44
0613;37
0614;36
0615;29
0616;18
0617;28
0618;22
0619;37
0620;28
0621;32
0622;32
0623;30
0624;34
0625;30
0626;30
0627;26
0628;31
0629;30
0630;39
0701;40
0702;41
0703;24
0704;35
0705;26
0706;28
0707;42
0708;40
0709;26
0710;31
0711;26
0712;36
0713;41
0714;37
0715;36
0716;39
0717;33
0718;28
0719;32
0720;32
0721;34
0722;40
0723;38
0724;39
0725;33
0726;36
0727;29
0728;29
0729;17
0730;37
0731;33
0801;38
0802;21
0803;32
0804;27
0805;31
0806;32
0807;37
0808;38
0809;35
0810;36
0811;29
0812;30
0813;28
0814;35
0815;34
0816;38
0817;33
0818;30
0819;30
0820;27
0821;31
0822;25
0823;24
0824;28
0825;20
0826;37
0827;34
0828;33
0829;29
0830;34
0831;33
0901;31
0902;32
0903;30
0904;32
0905;35
0906;30
0907;35
0908;31
0909;27
0910;30
0911;30
0912;23
0913;26
0914;38
0915;31
0916;34
0917;28
0918;41
0919;26
0920;28
0921;27
0922;33
0923;27
0924;23
0925;36
0926;35
0927;32
0928;49
0929;30
0930;34
1001;25
1002;31
1003;50
1004;28
1005;33
1006;47
1007;35
1008;34
1009;32
1010;31
1011;31
1012;35
1013;49
1014;39
1015;40
1016;28
1017;26
1018;22
1019;39
1020;33
1021;44
1022;33
1023;31
1024;36
1025;35
1026;34
1027;45
1028;45
1029;32
1030;30
1031;34
1101;23
1102;34
1103;36
1104;35
1105;37
1106;37
1107;31
1108;31
1109;37
1110;28
1111;36
1112;24
1113;32
1114;27
1115;29
1116;25
1117;30
1118;22
1119;30
1120;22
1121;41
1122;32
1123;25
1124;25
1125;38
1126;38
1127;31
1128;40
1129;29
1130;26
1201;47
1202;30
1203;36
1204;36
1205;31
1206;29
1207;32
1208;24
1209;36
1210;25
1211;38
1212;30
1213;24
1214;42
1215;40
1216;30
1217;30
1218;26
1219;39
1220;25
1221;33
1222;24
1223;36
1224;43
1225;31
1226;35
1227;32
1228;37
1229;27
1230;31
1231;38
