0101;18
0102;12
0103;12
0104;11
0105;21
0106;16
0107;11
0108;16
0109;12
0110;16
0111;14
0112;13
0113;7
0114;15
0115;16
0116;16
0117;14
0118;6
0119;14
0120;19
0121;12
0122;8
0123;10
0124;9
0125;6
0126;11
0127;12
0128;18
0129;10
0130;16
0131;15
0201;6
0202;10
0203;19
0204;10
0205;11
0206;9
0207;10
0208;16
0209;16
0210;15
0211;11
0212;9
0213;10
0214;15
0215;15
0216;11
0217;16
0218;14
0219;18
0220;17
0221;14
0222;12
0223;16
0224;16
0225;6
0226;15
0227;21
0228;16
0301;10
0302;8
0303;10
0304;16
0305;11
0306;16
0307;7
0308;20
0309;7
0310;9
0311;8
0312;9
0313;10
0314;12
0315;15
0316;15
0317;11
0318;11
0319;10
0320;14
0321;7
0322;6
0323;15
0324;19
0325;8
0326;10
0327;11
0328;8
0329;10
0330;16
0331;9
0401;10
0402;6
0403;11
0404;14
0405;10
0406;14
0407;13
0408;15
0409;6
0410;7
0411;9
0412;9
0413;8
0414;15
0415;15
0416;11
0417;5
0418;8
0419;7
0420;11
0421;11
0422;12
0423;10
0424;14
0425;14
0426;7
0427;6
0428;9
0429;4
0430;10
0501;14
0502;11
0503;4
0504;11
0505;10
0506;8
0507;10
0508;10
0509;11
0510;14
0511;10
0512;9
0513;9
0514;12
0515;7
0516;13
0517;4
0518;10
0519;13
0520;9
0521;8
0522;10
0523;10
0524;16
0525;12
0526;9
0527;14
0528;10
0529;5
0530;9
0531;13
0601;11
0602;7
0603;9
0604;8
0605;6
0606;11
0607;10
0608;11
0609;10
0610;15
0611;12
0612;11
0613;11
0614;11
0615;8
0616;6
0617;8
0618;9
0619;8
0620;9
0621;9
0622;13
0623;5
0624;10
0625;12
0626;11
0627;11
0628;2
0629;15
0630;7
0701;11
0702;7
0703;12
0704;9
0705;9
0706;10
0707;8
0708;7
0709;8
0710;14
0711;6
0712;8
0713;10
0714;7
0715;11
0716;13
0717;8
0718;15
0719;18
0720;8
0721;14
0722;12
0723;3
0724;9
0725;15
0726;8
0727;13
0728;8
0729;8
0730;12
0731;10
0801;10
0802;14
0803;14
0804;9
0805;13
0806;9
0807;9
0808;9
0809;6
0810;4
0811;11
0812;11
0813;8
0814;6
0815;9
0816;7
0817;8
0818;9
0819;17
0820;10
0821;6
0822;10
0823;14
0824;10
0825;11
0826;9
0827;7
0828;13
0829;7
0830;17
0831;14
0901;8
0902;5
0903;9
0904;13
0905;14
0906;15
0907;11
0908;14
0909;12
0910;9
0911;10
0912;9
0913;9
0914;6
0915;19
0916;13
0917;9
0918;15
0919;12
0920;13
0921;11
0922;14
0923;10
0924;4
0925;9
0926;11
0927;10
0928;12
0929;11
0930;14
1001;15
1002;9
1003;10
1004;15
1005;9
1006;13
1007;11
1008;7
1009;12
1010;9
1011;3
1012;12
1013;15
1014;12
1015;10
1016;12
1017;13
1018;15
1019;15
1020;15
1021;10
1022;10
1023;10
1024;14
1025;9
1026;12
1027;7
1028;11
1029;7
1030;17
1031;10
1101;14
1102;6
1103;16
1104;15
1105;11
1106;15
1107;8
1108;7
1109;18
1110;6
1111;11
1112;6
1113;10
1114;7
1115;16
1116;9
1117;11
1118;13
1119;7
1120;11
1121;14
1122;9
1123;11
1124;12
1125;9
1126;12
1127;15
1128;10
1129;7
1130;16
1201;15
1202;7
1203;7
1204;12
1205;6
1206;9
1207;16
1208;16
1209;10
1210;6
1211;8
1212;11
1213;14
1214;13
1215;9
1216;11
1217;13
1218;15
1219;13
1220;14
1221;10
1222;9
1223;6
1224;7
1225;10
1226;9
1227;12
1228;15
1229;6
1230;9
1231;9
