0101;48
0102;62
0103;66
0104;60
0105;77
0106;58
0107;63
0108;60
0109;57
0110;63
0111;75
0112;51
0113;68
0114;53
0115;59
0116;61
0117;55
0118;51
0119;49
0120;62
0121;55
0122;59
0123;58
0124;46
0125;48
0126;59
0127;57
0128;66
0129;64
0130;59
0131;57
0201;80
0202;63
0203;69
0204;66
0205;63
0206;73
0207;71
0208;72
0209;75
0210;70
0211;75
0212;92
0213;67
0214;68
0215;66
0216;76
0217;71
0218;60
0219;65
0220;81
0221;56
0222;57
0223;56
0224;82
0225;69
0226;46
0227;60
0228;51
0301;49
0302;68
0303;74
0304;63
0305;60
0306;61
0307;53
0308;53
0309;55
0310;63
0311;62
0312;57
0313;63
0314;46
0315;52
0316;45
0317;61
0318;67
0319;50
0320;56
0321;54
0322;53
0323;48
0324;38
0325;48
0326;52
0327;49
0328;45
0329;43
0330;55
0331;45
0401;54
0402;49
0403;50
0404;58
0405;52
0406;56
0407;56
0408;47
0409;60
0410;72
0411;55
0412;53
0413;48
0414;45
0415;53
0416;60
0417;51
0418;42
0419;36
0420;46
0421;67
0422;47
0423;38
0424;44
0425;36
0426;47
0427;39
0428;50
0429;49
0430;47
0501;50
0502;38
0503;30
0504;49
0505;47
0506;43
0507;44
0508;44
0509;38
0510;55
0511;48
0512;44
0513;43
0514;38
0515;37
0516;50
0517;63
0518;37
0519;38
0520;55
0521;51
0522;40
0523;55
0524;57
0525;40
0526;50
0527;36
0528;44
0529;52
0530;56
0531;49
0601;42
0602;41
0603;45
0604;46
0605;53
0606;57
0607;44
0608;40
0609;45
0610;53
0611;48
0612;56
0613;39
0614;44
0615;41
0616;46
0617;50
0618;49
0619;36
0620;44
0621;56
0622;43
0623;53
0624;41
0625;47
0626;52
0627;37
0628;38
0629;51
0630;43
0701;44
0702;50
0703;42
0704;64
0705;54
0706;53
0707;49
0708;55
0709;45
0710;48
0711;38
0712;36
0713;52
0714;45
0715;53
0716;54
0717;38
0718;34
0719;43
0720;54
0721;54
0722;51
0723;45
0724;51
0725;50
0726;45
0727;38
0728;62
0729;65
0730;41
0731;57
0801;35
0802;41
0803;42
0804;48
0805;54
0806;64
0807;52
0808;46
0809;46
0810;54
0811;40
0812;51
0813;45
0814;50
0815;41
0816;50
0817;31
0818;41
0819;48
0820;47
0821;52
0822;45
0823;55
0824;43
0825;38
0826;40
0827;51
0828;46
0829;50
0830;49
0831;48
0901;53
0902;31
0903;42
0904;59
0905;42
0906;42
0907;48
0908;42
0909;49
0910;50
0911;38
0912;43
0913;54
0914;40
0915;47
0916;56
0917;47
0918;46
0919;37
0920;40
0921;44
0922;54
0923;49
0924;42
0925;34
0926;39
0927;56
0928;53
0929;47
0930;54
1001;46
1002;53
1003;45
1004;50
1005;60
1006;46
1007;34
1008;51
1009;48
1010;54
1011;55
1012;49
1013;49
1014;46
1015;44
1016;43
1017;54
1018;41
1019;64
1020;61
1021;46
1022;58
1023;37
1024;47
1025;54
1026;58
1027;61
1028;54
1029;44
1030;59
1031;59
1101;53
1102;55
1103;53
1104;38
1105;55
1106;43
1107;59
1108;41
1109;46
1110;44
1111;39
1112;46
1113;44
1114;46
1115;47
1116;57
1117;66
1118;55
1119;41
1120;46
1121;50
1122;50
1123;47
1124;49
1125;52
1126;48
1127;50
1128;52
1129;49
1130;48
1201;48
1202;55
1203;52
1204;51
1205;50
1206;57
1207;51
1208;58
1209;54
1210;51
1211;66
1212;55
1213;42
1214;50
1215;54
1216;59
1217;49
1218;51
1219;65
1220;42
1221;53
1222;55
1223;50
1224;54
1225;44
1226;62
1227;51
1228;42
1229;55
1230;62
1231;42
