0101;13
0102;14
0103;19
0104;20
0105;11
0106;15
0107;9
0108;14
0109;11
0110;13
0111;25
0112;22
0113;9
0114;16
0115;16
0116;14
0117;10
0118;16
0119;12
0120;16
0121;10
0122;12
0123;25
0124;10
0125;13
0126;12
0127;8
0128;10
0129;17
0130;13
0131;10
0201;14
0202;16
0203;16
0204;10
0205;16
0206;14
0207;12
0208;19
0209;18
0210;18
0211;22
0212;9
0213;11
0214;17
0215;17
0216;17
0217;12
0218;14
0219;9
0220;12
0221;11
0222;10
0223;13
0224;18
0225;16
0226;18
0227;14
0228;17
0301;11
0302;14
0303;19
0304;11
0305;8
0306;11
0307;10
0308;9
0309;13
0310;13
0311;8
0312;13
0313;16
0314;8
0315;12
0316;12
0317;15
0318;8
0319;17
0320;11
0321;14
0322;10
0323;11
0324;7
0325;13
0326;10
0327;10
0328;9
0329;14
0330;16
0331;12
0401;13
0402;14
0403;13
0404;8
0405;6
0406;7
0407;13
0408;20
0409;7
0410;3
0411;9
0412;12
0413;10
0414;12
0415;7
0416;10
0417;12
0418;14
0419;11
0420;6
0421;6
0422;11
0423;7
0424;10
0425;7
0426;14
0427;4
0428;8
0429;9
0430;15
0501;6
0502;12
0503;8
0504;5
0505;9
0506;14
0507;8
0508;8
0509;13
0510;16
0511;14
0512;4
0513;10
0514;14
0515;6
0516;14
0517;5
0518;14
0519;8
0520;6
0521;9
0522;15
0523;7
0524;12
0525;11
0526;15
0527;7
0528;12
0529;6
0530;5
0531;8
0601;16
0602;17
0603;8
0604;11
0605;5
0606;7
0607;6
0608;7
0609;14
0610;11
0611;11
0612;10
0613;11
0614;3
0615;14
0616;6
0617;6
0618;12
0619;16
0620;16
0621;7
0622;19
0623;4
0624;11
0625;11
0626;8
0627;12
0628;6
0629;9
0630;8
0701;14
0702;16
0703;10
0704;16
0705;10
0706;13
0707;5
0708;5
0709;14
0710;12
0711;8
0712;11
0713;14
0714;14
0715;11
0716;10
0717;13
0718;11
0719;12
0720;18
0721;6
0722;6
0723;4
0724;17
0725;7
0726;9
0727;8
0728;11
0729;10
0730;9
0731;11
0801;5
0802;10
0803;13
0804;12
0805;9
0806;10
0807;12
0808;8
0809;7
0810;6
0811;8
0812;12
0813;6
0814;13
0815;9
0816;9
0817;13
0818;14
0819;8
0820;11
0821;8
0822;12
0823;12
0824;14
0825;5
0826;13
0827;10
0828;12
0829;14
0830;9
0831;9
0901;5
0902;9
0903;5
0904;5
0905;5
0906;14
0907;11
0908;16
0909;14
0910;8
0911;16
0912;10
0913;9
0914;15
0915;13
0916;9
0917;5
0918;12
0919;12
0920;17
0921;8
0922;14
0923;12
0924;4
0925;15
0926;12
0927;11
0928;11
0929;10
0930;10
1001;7
1002;12
1003;12
1004;11
1005;15
1006;9
1007;16
1008;6
1009;12
1010;10
1011;5
1012;8
1013;12
1014;13
1015;13
1016;14
1017;16
1018;14
1019;12
1020;9
1021;12
1022;10
1023;10
1024;17
1025;9
1026;10
1027;15
1028;12
1029;11
1030;14
1031;13
1101;12
1102;19
1103;15
1104;9
1105;20
1106;10
1107;13
1108;12
1109;9
1110;8
1111;7
1112;9
1113;11
1114;13
1115;15
1116;12
1117;5
1118;11
1119;5
1120;8
1121;4
1122;16
1123;10
1124;12
1125;7
1126;5
1127;13
1128;12
1129;8
1130;9
1201;10
1202;11
1203;16
1204;13
1205;15
1206;13
1207;6
1208;12
1209;6
1210;13
1211;10
1212;7
1213;4
1214;9
1215;13
1216;16
1217;12
1218;10
1219;10
1220;5
1221;9
1222;7
1223;21
1224;13
1225;11
1226;9
1227;9
1228;9
1229;5
1230;15
1231;16
