0101;7
0102;11
0103;6
0104;14
0105;9
0106;9
0107;21
0108;7
0109;5
0110;11
0111;16
0112;9
0113;13
0114;11
0115;6
0116;13
0117;11
0118;11
0119;8
0120;10
0121;11
0122;10
0123;10
0124;8
0125;13
0126;10
0127;13
0128;7
0129;13
0130;9
0131;9
0201;9
0202;7
0203;10
0204;9
0205;5
0206;9
0207;11
0208;12
0209;22
0210;16
0211;11
0212;12
0213;10
0214;16
0215;8
0216;20
0217;10
0218;18
0219;11
0220;6
0221;9
0222;9
0223;13
0224;7
0225;17
0226;9
0227;5
0228;10
0301;9
0302;14
0303;7
0304;8
0305;10
0306;7
0307;16
0308;10
0309;11
0310;10
0311;9
0312;9
0313;8
0314;3
0315;5
0316;13
0317;17
0318;9
0319;12
0320;11
0321;9
0322;15
0323;12
0324;13
0325;8
0326;8
0327;6
0328;10
0329;12
0330;14
0331;11
0401;9
0402;10
0403;12
0404;12
0405;7
0406;10
0407;8
0408;15
0409;4
0410;14
0411;7
0412;11
0413;9
0414;11
0415;10
0416;5
0417;16
0418;5
0419;8
0420;9
0421;9
0422;13
0423;7
0424;15
0425;7
0426;9
0427;11
0428;5
0429;9
0430;7
0501;7
0502;10
0503;8
0504;10
0505;11
0506;6
0507;8
0508;10
0509;12
0510;14
0511;11
0512;9
0513;13
0514;12
0515;9
0516;10
0517;10
0518;14
0519;10
0520;10
0521;8
0522;9
0523;8
0524;8
0525;5
0526;13
0527;3
0528;6
0529;12
0530;12
0531;8
0601;7
0602;9
0603;9
0604;7
0605;5
0606;8
0607;10
0608;5
0609;8
0610;14
0611;6
0612;16
0613;7
0614;13
0615;10
0616;5
0617;10
0618;9
0619;14
0620;9
0621;10
0622;11
0623;9
0624;3
0625;13
0626;9
0627;8
0628;11
0629;8
0630;10
0701;11
0702;6
0703;12
0704;10
0705;13
0706;7
0707;5
0708;14
0709;14
0710;4
0711;9
0712;8
0713;7
0714;6
0715;10
0716;11
0717;11
0718;10
0719;12
0720;8
0721;8
0722;9
0723;11
0724;3
0725;7
0726;7
0727;9
0728;15
0729;9
0730;6
0731;6
0801;8
0802;9
0803;9
0804;10
0805;8
0806;6
0807;8
0808;7
0809;14
0810;10
0811;3
0812;13
0813;13
0814;7
0815;5
0816;8
0817;10
0818;10
0819;7
0820;6
0821;7
0822;3
0823;6
0824;5
0825;7
0826;12
0827;5
0828;10
0829;6
0830;8
0831;7
0901;8
0902;6
0903;8
0904;10
0905;11
0906;8
0907;6
0908;8
0909;7
0910;16
0911;13
0912;6
0913;10
0914;6
0915;9
0916;9
0917;6
0918;6
0919;4
0920;12
0921;6
0922;9
0923;7
0924;6
0925;10
0926;5
0927;12
0928;14
0929;6
0930;9
1001;8
1002;5
1003;7
1004;8
1005;10
1006;12
1007;6
1008;9
1009;7
1010;10
1011;8
1012;13
1013;7
1014;10
1015;12
1016;8
1017;10
1018;10
1019;8
1020;11
1021;9
1022;11
1023;8
1024;14
1025;11
1026;10
1027;4
1028;9
1029;9
1030;8
1031;9
1101;6
1102;13
1103;11
1104;12
1105;6
1106;8
1107;9
1108;10
1109;7
1110;10
1111;6
1112;8
1113;11
1114;11
1115;11
1116;8
1117;8
1118;9
1119;10
1120;4
1121;10
1122;6
1123;5
1124;10
1125;7
1126;7
1127;7
1128;11
1129;10
1130;12
1201;16
1202;5
1203;10
1204;13
1205;10
1206;8
1207;13
1208;5
1209;7
1210;16
1211;9
1212;8
1213;11
1214;9
1215;7
1216;5
1217;9
1218;16
1219;11
1220;11
1221;10
1222;14
1223;8
1224;7
1225;7
1226;7
1227;10
1228;7
1229;9
1230;10
1231;12
