0101;8
0102;10
0103;17
0104;14
0105;18
0106;14
0107;10
0108;14
0109;11
0110;14
0111;18
0112;14
0113;12
0114;11
0115;14
0116;14
0117;14
0118;15
0119;18
0120;18
0121;15
0122;9
0123;14
0124;10
0125;9
0126;21
0127;16
0128;24
0129;16
0130;16
0131;13
0201;16
0202;19
0203;14
0204;18
0205;17
0206;26
0207;22
0208;21
0209;25
0210;21
0211;20
0212;12
0213;16
0214;22
0215;15
0216;17
0217;12
0218;16
0219;19
0220;14
0221;21
0222;13
0223;15
0224;11
0225;21
0226;20
0227;25
0228;14
0301;14
0302;14
0303;15
0304;15
0305;23
0306;14
0307;18
0308;15
0309;19
0310;19
0311;19
0312;10
0313;14
0314;23
0315;20
0316;19
0317;18
0318;15
0319;19
0320;15
0321;9
0322;8
0323;8
0324;12
0325;21
0326;9
0327;13
0328;12
0329;10
0330;4
0331;6
0401;12
0402;11
0403;10
0404;11
0405;13
0406;10
0407;18
0408;14
0409;11
0410;20
0411;12
0412;8
0413;8
0414;11
0415;13
0416;19
0417;14
0418;11
0419;12
0420;17
0421;15
0422;18
0423;12
0424;10
0425;14
0426;17
0427;15
0428;9
0429;8
0430;13
0501;18
0502;8
0503;11
0504;11
0505;16
0506;15
0507;9
0508;8
0509;12
0510;14
0511;14
0512;14
0513;17
0514;9
0515;10
0516;17
0517;15
0518;19
0519;9
0520;8
0521;15
0522;23
0523;13
0524;8
0525;10
0526;11
0527;11
0528;18
0529;13
0530;10
0531;13
0601;16
0602;15
0603;20
0604;9
0605;16
0606;15
0607;16
0608;12
0609;13
0610;12
0611;11
0612;7
0613;11
0614;12
0615;13
0616;15
0617;5
0618;6
0619;12
0620;6
0621;12
0622;14
0623;17
0624;10
0625;10
0626;7
0627;17
0628;11
0629;15
0630;9
0701;10
0702;15
0703;18
0704;12
0705;9
0706;14
0707;4
0708;7
0709;13
0710;11
0711;17
0712;9
0713;13
0714;6
0715;15
0716;11
0717;13
0718;12
0719;12
0720;11
0721;11
0722;12
0723;18
0724;12
0725;17
0726;14
0727;8
0728;5
0729;8
0730;12
0731;8
0801;13
0802;10
0803;14
0804;16
0805;15
0806;17
0807;13
0808;15
0809;14
0810;9
0811;14
0812;16
0813;8
0814;8
0815;7
0816;8
0817;10
0818;10
0819;12
0820;11
0821;12
0822;8
0823;14
0824;15
0825;11
0826;15
0827;16
0828;9
0829;10
0830;14
0831;10
0901;18
0902;12
0903;16
0904;8
0905;15
0906;11
0907;16
0908;12
0909;9
0910;9
0911;14
0912;18
0913;7
0914;10
0915;11
0916;13
0917;11
0918;7
0919;5
0920;18
0921;13
0922;11
0923;12
0924;12
0925;15
0926;9
0927;11
0928;14
0929;6
0930;11
1001;12
1002;20
1003;15
1004;13
1005;12
1006;11
1007;18
1008;8
1009;14
1010;15
1011;13
1012;16
1013;15
1014;18
1015;12
1016;10
1017;7
1018;13
1019;14
1020;11
1021;9
1022;11
1023;16
1024;11
1025;16
1026;12
1027;11
1028;12
1029;12
1030;14
1031;7
1101;10
1102;14
1103;16
1104;17
1105;13
1106;17
1107;8
1108;12
1109;12
1110;8
1111;10
1112;12
1113;13
1114;12
1115;10
1116;18
1117;15
1118;21
1119;18
1120;10
1121;10
1122;14
1123;15
1124;10
1125;16
1126;12
1127;16
1128;14
1129;9
1130;12
1201;5
1202;12
1203;19
1204;16
1205;12
1206;15
1207;11
1208;9
1209;14
1210;10
1211;17
1212;12
1213;18
1214;17
1215;13
1216;17
1217;14
1218;8
1219;12
1220;19
1221;12
1222;10
1223;17
1224;20
1225;17
1226;12
1227;19
1228;15
1229;11
1230;15
1231;6
