0100;1
0101;15
0102;19
0103;18
0104;19
0105;16
0106;14
0107;16
0108;15
0109;18
0110;23
0111;10
0112;15
0113;10
0114;13
0115;19
0116;15
0117;16
0118;9
0119;14
0120;24
0121;11
0122;14
0123;10
0124;32
0125;11
0126;18
0127;20
0128;20
0129;23
0130;12
0131;21
0201;21
0202;12
0203;24
0204;15
0205;12
0206;19
0207;20
0208;20
0209;22
0210;16
0211;18
0212;23
0213;19
0214;22
0215;19
0216;16
0217;28
0218;17
0219;25
0220;15
0221;18
0222;15
0223;19
0224;10
0225;21
0226;13
0227;17
0228;23
0301;19
0302;20
0303;14
0304;15
0305;12
0306;17
0307;23
0308;20
0309;20
0310;16
0311;17
0312;12
0313;17
0314;13
0315;16
0316;22
0317;17
0318;16
0319;14
0320;18
0321;13
0322;12
0323;26
0324;20
0325;14
0326;10
0327;21
0328;14
0329;17
0330;16
0331;16
0401;14
0402;13
0403;15
0404;11
0405;11
0406;7
0407;14
0408;11
0409;18
0410;13
0411;16
0412;13
0413;15
0414;16
0415;9
0416;13
0417;14
0418;8
0419;13
0420;12
0421;23
0422;11
0423;17
0424;16
0425;14
0426;13
0427;14
0428;13
0429;20
0430;15
0501;15
0502;15
0503;17
0504;10
0505;13
0506;11
0507;16
0508;14
0509;13
0510;7
0511;9
0512;14
0513;10
0514;13
0515;15
0516;7
0517;14
0518;7
0519;12
0520;9
0521;14
0522;14
0523;8
0524;15
0525;13
0526;18
0527;13
0528;8
0529;13
0530;23
0531;7
0601;15
0602;12
0603;12
0604;17
0605;15
0606;8
0607;13
0608;11
0609;7
0610;10
0611;16
0612;9
0613;15
0614;11
0615;7
0616;9
0617;16
0618;13
0619;13
0620;20
0621;13
0622;12
0623;13
0624;6
0625;12
0626;15
0627;10
0628;15
0629;13
0630;17
0701;8
0702;14
0703;17
0704;22
0705;22
0706;21
0707;18
0708;17
0709;11
0710;16
0711;16
0712;5
0713;19
0714;11
0715;13
0716;14
0717;12
0718;14
0719;11
0720;13
0721;12
0722;13
0723;8
0724;11
0725;14
0726;9
0727;10
0728;10
0729;9
0730;12
0731;20
0801;11
0802;10
0803;15
0804;13
0805;4
0806;17
0807;17
0808;10
0809;10
0810;17
0811;17
0812;13
0813;9
0814;9
0815;9
0816;20
0817;16
0818;14
0819;16
0820;12
0821;9
0822;14
0823;11
0824;10
0825;10
0826;12
0827;12
0828;13
0829;12
0830;14
0831;12
0901;13
0902;18
0903;9
0904;10
0905;17
0906;9
0907;13
0908;13
0909;15
0910;11
0911;19
0912;7
0913;13
0914;11
0915;16
0916;9
0917;8
0918;6
0919;11
0920;7
0921;13
0922;16
0923;16
0924;15
0925;9
0926;12
0927;9
0928;11
0929;10
0930;11
1001;10
1002;18
1003;18
1004;14
1005;22
1006;15
1007;11
1008;13
1009;11
1010;15
1011;9
1012;7
1013;12
1014;18
1015;4
1016;9
1017;13
1018;17
1019;15
1020;8
1021;15
1022;19
1023;13
1024;8
1025;9
1026;13
1027;10
1028;11
1029;12
1030;12
1031;11
1101;10
1102;16
1103;10
1104;13
1105;14
1106;10
1107;19
1108;11
1109;17
1110;18
1111;9
1112;13
1113;10
1114;9
1115;7
1116;15
1117;12
1118;13
1119;14
1120;3
1121;13
1122;19
1123;13
1124;11
1125;10
1126;9
1127;10
1128;13
1129;17
1130;14
1201;13
1202;13
1203;16
1204;14
1205;13
1206;16
1207;12
1208;13
1209;6
1210;11
1211;19
1212;8
1213;12
1214;11
1215;15
1216;13
1217;11
1218;20
1219;11
1220;13
1221;8
1222;14
1223;10
1224;13
1225;11
1226;20
1227;20
1228;15
1229;15
1230;12
1231;17
