0000;1
0101;34
0102;34
0103;28
0104;22
0105;32
0106;25
0107;23
0108;41
0109;36
0110;29
0111;34
0112;36
0113;33
0114;22
0115;32
0116;37
0117;27
0118;29
0119;32
0120;31
0121;26
0122;34
0123;32
0124;30
0125;24
0126;34
0127;37
0128;25
0129;31
0130;33
0131;42
0201;39
0202;18
0203;34
0204;32
0205;35
0206;30
0207;22
0208;30
0209;39
0210;30
0211;35
0212;39
0213;40
0214;38
0215;42
0216;39
0217;31
0218;36
0219;39
0220;38
0221;41
0222;37
0223;32
0224;38
0225;37
0226;29
0227;34
0228;37
0301;33
0302;28
0303;25
0304;41
0305;39
0306;31
0307;29
0308;20
0309;31
0310;25
0311;31
0312;29
0313;42
0314;25
0315;28
0316;31
0317;19
0318;29
0319;38
0320;37
0321;23
0322;37
0323;33
0324;37
0325;32
0326;29
0327;33
0328;22
0329;28
0330;24
0331;24
0401;34
0402;31
0403;27
0404;33
0405;24
0406;29
0407;19
0408;23
0409;27
0410;34
0411;27
0412;29
0413;33
0414;22
0415;35
0416;25
0417;31
0418;27
0419;27
0420;25
0421;31
0422;22
0423;35
0424;38
0425;32
0426;32
0427;27
0428;26
0429;22
0430;28
0501;36
0502;30
0503;27
0504;31
0505;37
0506;27
0507;25
0508;34
0509;19
0510;21
0511;38
0512;20
0513;34
0514;29
0515;21
0516;16
0517;21
0518;29
0519;21
0520;22
0521;29
0522;21
0523;30
0524;33
0525;35
0526;28
0527;21
0528;25
0529;26
0530;30
0531;30
0601;25
0602;29
0603;23
0604;23
0605;23
0606;22
0607;23
0608;28
0609;28
0610;25
0611;25
0612;31
0613;33
0614;23
0615;35
0616;31
0617;25
0618;23
0619;28
0620;27
0621;20
0622;32
0623;29
0624;21
0625;28
0626;35
0627;24
0628;28
0629;33
0630;25
0701;33
0702;31
0703;33
0704;25
0705;21
0706;19
0707;31
0708;29
0709;14
0710;27
0711;29
0712;25
0713;28
0714;27
0715;24
0716;26
0717;22
0718;18
0719;20
0720;28
0721;35
0722;25
0723;17
0724;25
0725;29
0726;21
0727;29
0728;18
0729;16
0730;28
0731;28
0801;37
0802;19
0803;27
0804;31
0805;30
0806;31
0807;33
0808;25
0809;28
0810;33
0811;28
0812;34
0813;31
0814;18
0815;20
0816;26
0817;20
0818;28
0819;26
0820;32
0821;20
0822;25
0823;19
0824;29
0825;36
0826;26
0827;31
0828;28
0829;18
0830;26
0831;28
0901;23
0902;35
0903;34
0904;33
0905;25
0906;29
0907;30
0908;35
0909;21
0910;34
0911;22
0912;34
0913;23
0914;35
0915;23
0916;25
0917;27
0918;28
0919;31
0920;22
0921;22
0922;24
0923;25
0924;27
0925;27
0926;33
0927;33
0928;19
0929;26
0930;27
1001;24
1002;23
1003;30
1004;24
1005;43
1006;25
1007;27
1008;30
1009;25
1010;27
1011;18
1012;24
1013;29
1014;19
1015;27
1016;32
1017;31
1018;26
1019;26
1020;21
1021;37
1022;26
1023;28
1024;39
1025;25
1026;27
1027;35
1028;23
1029;32
1030;36
1031;28
1101;20
1102;33
1103;17
1104;28
1105;26
1106;29
1107;16
1108;29
1109;23
1110;36
1111;23
1112;33
1113;22
1114;24
1115;20
1116;24
1117;27
1118;30
1119;22
1120;23
1121;32
1122;20
1123;21
1124;28
1125;36
1126;25
1127;20
1128;30
1129;34
1130;20
1201;31
1202;33
1203;22
1204;25
1205;27
1206;22
1207;31
1208;24
1209;31
1210;31
1211;25
1212;35
1213;32
1214;39
1215;36
1216;36
1217;21
1218;32
1219;25
1220;28
1221;22
1222;30
1223;33
1224;32
1225;26
1226;25
1227;33
1228;35
1229;29
1230;34
1231;33
