0101;34
0102;32
0103;27
0104;33
0105;38
0106;41
0107;32
0108;34
0109;37
0110;25
0111;39
0112;41
0113;37
0114;25
0115;25
0116;30
0117;35
0118;41
0119;36
0120;31
0121;26
0122;30
0123;37
0124;42
0125;35
0126;23
0127;45
0128;26
0129;35
0130;34
0131;32
0201;22
0202;30
0203;34
0204;38
0205;38
0206;41
0207;46
0208;40
0209;39
0210;30
0211;40
0212;50
0213;32
0214;38
0215;37
0216;36
0217;36
0218;39
0219;28
0220;39
0221;36
0222;34
0223;37
0224;40
0225;33
0226;27
0227;27
0228;39
0301;39
0302;32
0303;49
0304;29
0305;34
0306;33
0307;44
0308;26
0309;29
0310;37
0311;37
0312;33
0313;33
0314;27
0315;26
0316;26
0317;30
0318;30
0319;27
0320;26
0321;25
0322;26
0323;42
0324;32
0325;32
0326;28
0327;28
0328;25
0329;35
0330;40
0331;33
0401;33
0402;28
0403;27
0404;20
0405;20
0406;26
0407;25
0408;24
0409;40
0410;27
0411;32
0412;36
0413;22
0414;30
0415;35
0416;30
0417;34
0418;28
0419;9
0420;27
0421;23
0422;24
0423;29
0424;18
0425;42
0426;32
0427;26
0428;24
0429;29
0430;31
0501;26
0502;23
0503;30
0504;34
0505;30
0506;20
0507;24
0508;26
0509;28
0510;32
0511;30
0512;28
0513;17
0514;34
0515;24
0516;19
0517;18
0518;16
0519;24
0520;20
0521;28
0522;29
0523;29
0524;18
0525;26
0526;33
0527;28
0528;20
0529;34
0530;26
0531;25
0601;20
0602;21
0603;25
0604;26
0605;26
0606;28
0607;28
0608;25
0609;28
0610;37
0611;28
0612;31
0613;21
0614;27
0615;32
0616;28
0617;25
0618;35
0619;22
0620;30
0621;23
0622;36
0623;19
0624;20
0625;26
0626;34
0627;20
0628;30
0629;19
0630;26
0701;23
0702;31
0703;39
0704;28
0705;30
0706;25
0707;24
0708;23
0709;26
0710;21
0711;20
0712;37
0713;17
0714;31
0715;22
0716;24
0717;26
0718;22
0719;28
0720;23
0721;27
0722;28
0723;13
0724;32
0725;26
0726;18
0727;19
0728;27
0729;23
0730;31
0731;29
0801;19
0802;35
0803;32
0804;24
0805;27
0806;18
0807;17
0808;23
0809;27
0810;33
0811;19
0812;29
0813;25
0814;22
0815;19
0816;22
0817;16
0818;20
0819;24
0820;29
0821;19
0822;22
0823;31
0824;16
0825;33
0826;15
0827;19
0828;28
0829;25
0830;30
0831;42
0901;28
0902;25
0903;25
0904;19
0905;27
0906;21
0907;13
0908;32
0909;31
0910;20
0911;35
0912;26
0913;23
0914;23
0915;28
0916;34
0917;22
0918;27
0919;24
0920;33
0921;31
0922;29
0923;28
0924;29
0925;33
0926;29
0927;21
0928;22
0929;29
0930;29
1001;41
1002;20
1003;22
1004;22
1005;32
1006;22
1007;31
1008;21
1009;46
1010;27
1011;25
1012;31
1013;20
1014;26
1015;31
1016;29
1017;28
1018;30
1019;22
1020;33
1021;37
1022;20
1023;32
1024;29
1025;31
1026;23
1027;22
1028;24
1029;24
1030;29
1031;20
1101;35
1102;23
1103;26
1104;27
1105;30
1106;26
1107;36
1108;29
1109;23
1110;22
1111;23
1112;17
1113;36
1114;28
1115;30
1116;13
1117;19
1118;24
1119;23
1120;34
1121;23
1122;29
1123;24
1124;29
1125;29
1126;23
1127;33
1128;23
1129;24
1130;21
1201;22
1202;28
1203;29
1204;35
1205;37
1206;25
1207;33
1208;25
1209;19
1210;24
1211;27
1212;33
1213;30
1214;21
1215;30
1216;28
1217;36
1218;33
1219;32
1220;20
1221;21
1222;35
1223;23
1224;28
1225;31
1226;34
1227;26
1228;34
1229;25
1230;30
1231;37
