0101;10
0102;7
0103;10
0104;8
0105;6
0106;5
0107;8
0108;6
0109;10
0110;7
0111;8
0112;11
0113;12
0114;6
0115;6
0116;2
0117;5
0118;6
0119;4
0120;2
0121;7
0122;7
0123;5
0124;1
0125;4
0126;4
0127;10
0128;7
0129;11
0130;13
0131;6
0201;6
0202;4
0203;6
0204;6
0205;7
0206;5
0207;7
0208;4
0209;7
0210;5
0211;5
0212;7
0213;9
0214;4
0215;10
0216;5
0217;3
0218;10
0219;11
0220;9
0221;9
0222;16
0223;8
0224;7
0225;4
0226;8
0227;7
0228;9
0301;9
0302;11
0303;5
0304;8
0305;6
0306;7
0307;5
0308;5
0309;10
0310;3
0311;5
0312;3
0313;7
0314;6
0315;6
0316;4
0317;4
0318;6
0319;6
0320;10
0321;8
0322;7
0323;6
0324;4
0325;7
0326;4
0327;3
0328;10
0329;10
0330;6
0331;4
0402;9
0403;6
0404;11
0405;12
0406;7
0407;5
0408;3
0409;6
0410;5
0411;3
0412;7
0413;2
0414;4
0415;8
0416;8
0417;4
0418;3
0419;15
0420;5
0421;9
0422;5
0423;4
0424;5
0425;5
0426;6
0427;7
0428;1
0429;8
0430;4
0501;6
0502;7
0503;3
0504;11
0505;7
0506;6
0507;9
0508;3
0509;3
0510;5
0511;5
0512;5
0513;4
0514;6
0515;6
0516;6
0517;4
0518;1
0519;3
0520;5
0521;2
0522;5
0523;4
0524;3
0525;5
0526;5
0527;6
0528;6
0529;4
0530;8
0531;8
0601;6
0602;4
0603;3
0604;5
0605;7
0606;1
0607;1
0608;9
0609;7
0610;4
0611;7
0612;6
0613;10
0614;1
0615;3
0616;6
0617;9
0618;2
0619;2
0620;6
0621;9
0622;3
0623;7
0624;7
0625;7
0626;6
0627;6
0628;6
0629;5
0630;6
0701;5
0702;6
0703;2
0704;5
0705;4
0706;5
0707;4
0708;3
0709;2
0710;3
0711;6
0712;4
0713;6
0714;3
0715;4
0716;7
0717;5
0718;5
0719;11
0720;4
0721;7
0722;7
0723;5
0724;2
0725;6
0726;3
0727;3
0728;2
0729;5
0730;8
0731;4
0801;6
0802;2
0803;7
0804;5
0805;8
0806;4
0807;5
0808;7
0809;4
0810;3
0811;6
0812;2
0813;6
0814;9
0815;6
0816;5
0817;4
0818;3
0819;8
0821;2
0822;8
0823;3
0824;6
0825;5
0826;8
0827;6
0828;2
0829;5
0830;5
0831;4
0901;8
0902;4
0903;6
0904;11
0905;8
0906;2
0907;5
0908;9
0909;5
0910;7
0911;6
0912;4
0913;6
0914;5
0915;2
0916;3
0917;2
0918;5
0919;4
0920;3
0921;8
0922;5
0923;3
0924;4
0925;5
0926;2
0927;3
0928;3
0929;9
0930;7
1001;6
1002;6
1003;8
1004;4
1005;10
1006;5
1007;6
1008;8
1009;4
1010;7
1011;7
1012;5
1013;6
1014;9
1015;4
1016;4
1017;4
1018;6
1019;10
1020;5
1021;7
1022;2
1023;8
1024;4
1025;4
1026;9
1027;4
1028;1
1029;4
1030;5
1031;11
1101;8
1102;7
1103;4
1104;8
1105;6
1106;6
1107;4
1108;6
1109;7
1110;11
1111;5
1112;5
1113;6
1114;10
1115;6
1116;6
1117;4
1118;3
1119;5
1120;8
1121;10
1122;6
1123;3
1124;5
1125;7
1126;5
1127;5
1128;8
1129;5
1130;5
1201;5
1202;6
1203;5
1204;4
1205;3
1206;3
1207;7
1208;6
1209;8
1210;3
1211;7
1212;5
1213;3
1214;4
1215;7
1216;6
1217;8
1218;3
1219;6
1220;11
1221;7
1222;12
1223;4
1224;5
1225;4
1226;7
1227;5
1228;6
1229;6
1230;5
1231;7
