0101;13
0102;8
0103;7
0104;5
0105;7
0106;10
0107;9
0108;6
0109;8
0110;8
0111;7
0112;8
0113;10
0114;4
0115;6
0116;5
0117;5
0118;8
0119;7
0120;10
0121;8
0122;7
0123;4
0124;8
0125;8
0126;5
0127;10
0128;7
0129;2
0130;11
0131;2
0201;6
0202;8
0203;6
0204;9
0205;9
0206;8
0207;11
0208;9
0209;11
0210;8
0211;6
0212;12
0213;11
0214;11
0215;9
0216;8
0217;9
0218;5
0219;12
0220;13
0221;11
0222;8
0223;12
0224;3
0225;10
0226;8
0227;4
0228;6
0301;6
0302;10
0303;5
0304;6
0305;3
0306;10
0307;9
0308;11
0309;7
0310;5
0311;5
0312;3
0313;10
0314;7
0315;6
0316;12
0317;4
0318;7
0319;1
0320;7
0321;8
0322;9
0323;9
0324;6
0325;7
0326;11
0327;5
0328;6
0329;13
0330;6
0331;8
0401;9
0402;5
0403;4
0404;4
0405;6
0406;9
0407;5
0408;8
0409;8
0410;6
0411;10
0412;7
0413;8
0414;7
0415;7
0416;6
0417;3
0418;12
0419;10
0420;9
0421;8
0422;5
0423;4
0424;8
0425;5
0426;6
0427;2
0428;10
0429;4
0430;7
0501;9
0502;5
0503;6
0504;4
0505;4
0506;4
0507;7
0508;2
0509;6
0510;4
0511;6
0512;4
0513;2
0514;12
0515;2
0516;7
0517;4
0518;4
0519;5
0520;4
0521;7
0522;3
0523;3
0524;7
0525;4
0526;6
0527;4
0528;8
0529;6
0530;4
0531;9
0601;6
0602;3
0603;6
0604;5
0605;7
0606;1
0607;6
0608;11
0609;6
0610;4
0611;6
0612;7
0613;4
0614;3
0615;8
0616;6
0617;6
0618;4
0619;3
0620;9
0621;6
0622;4
0623;6
0624;1
0625;10
0626;3
0627;8
0628;7
0629;7
0630;3
0701;6
0702;7
0703;4
0704;4
0705;9
0706;12
0707;10
0708;7
0709;1
0710;4
0711;5
0712;9
0713;6
0714;8
0715;9
0716;7
0717;8
0718;12
0719;4
0720;8
0721;9
0722;7
0723;5
0724;7
0725;6
0726;4
0727;8
0728;7
0729;4
0730;7
0731;6
0801;12
0802;8
0803;6
0804;8
0805;8
0806;11
0807;11
0808;5
0809;4
0810;6
0811;1
0812;12
0813;7
0814;9
0815;2
0816;5
0817;7
0818;6
0819;5
0820;3
0821;8
0822;6
0823;4
0824;4
0825;6
0826;8
0827;6
0828;8
0829;6
0830;9
0831;3
0901;4
0902;1
0903;6
0904;7
0905;7
0906;7
0907;5
0908;5
0909;5
0910;7
0911;1
0912;6
0913;3
0914;5
0915;5
0916;7
0917;8
0918;8
0919;12
0921;7
0922;9
0923;4
0924;8
0925;6
0926;2
0927;5
0928;4
0929;6
0930;3
1001;11
1002;6
1003;12
1004;4
1005;6
1006;6
1007;9
1008;4
1009;6
1010;9
1011;10
1012;4
1013;9
1014;5
1015;10
1016;4
1017;10
1018;9
1019;6
1020;3
1021;5
1022;3
1023;6
1024;6
1025;7
1026;6
1027;6
1028;2
1029;7
1030;3
1031;3
1101;9
1102;5
1103;6
1104;5
1105;7
1106;5
1107;4
1108;7
1109;3
1110;7
1111;8
1112;4
1113;6
1114;7
1115;6
1116;7
1117;7
1118;4
1119;8
1120;9
1121;9
1122;5
1123;5
1124;8
1125;8
1126;11
1127;8
1128;5
1129;10
1130;10
1201;7
1202;6
1203;6
1204;6
1205;11
1206;2
1207;8
1208;9
1209;10
1210;8
1211;7
1212;4
1213;5
1214;5
1215;11
1216;12
1217;6
1218;8
1219;8
1220;8
1221;5
1222;1
1223;3
1224;6
1225;5
1226;10
1227;8
1228;1
1229;10
1230;8
1231;4
