0101;10
0102;9
0103;13
0104;13
0105;12
0106;9
0107;15
0108;8
0109;9
0110;21
0111;13
0112;12
0113;10
0114;18
0115;13
0116;8
0117;8
0118;12
0119;13
0120;8
0121;17
0122;12
0123;19
0124;8
0125;14
0126;10
0127;15
0128;15
0129;13
0130;10
0131;16
0201;15
0202;16
0203;6
0204;13
0205;9
0206;12
0207;12
0208;13
0209;11
0210;10
0211;14
0212;13
0213;10
0214;13
0215;16
0216;14
0217;18
0218;12
0219;13
0220;4
0221;12
0222;14
0223;17
0224;20
0225;9
0226;10
0227;10
0228;11
0301;14
0302;5
0303;9
0304;14
0305;10
0306;20
0307;10
0308;13
0309;14
0310;11
0311;10
0312;11
0313;6
0314;8
0315;10
0316;14
0317;11
0318;6
0319;9
0320;9
0321;3
0322;6
0323;5
0324;14
0325;11
0326;6
0327;14
0328;7
0329;14
0330;11
0331;7
0401;3
0402;9
0403;7
0404;11
0405;11
0406;10
0407;8
0408;5
0409;12
0410;13
0411;8
0412;16
0413;7
0414;10
0415;12
0416;8
0417;6
0418;8
0419;5
0420;7
0421;13
0422;9
0423;9
0424;8
0425;9
0426;9
0427;8
0428;6
0429;9
0430;9
0501;5
0502;8
0503;11
0504;10
0505;10
0506;7
0507;8
0508;5
0509;12
0510;10
0511;12
0512;13
0513;10
0514;12
0515;12
0516;10
0517;4
0518;10
0519;11
0520;7
0521;8
0522;13
0523;6
0524;3
0525;7
0526;5
0527;6
0528;8
0529;5
0530;12
0531;9
0601;16
0602;4
0603;9
0604;11
0605;10
0606;4
0607;9
0608;10
0609;9
0610;3
0611;6
0612;14
0613;5
0614;6
0615;12
0616;10
0617;1
0618;4
0619;12
0620;9
0621;5
0622;8
0623;5
0624;7
0625;14
0626;12
0627;11
0628;7
0629;7
0630;7
0701;14
0702;15
0703;9
0704;6
0705;13
0706;5
0707;2
0708;7
0709;8
0710;5
0711;10
0712;10
0713;8
0714;9
0715;6
0716;4
0717;7
0718;16
0719;8
0720;8
0721;7
0722;7
0723;8
0724;9
0725;5
0726;8
0727;8
0728;4
0729;6
0730;8
0731;13
0801;6
0802;12
0803;11
0804;6
0805;10
0806;9
0807;6
0808;10
0809;8
0810;14
0811;10
0812;13
0813;8
0814;11
0815;4
0816;11
0817;7
0818;9
0819;8
0820;9
0821;16
0822;4
0823;9
0824;6
0825;9
0826;13
0827;5
0828;6
0829;11
0830;4
0831;4
0901;4
0902;6
0903;9
0904;8
0905;7
0906;8
0907;9
0908;11
0909;4
0910;4
0911;11
0912;12
0913;8
0914;3
0915;14
0916;9
0917;7
0918;9
0919;9
0920;12
0921;8
0922;12
0923;5
0924;13
0925;12
0926;8
0927;14
0928;12
0929;13
0930;9
1001;9
1002;8
1003;9
1004;10
1005;15
1006;9
1007;16
1008;9
1009;9
1010;14
1011;7
1012;7
1013;15
1014;12
1015;1
1016;5
1017;9
1018;10
1019;10
1020;12
1021;12
1022;5
1023;6
1024;15
1025;12
1026;11
1027;10
1028;12
1029;9
1030;9
1031;8
1101;13
1102;7
1103;9
1104;12
1105;11
1106;11
1107;7
1108;6
1109;9
1110;8
1111;10
1112;12
1113;10
1114;11
1115;8
1116;12
1117;12
1118;11
1119;5
1120;7
1121;5
1122;7
1123;13
1124;6
1125;10
1126;4
1127;6
1128;11
1129;9
1130;10
1201;6
1202;7
1203;11
1204;8
1205;6
1206;9
1207;11
1208;14
1209;10
1210;6
1211;9
1212;12
1213;13
1214;8
1215;13
1216;19
1217;8
1218;10
1219;10
1220;10
1221;4
1222;6
1223;6
1224;8
1225;6
1226;8
1227;6
1228;10
1229;14
1230;14
1231;12
