0101;22
0102;22
0103;20
0104;12
0105;14
0106;13
0107;20
0108;15
0109;12
0110;20
0111;14
0112;15
0113;19
0114;15
0115;17
0116;14
0117;16
0118;18
0119;18
0120;22
0121;13
0122;16
0123;8
0124;10
0125;18
0126;17
0127;11
0128;19
0129;24
0130;26
0131;18
0201;11
0202;13
0203;15
0204;17
0205;17
0206;17
0207;26
0208;26
0209;17
0210;18
0211;16
0212;26
0213;20
0214;19
0215;24
0216;17
0217;19
0218;19
0219;21
0220;20
0221;29
0222;20
0223;18
0224;16
0225;19
0226;14
0227;11
0228;18
0301;18
0302;15
0303;12
0304;19
0305;23
0306;15
0307;12
0308;13
0309;12
0310;13
0311;22
0312;16
0313;14
0314;14
0315;17
0316;16
0317;11
0318;15
0319;10
0320;18
0321;12
0322;20
0323;14
0324;21
0325;15
0326;12
0327;21
0328;16
0329;12
0330;25
0331;16
0401;19
0402;8
0403;19
0404;15
0405;11
0406;13
0407;19
0408;18
0409;20
0410;15
0411;14
0412;9
0413;20
0414;14
0415;11
0416;11
0417;14
0418;7
0419;10
0420;16
0421;6
0422;11
0423;12
0424;16
0425;7
0426;7
0427;20
0428;16
0429;15
0430;14
0501;13
0502;26
0503;7
0504;15
0505;15
0506;18
0507;14
0508;15
0509;16
0510;12
0511;18
0512;16
0513;14
0514;13
0515;6
0516;11
0517;17
0518;11
0519;14
0520;17
0521;17
0522;12
0523;16
0524;12
0525;7
0526;9
0527;11
0528;14
0529;13
0530;13
0531;11
0601;16
0602;13
0603;14
0604;16
0605;13
0606;16
0607;10
0608;9
0609;11
0610;15
0611;25
0612;12
0613;23
0614;16
0615;11
0616;11
0617;20
0618;13
0619;16
0620;17
0621;10
0622;18
0623;11
0624;13
0625;21
0626;15
0627;15
0628;15
0629;14
0630;18
0701;14
0702;14
0703;12
0704;15
0705;7
0706;17
0707;12
0708;15
0709;11
0710;6
0711;22
0712;14
0713;16
0714;17
0715;14
0716;11
0717;17
0718;12
0719;9
0720;7
0721;11
0722;15
0723;13
0724;16
0725;8
0726;8
0727;12
0728;18
0729;9
0730;11
0731;11
0801;13
0802;12
0803;15
0804;18
0805;13
0806;9
0807;11
0808;20
0809;13
0810;19
0811;15
0812;13
0813;10
0814;13
0815;12
0816;11
0817;12
0818;10
0819;14
0820;13
0821;13
0822;19
0823;16
0824;8
0825;8
0826;12
0827;9
0828;14
0829;16
0830;11
0831;18
0901;9
0902;14
0903;21
0904;16
0905;14
0906;8
0907;13
0908;16
0909;12
0910;19
0911;14
0912;11
0913;13
0914;15
0915;13
0916;13
0917;18
0918;16
0919;19
0920;19
0921;12
0922;20
0923;15
0924;9
0925;6
0926;7
0927;13
0928;14
0929;15
0930;13
1001;17
1002;12
1003;21
1004;9
1005;20
1006;16
1007;13
1008;12
1009;14
1010;11
1011;14
1012;15
1013;21
1014;11
1015;14
1016;16
1017;18
1018;11
1019;8
1020;14
1021;15
1022;16
1023;15
1024;11
1025;11
1026;14
1027;13
1028;16
1029;11
1030;11
1031;13
1101;14
1102;15
1103;14
1104;20
1105;11
1106;16
1107;19
1108;6
1109;21
1110;10
1111;12
1112;14
1113;20
1114;10
1115;14
1116;16
1117;14
1118;12
1119;15
1120;14
1121;8
1122;13
1123;17
1124;16
1125;12
1126;13
1127;15
1128;14
1129;18
1130;18
1201;11
1202;11
1203;21
1204;25
1205;16
1206;17
1207;20
1208;19
1209;9
1210;24
1211;18
1212;15
1213;12
1214;14
1215;21
1216;12
1217;14
1218;17
1219;11
1220;12
1221;13
1222;11
1223;17
1224;21
1225;14
1226;14
1227;14
1228;15
1229;12
1230;17
1231;14
