0101;23
0102;16
0103;23
0104;29
0105;28
0106;21
0107;20
0108;15
0109;22
0110;24
0111;23
0112;17
0113;22
0114;27
0115;24
0116;23
0117;22
0118;20
0119;24
0120;28
0121;31
0122;21
0123;23
0124;29
0125;26
0126;24
0127;22
0128;17
0129;15
0130;26
0131;27
0201;30
0202;16
0203;28
0204;23
0205;20
0206;17
0207;34
0208;29
0209;26
0210;26
0211;24
0212;25
0213;27
0214;21
0215;25
0216;16
0217;30
0218;22
0219;27
0220;25
0221;26
0222;21
0223;19
0224;18
0225;16
0226;22
0227;20
0228;21
0301;20
0302;15
0303;28
0304;19
0305;24
0306;26
0307;17
0308;15
0309;31
0310;22
0311;19
0312;20
0313;18
0314;20
0315;22
0316;23
0317;18
0318;29
0319;19
0320;21
0321;22
0322;30
0323;17
0324;29
0325;14
0326;19
0327;16
0328;21
0329;19
0330;15
0331;14
0401;16
0402;25
0403;25
0404;21
0405;15
0406;13
0407;27
0408;17
0409;16
0410;14
0411;21
0412;10
0413;24
0414;21
0415;21
0416;19
0417;19
0418;17
0419;19
0420;25
0421;23
0422;22
0423;14
0424;15
0425;29
0426;20
0427;21
0428;18
0429;11
0430;14
0500;1
0501;23
0502;17
0503;15
0504;21
0505;25
0506;21
0507;18
0508;21
0509;17
0510;15
0511;20
0512;23
0513;26
0514;17
0515;19
0516;12
0517;15
0518;28
0519;17
0520;22
0521;12
0522;13
0523;16
0524;15
0525;14
0526;27
0527;21
0528;13
0529;16
0530;15
0531;26
0601;23
0602;17
0603;11
0604;23
0605;15
0606;19
0607;24
0608;16
0609;14
0610;18
0611;28
0612;20
0613;16
0614;17
0615;22
0616;21
0617;13
0618;22
0619;16
0620;28
0621;17
0622;21
0623;11
0624;23
0625;17
0626;20
0627;16
0628;19
0629;14
0630;18
0701;14
0702;27
0703;27
0704;22
0705;24
0706;28
0707;19
0708;22
0709;28
0710;24
0711;24
0712;9
0713;20
0714;12
0715;24
0716;26
0717;16
0718;21
0719;18
0720;17
0721;19
0722;15
0723;8
0724;20
0725;18
0726;16
0727;13
0728;15
0729;21
0730;23
0731;10
0801;18
0802;19
0803;17
0804;23
0805;15
0806;18
0807;17
0808;24
0809;17
0810;21
0811;15
0812;18
0813;26
0814;15
0815;15
0816;17
0817;14
0818;8
0819;18
0820;17
0821;18
0822;18
0823;9
0824;22
0825;13
0826;20
0827;19
0828;22
0829;11
0830;20
0831;27
0901;13
0902;10
0903;9
0904;14
0905;16
0906;11
0907;19
0908;17
0909;17
0910;18
0911;20
0912;10
0913;14
0914;16
0915;13
0916;24
0917;14
0918;17
0919;15
0920;14
0921;16
0922;17
0923;22
0924;24
0925;22
0926;19
0927;18
0928;13
0929;21
0930;18
1001;16
1002;15
1003;23
1004;13
1005;29
1006;22
1007;23
1008;16
1009;11
1010;21
1011;27
1012;12
1013;16
1014;21
1015;22
1016;18
1017;18
1018;19
1019;20
1020;25
1021;14
1022;11
1023;17
1024;13
1025;20
1026;12
1027;19
1028;15
1029;15
1030;17
1031;10
1101;13
1102;16
1103;22
1104;13
1105;24
1106;11
1107;18
1108;26
1109;21
1110;16
1111;19
1112;20
1113;15
1114;17
1115;28
1116;21
1117;20
1118;18
1119;22
1120;18
1121;17
1122;26
1123;23
1124;12
1125;14
1126;15
1127;19
1128;19
1129;24
1130;18
1201;27
1202;22
1203;19
1204;9
1205;17
1206;19
1207;25
1208;21
1209;26
1210;19
1211;23
1212;20
1213;21
1214;16
1215;22
1216;18
1217;14
1218;20
1219;18
1220;16
1221;19
1222;14
1223;15
1224;17
1225;18
1226;23
1227;15
1228;18
1229;13
1230;19
1231;24
