0101;36
0102;30
0103;20
0104;32
0105;35
0106;37
0107;36
0108;31
0109;36
0110;28
0111;32
0112;36
0113;32
0114;43
0115;25
0116;27
0117;41
0118;39
0119;40
0120;36
0121;22
0122;36
0123;33
0124;27
0125;29
0126;23
0127;29
0128;24
0129;37
0130;35
0131;30
0201;29
0202;25
0203;35
0204;51
0205;37
0206;20
0207;27
0208;24
0209;39
0210;33
0211;25
0212;29
0213;31
0214;36
0215;23
0216;33
0217;29
0218;28
0219;43
0220;34
0221;37
0222;30
0223;33
0224;42
0225;34
0226;41
0227;26
0228;31
0301;24
0302;32
0303;32
0304;22
0305;38
0306;36
0307;35
0308;23
0309;25
0310;29
0311;24
0312;39
0313;31
0314;25
0315;24
0316;30
0317;38
0318;40
0319;32
0320;34
0321;33
0322;22
0323;31
0324;25
0325;22
0326;23
0327;29
0328;31
0329;29
0330;16
0331;23
0401;28
0402;17
0403;36
0404;26
0405;34
0406;26
0407;23
0408;25
0409;32
0410;31
0411;28
0412;25
0413;34
0414;34
0415;22
0416;29
0417;29
0418;22
0419;17
0420;26
0421;26
0422;23
0423;28
0424;23
0425;25
0426;32
0427;33
0428;19
0429;25
0430;30
0501;34
0502;36
0503;19
0504;31
0505;26
0506;24
0507;32
0508;16
0509;37
0510;21
0511;24
0512;22
0513;30
0514;19
0515;22
0516;26
0517;25
0518;23
0519;24
0520;25
0521;24
0522;22
0523;32
0524;14
0525;21
0526;23
0527;22
0528;24
0529;25
0530;21
0531;25
0601;21
0602;23
0603;31
0604;23
0605;20
0606;25
0607;20
0608;22
0609;19
0610;26
0611;16
0612;21
0613;19
0614;30
0615;26
0616;23
0617;21
0618;23
0619;23
0620;20
0621;24
0622;27
0623;25
0624;36
0625;21
0626;21
0627;30
0628;28
0629;21
0630;25
0701;21
0702;27
0703;28
0704;40
0705;38
0706;39
0707;21
0708;18
0709;26
0710;27
0711;21
0712;21
0713;24
0714;21
0715;22
0716;23
0717;18
0718;24
0719;23
0720;20
0721;26
0722;35
0723;27
0724;29
0725;19
0726;24
0727;28
0728;30
0729;23
0730;29
0731;30
0801;22
0802;24
0803;30
0804;23
0805;28
0806;29
0807;28
0808;23
0809;32
0810;24
0811;23
0812;22
0813;20
0814;34
0815;21
0816;15
0817;19
0818;19
0819;27
0820;29
0821;29
0822;29
0823;29
0824;20
0825;18
0826;17
0827;22
0828;27
0829;20
0830;30
0831;24
0901;35
0902;28
0903;27
0904;19
0905;16
0906;22
0907;22
0908;23
0909;29
0910;23
0911;18
0912;29
0913;23
0914;20
0915;29
0916;25
0917;26
0918;30
0919;22
0920;29
0921;32
0922;22
0923;19
0924;27
0925;20
0926;27
0927;15
0928;29
0929;25
0930;25
1001;22
1002;29
1003;26
1004;19
1005;30
1006;34
1007;15
1008;27
1009;25
1010;30
1011;17
1012;25
1013;29
1014;27
1015;15
1016;31
1017;17
1018;17
1019;21
1020;18
1021;27
1022;32
1023;22
1024;22
1025;34
1026;31
1027;32
1028;28
1029;25
1030;34
1031;15
1101;32
1102;23
1103;29
1104;17
1105;21
1106;20
1107;25
1108;26
1109;20
1110;26
1111;22
1112;20
1113;19
1114;28
1115;25
1116;22
1117;24
1118;22
1119;35
1120;15
1121;26
1122;35
1123;28
1124;26
1125;26
1126;30
1127;28
1128;22
1129;22
1130;21
1201;28
1202;29
1203;32
1204;18
1205;21
1206;23
1207;28
1208;23
1209;17
1210;12
1211;23
1212;32
1213;34
1214;34
1215;20
1216;32
1217;23
1218;37
1219;24
1220;34
1221;20
1222;29
1223;21
1224;23
1225;28
1226;34
1227;27
1228;34
1229;23
1230;21
1231;26
