0101;10
0102;9
0103;9
0104;6
0105;10
0106;11
0107;11
0108;13
0109;13
0110;9
0111;5
0112;8
0113;7
0114;6
0115;16
0116;7
0117;10
0118;7
0119;7
0120;7
0121;8
0122;5
0123;11
0124;7
0125;12
0126;10
0127;12
0128;14
0129;4
0130;10
0131;8
0201;9
0202;8
0203;9
0204;11
0205;12
0206;14
0207;12
0208;13
0209;7
0210;12
0211;13
0212;7
0213;10
0214;8
0215;15
0216;12
0217;9
0218;9
0219;10
0220;10
0221;9
0222;9
0223;6
0224;8
0225;5
0226;12
0227;7
0228;10
0301;10
0302;12
0303;9
0304;6
0305;5
0306;8
0307;11
0308;12
0309;6
0310;8
0311;12
0312;11
0313;8
0314;9
0315;12
0316;11
0317;8
0318;8
0319;9
0320;9
0321;10
0322;6
0323;14
0324;7
0325;11
0326;6
0327;10
0328;10
0329;10
0330;6
0331;10
0401;8
0402;7
0403;8
0404;4
0405;9
0406;3
0407;7
0408;8
0409;5
0410;4
0411;10
0412;11
0413;5
0414;3
0415;9
0416;13
0417;7
0418;9
0419;8
0420;7
0421;10
0422;3
0423;3
0424;8
0425;7
0426;6
0427;8
0428;6
0429;3
0430;11
0501;9
0502;9
0503;5
0504;8
0505;1
0506;10
0507;2
0508;11
0509;9
0510;7
0511;3
0512;16
0513;6
0514;5
0515;10
0516;7
0517;6
0518;16
0519;7
0520;2
0521;7
0522;8
0523;7
0524;11
0525;6
0526;5
0527;10
0528;11
0529;7
0530;8
0531;5
0601;11
0602;6
0603;5
0604;10
0605;5
0606;13
0607;5
0608;5
0609;6
0610;11
0611;10
0612;5
0613;10
0614;8
0615;8
0616;8
0617;5
0618;11
0619;7
0620;3
0621;7
0622;8
0623;4
0624;8
0625;8
0626;8
0627;6
0628;5
0629;6
0630;6
0701;7
0702;5
0703;3
0704;7
0705;11
0706;11
0707;6
0708;8
0709;5
0710;9
0711;6
0712;14
0713;8
0714;7
0715;5
0716;11
0717;6
0718;7
0719;9
0720;3
0721;6
0722;8
0723;3
0724;10
0725;14
0726;6
0727;5
0728;7
0729;2
0730;2
0731;7
0801;5
0802;10
0803;8
0804;8
0805;3
0806;9
0807;7
0808;3
0809;9
0810;5
0811;6
0812;10
0813;7
0814;11
0815;5
0816;3
0817;10
0818;7
0819;2
0820;6
0821;5
0822;5
0823;5
0824;7
0825;12
0826;8
0827;6
0828;11
0829;9
0830;7
0831;6
0901;10
0902;8
0903;8
0904;9
0905;7
0906;8
0907;12
0908;2
0909;4
0910;12
0911;6
0912;3
0913;5
0914;12
0915;7
0916;6
0917;7
0918;10
0919;6
0920;8
0921;5
0922;9
0923;7
0924;8
0925;7
0926;8
0927;9
0928;9
0929;5
0930;7
1001;10
1002;10
1003;11
1004;8
1005;7
1006;4
1007;6
1008;6
1009;6
1010;5
1011;8
1012;5
1013;2
1014;13
1015;6
1016;9
1017;6
1018;5
1019;7
1020;7
1021;8
1022;7
1023;16
1024;12
1025;6
1026;9
1027;11
1028;7
1029;10
1030;6
1031;5
1101;6
1102;6
1103;8
1104;10
1105;6
1106;7
1107;8
1108;9
1109;4
1110;4
1111;6
1112;8
1113;6
1114;10
1115;6
1116;2
1117;11
1118;6
1119;6
1120;10
1121;8
1122;8
1123;5
1124;6
1125;11
1126;15
1127;8
1128;6
1129;8
1130;8
1201;5
1202;9
1203;8
1204;8
1205;8
1206;8
1207;5
1208;7
1209;5
1210;6
1211;7
1212;1
1213;9
1214;6
1215;13
1216;7
1217;11
1218;12
1219;5
1220;9
1221;5
1222;6
1223;5
1224;10
1225;10
1226;5
1227;9
1228;9
1229;6
1230;10
1231;9
