0101;62
0102;93
0103;83
0104;69
0105;74
0106;62
0107;78
0108;68
0109;75
0110;56
0111;78
0112;75
0113;78
0114;76
0115;73
0116;79
0117;75
0118;74
0119;80
0120;58
0121;79
0122;81
0123;69
0124;93
0125;69
0126;82
0127;73
0128;51
0129;68
0130;70
0131;64
0201;55
0202;68
0203;81
0204;79
0205;77
0206;67
0207;88
0208;82
0209;78
0210;76
0211;75
0212;71
0213;87
0214;93
0215;69
0216;71
0217;80
0218;75
0219;91
0220;90
0221;82
0222;72
0223;73
0224;93
0225;74
0226;65
0227;75
0228;51
0301;88
0302;53
0303;80
0304;78
0305;77
0306;67
0307;62
0308;58
0309;84
0310;78
0311;65
0312;58
0313;64
0314;65
0315;57
0316;78
0317;83
0318;76
0319;75
0320;64
0321;63
0322;55
0323;68
0324;64
0325;77
0326;66
0327;75
0328;64
0329;67
0330;71
0331;67
0401;65
0402;77
0403;63
0404;55
0405;54
0406;69
0407;66
0408;69
0409;72
0410;64
0411;44
0412;60
0413;54
0414;57
0415;58
0416;67
0417;56
0418;64
0419;66
0420;67
0421;63
0422;55
0423;67
0424;67
0425;64
0426;49
0427;49
0428;68
0429;69
0430;65
0501;74
0502;56
0503;70
0504;64
0505;61
0506;60
0507;52
0508;50
0509;75
0510;68
0511;75
0512;70
0513;71
0514;64
0515;61
0516;58
0517;63
0518;71
0519;53
0520;58
0521;54
0522;58
0523;64
0524;55
0525;56
0526;60
0527;64
0528;70
0529;62
0530;62
0531;57
0601;72
0602;57
0603;60
0604;52
0605;61
0606;51
0607;62
0608;52
0609;57
0610;67
0611;57
0612;62
0613;70
0614;59
0615;70
0616;51
0617;48
0618;52
0619;50
0620;56
0621;66
0622;61
0623;51
0624;55
0625;68
0626;62
0627;63
0628;49
0629;71
0630;63
0701;69
0702;61
0703;72
0704;59
0705;68
0706;49
0707;52
0708;65
0709;41
0710;59
0711;69
0712;55
0713;55
0714;49
0715;50
0716;59
0717;57
0718;60
0719;52
0720;56
0721;64
0722;49
0723;61
0724;63
0725;56
0726;44
0727;49
0728;49
0729;59
0730;55
0731;58
0801;52
0802;64
0803;66
0804;57
0805;53
0806;50
0807;63
0808;45
0809;67
0810;53
0811;76
0812;67
0813;59
0814;59
0815;59
0816;50
0817;56
0818;73
0819;40
0820;57
0821;45
0822;60
0823;64
0824;61
0825;56
0826;63
0827;53
0828;59
0829;51
0830;74
0831;57
0901;55
0902;61
0903;52
0904;56
0905;47
0906;62
0907;75
0908;48
0909;68
0910;48
0911;59
0912;66
0913;62
0914;47
0915;54
0916;61
0917;65
0918;52
0919;55
0920;70
0921;60
0922;60
0923;59
0924;63
0925;50
0926;76
0927;50
0928;71
0929;53
0930;61
1001;47
1002;60
1003;49
1004;68
1005;62
1006;73
1007;55
1008;88
1009;65
1010;68
1011;57
1012;60
1013;62
1014;63
1015;60
1016;73
1017;55
1018;55
1019;56
1020;62
1021;61
1022;64
1023;69
1024;59
1025;61
1026;58
1027;63
1028;57
1029;65
1030;48
1031;67
1101;63
1102;53
1103;65
1104;78
1105;58
1106;57
1107;62
1108;67
1109;61
1110;60
1111;51
1112;69
1113;65
1114;59
1115;76
1116;56
1117;59
1118;80
1119;43
1120;69
1121;55
1122;49
1123;80
1124;55
1125;66
1126;81
1127;64
1128;76
1129;57
1130;71
1201;65
1202;64
1203;66
1204;61
1205;70
1206;56
1207;63
1208;64
1209;69
1210;73
1211;76
1212;68
1213;67
1214;56
1215;69
1216;67
1217;53
1218;62
1219;65
1220;67
1221;75
1222;58
1223;64
1224;63
1225;69
1226;68
1227;76
1228;66
1229;73
1230;73
1231;72
