0101;14
0102;11
0103;10
0104;12
0105;8
0106;7
0107;13
0108;4
0109;10
0110;9
0111;3
0112;8
0113;6
0114;5
0115;9
0116;16
0117;11
0118;2
0119;8
0120;10
0121;12
0122;12
0123;9
0124;8
0125;13
0126;13
0127;15
0128;10
0129;12
0130;13
0131;13
0201;11
0202;6
0203;8
0204;14
0205;9
0206;7
0207;4
0208;10
0209;9
0210;14
0211;11
0212;11
0213;8
0214;10
0215;13
0216;11
0217;11
0218;13
0219;9
0220;9
0221;10
0222;10
0223;6
0224;11
0225;17
0226;8
0227;15
0228;9
0301;8
0302;8
0303;6
0304;3
0305;12
0306;9
0307;6
0308;9
0309;10
0310;14
0311;9
0312;10
0313;6
0314;12
0315;12
0316;7
0317;5
0318;13
0319;7
0320;7
0321;7
0322;10
0323;8
0324;5
0325;8
0326;7
0327;7
0328;5
0329;8
0330;12
0331;6
0401;6
0402;8
0403;7
0404;9
0405;8
0406;10
0407;8
0408;4
0409;13
0410;9
0411;3
0412;6
0413;7
0414;6
0415;9
0416;7
0417;11
0418;6
0419;6
0420;5
0421;7
0422;8
0423;7
0424;4
0425;11
0426;13
0427;12
0428;11
0429;9
0430;11
0501;8
0502;3
0503;9
0504;2
0505;2
0506;5
0507;12
0508;3
0509;4
0510;7
0511;5
0512;1
0513;8
0514;7
0515;7
0516;8
0517;8
0518;10
0519;9
0520;4
0521;5
0522;9
0523;9
0524;4
0525;10
0526;4
0527;4
0528;6
0529;7
0530;9
0531;8
0601;9
0602;9
0603;8
0604;6
0605;6
0606;8
0607;10
0608;9
0609;11
0610;9
0611;14
0612;8
0613;6
0614;4
0615;4
0616;3
0617;11
0618;9
0619;6
0620;9
0621;4
0622;7
0623;4
0624;9
0625;11
0626;8
0627;7
0628;6
0629;6
0630;12
0701;8
0702;12
0703;3
0704;7
0705;8
0706;7
0707;7
0708;8
0709;6
0710;4
0711;7
0712;2
0713;6
0714;6
0715;6
0716;5
0717;11
0718;6
0719;5
0720;12
0721;12
0722;5
0723;4
0724;6
0725;14
0726;9
0727;4
0728;7
0729;9
0730;5
0731;12
0801;6
0802;5
0803;10
0804;8
0805;10
0806;6
0807;11
0808;10
0809;9
0810;3
0811;9
0812;8
0813;16
0814;6
0815;9
0816;9
0817;9
0818;10
0819;4
0820;10
0821;8
0822;7
0823;9
0824;6
0825;8
0826;9
0827;9
0828;10
0829;4
0830;5
0831;5
0901;3
0902;6
0903;7
0904;8
0905;6
0906;8
0907;8
0908;10
0909;7
0910;6
0911;5
0912;7
0913;9
0914;8
0915;10
0916;9
0917;5
0918;13
0919;7
0920;5
0921;6
0922;9
0923;5
0924;7
0925;3
0926;10
0927;8
0928;11
0929;4
0930;8
1001;5
1002;11
1003;8
1004;9
1005;8
1006;8
1007;14
1008;8
1009;10
1010;9
1011;9
1012;7
1013;4
1014;12
1015;8
1016;1
1017;8
1018;8
1019;8
1020;6
1021;7
1022;8
1023;8
1024;9
1025;9
1026;6
1027;9
1028;4
1029;11
1030;12
1031;2
1101;12
1102;6
1103;4
1104;7
1105;5
1106;4
1107;5
1108;8
1109;6
1110;5
1111;7
1112;9
1113;6
1114;9
1115;7
1116;8
1117;9
1118;5
1119;8
1120;5
1121;6
1122;9
1123;2
1124;9
1125;6
1126;11
1127;3
1128;4
1129;8
1130;1
1201;6
1202;10
1203;5
1204;11
1205;11
1206;3
1207;5
1208;6
1209;5
1210;11
1211;3
1212;12
1213;5
1214;14
1215;5
1216;7
1217;7
1218;8
1219;3
1220;8
1221;6
1222;7
1223;8
1224;7
1225;9
1226;12
1227;9
1228;8
1229;11
1230;7
1231;11
