0101;15
0102;23
0103;23
0104;21
0105;25
0106;31
0107;10
0108;19
0109;20
0110;23
0111;16
0112;10
0113;21
0114;20
0115;19
0116;23
0117;12
0118;25
0119;20
0120;20
0121;28
0122;22
0123;22
0124;24
0125;19
0126;27
0127;20
0128;14
0129;22
0130;20
0131;32
0201;16
0202;23
0203;28
0204;24
0205;24
0206;30
0207;30
0208;29
0209;30
0210;18
0211;25
0212;22
0213;31
0214;23
0215;21
0216;22
0217;23
0218;26
0219;23
0220;22
0221;22
0222;31
0223;23
0224;23
0225;30
0226;15
0227;16
0228;27
0301;27
0302;18
0303;22
0304;14
0305;32
0306;20
0307;27
0308;21
0309;18
0310;24
0311;24
0312;16
0313;19
0314;24
0315;20
0316;20
0317;23
0318;18
0319;18
0320;14
0321;22
0322;23
0323;28
0324;20
0325;11
0326;19
0327;13
0328;18
0329;18
0330;19
0331;16
0401;18
0402;12
0403;19
0404;23
0405;19
0406;14
0407;19
0408;14
0409;18
0410;28
0411;32
0412;13
0413;28
0414;18
0415;21
0416;10
0417;25
0418;21
0419;14
0420;16
0421;16
0422;14
0423;17
0424;16
0425;24
0426;16
0427;14
0428;24
0429;19
0430;13
0501;13
0502;16
0503;26
0504;13
0505;24
0506;17
0507;21
0508;16
0509;12
0510;18
0511;16
0512;16
0513;22
0514;17
0515;14
0516;16
0517;19
0518;21
0519;14
0520;16
0521;19
0522;20
0523;17
0524;22
0525;14
0526;27
0527;18
0528;16
0529;13
0530;15
0531;17
0601;21
0602;16
0603;17
0604;15
0605;16
0606;21
0607;15
0608;11
0609;12
0610;20
0611;11
0612;16
0613;22
0614;21
0615;15
0616;11
0617;20
0618;12
0619;15
0620;7
0621;12
0622;16
0623;14
0624;15
0625;15
0626;22
0627;20
0628;19
0629;24
0630;13
0701;19
0702;18
0703;23
0704;20
0705;23
0706;36
0707;26
0708;18
0709;21
0710;13
0711;18
0712;19
0713;15
0714;18
0715;17
0716;15
0717;16
0718;21
0719;19
0720;23
0721;15
0722;14
0723;20
0724;20
0725;23
0726;20
0727;11
0728;19
0729;23
0730;16
0731;11
0801;19
0802;13
0803;14
0804;14
0805;17
0806;16
0807;28
0808;16
0809;11
0810;20
0811;14
0812;22
0813;24
0814;15
0815;18
0816;18
0817;19
0818;11
0819;7
0820;17
0821;15
0822;17
0823;19
0824;21
0825;18
0826;21
0827;19
0828;13
0829;30
0830;16
0831;16
0901;14
0902;16
0903;20
0904;18
0905;19
0906;17
0907;15
0908;17
0909;16
0910;19
0911;23
0912;14
0913;18
0914;14
0915;10
0916;18
0917;13
0918;26
0919;17
0920;21
0921;14
0922;13
0923;7
0924;17
0925;21
0926;25
0927;26
0928;21
0929;14
0930;20
1001;17
1002;17
1003;21
1004;16
1005;19
1006;22
1007;18
1008;13
1009;17
1010;17
1011;13
1012;10
1013;19
1014;25
1015;21
1016;15
1017;19
1018;19
1019;15
1020;12
1021;16
1022;21
1023;18
1024;25
1025;13
1026;22
1027;16
1028;21
1029;20
1030;16
1031;17
1101;17
1102;18
1103;17
1104;17
1105;15
1106;16
1107;24
1108;18
1109;16
1110;21
1111;23
1112;21
1113;15
1114;18
1115;14
1116;21
1117;11
1118;21
1119;20
1120;24
1121;20
1122;26
1123;13
1124;20
1125;11
1126;15
1127;11
1128;26
1129;17
1130;17
1201;20
1202;16
1203;22
1204;15
1205;15
1206;18
1207;16
1208;22
1209;18
1210;19
1211;12
1212;23
1213;19
1214;16
1215;15
1216;23
1217;16
1218;20
1219;20
1220;15
1221;20
1222;12
1223;21
1224;15
1225;17
1226;19
1227;13
1228;21
1229;23
1230;15
1231;17
