0101;12
0102;11
0103;10
0104;13
0105;10
0106;13
0107;9
0108;19
0109;11
0110;10
0111;12
0112;14
0113;13
0114;12
0115;8
0116;10
0117;16
0118;8
0119;10
0120;16
0121;7
0122;11
0123;10
0124;13
0125;20
0126;9
0127;13
0128;9
0129;8
0130;10
0131;8
0201;15
0202;11
0203;15
0204;12
0205;13
0206;18
0207;17
0208;16
0209;19
0210;18
0211;15
0212;7
0213;20
0214;14
0215;17
0216;12
0217;21
0218;8
0219;12
0220;13
0221;18
0222;14
0223;12
0224;12
0225;15
0226;11
0227;13
0228;13
0301;8
0302;13
0303;17
0304;17
0305;9
0306;10
0307;9
0308;12
0309;10
0310;7
0311;17
0312;11
0313;14
0314;13
0315;8
0316;11
0317;11
0318;13
0319;13
0320;9
0321;13
0322;5
0323;9
0324;8
0325;9
0326;7
0327;12
0328;10
0329;5
0330;7
0331;10
0401;9
0402;11
0403;10
0404;14
0405;9
0406;8
0407;12
0408;13
0409;8
0410;17
0411;14
0412;11
0413;13
0414;7
0415;13
0416;9
0417;6
0418;7
0419;11
0420;11
0421;12
0422;9
0423;6
0424;14
0425;7
0426;10
0427;16
0428;10
0429;13
0430;7
0501;4
0502;8
0503;8
0504;13
0505;15
0506;10
0507;15
0508;11
0509;9
0510;9
0511;10
0512;10
0513;10
0514;7
0515;7
0516;12
0517;12
0518;8
0519;4
0520;7
0521;13
0522;8
0523;9
0524;4
0525;4
0526;12
0527;8
0528;10
0529;11
0530;9
0531;9
0601;14
0602;8
0603;8
0604;18
0605;12
0606;8
0607;11
0608;13
0609;14
0610;6
0611;7
0612;6
0613;8
0614;13
0615;11
0616;11
0617;10
0618;10
0619;5
0620;7
0621;12
0622;8
0623;10
0624;8
0625;6
0626;5
0627;12
0628;9
0629;12
0630;14
0701;8
0702;7
0703;9
0704;10
0705;8
0706;9
0707;16
0708;12
0709;3
0710;9
0711;12
0712;12
0713;2
0714;7
0715;11
0716;10
0717;8
0718;11
0719;18
0720;9
0721;10
0722;13
0723;7
0724;10
0725;8
0726;10
0727;5
0728;12
0729;8
0730;13
0731;14
0801;13
0802;8
0803;12
0804;11
0805;10
0806;10
0807;12
0808;9
0809;11
0810;13
0811;8
0812;22
0813;8
0814;8
0815;12
0816;9
0817;7
0818;5
0819;11
0820;11
0821;6
0822;8
0823;9
0824;9
0825;9
0826;7
0827;5
0828;12
0829;11
0830;10
0831;5
0901;9
0902;3
0903;14
0904;7
0905;6
0906;7
0907;9
0908;10
0909;13
0910;9
0911;6
0912;7
0913;10
0914;9
0915;18
0916;11
0917;8
0918;13
0919;10
0920;9
0921;10
0922;8
0923;8
0924;10
0925;5
0926;10
0927;14
0928;7
0929;13
0930;6
1001;10
1002;10
1003;9
1004;9
1005;13
1006;10
1007;7
1008;9
1009;13
1010;10
1011;11
1012;9
1013;11
1014;8
1015;10
1016;10
1017;11
1018;8
1019;10
1020;9
1021;10
1022;9
1023;7
1024;11
1025;11
1026;9
1027;11
1028;10
1029;9
1030;14
1031;5
1101;11
1102;7
1103;9
1104;6
1105;9
1106;6
1107;8
1108;7
1109;8
1110;6
1111;5
1112;7
1113;11
1114;7
1115;13
1116;7
1117;11
1118;12
1119;7
1120;7
1121;10
1122;6
1123;10
1124;12
1125;6
1126;11
1127;9
1128;12
1129;4
1130;7
1201;5
1202;10
1203;12
1204;13
1205;6
1206;13
1207;5
1208;8
1209;8
1210;6
1211;9
1212;15
1213;6
1214;15
1215;6
1216;11
1217;12
1218;8
1219;14
1220;12
1221;8
1222;13
1223;9
1224;10
1225;8
1226;13
1227;18
1228;12
1229;10
1230;18
1231;9
