0101;12
0102;12
0103;8
0104;18
0105;17
0106;10
0107;12
0108;9
0109;9
0110;12
0111;11
0112;14
0113;12
0114;13
0115;13
0116;20
0117;10
0118;12
0119;13
0120;12
0121;14
0122;9
0123;10
0124;20
0125;8
0126;11
0127;13
0128;14
0129;12
0130;18
0131;9
0201;9
0202;12
0203;14
0204;7
0205;19
0206;14
0207;9
0208;11
0209;9
0210;14
0211;10
0212;17
0213;13
0214;13
0215;19
0216;11
0217;12
0218;11
0219;14
0220;13
0221;12
0222;21
0223;20
0224;16
0225;12
0226;14
0227;13
0228;13
0301;12
0302;16
0303;18
0304;20
0305;16
0306;13
0307;12
0308;11
0309;15
0310;16
0311;12
0312;14
0313;11
0314;6
0315;7
0316;15
0317;14
0318;7
0319;9
0320;11
0321;8
0322;19
0323;8
0324;8
0325;4
0326;12
0327;13
0328;10
0329;10
0330;17
0331;12
0401;6
0402;10
0403;13
0404;6
0405;3
0406;11
0407;12
0408;13
0409;11
0410;6
0411;8
0412;17
0413;17
0414;15
0415;15
0416;15
0417;14
0418;6
0419;17
0420;6
0421;7
0422;9
0423;11
0424;5
0425;6
0426;9
0427;11
0428;8
0429;11
0430;12
0501;3
0502;8
0503;9
0504;9
0505;9
0506;9
0507;12
0508;8
0509;8
0510;8
0511;10
0512;7
0513;8
0514;9
0515;9
0516;10
0517;13
0518;8
0519;10
0520;6
0521;5
0522;7
0523;5
0524;6
0525;5
0526;13
0527;3
0528;8
0529;16
0530;7
0531;9
0601;16
0602;6
0603;10
0604;13
0605;17
0606;8
0607;11
0608;10
0609;4
0610;6
0611;13
0612;5
0613;10
0614;7
0615;4
0616;11
0617;8
0618;15
0619;4
0620;7
0621;10
0622;6
0623;7
0624;8
0625;13
0626;8
0627;13
0628;7
0629;6
0630;12
0701;13
0702;11
0703;6
0704;9
0705;12
0706;10
0707;13
0708;11
0709;7
0710;5
0711;9
0712;7
0713;4
0714;6
0715;4
0716;4
0717;11
0718;7
0719;6
0720;10
0721;9
0722;4
0723;8
0724;6
0725;9
0726;7
0727;5
0728;9
0729;9
0730;13
0731;8
0801;6
0802;10
0803;9
0804;8
0805;10
0806;11
0807;15
0808;7
0809;13
0810;6
0811;11
0812;12
0813;6
0814;4
0815;5
0816;6
0817;8
0818;12
0819;16
0820;5
0821;12
0822;7
0823;11
0824;8
0825;9
0826;10
0827;15
0828;7
0829;16
0830;9
0831;7
0901;10
0902;5
0903;7
0904;8
0905;12
0906;7
0907;14
0908;8
0909;7
0910;9
0911;11
0912;11
0913;6
0914;8
0915;11
0916;12
0917;8
0918;11
0919;5
0920;7
0921;2
0922;9
0923;6
0924;9
0925;11
0926;12
0927;11
0928;6
0929;7
0930;11
1001;7
1002;11
1003;11
1004;12
1005;11
1006;9
1007;8
1008;3
1009;13
1010;14
1011;11
1012;6
1013;9
1014;12
1015;5
1016;9
1017;7
1018;11
1019;14
1020;13
1021;8
1022;15
1023;15
1024;8
1025;9
1026;13
1027;17
1028;10
1029;7
1030;13
1031;11
1101;6
1102;10
1103;9
1104;8
1105;9
1106;6
1107;7
1108;8
1109;6
1110;13
1111;8
1112;5
1113;2
1114;5
1115;8
1116;11
1117;10
1118;5
1119;13
1120;9
1121;10
1122;12
1123;8
1124;13
1125;10
1126;10
1127;6
1128;10
1129;6
1130;10
1201;14
1202;8
1203;5
1204;11
1205;6
1206;12
1207;7
1208;7
1209;17
1210;15
1211;10
1212;11
1213;7
1214;13
1215;5
1216;8
1217;11
1218;7
1219;11
1220;6
1221;14
1222;10
1223;7
1224;18
1225;7
1226;13
1227;13
1228;16
1229;15
1230;7
1231;8
