0101;26
0102;18
0103;21
0104;24
0105;17
0106;26
0107;21
0108;19
0109;16
0110;21
0111;20
0112;22
0113;25
0114;14
0115;28
0116;12
0117;17
0118;16
0119;15
0120;19
0121;21
0122;21
0123;18
0124;24
0125;22
0126;19
0127;29
0128;18
0129;21
0130;24
0131;20
0201;16
0202;12
0203;23
0204;31
0205;17
0206;23
0207;16
0208;24
0209;26
0210;17
0211;19
0212;20
0213;23
0214;22
0215;21
0216;26
0217;23
0218;22
0219;19
0220;9
0221;18
0222;20
0223;20
0224;14
0225;18
0226;25
0227;10
0228;21
0300;1
0301;19
0302;23
0303;11
0304;19
0305;20
0306;16
0307;14
0308;14
0309;25
0310;23
0311;17
0312;19
0313;18
0314;16
0315;19
0316;24
0317;9
0318;17
0319;17
0320;18
0321;17
0322;19
0323;16
0324;18
0325;23
0326;22
0327;17
0328;23
0329;15
0330;16
0331;17
0401;16
0402;15
0403;26
0404;14
0405;15
0406;15
0407;26
0408;16
0409;21
0410;19
0411;11
0412;14
0413;15
0414;16
0415;18
0416;22
0417;19
0418;9
0419;22
0420;15
0421;13
0422;17
0423;12
0424;16
0425;19
0426;10
0427;15
0428;13
0429;12
0430;13
0501;12
0502;19
0503;14
0504;19
0505;26
0506;13
0507;25
0508;20
0509;16
0510;15
0511;15
0512;11
0513;15
0514;12
0515;11
0516;17
0517;15
0518;15
0519;21
0520;15
0521;16
0522;17
0523;15
0524;22
0525;14
0526;23
0527;17
0528;15
0529;18
0530;9
0531;19
0601;14
0602;13
0603;19
0604;17
0605;15
0606;10
0607;16
0608;16
0609;13
0610;21
0611;17
0612;15
0613;17
0614;21
0615;12
0616;13
0617;13
0618;7
0619;16
0620;11
0621;15
0622;14
0623;8
0624;11
0625;21
0626;16
0627;8
0628;13
0629;17
0630;16
0701;13
0702;16
0703;15
0704;24
0705;9
0706;11
0707;15
0708;14
0709;8
0710;11
0711;19
0712;20
0713;19
0714;8
0715;15
0716;15
0717;9
0718;15
0719;10
0720;16
0721;16
0722;19
0723;15
0724;14
0725;14
0726;13
0727;11
0728;11
0729;15
0730;9
0731;18
0801;12
0802;8
0803;22
0804;19
0805;14
0806;14
0807;21
0808;22
0809;21
0810;13
0811;12
0812;13
0813;12
0814;18
0815;13
0816;17
0817;14
0818;9
0819;8
0820;16
0821;15
0822;16
0823;17
0824;18
0825;15
0826;14
0827;10
0828;18
0829;12
0830;13
0831;15
0900;1
0901;12
0902;16
0903;18
0904;10
0905;20
0906;10
0907;3
0908;15
0909;14
0910;21
0911;11
0912;23
0913;17
0914;17
0915;20
0916;19
0917;20
0918;16
0919;14
0920;14
0921;21
0922;17
0923;15
0924;11
0925;17
0926;22
0927;14
0928;14
0929;13
0930;18
1001;13
1002;18
1003;11
1004;22
1005;19
1006;11
1007;10
1008;18
1009;12
1010;23
1011;10
1012;16
1013;18
1014;21
1015;17
1016;12
1017;14
1018;14
1019;15
1020;19
1021;14
1022;20
1023;19
1024;19
1025;23
1026;17
1027;18
1028;25
1029;18
1030;18
1031;13
1101;17
1102;12
1103;17
1104;18
1105;21
1106;15
1107;17
1108;17
1109;15
1110;16
1111;10
1112;17
1113;17
1114;20
1115;10
1116;14
1117;17
1118;11
1119;18
1120;17
1121;10
1122;17
1123;17
1124;17
1125;17
1126;19
1127;14
1128;18
1129;26
1130;16
1201;7
1202;25
1203;16
1204;19
1205;16
1206;10
1207;21
1208;14
1209;18
1210;23
1211;11
1212;11
1213;18
1214;22
1215;14
1216;9
1217;17
1218;21
1219;11
1220;17
1221;19
1222;18
1223;15
1224;19
1225;15
1226;17
1227;10
1228;22
1229;17
1230;17
1231;19
