0101;13
0102;15
0103;14
0104;9
0105;13
0106;14
0107;9
0108;8
0109;23
0110;15
0111;16
0112;7
0113;12
0114;18
0115;11
0116;12
0117;13
0118;9
0119;14
0120;12
0121;10
0122;9
0123;13
0124;15
0125;14
0126;21
0127;8
0128;12
0129;17
0130;8
0131;16
0201;13
0202;10
0203;12
0204;10
0205;15
0206;9
0207;18
0208;10
0209;10
0210;18
0211;14
0212;19
0213;13
0214;23
0215;21
0216;20
0217;13
0218;17
0219;21
0220;16
0221;18
0222;13
0223;11
0224;11
0225;11
0226;10
0227;8
0228;13
0301;15
0302;16
0303;17
0304;16
0305;15
0306;12
0307;13
0308;18
0309;15
0310;15
0311;21
0312;20
0313;11
0314;15
0315;10
0316;14
0317;15
0318;9
0319;13
0320;14
0321;7
0322;12
0323;13
0324;17
0325;13
0326;17
0327;12
0328;11
0329;8
0330;12
0331;9
0401;12
0402;12
0403;8
0404;17
0405;10
0406;7
0407;8
0408;13
0409;15
0410;10
0411;10
0412;9
0413;13
0414;13
0415;13
0416;10
0417;13
0418;8
0419;16
0420;7
0421;11
0422;7
0423;10
0424;5
0425;13
0426;10
0427;8
0428;9
0429;15
0430;8
0501;15
0502;10
0503;10
0504;12
0505;6
0506;9
0507;9
0508;8
0509;11
0510;9
0511;14
0512;11
0513;7
0514;5
0515;5
0516;5
0517;7
0518;8
0519;8
0520;5
0521;12
0522;14
0523;8
0524;12
0525;9
0526;8
0527;15
0528;10
0529;8
0530;9
0531;13
0601;14
0602;4
0603;14
0604;11
0605;12
0606;13
0607;6
0608;9
0609;10
0610;9
0611;8
0612;9
0613;11
0614;6
0615;7
0616;8
0617;9
0618;12
0619;9
0620;6
0621;14
0622;9
0623;7
0624;10
0625;15
0626;11
0627;6
0628;10
0629;10
0630;12
0701;14
0702;11
0703;14
0704;7
0705;5
0706;10
0707;14
0708;10
0709;8
0710;15
0711;10
0712;8
0713;14
0714;7
0715;12
0716;14
0717;11
0718;17
0719;9
0720;14
0721;6
0722;7
0723;13
0724;14
0725;8
0726;8
0727;11
0728;11
0729;8
0730;5
0731;4
0801;13
0802;9
0803;14
0804;13
0805;7
0806;13
0807;10
0808;17
0809;4
0810;12
0811;9
0812;10
0813;7
0814;10
0815;12
0816;7
0817;10
0818;8
0819;7
0820;5
0821;7
0822;10
0823;9
0824;6
0825;8
0826;9
0827;12
0828;10
0829;7
0830;9
0831;4
0901;8
0902;12
0903;11
0904;6
0905;10
0906;7
0907;6
0908;13
0909;6
0910;12
0911;5
0912;6
0913;11
0914;6
0915;12
0916;4
0917;17
0918;7
0919;16
0920;10
0921;3
0922;7
0923;3
0924;13
0925;10
0926;10
0927;12
0928;13
0929;9
0930;4
1001;13
1002;9
1003;10
1004;10
1005;11
1006;13
1007;11
1008;15
1009;10
1010;8
1011;6
1012;16
1013;10
1014;10
1015;7
1016;15
1017;9
1018;9
1019;14
1020;12
1021;16
1022;11
1023;16
1024;9
1025;16
1026;10
1027;14
1028;14
1029;13
1030;17
1031;14
1101;11
1102;7
1103;16
1104;8
1105;10
1106;9
1107;10
1108;12
1109;18
1110;11
1111;10
1112;8
1113;16
1114;9
1115;7
1116;9
1117;10
1118;11
1119;7
1120;6
1121;11
1122;11
1123;14
1124;11
1125;11
1126;8
1127;6
1128;12
1129;11
1130;8
1201;16
1202;12
1203;5
1204;5
1205;9
1206;8
1207;10
1208;10
1209;13
1210;10
1211;12
1212;4
1213;13
1214;13
1215;18
1216;10
1217;14
1218;10
1219;11
1220;11
1221;9
1222;6
1223;10
1224;15
1225;7
1226;10
1227;9
1228;9
1229;16
1230;11
1231;13
