0101;31
0102;28
0103;27
0104;44
0105;42
0106;32
0107;42
0108;36
0109;43
0110;33
0111;30
0112;32
0113;25
0114;43
0115;38
0116;32
0117;24
0118;35
0119;38
0120;31
0121;36
0122;31
0123;26
0124;32
0125;38
0126;41
0127;27
0128;32
0129;45
0130;32
0131;46
0201;37
0202;33
0203;30
0204;44
0205;34
0206;36
0207;30
0208;32
0209;30
0210;43
0211;31
0212;41
0213;40
0214;38
0215;29
0216;31
0217;37
0218;40
0219;38
0220;27
0221;38
0222;38
0223;46
0224;36
0225;32
0226;39
0227;45
0228;40
0301;33
0302;37
0303;32
0304;26
0305;33
0306;41
0307;53
0308;28
0309;31
0310;36
0311;35
0312;33
0313;16
0314;31
0315;31
0316;32
0317;33
0318;31
0319;20
0320;34
0321;36
0322;31
0323;31
0324;25
0325;38
0326;19
0327;25
0328;26
0329;25
0330;32
0331;28
0401;26
0402;19
0403;30
0404;32
0405;39
0406;27
0407;33
0408;26
0409;33
0410;33
0411;25
0412;22
0413;29
0414;28
0415;20
0416;32
0417;32
0418;24
0419;22
0420;24
0421;29
0422;25
0423;25
0424;30
0425;31
0426;38
0427;31
0428;31
0429;17
0430;25
0501;27
0502;30
0503;31
0504;27
0505;28
0506;25
0507;31
0508;24
0509;26
0510;27
0511;16
0512;30
0513;27
0514;25
0515;36
0516;22
0517;26
0518;25
0519;26
0520;31
0521;21
0522;34
0523;26
0524;32
0525;20
0526;24
0527;26
0528;26
0529;29
0530;25
0531;31
0601;24
0602;23
0603;36
0604;25
0605;24
0606;31
0607;33
0608;30
0609;30
0610;37
0611;38
0612;23
0613;28
0614;35
0615;21
0616;32
0617;22
0618;24
0619;32
0620;27
0621;33
0622;23
0623;32
0624;27
0625;25
0626;20
0627;34
0628;25
0629;26
0630;31
0701;26
0702;29
0703;31
0704;32
0705;31
0706;27
0707;28
0708;38
0709;26
0710;35
0711;27
0712;24
0713;37
0714;26
0715;32
0716;38
0717;33
0718;33
0719;27
0720;28
0721;27
0722;30
0723;46
0724;43
0725;18
0726;21
0727;26
0728;26
0729;26
0730;28
0731;35
0801;41
0802;31
0803;24
0804;21
0805;26
0806;38
0807;28
0808;32
0809;35
0810;33
0811;29
0812;25
0813;26
0814;31
0815;29
0816;22
0817;26
0818;33
0819;20
0820;26
0821;22
0822;36
0823;25
0824;42
0825;30
0826;34
0827;26
0828;30
0829;24
0830;28
0831;25
0901;43
0902;27
0903;23
0904;29
0905;26
0906;23
0907;46
0908;32
0909;32
0910;28
0911;37
0912;29
0913;25
0914;39
0915;21
0916;29
0917;26
0918;23
0919;29
0920;29
0921;33
0922;29
0923;23
0924;30
0925;26
0926;20
0927;26
0928;22
0929;23
0930;23
1001;28
1002;25
1003;27
1004;32
1005;30
1006;26
1007;24
1008;21
1009;34
1010;29
1011;26
1012;27
1013;27
1014;26
1015;19
1016;19
1017;31
1018;29
1019;21
1020;25
1021;23
1022;41
1023;28
1024;33
1025;37
1026;36
1027;34
1028;37
1029;32
1030;33
1031;29
1101;30
1102;31
1103;28
1104;35
1105;26
1106;26
1107;29
1108;19
1109;26
1110;29
1111;26
1112;33
1113;20
1114;33
1115;36
1116;24
1117;21
1118;23
1119;30
1120;23
1121;23
1122;20
1123;27
1124;25
1125;30
1126;20
1127;25
1128;28
1129;32
1130;30
1201;35
1202;30
1203;34
1204;36
1205;27
1206;20
1207;35
1208;31
1209;28
1210;40
1211;27
1212;22
1213;28
1214;23
1215;32
1216;37
1217;25
1218;39
1219;25
1220;21
1221;33
1222;34
1223;39
1224;33
1225;19
1226;29
1227;28
1228;32
1229;35
1230;32
1231;36
