0101;14
0102;17
0103;14
0104;16
0105;19
0106;16
0107;17
0108;13
0109;16
0110;12
0111;11
0112;13
0113;21
0114;12
0115;10
0116;21
0117;13
0118;17
0119;18
0120;23
0121;19
0122;14
0123;16
0124;13
0125;20
0126;15
0127;22
0128;19
0129;13
0130;18
0131;14
0201;21
0202;21
0203;15
0204;17
0205;15
0206;12
0207;17
0208;26
0209;27
0210;20
0211;23
0212;21
0213;15
0214;24
0215;21
0216;23
0217;18
0218;24
0219;23
0220;17
0221;23
0222;20
0223;25
0224;19
0225;16
0226;19
0227;16
0228;19
0301;14
0302;13
0303;25
0304;16
0305;25
0306;16
0307;12
0308;19
0309;14
0310;15
0311;16
0312;10
0313;13
0314;16
0315;18
0316;16
0317;9
0318;14
0319;14
0320;20
0321;13
0322;17
0323;16
0324;10
0325;11
0326;19
0327;13
0328;19
0329;8
0330;22
0331;9
0401;7
0402;10
0403;11
0404;5
0405;11
0406;16
0407;16
0408;10
0409;10
0410;9
0411;10
0412;9
0413;17
0414;13
0415;13
0416;20
0417;16
0418;7
0419;10
0420;12
0421;13
0422;10
0423;15
0424;12
0425;11
0426;14
0427;3
0428;6
0429;14
0430;12
0501;14
0502;6
0503;7
0504;15
0505;15
0506;15
0507;12
0508;10
0509;10
0510;10
0511;11
0512;14
0513;15
0514;10
0515;14
0516;22
0517;15
0518;12
0519;10
0520;11
0521;10
0522;14
0523;7
0524;16
0525;9
0526;11
0527;13
0528;6
0529;13
0530;10
0531;10
0601;12
0602;8
0603;15
0604;14
0605;16
0606;14
0607;8
0608;20
0609;11
0610;15
0611;14
0612;11
0613;10
0614;11
0615;9
0616;23
0617;10
0618;10
0619;9
0620;13
0621;11
0622;18
0623;7
0624;11
0625;19
0626;11
0627;8
0628;10
0629;12
0630;13
0701;22
0702;17
0703;18
0704;19
0705;13
0706;11
0707;11
0708;13
0709;18
0710;22
0711;11
0712;8
0713;15
0714;17
0715;13
0716;8
0717;14
0718;8
0719;11
0720;19
0721;11
0722;16
0723;5
0724;17
0725;13
0726;14
0727;10
0728;17
0729;9
0730;10
0731;8
0801;8
0802;16
0803;9
0804;9
0805;12
0806;10
0807;8
0808;15
0809;8
0810;7
0811;13
0812;8
0813;15
0814;17
0815;14
0816;13
0817;14
0818;12
0819;13
0820;11
0821;19
0822;21
0823;10
0824;9
0825;5
0826;13
0827;16
0828;10
0829;11
0830;14
0831;11
0901;15
0902;3
0903;12
0904;7
0905;5
0906;12
0907;9
0908;14
0909;15
0910;10
0911;10
0912;12
0913;13
0914;8
0915;14
0916;13
0917;12
0918;10
0919;8
0920;12
0921;14
0922;13
0923;11
0924;10
0925;15
0926;12
0927;7
0928;8
0929;9
0930;8
1001;9
1002;13
1003;10
1004;11
1005;12
1006;15
1007;13
1008;20
1009;20
1010;12
1011;12
1012;16
1013;9
1014;15
1015;13
1016;19
1017;17
1018;10
1019;12
1020;16
1021;20
1022;20
1023;16
1024;12
1025;10
1026;20
1027;16
1028;7
1029;12
1030;10
1031;8
1101;10
1102;11
1103;19
1104;12
1105;19
1106;18
1107;15
1108;16
1109;9
1110;11
1111;12
1112;13
1113;13
1114;10
1115;10
1116;19
1117;12
1118;12
1119;17
1120;15
1121;16
1122;12
1123;16
1124;9
1125;15
1126;14
1127;11
1128;9
1129;23
1130;8
1201;16
1202;15
1203;18
1204;10
1205;20
1206;17
1207;16
1208;8
1209;13
1210;10
1211;13
1212;10
1213;14
1214;16
1215;11
1216;10
1217;9
1218;11
1219;13
1220;10
1221;13
1222;12
1223;16
1224;10
1225;14
1226;14
1227;8
1228;19
1229;15
1230;6
1231;16
