0101;18
0102;16
0103;13
0104;23
0105;10
0106;18
0107;17
0108;11
0109;15
0110;17
0111;10
0112;16
0113;12
0114;14
0115;11
0116;18
0117;7
0118;16
0119;14
0120;15
0121;16
0122;16
0123;8
0124;11
0125;11
0126;14
0127;15
0128;10
0129;18
0130;15
0131;14
0201;18
0202;15
0203;9
0204;15
0205;17
0206;22
0207;16
0208;24
0209;13
0210;21
0211;15
0212;18
0213;18
0214;9
0215;8
0216;17
0217;12
0218;21
0219;18
0220;21
0221;12
0222;17
0223;9
0224;18
0225;18
0226;13
0227;14
0228;15
0301;16
0302;18
0303;15
0304;14
0305;9
0306;13
0307;15
0308;14
0309;11
0310;17
0311;16
0312;9
0313;11
0314;10
0315;15
0316;11
0317;14
0318;9
0319;10
0320;6
0321;15
0322;14
0323;13
0324;9
0325;9
0326;17
0327;15
0328;8
0329;12
0330;13
0331;10
0401;11
0402;10
0403;11
0404;11
0405;7
0406;10
0407;12
0408;13
0409;5
0410;13
0411;12
0412;11
0413;12
0414;10
0415;10
0416;9
0417;7
0418;11
0419;6
0420;8
0421;10
0422;8
0423;9
0424;15
0425;14
0426;16
0427;11
0428;13
0429;15
0430;4
0501;7
0502;12
0503;10
0504;7
0505;14
0506;10
0507;11
0508;8
0509;6
0510;6
0511;8
0512;5
0513;11
0514;9
0515;10
0516;12
0517;14
0518;12
0519;4
0520;8
0521;11
0522;9
0523;9
0524;7
0525;7
0526;11
0527;9
0528;15
0529;13
0530;10
0531;8
0601;9
0602;6
0603;9
0604;9
0605;5
0606;11
0607;10
0608;9
0609;8
0610;14
0611;15
0612;8
0613;11
0614;12
0615;11
0616;6
0617;13
0618;5
0619;11
0620;9
0621;7
0622;12
0623;7
0624;9
0625;10
0626;9
0627;14
0628;12
0629;13
0630;9
0701;15
0702;17
0703;8
0704;9
0705;17
0706;11
0707;15
0708;12
0709;8
0710;7
0711;11
0712;6
0713;7
0714;5
0715;9
0716;10
0717;13
0718;16
0719;6
0720;15
0721;14
0722;7
0723;9
0724;8
0725;9
0726;10
0727;11
0728;7
0729;1
0730;10
0731;9
0801;12
0802;8
0803;13
0804;11
0805;8
0806;12
0807;11
0808;11
0809;11
0810;12
0811;12
0812;16
0813;8
0814;16
0815;8
0816;10
0817;5
0818;3
0819;8
0820;21
0821;13
0822;9
0823;7
0824;7
0825;7
0826;13
0827;5
0828;11
0829;12
0830;14
0831;15
0901;9
0902;6
0903;7
0904;10
0905;5
0906;8
0907;7
0908;10
0909;8
0910;8
0911;7
0912;16
0913;5
0914;11
0915;8
0916;14
0917;12
0918;15
0919;12
0920;8
0921;11
0922;6
0923;14
0924;6
0925;13
0926;11
0927;10
0928;9
0929;6
0930;11
1001;8
1002;11
1003;8
1004;16
1005;14
1006;10
1007;12
1008;10
1009;8
1010;5
1011;12
1012;11
1013;16
1014;14
1015;12
1016;10
1017;14
1018;9
1019;13
1020;9
1021;8
1022;15
1023;14
1024;5
1025;10
1026;13
1027;10
1028;15
1029;13
1030;12
1031;9
1101;15
1102;11
1103;16
1104;11
1105;7
1106;4
1107;19
1108;4
1109;9
1110;9
1111;11
1112;17
1113;13
1114;8
1115;11
1116;8
1117;10
1118;5
1119;16
1120;10
1121;9
1122;12
1123;15
1124;13
1125;6
1126;12
1127;12
1128;11
1129;8
1130;10
1201;13
1202;6
1203;7
1204;15
1205;7
1206;8
1207;11
1208;16
1209;11
1210;15
1211;9
1212;9
1213;8
1214;11
1215;12
1216;9
1217;9
1218;14
1219;16
1220;5
1221;7
1222;10
1223;12
1224;9
1225;13
1226;7
1227;6
1228;9
1229;14
1230;15
1231;10
