0000;1
0101;27
0102;28
0103;43
0104;37
0105;31
0106;30
0107;22
0108;35
0109;43
0110;33
0111;39
0112;30
0113;30
0114;39
0115;32
0116;28
0117;29
0118;18
0119;37
0120;37
0121;30
0122;29
0123;40
0124;29
0125;23
0126;30
0127;43
0128;33
0129;37
0130;33
0131;43
0201;47
0202;44
0203;33
0204;39
0205;36
0206;34
0207;40
0208;36
0209;44
0210;47
0211;39
0212;34
0213;36
0214;37
0215;34
0216;33
0217;38
0218;28
0219;33
0220;35
0221;40
0222;30
0223;33
0224;39
0225;35
0226;29
0227;41
0228;37
0301;32
0302;32
0303;40
0304;36
0305;30
0306;17
0307;38
0308;33
0309;37
0310;41
0311;28
0312;31
0313;40
0314;36
0315;30
0316;33
0317;33
0318;23
0319;30
0320;25
0321;23
0322;23
0323;32
0324;30
0325;30
0326;35
0327;34
0328;36
0329;24
0330;31
0331;35
0401;22
0402;31
0403;35
0404;25
0405;25
0406;24
0407;24
0408;23
0409;34
0410;23
0411;28
0412;27
0413;29
0414;27
0415;28
0416;33
0417;31
0418;28
0419;25
0420;35
0421;26
0422;21
0423;29
0424;21
0425;37
0426;20
0427;22
0428;27
0429;20
0430;30
0501;31
0502;23
0503;34
0504;24
0505;26
0506;30
0507;27
0508;28
0509;19
0510;27
0511;26
0512;25
0513;29
0514;28
0515;23
0516;18
0517;25
0518;22
0519;26
0520;27
0521;26
0522;24
0523;26
0524;24
0525;26
0526;18
0527;22
0528;21
0529;22
0530;25
0531;32
0601;21
0602;27
0603;19
0604;26
0605;26
0606;27
0607;23
0608;23
0609;35
0610;19
0611;32
0612;31
0613;22
0614;16
0615;26
0616;17
0617;22
0618;30
0619;26
0620;24
0621;22
0622;28
0623;18
0624;29
0625;25
0626;30
0627;27
0628;22
0629;25
0630;39
0701;31
0702;37
0703;39
0704;35
0705;29
0706;18
0707;22
0708;28
0709;24
0710;28
0711;27
0712;22
0713;22
0714;23
0715;33
0716;20
0717;30
0718;24
0719;29
0720;21
0721;29
0722;19
0723;17
0724;23
0725;20
0726;21
0727;31
0728;17
0729;18
0730;23
0731;15
0801;25
0802;19
0803;19
0804;33
0805;28
0806;29
0807;24
0808;27
0809;24
0810;22
0811;20
0812;28
0813;25
0814;12
0815;25
0816;22
0817;19
0818;20
0819;23
0820;20
0821;20
0822;19
0823;20
0824;30
0825;19
0826;22
0827;27
0828;24
0829;23
0830;27
0831;31
0901;40
0902;23
0903;36
0904;25
0905;25
0906;21
0907;23
0908;27
0909;24
0910;29
0911;27
0912;23
0913;24
0914;32
0915;24
0916;27
0917;30
0918;27
0919;21
0920;23
0921;30
0922;33
0923;27
0924;29
0925;25
0926;27
0927;35
0928;26
0929;18
0930;29
1001;32
1002;31
1003;25
1004;26
1005;25
1006;30
1007;27
1008;27
1009;29
1010;30
1011;28
1012;32
1013;33
1014;26
1015;24
1016;19
1017;21
1018;24
1019;26
1020;29
1021;31
1022;29
1023;36
1024;27
1025;23
1026;22
1027;35
1028;30
1029;31
1030;28
1031;31
1101;27
1102;23
1103;25
1104;27
1105;18
1106;35
1107;27
1108;25
1109;29
1110;29
1111;24
1112;34
1113;25
1114;29
1115;28
1116;31
1117;36
1118;28
1119;25
1120;24
1121;28
1122;26
1123;28
1124;24
1125;21
1126;23
1127;25
1128;30
1129;32
1130;29
1201;28
1202;31
1203;27
1204;30
1205;17
1206;29
1207;34
1208;32
1209;30
1210;35
1211;27
1212;22
1213;36
1214;22
1215;27
1216;17
1217;24
1218;41
1219;31
1220;35
1221;40
1222;28
1223;31
1224;32
1225;27
1226;26
1227;22
1228;33
1229;26
1230;25
1231;37
