0101;2
0102;3
0103;3
0104;3
0105;3
0106;4
0107;1
0108;2
0110;3
0111;4
0112;3
0114;2
0115;2
0116;3
0117;6
0118;2
0119;4
0120;2
0121;5
0122;1
0123;3
0124;4
0125;7
0126;2
0127;4
0128;2
0129;2
0130;3
0201;1
0203;5
0204;2
0205;2
0206;3
0207;3
0208;2
0210;1
0211;2
0212;3
0213;1
0214;1
0215;3
0216;5
0217;3
0218;1
0219;2
0220;1
0222;5
0223;1
0225;4
0227;3
0228;4
0302;1
0303;2
0304;2
0305;3
0306;3
0308;1
0309;1
0310;5
0311;1
0312;4
0313;2
0314;2
0316;1
0317;1
0318;1
0319;1
0320;3
0322;4
0324;3
0325;2
0326;1
0327;1
0329;3
0330;3
0331;2
0401;3
0402;3
0403;2
0404;3
0405;5
0406;3
0407;5
0408;2
0409;3
0411;1
0412;5
0413;3
0414;1
0415;1
0416;2
0417;5
0418;4
0419;4
0420;2
0421;1
0422;1
0424;6
0425;5
0426;2
0427;2
0428;2
0429;2
0430;1
0501;1
0502;7
0503;3
0504;1
0505;1
0506;2
0507;1
0508;1
0509;3
0510;1
0511;1
0512;1
0513;3
0514;1
0515;7
0516;2
0518;2
0519;4
0520;2
0521;3
0522;2
0523;3
0524;2
0526;3
0527;1
0528;1
0529;1
0530;4
0601;2
0602;4
0603;2
0605;2
0606;1
0607;2
0608;2
0609;3
0610;1
0611;1
0612;1
0613;1
0614;2
0615;1
0616;3
0618;2
0620;1
0621;2
0623;2
0624;5
0625;2
0626;4
0628;2
0629;3
0630;4
0701;1
0702;6
0703;3
0704;1
0705;3
0706;2
0707;3
0708;3
0709;3
0710;3
0711;2
0712;4
0713;1
0714;1
0715;5
0717;2
0719;3
0720;1
0721;3
0722;1
0723;2
0724;5
0725;4
0727;3
0728;2
0729;1
0730;1
0731;6
0801;2
0802;2
0803;1
0804;3
0805;6
0806;5
0807;4
0808;2
0809;2
0810;2
0811;3
0813;5
0814;4
0815;3
0816;4
0817;1
0818;5
0819;2
0820;2
0823;3
0824;1
0825;7
0828;1
0831;4
0901;1
0902;3
0903;3
0904;6
0905;1
0906;1
0908;3
0909;1
0910;2
0911;4
0912;5
0913;5
0915;1
0916;1
0917;3
0918;1
0923;4
0924;2
0925;2
0926;6
0927;5
0928;1
0929;3
0930;1
1001;1
1002;2
1003;4
1004;2
1005;4
1007;1
1009;2
1011;5
1012;1
1014;2
1015;3
1016;2
1017;1
1018;2
1020;3
1021;3
1023;1
1024;3
1025;3
1026;4
1028;4
1029;1
1030;4
1031;1
1101;1
1102;1
1104;1
1105;3
1106;5
1107;6
1108;2
1109;1
1110;4
1111;1
1112;3
1113;4
1114;1
1115;3
1116;2
1117;3
1118;3
1119;1
1120;3
1121;1
1122;1
1123;4
1124;3
1125;2
1126;2
1127;3
1128;1
1129;4
1201;3
1202;6
1204;2
1205;1
1206;3
1207;2
1208;2
1209;1
1211;5
1212;1
1213;6
1214;2
1215;2
1216;5
1217;4
1219;1
1220;2
1221;5
1222;3
1224;1
1225;2
1226;3
1227;1
1228;2
1229;1
1230;1
1231;1
