0101;2
0102;1
0103;1
0104;1
0105;4
0107;2
0108;4
0109;2
0112;3
0113;2
0114;2
0116;3
0117;1
0118;2
0119;3
0120;1
0121;2
0122;3
0123;1
0124;2
0125;3
0126;1
0127;4
0128;2
0129;1
0130;5
0131;1
0201;5
0202;2
0204;2
0205;2
0206;1
0207;3
0208;3
0209;4
0210;5
0211;3
0213;1
0214;2
0215;3
0216;1
0217;2
0220;3
0221;2
0222;1
0223;2
0224;1
0226;3
0227;2
0228;1
0301;3
0302;3
0303;3
0305;2
0306;1
0307;1
0308;3
0309;2
0310;2
0312;2
0313;2
0314;1
0315;3
0317;1
0318;2
0319;1
0320;1
0324;2
0325;4
0326;1
0327;2
0328;4
0329;1
0331;2
0402;2
0403;2
0404;2
0408;3
0409;1
0410;4
0412;2
0413;2
0414;4
0415;3
0416;1
0417;1
0418;1
0420;2
0422;1
0423;3
0424;1
0425;2
0426;3
0428;1
0430;2
0501;1
0503;1
0504;2
0505;2
0506;1
0508;2
0509;4
0510;1
0512;1
0513;1
0514;1
0515;6
0516;2
0517;3
0518;2
0519;1
0521;1
0522;1
0523;1
0524;5
0527;1
0528;3
0529;2
0602;3
0603;3
0604;1
0607;1
0608;3
0609;2
0610;2
0611;1
0612;2
0614;2
0615;3
0616;4
0617;3
0618;1
0619;2
0620;3
0621;2
0623;4
0624;1
0625;1
0627;1
0628;2
0630;3
0701;2
0702;1
0703;2
0704;2
0705;1
0706;2
0707;2
0708;3
0709;1
0710;2
0714;1
0715;3
0716;3
0718;2
0719;1
0720;1
0721;5
0722;4
0723;1
0724;1
0725;2
0726;3
0727;1
0728;2
0729;5
0730;2
0731;3
0801;2
0804;1
0806;2
0807;4
0808;2
0809;1
0811;1
0812;1
0813;2
0814;3
0815;1
0816;1
0817;1
0819;1
0820;1
0821;1
0822;4
0824;4
0825;2
0826;2
0827;2
0828;4
0829;3
0830;4
0831;4
0901;5
0903;3
0904;6
0905;1
0906;3
0907;2
0908;1
0909;1
0910;2
0913;5
0915;2
0916;2
0917;2
0918;1
0919;3
0920;1
0921;2
0922;2
0924;3
0925;2
0926;2
0927;1
0928;6
0930;4
1001;4
1002;2
1003;1
1005;2
1006;2
1007;2
1009;2
1010;1
1011;1
1012;2
1013;3
1014;1
1015;1
1017;1
1018;1
1019;5
1020;1
1021;2
1022;2
1023;1
1024;3
1025;1
1026;2
1027;2
1028;1
1029;4
1031;5
1101;3
1102;2
1104;2
1106;4
1107;2
1108;1
1109;4
1110;1
1111;3
1112;2
1113;1
1114;3
1115;2
1116;1
1117;2
1118;1
1119;2
1120;1
1121;1
1122;4
1124;1
1125;1
1126;1
1127;1
1202;4
1203;2
1204;1
1205;2
1207;4
1208;1
1209;2
1210;1
1211;2
1212;3
1215;2
1216;2
1217;3
1218;2
1219;2
1220;1
1221;2
1223;4
1224;1
1225;2
1227;1
1228;4
1229;1
1230;1
1231;3
