0101;12
0102;12
0103;13
0104;13
0105;9
0106;11
0107;12
0108;13
0109;7
0110;13
0111;17
0112;22
0113;15
0114;12
0115;17
0116;11
0117;18
0118;17
0119;8
0120;17
0121;11
0122;13
0123;14
0124;10
0125;14
0126;16
0127;19
0128;10
0129;15
0130;14
0131;16
0201;15
0202;15
0203;10
0204;15
0205;16
0206;15
0207;15
0208;13
0209;18
0210;15
0211;22
0212;12
0213;15
0214;22
0215;18
0216;16
0217;13
0218;14
0219;8
0220;23
0221;14
0222;8
0223;19
0224;19
0225;15
0226;12
0227;17
0228;17
0301;18
0302;12
0303;20
0304;15
0305;13
0306;15
0307;16
0308;12
0309;12
0310;18
0311;8
0312;15
0313;15
0314;8
0315;19
0316;9
0317;14
0318;10
0319;11
0320;15
0321;14
0322;14
0323;7
0324;15
0325;7
0326;13
0327;10
0328;15
0329;13
0330;14
0331;13
0401;8
0402;15
0403;13
0404;14
0405;5
0406;16
0407;10
0408;11
0409;10
0410;20
0411;14
0412;16
0413;12
0414;9
0415;9
0416;15
0417;14
0418;15
0419;10
0420;19
0421;10
0422;12
0423;11
0424;10
0425;8
0426;11
0427;13
0428;12
0429;18
0430;19
0501;11
0502;10
0503;11
0504;16
0505;11
0506;10
0507;6
0508;6
0509;11
0510;11
0511;8
0512;24
0513;9
0514;10
0515;9
0516;10
0517;10
0518;14
0519;14
0520;14
0521;16
0522;10
0523;10
0524;7
0525;10
0526;8
0527;8
0528;8
0529;16
0530;13
0531;4
0601;7
0602;13
0603;15
0604;13
0605;12
0606;11
0607;13
0608;11
0609;10
0610;6
0611;8
0612;8
0613;17
0614;7
0615;11
0616;12
0617;14
0618;16
0619;14
0620;7
0621;17
0622;17
0623;11
0624;14
0625;18
0626;20
0627;9
0628;9
0629;16
0630;13
0701;10
0702;13
0703;8
0704;15
0705;13
0706;18
0707;6
0708;11
0709;8
0710;13
0711;12
0712;5
0713;11
0714;12
0715;10
0716;8
0717;14
0718;11
0719;10
0720;12
0721;13
0722;6
0723;17
0724;8
0725;12
0726;10
0727;12
0728;16
0729;7
0730;9
0731;4
0801;15
0802;6
0803;15
0804;9
0805;10
0806;9
0807;10
0808;13
0809;10
0810;11
0811;15
0812;11
0813;9
0814;7
0815;10
0816;10
0817;11
0818;9
0819;5
0820;12
0821;8
0822;11
0823;10
0824;7
0825;12
0826;14
0827;20
0828;9
0829;12
0830;8
0831;6
0901;13
0902;12
0903;12
0904;11
0905;12
0906;13
0907;13
0908;6
0909;8
0910;10
0911;8
0912;12
0913;5
0914;7
0915;12
0916;19
0917;12
0918;19
0919;8
0920;13
0921;13
0922;11
0923;10
0924;19
0925;9
0926;11
0927;9
0928;12
0929;7
0930;13
1001;12
1002;9
1003;12
1004;8
1005;11
1006;6
1007;10
1008;14
1009;14
1010;19
1011;9
1012;7
1013;13
1014;14
1015;14
1016;7
1017;21
1018;8
1019;12
1020;14
1021;16
1022;8
1023;9
1024;15
1025;12
1026;16
1027;16
1028;5
1029;15
1030;10
1031;9
1101;11
1102;16
1103;13
1104;11
1105;18
1106;13
1107;11
1108;7
1109;12
1110;11
1111;15
1112;6
1113;12
1114;9
1115;14
1116;18
1117;15
1118;13
1119;18
1120;12
1121;11
1122;13
1123;21
1124;7
1125;12
1126;10
1127;8
1128;11
1129;16
1130;11
1201;8
1202;18
1203;16
1204;12
1205;19
1206;15
1207;8
1208;13
1209;10
1210;11
1211;14
1212;9
1213;8
1214;14
1215;12
1216;13
1217;19
1218;15
1219;12
1220;15
1221;18
1222;7
1223;8
1224;13
1225;8
1226;17
1227;12
1228;8
1229;13
1230;14
1231;14
