0101;7
0102;13
0103;12
0104;11
0105;10
0106;10
0107;10
0108;12
0109;15
0110;14
0111;9
0112;8
0113;15
0114;4
0115;14
0116;11
0117;10
0118;14
0119;9
0120;12
0121;11
0122;9
0123;10
0124;5
0125;15
0126;7
0127;13
0128;13
0129;11
0130;10
0131;7
0201;10
0202;12
0203;13
0204;11
0205;9
0206;7
0207;14
0208;9
0209;10
0210;16
0211;16
0212;14
0213;12
0214;12
0215;12
0216;16
0217;10
0218;16
0219;21
0220;14
0221;7
0222;18
0223;13
0224;11
0225;6
0226;12
0227;12
0228;12
0301;13
0302;18
0303;13
0304;16
0305;20
0306;10
0307;13
0308;5
0309;12
0310;8
0311;9
0312;12
0313;17
0314;17
0315;17
0316;21
0317;16
0318;14
0319;15
0320;19
0321;8
0322;13
0323;9
0324;7
0325;9
0326;12
0327;7
0328;14
0329;18
0330;8
0331;11
0401;9
0402;8
0403;8
0404;16
0405;11
0406;8
0407;14
0408;13
0409;7
0410;6
0411;14
0412;6
0413;12
0414;13
0415;11
0416;6
0417;18
0418;16
0419;12
0420;15
0421;10
0422;13
0423;16
0424;5
0425;9
0426;10
0427;11
0428;9
0429;14
0430;10
0501;8
0502;5
0503;13
0504;10
0505;15
0506;15
0507;10
0508;7
0509;11
0510;8
0511;10
0512;13
0513;9
0514;5
0515;9
0516;11
0517;4
0518;11
0519;14
0520;15
0521;9
0522;8
0523;6
0524;4
0525;11
0526;14
0527;14
0528;10
0529;12
0530;14
0531;11
0601;5
0602;11
0603;10
0604;8
0605;14
0606;9
0607;8
0608;12
0609;12
0610;13
0611;4
0612;8
0613;10
0614;9
0615;15
0616;8
0617;6
0618;8
0619;14
0620;12
0621;11
0622;8
0623;12
0624;11
0625;11
0626;9
0627;6
0628;11
0629;7
0630;4
0701;9
0702;6
0703;8
0704;8
0705;5
0706;8
0707;8
0708;8
0709;6
0710;5
0711;13
0712;2
0713;12
0714;9
0715;22
0716;7
0717;9
0718;10
0719;10
0720;5
0721;9
0722;10
0723;8
0724;8
0725;9
0726;7
0727;12
0728;9
0729;4
0730;8
0731;2
0801;9
0802;9
0803;2
0804;8
0805;10
0806;12
0807;12
0808;4
0809;13
0810;6
0811;12
0812;8
0813;7
0814;5
0815;13
0816;9
0817;5
0818;7
0819;7
0820;10
0821;10
0822;5
0823;7
0824;10
0825;6
0826;10
0827;7
0828;10
0829;8
0830;9
0831;13
0901;11
0902;11
0903;8
0904;8
0905;6
0906;9
0907;2
0908;8
0909;13
0910;7
0911;9
0912;2
0913;10
0914;4
0915;11
0916;9
0917;9
0918;11
0919;13
0920;6
0921;11
0922;7
0923;6
0924;8
0925;6
0926;13
0927;7
0928;8
0929;11
0930;6
1001;7
1002;8
1003;12
1004;7
1005;13
1006;6
1007;6
1008;15
1009;9
1010;5
1011;9
1012;14
1013;5
1014;13
1015;17
1016;8
1017;14
1018;10
1019;10
1020;13
1021;12
1022;7
1023;7
1024;13
1025;10
1026;10
1027;9
1028;13
1029;9
1030;9
1031;4
1101;11
1102;14
1103;7
1104;9
1105;12
1106;12
1107;10
1108;9
1109;7
1110;10
1111;12
1112;7
1113;7
1114;9
1115;12
1116;9
1117;15
1118;11
1119;8
1120;6
1121;15
1122;7
1123;7
1124;6
1125;16
1126;10
1127;10
1128;12
1129;9
1130;2
1201;7
1202;9
1203;10
1204;6
1205;11
1206;12
1207;9
1208;10
1209;10
1210;8
1211;5
1212;13
1213;5
1214;13
1215;13
1216;7
1217;12
1218;10
1219;13
1220;10
1221;8
1222;9
1223;11
1224;13
1225;8
1226;12
1227;12
1228;7
1229;11
1230;6
1231;8
