0101;9
0102;16
0103;12
0104;8
0105;11
0106;15
0107;11
0108;6
0109;12
0110;9
0111;8
0112;6
0113;11
0114;14
0115;15
0116;7
0117;11
0118;13
0119;6
0120;15
0121;10
0122;7
0123;15
0124;10
0125;10
0126;6
0127;8
0128;17
0129;12
0130;11
0131;15
0201;11
0202;17
0203;9
0204;13
0205;12
0206;13
0207;16
0208;10
0209;13
0210;23
0211;6
0212;18
0213;20
0214;8
0215;10
0216;10
0217;10
0218;12
0219;8
0220;9
0221;16
0222;13
0223;17
0224;11
0225;13
0226;5
0227;13
0228;12
0301;13
0302;11
0303;8
0304;12
0305;15
0306;10
0307;12
0308;22
0309;14
0310;12
0311;16
0312;14
0313;6
0314;12
0315;10
0316;12
0317;8
0318;17
0319;15
0320;18
0321;13
0322;14
0323;7
0324;11
0325;8
0326;11
0327;8
0328;10
0329;15
0330;11
0331;7
0401;8
0402;13
0403;16
0404;7
0405;9
0406;13
0407;17
0408;13
0409;12
0410;10
0411;12
0412;5
0413;12
0414;4
0415;5
0416;10
0417;15
0418;12
0419;7
0420;7
0421;16
0422;9
0423;7
0424;8
0425;9
0426;9
0427;7
0428;5
0429;7
0430;7
0501;11
0502;14
0503;9
0504;16
0505;12
0506;12
0507;13
0508;9
0509;7
0510;14
0511;9
0512;8
0513;6
0514;10
0515;7
0516;7
0517;10
0518;9
0519;9
0520;11
0521;8
0522;9
0523;6
0524;6
0525;7
0526;11
0527;5
0528;14
0529;12
0530;11
0531;12
0601;5
0602;7
0603;9
0604;15
0605;5
0606;6
0607;9
0608;5
0609;8
0610;9
0611;3
0612;8
0613;11
0614;14
0615;8
0616;7
0617;12
0618;9
0619;18
0620;11
0621;7
0622;7
0623;7
0624;10
0625;12
0626;8
0627;7
0628;11
0629;6
0630;10
0701;9
0702;5
0703;8
0704;6
0705;8
0706;10
0707;6
0708;6
0709;9
0710;7
0711;8
0712;12
0713;9
0714;9
0715;11
0716;12
0717;13
0718;6
0719;9
0720;10
0721;8
0722;5
0723;12
0724;7
0725;7
0726;5
0727;10
0728;5
0729;12
0730;5
0731;6
0801;9
0802;10
0803;5
0804;12
0805;6
0806;6
0807;5
0808;3
0809;13
0810;16
0811;9
0812;7
0813;9
0814;3
0815;9
0816;5
0817;11
0818;8
0819;9
0820;5
0821;5
0822;10
0823;5
0824;10
0825;10
0826;6
0827;9
0828;10
0829;8
0830;12
0831;8
0901;13
0902;8
0903;10
0904;21
0905;5
0906;10
0907;8
0908;11
0909;3
0910;7
0911;7
0912;5
0913;6
0914;6
0915;11
0916;12
0917;3
0918;8
0919;5
0920;12
0921;12
0922;11
0923;8
0924;11
0925;12
0926;17
0927;8
0928;6
0929;7
0930;6
1001;16
1002;6
1003;10
1004;14
1005;4
1006;9
1007;13
1008;12
1009;8
1010;15
1011;7
1012;7
1013;7
1014;10
1015;14
1016;8
1017;7
1018;11
1019;5
1020;8
1021;6
1022;8
1023;7
1024;13
1025;7
1026;6
1027;8
1028;10
1029;11
1030;13
1031;11
1101;6
1102;9
1103;12
1104;5
1105;7
1106;10
1107;13
1108;11
1109;14
1110;15
1111;8
1112;7
1113;6
1114;12
1115;9
1116;7
1117;8
1118;10
1119;16
1120;8
1121;5
1122;10
1123;15
1124;11
1125;7
1126;8
1127;11
1128;13
1129;12
1130;13
1201;9
1202;15
1203;13
1204;10
1205;8
1206;12
1207;10
1208;14
1209;9
1210;18
1211;9
1212;13
1213;9
1214;12
1215;10
1216;14
1217;4
1218;8
1219;15
1220;15
1221;5
1222;9
1223;13
1224;5
1225;11
1226;13
1227;11
1228;11
1229;11
1230;8
1231;15
