0101;8
0102;2
0103;7
0104;11
0105;1
0106;5
0107;10
0108;4
0109;4
0110;5
0111;1
0112;3
0113;8
0114;1
0115;8
0116;7
0117;1
0118;9
0119;2
0120;4
0121;4
0122;3
0123;2
0124;4
0125;4
0126;2
0127;3
0128;5
0129;6
0130;1
0131;6
0201;2
0202;6
0203;11
0204;4
0205;2
0206;3
0207;6
0208;3
0209;4
0210;4
0211;5
0212;12
0213;7
0214;11
0215;3
0216;8
0217;6
0218;8
0219;6
0220;6
0221;5
0222;9
0223;2
0224;3
0225;5
0226;3
0227;8
0228;2
0301;8
0302;8
0303;5
0304;5
0305;7
0306;3
0308;4
0309;6
0310;1
0311;5
0312;4
0313;3
0314;10
0315;1
0316;1
0317;5
0318;8
0319;7
0320;4
0321;3
0322;3
0323;6
0324;3
0325;7
0326;7
0327;4
0328;5
0329;4
0330;2
0331;6
0401;2
0402;5
0403;3
0404;6
0405;1
0406;3
0407;6
0408;4
0409;3
0410;8
0411;5
0412;3
0413;7
0414;5
0415;7
0416;3
0417;7
0418;3
0419;1
0420;4
0421;2
0422;3
0423;1
0424;8
0425;8
0426;5
0427;4
0428;3
0429;3
0430;2
0501;1
0502;9
0503;5
0504;4
0505;4
0506;5
0507;4
0508;4
0509;6
0510;7
0511;3
0512;2
0513;3
0514;3
0515;4
0516;3
0517;5
0518;5
0519;3
0520;3
0521;3
0522;5
0523;4
0524;3
0525;8
0526;3
0527;4
0528;3
0529;6
0530;3
0531;2
0601;4
0602;3
0603;5
0604;1
0605;1
0606;2
0607;4
0608;3
0609;4
0610;1
0611;4
0612;7
0613;4
0614;8
0615;3
0616;5
0617;8
0618;3
0619;4
0620;6
0621;8
0622;4
0623;7
0624;3
0625;3
0626;1
0627;6
0628;2
0629;3
0630;8
0701;2
0702;5
0703;4
0705;1
0706;4
0707;3
0708;1
0709;4
0710;3
0711;5
0712;6
0713;2
0714;2
0715;3
0716;4
0717;10
0718;6
0719;2
0720;3
0721;5
0722;3
0723;3
0724;3
0725;2
0726;1
0727;5
0728;3
0729;6
0730;4
0731;3
0801;5
0802;6
0803;4
0804;1
0805;4
0806;3
0807;5
0808;5
0809;2
0810;5
0811;2
0812;7
0813;5
0814;4
0815;4
0816;1
0817;4
0818;5
0819;4
0820;4
0821;5
0822;3
0823;3
0824;4
0825;2
0826;3
0827;6
0828;4
0829;4
0830;3
0831;7
0901;6
0902;4
0903;4
0904;3
0905;7
0906;6
0907;3
0908;3
0909;4
0910;7
0911;2
0912;2
0913;5
0914;3
0915;5
0916;5
0917;2
0918;5
0919;2
0920;3
0921;3
0922;2
0923;3
0924;10
0925;5
0926;4
0927;2
0928;5
0929;3
0930;3
1001;3
1002;1
1003;5
1004;3
1005;5
1006;2
1007;4
1008;5
1009;1
1010;4
1011;4
1012;1
1013;5
1014;1
1015;4
1016;8
1017;5
1018;5
1019;1
1020;6
1021;3
1022;3
1023;3
1024;3
1025;3
1026;2
1027;7
1028;3
1029;3
1030;6
1031;3
1101;2
1102;6
1103;5
1104;2
1105;2
1106;2
1107;5
1108;1
1109;2
1110;4
1111;3
1112;2
1113;4
1114;2
1115;3
1116;5
1117;3
1118;2
1119;3
1120;2
1121;7
1122;2
1123;6
1124;4
1125;6
1126;1
1127;2
1128;4
1129;4
1130;4
1201;2
1202;3
1203;1
1204;5
1205;3
1206;1
1207;1
1208;5
1209;4
1210;2
1212;4
1213;4
1214;3
1215;5
1216;8
1217;6
1218;4
1219;6
1220;5
1221;6
1222;7
1223;7
1224;1
1225;4
1226;4
1227;5
1228;4
1229;1
1230;4
1231;2
