0101;23
0102;19
0103;40
0104;25
0105;23
0106;27
0107;30
0108;27
0109;27
0110;29
0111;23
0112;32
0113;32
0114;24
0115;24
0116;22
0117;33
0118;24
0119;29
0120;19
0121;21
0122;29
0123;19
0124;31
0125;37
0126;26
0127;34
0128;23
0129;27
0130;33
0131;30
0201;31
0202;22
0203;27
0204;36
0205;27
0206;23
0207;23
0208;25
0209;34
0210;30
0211;32
0212;30
0213;36
0214;36
0215;24
0216;43
0217;39
0218;28
0219;24
0220;31
0221;33
0222;44
0223;35
0224;23
0225;36
0226;33
0227;37
0228;43
0301;31
0302;35
0303;19
0304;32
0305;42
0306;35
0307;36
0308;38
0309;34
0310;39
0311;34
0312;34
0313;31
0314;23
0315;45
0316;30
0317;27
0318;25
0319;16
0320;27
0321;34
0322;25
0323;34
0324;25
0325;36
0326;20
0327;23
0328;29
0329;21
0330;28
0331;23
0401;24
0402;26
0403;29
0404;22
0405;29
0406;26
0407;27
0408;22
0409;26
0410;26
0411;21
0412;19
0413;29
0414;31
0415;26
0416;27
0417;23
0418;24
0419;25
0420;30
0421;22
0422;28
0423;32
0424;23
0425;22
0426;22
0427;28
0428;22
0429;26
0430;18
0501;27
0502;25
0503;25
0504;22
0505;25
0506;17
0507;18
0508;21
0509;24
0510;28
0511;16
0512;33
0513;29
0514;24
0515;19
0516;30
0517;25
0518;16
0519;33
0520;19
0521;24
0522;17
0523;21
0524;22
0525;25
0526;20
0527;35
0528;22
0529;24
0530;30
0531;14
0601;19
0602;24
0603;28
0604;25
0605;21
0606;19
0607;28
0608;27
0609;22
0610;23
0611;22
0612;32
0613;20
0614;20
0615;21
0616;28
0617;26
0618;10
0619;25
0620;23
0621;14
0622;22
0623;30
0624;26
0625;14
0626;26
0627;25
0628;26
0629;21
0630;22
0701;25
0702;32
0703;18
0704;28
0705;29
0706;20
0707;27
0708;21
0709;20
0710;19
0711;24
0712;23
0713;9
0714;29
0715;28
0716;22
0717;24
0718;17
0719;22
0720;25
0721;21
0722;30
0723;24
0724;14
0725;18
0726;20
0727;21
0728;25
0729;27
0730;19
0731;18
0801;27
0802;21
0803;22
0804;13
0805;20
0806;32
0807;16
0808;18
0809;27
0810;25
0811;20
0812;29
0813;19
0814;18
0815;21
0816;22
0817;28
0818;29
0819;19
0820;18
0821;23
0822;20
0823;27
0824;18
0825;19
0826;14
0827;23
0828;27
0829;18
0830;25
0831;25
0901;27
0902;23
0903;19
0904;29
0905;20
0906;19
0907;14
0908;21
0909;17
0910;19
0911;28
0912;23
0913;23
0914;25
0915;21
0916;24
0917;25
0918;16
0919;17
0920;19
0921;25
0922;25
0923;23
0924;20
0925;33
0926;22
0927;25
0928;23
0929;23
0930;21
1001;21
1002;22
1003;25
1004;27
1005;19
1006;19
1007;17
1008;33
1009;23
1010;25
1011;27
1012;24
1013;19
1014;27
1015;26
1016;21
1017;28
1018;20
1019;33
1020;21
1021;17
1022;24
1023;26
1024;18
1025;27
1026;30
1027;28
1028;26
1029;27
1030;26
1031;22
1101;27
1102;32
1103;25
1104;18
1105;25
1106;19
1107;18
1108;23
1109;32
1110;23
1111;27
1112;20
1113;16
1114;28
1115;25
1116;30
1117;31
1118;29
1119;29
1120;24
1121;19
1122;19
1123;32
1124;21
1125;24
1126;19
1127;21
1128;26
1129;32
1130;30
1201;29
1202;22
1203;29
1204;23
1205;17
1206;26
1207;31
1208;24
1209;29
1210;25
1211;28
1212;32
1213;25
1214;31
1215;30
1216;35
1217;19
1218;26
1219;25
1220;25
1221;22
1222;34
1223;30
1224;21
1225;31
1226;22
1227;30
1228;26
1229;32
1230;33
1231;22
