0101;14
0102;13
0103;27
0104;15
0105;12
0106;17
0107;13
0108;18
0109;10
0110;15
0111;11
0112;21
0113;12
0114;11
0115;12
0116;16
0117;16
0118;14
0119;12
0120;20
0121;14
0122;13
0123;16
0124;18
0125;15
0126;17
0127;20
0128;14
0129;10
0130;12
0131;15
0201;18
0202;16
0203;16
0204;21
0205;14
0206;10
0207;19
0208;9
0209;16
0210;10
0211;13
0212;15
0213;16
0214;15
0215;25
0216;13
0217;17
0218;24
0219;18
0220;20
0221;9
0222;20
0223;11
0224;18
0225;17
0226;19
0227;13
0228;13
0301;17
0302;20
0303;15
0304;17
0305;13
0306;15
0307;18
0308;19
0309;24
0310;23
0311;25
0312;16
0313;23
0314;24
0315;19
0316;19
0317;18
0318;21
0319;19
0320;21
0321;19
0322;13
0323;14
0324;19
0325;16
0326;23
0327;18
0328;16
0329;19
0330;16
0331;5
0401;20
0402;15
0403;17
0404;13
0405;11
0406;15
0407;15
0408;14
0409;17
0410;17
0411;10
0412;14
0413;14
0414;16
0415;15
0416;14
0417;14
0418;12
0419;17
0420;13
0421;12
0422;12
0423;18
0424;15
0425;19
0426;13
0427;15
0428;17
0429;18
0430;13
0501;18
0502;15
0503;14
0504;14
0505;11
0506;14
0507;12
0508;16
0509;14
0510;15
0511;17
0512;13
0513;12
0514;13
0515;9
0516;18
0517;14
0518;10
0519;15
0520;10
0521;7
0522;9
0523;9
0524;12
0525;11
0526;21
0527;16
0528;12
0529;13
0530;10
0531;10
0601;16
0602;8
0603;9
0604;11
0605;11
0606;11
0607;13
0608;8
0609;17
0610;9
0611;17
0612;16
0613;17
0614;11
0615;14
0616;9
0617;8
0618;12
0619;13
0620;13
0621;19
0622;18
0623;9
0624;14
0625;18
0626;10
0627;20
0628;19
0629;14
0630;6
0701;14
0702;15
0703;11
0704;15
0705;13
0706;15
0707;18
0708;10
0709;18
0710;11
0711;16
0712;16
0713;6
0714;14
0715;5
0716;11
0717;13
0718;17
0719;7
0720;12
0721;7
0722;16
0723;11
0724;11
0725;13
0726;11
0727;14
0728;16
0729;4
0730;11
0731;12
0801;6
0802;15
0803;17
0804;11
0805;15
0806;12
0807;13
0808;16
0809;11
0810;10
0811;10
0812;8
0813;11
0814;8
0815;11
0816;13
0817;15
0818;16
0819;15
0820;14
0821;4
0822;10
0823;10
0824;11
0825;9
0826;20
0827;9
0828;16
0829;14
0830;15
0831;10
0901;10
0902;9
0903;8
0904;13
0905;12
0906;12
0907;8
0908;11
0909;9
0910;17
0911;10
0912;11
0913;12
0914;9
0915;13
0916;11
0917;14
0918;23
0919;13
0920;18
0921;17
0922;12
0923;14
0924;17
0925;11
0926;15
0927;11
0928;15
0929;15
0930;14
1001;13
1002;13
1003;12
1004;13
1005;4
1006;17
1007;9
1008;12
1009;14
1010;13
1011;11
1012;19
1013;18
1014;15
1015;14
1016;13
1017;6
1018;5
1019;9
1020;22
1021;13
1022;8
1023;6
1024;12
1025;11
1026;17
1027;11
1028;20
1029;15
1030;12
1031;12
1101;11
1102;16
1103;21
1104;17
1105;13
1106;11
1107;18
1108;14
1109;14
1110;9
1111;7
1112;15
1113;10
1114;8
1115;23
1116;14
1117;16
1118;16
1119;11
1120;19
1121;19
1122;11
1123;14
1124;14
1125;18
1126;7
1127;15
1128;19
1129;15
1130;19
1201;23
1202;14
1203;16
1204;16
1205;17
1206;21
1207;19
1208;10
1209;14
1210;5
1211;14
1212;14
1213;12
1214;18
1215;16
1216;16
1217;16
1218;17
1219;14
1220;14
1221;23
1222;17
1223;10
1224;16
1225;16
1226;19
1227;19
1228;16
1229;28
1230;17
1231;12
