0101;4
0102;9
0103;13
0104;15
0105;9
0106;6
0107;10
0108;8
0109;11
0110;9
0111;7
0112;8
0113;9
0114;11
0115;14
0116;9
0117;14
0118;9
0119;7
0120;9
0121;6
0122;12
0123;8
0124;4
0125;12
0126;9
0127;9
0128;8
0129;6
0130;8
0131;14
0201;11
0202;12
0203;4
0204;8
0205;11
0206;13
0207;10
0208;9
0209;7
0210;12
0211;13
0212;13
0213;13
0214;18
0215;8
0216;13
0217;8
0218;8
0219;18
0220;13
0221;17
0222;9
0223;8
0224;8
0225;13
0226;8
0227;5
0228;18
0301;14
0302;14
0303;13
0304;9
0305;14
0306;14
0307;6
0308;12
0309;12
0310;16
0311;15
0312;13
0313;16
0314;15
0315;11
0316;14
0317;12
0318;17
0319;17
0320;7
0321;11
0322;12
0323;19
0324;8
0325;13
0326;11
0327;3
0328;10
0329;10
0330;8
0331;9
0401;9
0402;9
0403;13
0404;12
0405;4
0406;7
0407;10
0408;11
0409;11
0410;4
0411;15
0412;7
0413;9
0414;7
0415;9
0416;10
0417;7
0418;9
0419;7
0420;10
0421;11
0422;8
0423;8
0424;8
0425;9
0426;7
0427;11
0428;7
0429;7
0430;10
0501;9
0502;12
0503;7
0504;12
0505;6
0506;13
0507;6
0508;12
0509;4
0510;6
0511;5
0512;8
0513;10
0514;11
0515;5
0516;9
0517;12
0518;6
0519;13
0520;10
0521;7
0522;7
0523;10
0524;9
0525;15
0526;8
0527;11
0528;5
0529;5
0530;2
0531;12
0601;6
0602;10
0603;6
0604;11
0605;10
0606;7
0607;13
0608;10
0609;9
0610;7
0611;10
0612;6
0613;4
0614;7
0615;5
0616;9
0617;5
0618;6
0619;12
0620;4
0621;11
0622;11
0623;11
0624;11
0625;12
0626;11
0627;6
0628;9
0629;11
0630;4
0701;4
0702;10
0703;6
0704;8
0705;9
0706;13
0707;7
0708;7
0709;5
0710;4
0711;7
0712;5
0713;9
0714;9
0715;11
0716;11
0717;8
0718;9
0719;5
0720;17
0721;11
0722;8
0723;10
0724;12
0725;8
0726;9
0727;9
0728;12
0729;6
0730;6
0731;3
0801;9
0802;7
0803;11
0804;9
0805;9
0806;8
0807;4
0808;4
0809;9
0810;9
0811;11
0812;9
0813;9
0814;5
0815;9
0816;6
0817;6
0818;2
0819;7
0820;9
0821;7
0822;6
0823;7
0824;6
0825;10
0826;11
0827;9
0828;3
0829;9
0830;5
0831;8
0901;5
0902;12
0903;3
0904;7
0905;7
0906;6
0907;5
0908;4
0909;5
0910;5
0911;5
0912;5
0913;6
0914;13
0915;6
0916;10
0917;10
0918;3
0919;10
0920;10
0921;7
0922;21
0923;3
0924;8
0925;5
0926;9
0927;11
0928;5
0929;9
0930;9
1001;10
1002;10
1003;9
1004;12
1005;8
1006;10
1007;11
1008;6
1009;4
1010;11
1011;5
1012;6
1013;13
1014;6
1015;11
1016;13
1017;8
1018;7
1019;5
1020;10
1021;11
1022;6
1023;5
1024;8
1025;14
1026;2
1027;8
1028;9
1029;6
1030;8
1031;4
1101;1
1102;7
1103;8
1104;10
1105;6
1106;10
1107;15
1108;12
1109;9
1110;5
1111;4
1112;7
1113;9
1114;6
1115;9
1116;2
1117;10
1118;9
1119;10
1120;8
1121;7
1122;7
1123;3
1124;12
1125;14
1126;10
1127;9
1128;5
1129;7
1130;7
1201;8
1202;7
1203;7
1204;8
1205;6
1206;9
1207;13
1208;6
1209;9
1210;7
1211;6
1212;7
1213;5
1214;8
1215;11
1216;6
1217;11
1218;9
1219;8
1220;8
1221;6
1222;16
1223;11
1224;9
1225;15
1226;8
1227;11
1228;9
1229;13
1230;13
1231;8
