0101;19
0102;17
0103;23
0104;24
0105;18
0106;21
0107;19
0108;13
0109;21
0110;14
0111;15
0112;19
0113;15
0114;19
0115;18
0116;19
0117;17
0118;25
0119;21
0120;22
0121;18
0122;15
0123;16
0124;25
0125;19
0126;16
0127;20
0128;17
0129;12
0130;13
0131;18
0201;17
0202;21
0203;17
0204;25
0205;23
0206;20
0207;24
0208;16
0209;24
0210;17
0211;17
0212;22
0213;21
0214;17
0215;18
0216;18
0217;21
0218;21
0219;19
0220;25
0221;14
0222;21
0223;26
0224;34
0225;18
0226;24
0227;30
0228;25
0301;21
0302;26
0303;29
0304;25
0305;22
0306;32
0307;21
0308;28
0309;25
0310;20
0311;26
0312;32
0313;25
0314;29
0315;24
0316;40
0317;27
0318;32
0319;20
0320;31
0321;26
0322;22
0323;24
0324;19
0325;24
0326;8
0327;21
0328;18
0329;13
0330;22
0331;14
0401;18
0402;27
0403;13
0404;20
0405;18
0406;19
0407;18
0408;15
0409;25
0410;18
0411;23
0412;21
0413;19
0414;15
0415;14
0416;12
0417;17
0418;17
0419;18
0420;10
0421;18
0422;23
0423;15
0424;21
0425;19
0426;19
0427;16
0428;16
0429;17
0430;16
0501;19
0502;23
0503;20
0504;18
0505;16
0506;12
0507;16
0508;23
0509;11
0510;16
0511;16
0512;14
0513;24
0514;11
0515;10
0516;13
0517;20
0518;14
0519;17
0520;13
0521;11
0522;16
0523;13
0524;15
0525;22
0526;15
0527;19
0528;24
0529;14
0530;13
0531;20
0601;20
0602;12
0603;7
0604;18
0605;15
0606;13
0607;23
0608;15
0609;10
0610;15
0611;12
0612;15
0613;22
0614;18
0615;15
0616;14
0617;15
0618;18
0619;22
0620;18
0621;19
0622;11
0623;21
0624;8
0625;21
0626;17
0627;20
0628;22
0629;18
0630;16
0701;25
0702;17
0703;16
0704;14
0705;25
0706;12
0707;10
0708;15
0709;14
0710;14
0711;10
0712;15
0713;19
0714;18
0715;26
0716;15
0717;17
0718;20
0719;15
0720;17
0721;17
0722;20
0723;15
0724;12
0725;12
0726;15
0727;14
0728;11
0729;18
0730;16
0731;11
0801;20
0802;9
0803;7
0804;12
0805;13
0806;12
0807;17
0808;18
0809;18
0810;18
0811;19
0812;21
0813;18
0814;19
0815;15
0816;11
0817;18
0818;19
0819;17
0820;11
0821;16
0822;12
0823;11
0824;21
0825;14
0826;13
0827;21
0828;14
0829;18
0830;10
0831;16
0901;10
0902;16
0903;9
0904;17
0905;27
0906;16
0907;22
0908;17
0909;18
0910;8
0911;19
0912;18
0913;18
0914;12
0915;15
0916;12
0917;19
0918;13
0919;12
0920;15
0921;20
0922;23
0923;20
0924;22
0925;9
0926;15
0927;13
0928;15
0929;17
0930;15
1001;20
1002;12
1003;17
1004;22
1005;18
1006;8
1007;13
1008;20
1009;16
1010;23
1011;15
1012;18
1013;22
1014;19
1015;15
1016;11
1017;16
1018;5
1019;17
1020;19
1021;11
1022;16
1023;13
1024;25
1025;17
1026;19
1027;23
1028;18
1029;15
1030;18
1031;29
1101;17
1102;12
1103;19
1104;9
1105;15
1106;19
1107;19
1108;17
1109;16
1110;18
1111;18
1112;19
1113;17
1114;18
1115;16
1116;10
1117;20
1118;10
1119;19
1120;10
1121;14
1122;8
1123;24
1124;20
1125;15
1126;17
1127;14
1128;19
1129;25
1130;21
1201;24
1202;24
1203;19
1204;16
1205;21
1206;21
1207;20
1208;13
1209;14
1210;20
1211;22
1212;17
1213;21
1214;19
1215;22
1216;20
1217;18
1218;19
1219;20
1220;19
1221;22
1222;13
1223;20
1224;28
1225;13
1226;20
1227;26
1228;21
1229;26
1230;22
1231;21
