0101;7
0102;4
0103;5
0104;6
0105;5
0106;7
0107;9
0108;4
0109;4
0110;9
0111;6
0112;4
0113;6
0114;4
0116;7
0117;4
0118;3
0119;4
0120;5
0121;5
0122;5
0123;10
0124;5
0125;5
0126;6
0127;6
0128;1
0129;5
0130;10
0131;6
0201;7
0202;7
0203;4
0204;2
0205;7
0206;4
0207;4
0208;8
0209;8
0210;4
0211;7
0212;6
0213;10
0214;9
0215;7
0216;5
0217;7
0218;6
0219;13
0220;7
0221;9
0222;6
0223;11
0224;10
0225;11
0226;6
0227;9
0228;8
0301;6
0302;7
0303;8
0304;4
0305;11
0306;8
0307;8
0308;10
0309;11
0310;7
0311;7
0312;9
0313;8
0314;8
0315;4
0316;9
0317;9
0318;6
0319;12
0320;5
0321;6
0322;5
0323;5
0324;8
0325;5
0326;8
0327;4
0328;2
0329;7
0330;4
0331;5
0401;6
0402;8
0403;3
0404;4
0405;6
0406;5
0407;2
0408;7
0409;5
0410;3
0411;7
0412;6
0413;7
0414;2
0415;3
0416;6
0417;2
0418;1
0419;4
0420;2
0421;1
0422;6
0423;3
0424;7
0425;3
0426;6
0427;6
0428;7
0429;4
0430;8
0501;2
0502;5
0503;6
0504;6
0505;7
0506;6
0507;3
0508;6
0509;6
0510;1
0511;3
0512;7
0513;4
0514;2
0515;9
0516;8
0517;4
0518;1
0519;2
0520;2
0521;3
0522;5
0523;6
0524;7
0525;2
0526;3
0527;8
0528;6
0529;9
0530;4
0531;3
0601;4
0602;4
0603;1
0604;2
0605;7
0606;4
0607;2
0608;3
0609;5
0610;4
0611;6
0612;5
0613;3
0614;2
0615;5
0616;6
0617;5
0618;6
0619;7
0620;1
0621;5
0622;7
0623;4
0624;9
0625;6
0626;7
0627;8
0628;2
0629;1
0630;6
0701;6
0702;9
0703;3
0704;2
0705;3
0707;2
0708;3
0709;2
0710;10
0711;3
0712;5
0713;2
0714;3
0715;1
0716;5
0717;6
0718;4
0719;4
0720;3
0721;3
0722;1
0723;7
0724;3
0725;3
0726;2
0727;6
0728;4
0729;3
0730;5
0731;5
0801;7
0802;6
0803;2
0804;6
0805;5
0806;9
0807;5
0809;2
0810;5
0811;6
0812;5
0813;6
0814;4
0815;3
0816;2
0817;2
0818;3
0819;1
0820;3
0821;4
0822;2
0823;4
0824;2
0825;9
0828;3
0829;10
0830;7
0831;4
0901;3
0902;7
0903;5
0904;1
0905;8
0906;6
0907;3
0908;5
0909;6
0910;4
0911;3
0912;1
0913;4
0914;4
0915;6
0916;4
0917;3
0918;6
0919;3
0920;6
0921;2
0922;6
0923;6
0924;1
0925;4
0926;6
0927;1
0928;5
0929;1
0930;10
1001;1
1002;5
1003;9
1004;4
1005;1
1006;4
1007;5
1009;1
1010;7
1011;7
1012;3
1013;5
1014;3
1015;4
1016;6
1017;1
1018;3
1020;5
1021;4
1022;7
1023;4
1024;5
1025;6
1026;2
1027;9
1028;6
1029;3
1030;4
1031;6
1101;4
1102;6
1103;4
1104;3
1105;4
1106;9
1107;7
1108;3
1109;2
1110;3
1111;3
1112;2
1113;1
1114;7
1115;1
1116;1
1117;1
1118;1
1119;2
1120;4
1121;6
1122;7
1123;4
1124;5
1125;4
1126;6
1128;7
1129;1
1130;5
1201;4
1202;9
1203;5
1204;9
1205;5
1206;15
1207;7
1208;9
1209;3
1210;5
1211;8
1212;3
1213;4
1214;7
1215;3
1216;4
1217;4
1218;3
1219;6
1220;1
1221;6
1222;6
1223;4
1224;5
1225;3
1226;4
1227;8
1228;6
1229;6
1230;5
1231;5
