0101;19
0102;20
0103;22
0104;20
0105;22
0106;21
0107;20
0108;30
0109;21
0110;24
0111;16
0112;15
0113;15
0114;16
0115;20
0116;16
0117;21
0118;16
0119;14
0120;13
0121;18
0122;19
0123;19
0124;33
0125;16
0126;18
0127;23
0128;13
0129;21
0130;14
0131;15
0201;23
0202;13
0203;15
0204;16
0205;17
0206;24
0207;19
0208;22
0209;19
0210;23
0211;31
0212;15
0213;23
0214;21
0215;26
0216;29
0217;19
0218;26
0219;27
0220;33
0221;21
0222;27
0223;27
0224;23
0225;28
0226;34
0227;18
0228;27
0301;27
0302;28
0303;22
0304;28
0305;18
0306;28
0307;34
0308;19
0309;24
0310;34
0311;20
0312;25
0313;29
0314;20
0315;13
0316;22
0317;30
0318;21
0319;22
0320;19
0321;16
0322;31
0323;20
0324;17
0325;19
0326;16
0327;21
0328;19
0329;21
0330;11
0331;13
0401;23
0402;18
0403;28
0404;16
0405;18
0406;17
0407;13
0408;19
0409;18
0410;13
0411;23
0412;18
0413;17
0414;14
0415;17
0416;19
0417;12
0418;20
0419;18
0420;16
0421;19
0422;35
0423;19
0424;25
0425;18
0426;22
0427;27
0428;17
0429;21
0430;20
0501;16
0502;19
0503;17
0504;15
0505;20
0506;17
0507;22
0508;18
0509;16
0510;20
0511;17
0512;16
0513;20
0514;14
0515;14
0516;23
0517;15
0518;18
0519;12
0520;21
0521;21
0522;13
0523;26
0524;7
0525;17
0526;24
0527;11
0528;18
0529;19
0530;14
0531;19
0601;19
0602;17
0603;24
0604;13
0605;16
0606;15
0607;20
0608;16
0609;9
0610;14
0611;19
0612;23
0613;20
0614;17
0615;21
0616;20
0617;16
0618;20
0619;30
0620;18
0621;14
0622;17
0623;18
0624;24
0625;16
0626;10
0627;19
0628;19
0629;19
0630;10
0701;18
0702;22
0703;21
0704;16
0705;16
0706;17
0707;16
0708;10
0709;20
0710;22
0711;19
0712;22
0713;19
0714;21
0715;21
0716;34
0717;20
0718;19
0719;16
0720;18
0721;20
0722;20
0723;25
0724;20
0725;16
0726;19
0727;15
0728;15
0729;13
0730;18
0731;17
0801;13
0802;13
0803;21
0804;21
0805;12
0806;12
0807;16
0808;21
0809;12
0810;34
0811;10
0812;26
0813;21
0814;17
0815;12
0816;17
0817;21
0818;19
0819;18
0820;22
0821;20
0822;16
0823;13
0824;25
0825;16
0826;15
0827;9
0828;16
0829;22
0830;24
0831;22
0901;17
0902;15
0903;16
0904;21
0905;17
0906;29
0907;12
0908;16
0909;24
0910;17
0911;12
0912;15
0913;16
0914;20
0915;18
0916;21
0917;19
0918;17
0919;15
0920;18
0921;13
0922;8
0923;16
0924;20
0925;13
0926;13
0927;9
0928;19
0929;18
0930;12
1001;17
1002;13
1003;20
1004;24
1005;19
1006;18
1007;22
1008;18
1009;15
1010;17
1011;18
1012;19
1013;16
1014;17
1015;27
1016;16
1017;19
1018;16
1019;21
1020;17
1021;21
1022;29
1023;15
1024;17
1025;17
1026;17
1027;21
1028;14
1029;26
1030;18
1031;18
1101;28
1102;17
1103;13
1104;17
1105;19
1106;11
1107;11
1108;21
1109;16
1110;25
1111;16
1112;18
1113;27
1114;18
1115;21
1116;26
1117;19
1118;13
1119;17
1120;15
1121;17
1122;25
1123;16
1124;18
1125;25
1126;19
1127;15
1128;18
1129;18
1130;26
1201;20
1202;24
1203;16
1204;20
1205;14
1206;22
1207;16
1208;18
1209;16
1210;18
1211;19
1212;23
1213;25
1214;20
1215;13
1216;19
1217;13
1218;20
1219;21
1220;23
1221;23
1222;20
1223;20
1224;17
1225;17
1226;19
1227;21
1228;19
1229;17
1230;17
1231;19
