0101;31
0102;22
0103;35
0104;25
0105;22
0106;29
0107;19
0108;32
0109;15
0110;33
0111;41
0112;28
0113;27
0114;18
0115;26
0116;22
0117;23
0118;22
0119;28
0120;24
0121;29
0122;30
0123;19
0124;26
0125;25
0126;27
0127;27
0128;33
0129;25
0130;22
0131;34
0201;27
0202;21
0203;29
0204;18
0205;26
0206;25
0207;26
0208;36
0209;31
0210;28
0211;35
0212;25
0213;29
0214;24
0215;25
0216;41
0217;27
0218;24
0219;35
0220;31
0221;29
0222;23
0223;29
0224;35
0225;24
0226;38
0227;32
0228;26
0301;35
0302;36
0303;29
0304;32
0305;26
0306;29
0307;33
0308;28
0309;39
0310;37
0311;27
0312;32
0313;22
0314;22
0315;15
0316;28
0317;33
0318;29
0319;24
0320;25
0321;23
0322;31
0323;27
0324;23
0325;14
0326;19
0327;18
0328;20
0329;20
0330;25
0331;17
0401;24
0402;25
0403;23
0404;23
0405;26
0406;23
0407;23
0408;27
0409;21
0410;20
0411;25
0412;24
0413;23
0414;19
0415;20
0416;18
0417;36
0418;21
0419;25
0420;25
0421;23
0422;14
0423;18
0424;14
0425;25
0426;17
0427;18
0428;23
0429;25
0430;36
0501;25
0502;27
0503;13
0504;20
0505;18
0506;25
0507;24
0508;24
0509;14
0510;22
0511;18
0512;24
0513;18
0514;23
0515;19
0516;23
0517;36
0518;15
0519;22
0520;21
0521;26
0522;20
0523;28
0524;17
0525;25
0526;23
0527;20
0528;23
0529;26
0530;20
0531;19
0601;27
0602;17
0603;18
0604;13
0605;20
0606;21
0607;20
0608;19
0609;24
0610;17
0611;23
0612;19
0613;21
0614;24
0615;16
0616;24
0617;16
0618;21
0619;25
0620;19
0621;21
0622;19
0623;26
0624;28
0625;18
0626;18
0627;15
0628;30
0629;33
0630;21
0701;8
0702;21
0703;17
0704;19
0705;16
0706;19
0707;16
0708;20
0709;19
0710;22
0711;29
0712;20
0713;21
0714;19
0715;24
0716;18
0717;13
0718;30
0719;18
0720;16
0721;20
0722;19
0723;26
0724;30
0725;22
0726;15
0727;14
0728;21
0729;26
0730;18
0731;14
0801;23
0802;16
0803;30
0804;22
0805;16
0806;23
0807;20
0808;24
0809;22
0810;18
0811;17
0812;24
0813;21
0814;25
0815;17
0816;22
0817;16
0818;28
0819;20
0820;21
0821;19
0822;19
0823;25
0824;28
0825;25
0826;15
0827;18
0828;23
0829;24
0830;14
0831;22
0901;18
0902;16
0903;28
0904;27
0905;22
0906;17
0907;26
0908;23
0909;25
0910;14
0911;24
0912;22
0913;15
0914;16
0915;22
0916;21
0917;26
0918;23
0919;18
0920;25
0921;19
0922;15
0923;22
0924;20
0925;38
0926;18
0927;23
0928;15
0929;19
0930;21
1001;21
1002;20
1003;17
1004;31
1005;25
1006;21
1007;18
1008;15
1009;25
1010;30
1011;28
1012;26
1013;21
1014;26
1015;19
1016;24
1017;30
1018;14
1019;17
1020;10
1021;19
1022;27
1023;27
1024;25
1025;28
1026;18
1027;16
1028;28
1029;21
1030;21
1031;23
1101;20
1102;33
1103;30
1104;26
1105;23
1106;19
1107;22
1108;20
1109;21
1110;17
1111;21
1112;20
1113;24
1114;18
1115;15
1116;28
1117;20
1118;22
1119;22
1120;22
1121;25
1122;25
1123;33
1124;21
1125;26
1126;26
1127;22
1128;25
1129;20
1130;19
1201;29
1202;29
1203;29
1204;22
1205;29
1206;30
1207;21
1208;23
1209;24
1210;22
1211;24
1212;25
1213;19
1214;31
1215;28
1216;18
1217;20
1218;25
1219;23
1220;22
1221;23
1222;19
1223;33
1224;28
1225;20
1226;22
1227;24
1228;19
1229;30
1230;23
1231;27
