0101;30
0102;23
0103;15
0104;13
0105;17
0106;17
0107;15
0108;15
0109;15
0110;18
0111;19
0112;17
0113;14
0114;13
0115;16
0116;13
0117;7
0118;15
0119;20
0120;23
0121;14
0122;13
0123;19
0124;16
0125;17
0126;18
0127;19
0128;15
0129;13
0130;15
0131;24
0201;25
0202;27
0203;18
0204;30
0205;21
0206;25
0207;19
0208;15
0209;24
0210;19
0211;26
0212;24
0213;22
0214;14
0215;17
0216;18
0217;25
0218;20
0219;23
0220;22
0221;32
0222;24
0223;22
0224;21
0225;19
0226;15
0227;25
0228;11
0301;16
0302;15
0303;13
0304;23
0305;17
0306;18
0307;16
0308;20
0309;20
0310;20
0311;19
0312;24
0313;20
0314;14
0315;20
0316;9
0317;17
0318;10
0319;23
0320;12
0321;21
0322;25
0323;12
0324;18
0325;19
0326;14
0327;16
0328;20
0329;13
0330;20
0331;12
0401;20
0402;22
0403;11
0404;13
0405;10
0406;14
0407;18
0408;24
0409;14
0410;13
0411;11
0412;17
0413;15
0414;13
0415;16
0416;13
0417;16
0418;16
0419;20
0420;22
0421;22
0422;20
0423;14
0424;11
0425;17
0426;11
0427;13
0428;19
0429;17
0430;18
0501;14
0502;19
0503;10
0504;18
0505;20
0506;11
0507;22
0508;16
0509;14
0510;11
0511;19
0512;15
0513;18
0514;19
0515;10
0516;15
0517;18
0518;14
0519;16
0520;8
0521;14
0522;14
0523;10
0524;17
0525;14
0526;22
0527;13
0528;14
0529;26
0530;13
0531;11
0601;9
0602;10
0603;11
0604;22
0605;14
0606;11
0607;13
0608;18
0609;16
0610;15
0611;9
0612;18
0613;15
0614;11
0615;9
0616;13
0617;19
0618;14
0619;11
0620;14
0621;19
0622;18
0623;23
0624;17
0625;14
0626;18
0627;21
0628;18
0629;12
0630;16
0701;9
0702;15
0703;13
0704;14
0705;10
0706;10
0707;9
0708;11
0709;9
0710;20
0711;20
0712;17
0713;17
0714;22
0715;16
0716;21
0717;11
0718;18
0719;11
0720;13
0721;14
0722;8
0723;16
0724;16
0725;10
0726;11
0727;8
0728;24
0729;21
0730;10
0731;11
0801;13
0802;14
0803;10
0804;17
0805;4
0806;15
0807;18
0808;10
0809;16
0810;9
0811;10
0812;19
0813;17
0814;10
0815;13
0816;11
0817;15
0818;16
0819;11
0820;14
0821;11
0822;13
0823;14
0824;14
0825;11
0826;19
0827;13
0828;9
0829;14
0830;19
0831;19
0901;16
0902;10
0903;12
0904;14
0905;24
0906;19
0907;12
0908;14
0909;16
0910;16
0911;14
0912;13
0913;11
0914;12
0915;10
0916;19
0917;11
0918;11
0919;15
0920;16
0921;11
0922;15
0923;12
0924;13
0925;21
0926;14
0927;12
0928;19
0929;9
0930;18
1001;16
1002;15
1003;14
1004;7
1005;9
1006;20
1007;13
1008;13
1009;13
1010;19
1011;18
1012;13
1013;23
1014;15
1015;21
1016;17
1017;16
1018;11
1019;15
1020;13
1021;15
1022;15
1023;20
1024;14
1025;18
1026;17
1027;17
1028;18
1029;20
1030;16
1031;12
1101;23
1102;10
1103;18
1104;13
1105;14
1106;13
1107;16
1108;14
1109;20
1110;19
1111;15
1112;18
1113;12
1114;15
1115;20
1116;15
1117;14
1118;18
1119;19
1120;13
1121;17
1122;21
1123;19
1124;10
1125;21
1126;7
1127;12
1128;11
1129;14
1130;21
1201;16
1202;22
1203;12
1204;14
1205;13
1206;14
1207;19
1208;15
1209;17
1210;17
1211;14
1212;20
1213;18
1214;12
1215;14
1216;15
1217;16
1218;19
1219;15
1220;10
1221;19
1222;22
1223;19
1224;15
1225;16
1226;11
1227;14
1228;16
1229;16
1230;12
1231;16
