0101;2
0102;1
0103;3
0104;2
0106;3
0108;1
0109;3
0110;3
0111;3
0112;1
0114;1
0115;1
0116;1
0117;5
0118;1
0119;1
0120;4
0122;1
0123;4
0125;1
0126;1
0128;1
0129;2
0130;4
0131;3
0201;1
0202;1
0203;1
0204;1
0205;7
0206;1
0207;5
0208;7
0209;2
0210;3
0211;2
0212;3
0213;2
0214;4
0215;2
0217;1
0220;3
0221;2
0222;1
0223;1
0224;1
0226;1
0227;2
0302;4
0303;1
0305;2
0306;1
0307;2
0308;2
0310;2
0311;1
0312;1
0313;4
0314;2
0315;2
0316;2
0317;2
0318;1
0319;7
0321;2
0322;2
0323;4
0325;3
0326;1
0327;1
0328;1
0330;1
0331;1
0402;1
0403;4
0404;1
0405;1
0406;1
0407;2
0408;2
0409;1
0411;3
0412;4
0413;1
0414;1
0415;3
0416;5
0417;3
0418;2
0419;2
0420;1
0421;2
0422;4
0423;1
0424;2
0425;4
0426;3
0428;3
0429;1
0430;3
0501;4
0502;3
0503;3
0504;3
0505;4
0507;4
0508;3
0509;12
0510;4
0512;8
0513;3
0514;4
0515;2
0516;3
0517;5
0518;2
0519;2
0520;3
0521;3
0523;2
0524;2
0525;4
0526;2
0527;2
0528;1
0529;3
0530;2
0531;1
0601;2
0602;3
0603;4
0605;2
0606;2
0607;1
0609;2
0610;2
0611;2
0612;1
0613;10
0614;1
0615;1
0616;1
0617;3
0618;4
0619;2
0620;4
0621;2
0622;1
0623;2
0624;3
0625;4
0627;4
0628;1
0629;1
0630;4
0701;4
0703;2
0705;2
0706;2
0707;2
0708;3
0709;3
0710;4
0711;1
0712;3
0713;1
0714;2
0715;2
0716;1
0717;6
0718;1
0719;1
0721;1
0722;1
0723;2
0724;2
0725;2
0726;3
0727;1
0728;1
0729;1
0730;4
0731;3
0801;3
0803;1
0805;1
0806;2
0807;5
0808;1
0810;2
0811;3
0812;2
0813;2
0814;3
0815;4
0816;1
0817;2
0818;2
0819;1
0820;1
0821;2
0822;2
0824;1
0825;7
0826;1
0827;3
0828;2
0829;2
0830;3
0831;4
0901;3
0902;1
0903;2
0904;3
0905;3
0908;3
0909;3
0911;3
0912;2
0913;2
0915;1
0916;1
0917;1
0918;2
0919;5
0920;4
0921;2
0922;1
0923;6
0924;5
0925;4
0926;4
0927;2
0928;2
1001;2
1002;2
1005;2
1006;4
1007;1
1008;1
1009;5
1010;3
1011;2
1012;1
1014;4
1015;2
1016;3
1017;4
1018;1
1019;3
1021;2
1022;2
1023;2
1024;4
1025;1
1026;4
1028;2
1029;2
1030;2
1103;5
1104;3
1105;2
1106;1
1107;3
1108;4
1109;1
1110;2
1111;2
1112;3
1113;1
1115;2
1116;4
1119;1
1120;4
1121;3
1122;1
1123;2
1124;3
1126;3
1127;2
1128;1
1129;2
1130;3
1201;3
1202;5
1203;1
1204;2
1206;3
1207;1
1208;2
1210;1
1211;3
1212;1
1213;1
1214;3
1215;2
1216;2
1217;4
1218;1
1219;1
1220;2
1221;1
1222;3
1224;3
1226;5
1229;1
1230;1
1231;2
