0101;2
0102;4
0103;3
0104;2
0105;4
0106;3
0107;1
0108;1
0109;5
0110;2
0111;1
0112;4
0113;1
0114;2
0115;6
0116;2
0117;2
0119;2
0120;2
0122;2
0123;4
0124;1
0126;2
0127;4
0128;2
0129;1
0130;3
0131;2
0201;4
0202;4
0203;4
0204;2
0205;3
0206;1
0207;3
0209;2
0210;1
0211;3
0212;1
0213;2
0214;4
0215;3
0216;1
0218;1
0219;1
0220;4
0221;1
0222;3
0225;2
0226;3
0227;3
0228;8
0301;8
0302;1
0303;2
0304;1
0305;2
0306;2
0307;3
0308;1
0309;2
0310;3
0311;4
0312;3
0314;3
0315;2
0316;1
0318;3
0319;3
0320;1
0321;4
0322;3
0323;1
0324;4
0325;4
0326;4
0327;1
0328;1
0329;1
0331;1
0401;4
0402;1
0403;1
0404;1
0405;4
0406;2
0407;2
0409;4
0410;1
0411;6
0412;4
0413;2
0415;4
0416;4
0418;2
0419;2
0420;2
0421;3
0422;5
0424;4
0425;3
0426;2
0427;1
0428;2
0429;2
0430;1
0502;4
0503;3
0504;3
0506;3
0507;2
0508;2
0509;2
0510;2
0511;1
0512;1
0513;2
0515;1
0517;3
0519;4
0520;1
0522;5
0523;5
0525;1
0526;2
0527;3
0528;4
0529;5
0530;2
0531;5
0601;2
0603;2
0604;1
0605;2
0606;4
0608;2
0609;1
0610;3
0612;3
0613;3
0614;3
0615;4
0616;1
0617;2
0618;3
0619;3
0620;5
0622;2
0623;2
0625;4
0626;1
0627;2
0628;3
0630;3
0701;1
0702;1
0704;2
0705;5
0707;2
0708;3
0709;1
0710;1
0711;2
0712;1
0713;2
0714;6
0715;2
0716;3
0717;5
0718;1
0719;3
0720;3
0723;3
0724;2
0725;1
0726;2
0727;2
0728;3
0729;3
0731;1
0801;2
0802;3
0803;3
0804;2
0805;3
0806;1
0807;6
0808;6
0809;4
0810;2
0811;2
0812;1
0813;1
0814;1
0815;3
0816;2
0817;7
0818;4
0819;3
0820;3
0821;1
0822;2
0823;4
0824;3
0825;3
0826;1
0827;4
0828;1
0830;3
0831;2
0901;4
0902;4
0903;2
0904;2
0905;1
0906;4
0907;1
0908;1
0909;3
0910;3
0911;2
0912;4
0913;1
0914;1
0916;3
0917;2
0918;3
0919;3
0920;4
0921;1
0922;2
0923;3
0924;3
0925;1
0926;1
0927;1
0928;2
0930;2
1001;5
1003;2
1004;2
1005;2
1006;2
1007;2
1008;1
1009;6
1010;2
1011;2
1012;1
1014;4
1015;2
1016;3
1017;1
1018;2
1020;2
1021;3
1022;3
1023;6
1024;5
1025;1
1027;3
1028;6
1029;1
1030;3
1031;1
1101;3
1102;2
1103;2
1104;6
1105;3
1106;3
1107;2
1108;2
1109;1
1110;3
1112;2
1113;3
1114;1
1115;3
1117;1
1118;4
1119;1
1120;2
1121;1
1122;2
1125;1
1126;4
1127;3
1128;2
1129;1
1130;2
1201;2
1202;2
1203;1
1204;5
1205;3
1206;1
1207;4
1210;1
1211;2
1212;2
1213;3
1214;6
1215;1
1216;4
1218;4
1219;3
1221;4
1222;2
1223;2
1224;4
1225;2
1226;9
1227;2
1228;4
1230;4
1231;2
