0101;14
0102;11
0103;20
0104;12
0105;13
0106;21
0107;11
0108;18
0109;20
0110;14
0111;19
0112;18
0113;7
0114;14
0115;20
0116;12
0117;20
0118;15
0119;15
0120;18
0121;15
0122;20
0123;13
0124;16
0125;19
0126;19
0127;19
0128;17
0129;19
0130;14
0131;11
0201;14
0202;15
0203;11
0204;27
0205;13
0206;18
0207;14
0208;14
0209;14
0210;20
0211;15
0212;11
0213;15
0214;15
0215;16
0216;13
0217;22
0218;12
0219;14
0220;13
0221;12
0222;14
0223;13
0224;14
0225;23
0226;13
0227;13
0228;12
0301;13
0302;16
0303;23
0304;17
0305;11
0306;15
0307;16
0308;11
0309;16
0310;17
0311;17
0312;10
0313;21
0314;10
0315;11
0316;24
0317;14
0318;18
0319;10
0320;14
0321;10
0322;18
0323;19
0324;16
0325;11
0326;17
0327;19
0328;21
0329;21
0330;17
0331;14
0401;21
0402;15
0403;12
0404;11
0405;21
0406;10
0407;18
0408;20
0409;14
0410;12
0411;11
0412;21
0413;14
0414;13
0415;14
0416;21
0417;13
0418;19
0419;13
0420;6
0421;16
0422;11
0423;15
0424;22
0425;13
0426;19
0427;10
0428;13
0429;17
0430;13
0501;10
0502;17
0503;20
0504;15
0505;14
0506;20
0507;15
0508;10
0509;16
0510;11
0511;9
0512;12
0513;10
0514;13
0515;13
0516;18
0517;7
0518;11
0519;16
0520;14
0521;11
0522;19
0523;19
0524;11
0525;22
0526;14
0527;17
0528;17
0529;17
0530;10
0531;15
0601;16
0602;11
0603;10
0604;18
0605;11
0606;14
0607;10
0608;25
0609;15
0610;13
0611;18
0612;15
0613;10
0614;10
0615;8
0616;12
0617;6
0618;17
0619;14
0620;13
0621;12
0622;18
0623;15
0624;17
0625;17
0626;13
0627;7
0628;14
0629;8
0630;8
0701;13
0702;13
0703;18
0704;9
0705;17
0706;11
0707;11
0708;10
0709;16
0710;17
0711;14
0712;13
0713;12
0714;18
0715;21
0716;15
0717;18
0718;19
0719;14
0720;10
0721;11
0722;11
0723;14
0724;11
0725;14
0726;19
0727;11
0728;16
0729;14
0730;19
0731;10
0801;16
0802;9
0803;15
0804;12
0805;16
0806;15
0807;17
0808;13
0809;13
0810;12
0811;18
0812;15
0813;12
0814;12
0815;12
0816;11
0817;9
0818;16
0819;10
0820;18
0821;14
0822;12
0823;17
0824;10
0825;8
0826;12
0827;9
0828;12
0829;15
0830;15
0831;14
0901;13
0902;20
0903;11
0904;7
0905;14
0906;12
0907;9
0908;20
0909;13
0910;14
0911;10
0912;15
0913;10
0914;14
0915;14
0916;8
0917;9
0918;11
0919;20
0920;14
0921;18
0922;19
0923;18
0924;10
0925;11
0926;10
0927;15
0928;10
0929;20
0930;9
1001;8
1002;12
1003;24
1004;15
1005;13
1006;12
1007;18
1008;11
1009;11
1010;17
1011;14
1012;10
1013;8
1014;11
1015;10
1016;14
1017;19
1018;20
1019;10
1020;20
1021;22
1022;11
1023;16
1024;13
1025;12
1026;14
1027;20
1028;12
1029;9
1030;22
1031;17
1101;14
1102;15
1103;14
1104;13
1105;13
1106;11
1107;18
1108;10
1109;15
1110;13
1111;14
1112;20
1113;18
1114;21
1115;15
1116;15
1117;18
1118;18
1119;8
1120;13
1121;22
1122;17
1123;14
1124;18
1125;19
1126;11
1127;24
1128;17
1129;17
1130;15
1201;22
1202;20
1203;20
1204;17
1205;16
1206;14
1207;10
1208;13
1209;19
1210;24
1211;21
1212;16
1213;12
1214;19
1215;12
1216;16
1217;17
1218;17
1219;18
1220;20
1221;17
1222;9
1223;26
1224;14
1225;12
1226;15
1227;13
1228;15
1229;19
1230;15
1231;15
