0101;6
0102;6
0103;7
0104;8
0105;8
0106;8
0107;13
0108;13
0109;9
0110;7
0111;10
0112;8
0113;12
0114;6
0115;8
0116;9
0117;11
0118;3
0119;4
0120;9
0121;5
0122;4
0123;8
0124;8
0125;11
0126;5
0127;3
0128;5
0129;9
0130;7
0131;3
0201;6
0202;4
0203;8
0204;7
0205;6
0206;9
0207;6
0208;6
0209;6
0210;4
0211;9
0212;7
0213;6
0214;8
0215;10
0216;10
0217;8
0218;5
0219;3
0220;8
0221;4
0222;7
0223;7
0224;3
0225;5
0226;3
0227;3
0228;8
0301;6
0302;5
0303;7
0304;9
0305;5
0306;7
0307;8
0308;4
0309;6
0310;8
0311;7
0312;4
0313;4
0314;8
0315;5
0316;3
0317;10
0318;10
0319;8
0320;6
0321;6
0322;8
0323;6
0324;6
0325;6
0326;7
0327;7
0328;8
0329;8
0330;7
0331;10
0401;16
0402;14
0403;9
0404;6
0405;4
0406;6
0407;6
0408;9
0409;10
0410;3
0411;7
0412;5
0413;9
0414;6
0415;7
0416;7
0417;9
0418;9
0419;10
0420;10
0421;7
0422;7
0423;5
0424;10
0425;17
0426;7
0427;9
0428;4
0429;8
0430;3
0501;5
0502;4
0503;4
0504;7
0505;8
0506;13
0507;3
0508;3
0509;5
0510;15
0511;4
0512;4
0513;5
0514;4
0515;6
0516;3
0517;8
0518;8
0519;9
0520;8
0521;4
0522;13
0523;4
0524;6
0525;6
0526;7
0527;5
0528;7
0529;4
0530;9
0531;5
0601;7
0602;9
0603;5
0604;6
0605;6
0606;8
0607;8
0608;4
0609;11
0610;9
0611;5
0612;11
0613;9
0614;4
0615;15
0616;9
0617;5
0618;8
0619;3
0620;9
0621;7
0622;9
0623;11
0624;5
0625;9
0626;6
0627;4
0628;6
0629;4
0630;4
0701;5
0702;6
0703;8
0704;7
0705;6
0706;6
0707;8
0708;6
0709;8
0710;2
0711;6
0712;4
0713;4
0714;12
0715;8
0716;4
0717;9
0718;7
0719;4
0720;7
0721;2
0722;5
0723;4
0724;8
0725;3
0726;7
0727;2
0728;10
0729;6
0730;7
0731;6
0801;2
0802;8
0803;14
0804;5
0805;7
0806;9
0807;10
0808;8
0809;4
0810;4
0811;7
0812;4
0813;6
0814;4
0815;10
0816;5
0817;9
0818;10
0819;6
0820;6
0821;3
0822;5
0823;6
0824;7
0825;2
0826;8
0827;4
0828;6
0829;8
0830;4
0831;7
0901;5
0902;3
0903;6
0904;4
0905;5
0906;12
0907;6
0908;6
0909;5
0910;8
0911;7
0912;5
0913;5
0914;3
0915;7
0916;6
0917;4
0918;2
0919;6
0920;6
0921;5
0922;3
0923;5
0924;4
0925;11
0926;7
0927;4
0928;13
0929;8
0930;3
1001;8
1002;4
1003;7
1004;3
1005;5
1006;11
1007;2
1008;5
1009;6
1010;8
1011;8
1012;5
1013;5
1014;10
1015;6
1016;8
1017;3
1018;11
1019;9
1020;4
1021;5
1022;5
1023;7
1024;8
1025;9
1026;7
1027;3
1028;12
1029;5
1030;3
1031;15
1101;5
1102;8
1103;5
1104;7
1105;3
1106;5
1107;8
1108;6
1109;7
1110;5
1111;4
1112;6
1113;5
1114;7
1115;5
1116;9
1117;5
1118;6
1119;8
1120;3
1121;11
1122;8
1123;7
1124;8
1125;12
1126;5
1127;5
1128;8
1129;7
1130;6
1201;6
1202;7
1203;5
1204;11
1205;8
1206;1
1207;6
1208;9
1209;10
1210;5
1211;4
1212;4
1214;6
1215;3
1216;12
1217;6
1218;8
1219;1
1220;7
1221;13
1222;6
1223;4
1224;8
1225;7
1226;4
1227;9
1228;10
1229;9
1230;6
1231;4
