0101;5
0102;15
0103;9
0104;8
0105;5
0106;8
0107;12
0108;7
0109;7
0110;3
0111;7
0112;7
0113;8
0114;11
0115;8
0116;5
0117;10
0118;6
0119;6
0120;10
0121;7
0122;9
0123;8
0124;7
0125;9
0126;7
0127;5
0128;5
0129;6
0130;3
0131;9
0201;7
0202;4
0203;1
0204;10
0205;4
0206;6
0207;8
0208;8
0209;8
0210;10
0211;8
0212;4
0213;8
0214;5
0215;5
0216;4
0217;5
0218;6
0219;6
0220;9
0221;5
0222;10
0223;5
0224;7
0225;11
0226;8
0227;4
0228;4
0301;4
0302;5
0303;3
0304;8
0305;9
0306;4
0307;8
0308;4
0309;8
0310;5
0311;6
0312;8
0313;7
0314;7
0315;2
0316;5
0317;4
0318;7
0319;8
0320;13
0321;8
0322;5
0323;4
0324;5
0325;9
0326;9
0327;9
0328;8
0329;3
0330;4
0331;4
0401;4
0402;4
0403;7
0404;12
0405;5
0406;3
0407;13
0408;3
0409;8
0410;5
0411;10
0412;6
0413;9
0414;3
0415;6
0416;2
0417;6
0418;4
0419;3
0420;9
0421;7
0422;6
0423;4
0424;9
0425;4
0426;4
0427;7
0428;8
0429;4
0430;6
0501;4
0502;1
0503;3
0504;6
0505;6
0506;7
0507;7
0508;8
0509;2
0510;3
0511;5
0512;6
0513;1
0514;6
0515;2
0516;5
0517;1
0518;5
0519;11
0520;8
0521;7
0522;6
0523;6
0524;7
0525;5
0526;6
0527;6
0528;5
0529;3
0530;4
0531;7
0601;4
0602;7
0603;5
0605;8
0606;4
0607;9
0608;8
0609;8
0610;3
0611;6
0612;1
0613;2
0614;8
0615;6
0616;9
0617;3
0618;6
0619;2
0620;2
0621;10
0622;12
0623;7
0624;7
0625;1
0626;5
0627;5
0628;12
0629;7
0630;5
0701;2
0702;5
0703;9
0704;2
0705;10
0706;4
0707;5
0708;3
0709;5
0710;6
0711;7
0712;7
0713;5
0714;3
0715;6
0716;13
0717;6
0718;3
0719;6
0720;9
0721;9
0722;8
0723;4
0724;5
0725;12
0726;1
0727;3
0728;8
0729;6
0730;8
0731;9
0801;5
0802;7
0803;3
0804;5
0805;7
0806;9
0807;7
0808;6
0809;9
0810;6
0811;4
0812;4
0813;4
0814;6
0815;6
0816;4
0817;3
0818;6
0819;3
0820;10
0821;6
0822;3
0823;6
0824;3
0825;2
0826;4
0827;4
0828;4
0829;5
0830;11
0831;12
0901;6
0902;10
0903;6
0904;7
0905;4
0906;1
0907;4
0908;5
0909;4
0910;6
0911;7
0912;5
0913;4
0914;7
0915;9
0916;4
0917;2
0918;7
0919;8
0920;6
0921;10
0922;2
0923;6
0924;4
0925;2
0926;3
0927;6
0928;5
0929;8
0930;4
1001;3
1002;6
1003;3
1004;5
1005;6
1006;7
1007;11
1008;4
1009;5
1010;4
1011;10
1012;4
1013;5
1014;8
1015;7
1016;6
1017;4
1018;7
1019;4
1020;9
1021;2
1022;7
1023;7
1024;5
1025;9
1026;8
1027;6
1028;9
1029;6
1030;7
1031;7
1101;7
1102;4
1103;4
1104;10
1105;6
1106;2
1107;9
1108;6
1109;7
1110;6
1111;7
1112;4
1113;8
1114;7
1115;7
1116;6
1117;2
1118;8
1119;9
1120;6
1121;2
1122;7
1123;5
1124;9
1125;7
1126;8
1127;8
1128;13
1129;3
1130;7
1201;3
1202;8
1203;5
1204;3
1205;5
1206;4
1207;3
1208;4
1209;1
1210;10
1211;5
1212;6
1213;10
1214;7
1215;5
1216;9
1217;3
1218;6
1219;1
1220;6
1221;7
1222;9
1223;4
1224;6
1225;6
1226;7
1227;9
1228;4
1229;8
1230;7
1231;12
