0101;13
0102;9
0103;13
0104;13
0105;10
0106;11
0107;7
0108;11
0109;14
0110;11
0111;11
0112;9
0113;11
0114;8
0115;12
0116;13
0117;11
0118;9
0119;7
0120;14
0121;7
0122;13
0123;5
0124;9
0125;2
0126;11
0127;7
0128;8
0129;8
0130;6
0131;13
0201;6
0202;8
0203;8
0204;7
0205;7
0206;13
0207;6
0208;9
0209;6
0210;7
0211;9
0212;7
0213;9
0214;8
0215;7
0216;4
0217;11
0218;10
0219;8
0220;7
0221;13
0222;7
0223;7
0224;7
0225;9
0226;10
0227;13
0228;4
0301;7
0302;7
0303;7
0304;8
0305;5
0306;7
0307;7
0308;8
0309;5
0310;8
0311;11
0312;6
0313;10
0314;9
0315;4
0316;11
0317;12
0318;3
0319;9
0320;5
0321;7
0322;9
0323;10
0324;10
0325;10
0326;11
0327;7
0328;7
0329;8
0330;13
0331;7
0401;12
0402;6
0403;6
0404;7
0405;6
0406;2
0407;8
0408;7
0409;9
0410;6
0411;6
0412;9
0413;8
0414;12
0415;14
0416;15
0417;5
0418;6
0419;6
0420;4
0421;6
0422;9
0423;8
0424;9
0425;11
0426;10
0427;5
0428;7
0429;7
0430;4
0501;4
0502;9
0503;4
0504;7
0505;5
0506;9
0507;8
0508;13
0509;7
0510;5
0511;7
0512;10
0513;7
0514;10
0515;9
0516;13
0517;11
0518;13
0519;8
0520;12
0521;7
0522;8
0523;4
0524;9
0525;6
0526;6
0527;6
0528;8
0529;12
0530;5
0531;5
0601;8
0602;6
0603;11
0604;12
0605;7
0606;4
0607;8
0608;6
0609;6
0610;7
0611;6
0612;10
0613;8
0614;6
0615;8
0616;5
0617;10
0618;8
0619;3
0620;10
0621;11
0622;9
0623;6
0624;8
0625;4
0626;8
0627;7
0628;4
0629;12
0630;3
0701;5
0702;6
0703;7
0704;8
0705;10
0706;9
0707;4
0708;7
0709;10
0710;8
0711;9
0712;10
0713;6
0714;4
0715;10
0716;4
0717;9
0718;7
0719;4
0720;10
0721;9
0722;5
0723;8
0724;10
0725;3
0726;8
0727;6
0728;10
0729;7
0730;8
0731;13
0801;7
0802;13
0803;13
0804;18
0805;11
0806;10
0807;12
0808;6
0809;11
0810;10
0811;5
0812;3
0813;3
0814;8
0815;4
0816;11
0817;8
0818;6
0819;8
0820;5
0821;13
0822;10
0823;3
0824;4
0825;13
0827;7
0828;7
0829;9
0830;11
0831;1
0901;9
0902;10
0903;9
0904;6
0905;11
0906;7
0907;10
0908;8
0909;8
0910;5
0911;6
0912;6
0913;8
0914;14
0915;8
0916;10
0917;9
0918;9
0919;11
0920;4
0921;14
0922;5
0924;12
0925;7
0926;6
0927;6
0928;11
0929;11
0930;9
1001;8
1002;8
1003;7
1004;6
1005;9
1006;12
1007;6
1008;6
1009;9
1010;6
1011;7
1012;11
1013;5
1014;8
1015;6
1016;3
1017;9
1018;8
1019;6
1020;10
1021;11
1022;8
1023;7
1024;9
1025;7
1026;12
1027;4
1028;1
1029;19
1030;10
1031;8
1101;14
1102;6
1103;8
1104;3
1105;8
1106;6
1107;7
1108;8
1109;8
1110;4
1111;9
1112;8
1113;6
1114;5
1115;6
1116;7
1117;8
1118;5
1119;8
1120;11
1121;4
1122;7
1123;11
1124;9
1125;11
1126;7
1127;5
1128;14
1129;9
1130;13
1201;11
1202;8
1203;7
1204;10
1205;4
1206;6
1207;7
1208;11
1209;9
1210;13
1211;7
1212;14
1213;4
1214;7
1215;10
1216;5
1217;3
1218;8
1219;3
1220;7
1221;12
1222;10
1223;9
1224;10
1225;8
1226;9
1227;5
1228;9
1229;5
1230;8
1231;4
