0101;14
0102;17
0103;13
0104;16
0105;12
0106;16
0107;12
0108;25
0109;20
0110;16
0111;18
0112;15
0113;11
0114;13
0115;10
0116;8
0117;14
0118;13
0119;13
0120;15
0121;7
0122;18
0123;8
0124;18
0125;14
0126;12
0127;17
0128;12
0129;13
0130;15
0131;13
0201;12
0202;13
0203;17
0204;11
0205;9
0206;9
0207;9
0208;13
0209;10
0210;9
0211;9
0212;12
0213;7
0214;13
0215;13
0216;17
0217;12
0218;8
0219;15
0220;7
0221;16
0222;7
0223;7
0224;6
0225;9
0226;11
0227;8
0228;15
0301;12
0302;19
0303;12
0304;12
0305;9
0306;8
0307;11
0308;14
0309;8
0310;14
0311;14
0312;9
0313;5
0314;9
0315;12
0316;10
0317;13
0318;8
0319;5
0320;16
0321;13
0322;11
0323;13
0324;14
0325;10
0326;18
0327;11
0328;11
0329;13
0330;13
0331;11
0401;7
0402;18
0403;9
0404;13
0405;10
0406;11
0407;13
0408;12
0409;12
0410;19
0411;17
0412;4
0413;11
0414;11
0415;15
0416;14
0417;12
0418;16
0419;3
0420;14
0421;18
0422;13
0423;13
0424;14
0425;12
0426;11
0427;15
0428;19
0429;17
0430;12
0501;11
0502;11
0503;11
0504;19
0505;11
0506;9
0507;11
0508;16
0509;13
0510;12
0511;10
0512;13
0513;12
0514;10
0515;13
0516;15
0517;15
0518;7
0519;7
0520;15
0521;19
0522;19
0523;14
0524;11
0525;9
0526;10
0527;13
0528;10
0529;11
0530;10
0531;10
0601;12
0602;14
0603;11
0604;13
0605;9
0606;8
0607;13
0608;9
0609;8
0610;12
0611;12
0612;13
0613;5
0614;9
0615;9
0616;9
0617;5
0618;13
0619;8
0620;14
0621;11
0622;13
0623;13
0624;15
0625;14
0626;15
0627;9
0628;10
0629;12
0630;13
0701;8
0702;4
0703;8
0704;8
0705;12
0706;17
0707;17
0708;10
0709;10
0710;10
0711;10
0712;9
0713;8
0714;11
0715;10
0716;12
0717;10
0718;12
0719;10
0720;12
0721;11
0722;11
0723;6
0724;18
0725;11
0726;16
0727;13
0728;17
0729;14
0730;8
0731;14
0801;7
0802;10
0803;13
0804;22
0805;21
0806;13
0807;14
0808;15
0809;9
0810;7
0811;10
0812;11
0813;9
0814;15
0815;12
0816;18
0817;8
0818;10
0819;8
0820;18
0821;9
0822;6
0823;14
0824;9
0825;10
0826;10
0827;9
0828;8
0829;9
0830;11
0831;9
0901;12
0902;8
0903;5
0904;15
0905;10
0906;10
0907;7
0908;8
0909;20
0910;3
0911;3
0912;11
0913;10
0914;15
0915;8
0916;18
0917;9
0918;13
0919;11
0920;12
0921;10
0922;14
0923;11
0924;14
0925;9
0926;14
0927;17
0928;6
0929;8
0930;8
1001;7
1002;6
1003;7
1004;9
1005;8
1006;13
1007;5
1008;14
1009;16
1010;16
1011;14
1012;8
1013;10
1014;8
1015;19
1016;11
1017;9
1018;7
1019;7
1020;17
1021;8
1022;12
1023;10
1024;9
1025;14
1026;5
1027;14
1028;13
1029;7
1030;14
1031;9
1101;10
1102;7
1103;11
1104;4
1105;19
1106;9
1107;11
1108;11
1109;12
1110;13
1111;10
1112;11
1113;10
1114;10
1115;18
1116;7
1117;9
1118;11
1119;15
1120;9
1121;11
1122;7
1123;13
1124;16
1125;15
1126;11
1127;12
1128;10
1129;18
1130;14
1201;14
1202;12
1203;17
1204;9
1205;8
1206;9
1207;16
1208;10
1209;6
1210;15
1211;18
1212;19
1213;9
1214;8
1215;8
1216;11
1217;10
1218;10
1219;11
1220;15
1221;12
1222;10
1223;11
1224;12
1225;13
1226;11
1227;13
1228;14
1229;17
1230;10
1231;14
