0101;1
0102;11
0103;4
0104;9
0105;6
0106;11
0107;3
0108;8
0109;9
0110;10
0111;7
0112;10
0113;7
0114;7
0115;11
0116;8
0117;8
0118;9
0119;12
0120;9
0121;7
0122;6
0123;2
0124;8
0125;4
0126;2
0127;10
0128;5
0129;6
0130;6
0131;7
0201;8
0202;8
0203;9
0204;4
0205;6
0206;6
0207;10
0208;6
0209;7
0210;10
0211;8
0212;5
0213;6
0214;6
0215;5
0216;6
0217;10
0218;5
0219;8
0220;9
0221;6
0222;7
0223;7
0224;12
0225;4
0226;10
0227;3
0228;7
0301;8
0302;7
0303;6
0304;9
0305;8
0306;1
0307;5
0308;5
0309;5
0310;11
0311;7
0312;7
0313;7
0314;4
0315;7
0316;5
0317;3
0318;7
0319;6
0320;3
0321;10
0322;8
0323;7
0324;6
0325;6
0326;5
0327;9
0328;6
0329;6
0330;6
0331;9
0401;3
0402;9
0403;9
0404;8
0405;5
0406;8
0407;7
0408;8
0409;2
0410;7
0411;7
0412;1
0413;9
0414;10
0415;5
0416;9
0417;4
0418;6
0419;4
0420;5
0421;9
0422;6
0423;7
0424;4
0425;5
0426;9
0427;7
0428;9
0429;5
0430;8
0501;7
0502;8
0503;6
0504;7
0505;7
0506;8
0507;6
0508;8
0509;4
0510;11
0511;9
0512;6
0513;3
0514;1
0515;6
0516;12
0517;8
0518;8
0519;5
0520;11
0521;13
0522;9
0523;2
0524;7
0525;10
0526;8
0527;5
0528;14
0529;4
0530;6
0531;3
0601;10
0602;6
0603;6
0604;8
0605;2
0606;6
0607;5
0608;5
0609;4
0610;8
0611;6
0612;8
0613;9
0614;9
0615;6
0616;7
0617;6
0618;12
0619;5
0620;4
0621;5
0622;5
0623;8
0624;7
0625;7
0626;7
0627;14
0628;8
0629;9
0630;1
0701;5
0702;6
0703;8
0704;7
0705;1
0706;6
0707;8
0708;8
0709;6
0710;5
0711;4
0712;5
0713;4
0714;10
0715;8
0716;5
0717;10
0718;4
0719;8
0720;5
0721;4
0722;5
0723;14
0724;5
0725;10
0726;1
0727;5
0728;3
0729;3
0730;6
0731;6
0801;10
0802;8
0803;8
0804;4
0805;13
0806;7
0807;2
0808;8
0809;10
0810;7
0811;5
0812;9
0813;3
0814;12
0815;9
0816;10
0817;11
0818;6
0819;9
0820;4
0821;14
0822;3
0823;8
0824;8
0825;7
0826;5
0827;5
0828;10
0829;6
0830;1
0831;3
0901;8
0902;10
0903;7
0904;4
0905;10
0906;3
0907;12
0908;6
0909;8
0910;4
0911;11
0912;7
0913;5
0914;10
0915;9
0916;7
0917;8
0918;10
0919;4
0920;7
0921;11
0922;8
0923;6
0924;4
0925;8
0926;4
0927;9
0928;11
0929;7
0930;7
1001;7
1002;7
1003;10
1004;16
1005;7
1006;5
1007;6
1008;2
1009;6
1010;7
1011;5
1012;6
1013;4
1014;11
1015;15
1016;12
1017;10
1018;5
1019;6
1020;9
1021;13
1022;10
1023;8
1024;5
1025;8
1026;5
1027;6
1028;7
1029;7
1030;4
1031;7
1101;6
1102;10
1103;8
1104;2
1105;6
1106;4
1107;5
1108;8
1109;7
1110;8
1111;8
1112;6
1113;5
1114;4
1115;7
1116;3
1117;7
1118;5
1119;10
1120;9
1121;6
1122;9
1123;8
1124;9
1125;6
1126;11
1127;5
1128;4
1129;8
1130;6
1201;8
1202;11
1203;4
1204;2
1205;10
1206;4
1207;7
1208;9
1209;9
1210;5
1211;2
1212;2
1213;5
1214;6
1215;3
1216;9
1217;7
1218;6
1219;7
1220;6
1221;7
1222;8
1223;10
1224;7
1225;7
1226;10
1227;9
1228;7
1229;10
1230;6
1231;5
