0101;7
0102;7
0103;7
0104;4
0105;7
0106;9
0107;8
0108;8
0109;6
0110;12
0111;8
0112;3
0113;3
0114;10
0115;11
0116;1
0117;5
0118;8
0119;5
0120;5
0121;3
0122;4
0123;7
0124;6
0125;5
0126;4
0127;3
0128;5
0129;3
0130;5
0131;2
0201;9
0202;5
0203;4
0204;7
0205;4
0206;3
0207;9
0208;3
0209;1
0210;5
0211;4
0212;5
0213;6
0214;1
0215;4
0216;7
0217;4
0218;3
0219;5
0220;2
0221;4
0222;6
0223;6
0224;1
0225;6
0226;3
0227;5
0228;5
0301;4
0302;5
0303;3
0304;2
0305;4
0306;5
0307;3
0308;4
0309;2
0310;7
0311;5
0312;3
0313;7
0314;5
0315;5
0316;3
0317;2
0318;1
0319;3
0320;4
0321;4
0322;2
0323;2
0324;5
0325;5
0326;2
0327;4
0328;7
0329;4
0330;5
0331;8
0401;3
0402;3
0403;4
0404;7
0405;4
0406;2
0407;3
0408;2
0409;4
0410;4
0411;5
0412;2
0413;5
0414;1
0415;3
0416;3
0417;2
0418;5
0419;4
0420;5
0421;8
0422;6
0423;1
0424;2
0425;4
0426;4
0427;5
0428;4
0429;6
0430;5
0502;4
0503;4
0504;5
0505;4
0506;4
0507;5
0508;2
0509;1
0510;3
0511;2
0512;10
0513;6
0514;2
0515;3
0516;3
0517;6
0518;3
0519;9
0520;7
0521;4
0522;3
0523;8
0524;7
0525;2
0527;6
0528;2
0529;8
0530;3
0531;2
0601;3
0602;2
0603;5
0604;3
0605;7
0606;2
0607;7
0608;8
0609;6
0610;3
0611;7
0612;6
0613;6
0614;6
0615;6
0616;3
0617;6
0618;3
0619;5
0620;4
0621;1
0622;7
0623;4
0624;6
0626;4
0627;5
0628;1
0629;3
0630;6
0701;2
0702;7
0703;6
0704;6
0705;5
0706;9
0707;5
0708;1
0709;3
0710;5
0711;4
0712;4
0713;2
0714;7
0715;5
0716;4
0717;3
0718;3
0719;1
0720;6
0721;3
0722;6
0723;4
0724;4
0725;5
0726;5
0727;5
0728;3
0729;5
0730;1
0731;6
0801;7
0802;6
0803;2
0804;2
0805;5
0806;4
0807;4
0808;5
0809;4
0810;6
0811;8
0812;3
0813;5
0814;4
0815;5
0816;9
0817;3
0818;8
0819;4
0820;7
0821;6
0822;3
0823;5
0824;7
0825;4
0826;4
0827;3
0828;7
0829;2
0830;6
0831;4
0901;8
0902;6
0903;6
0905;3
0906;4
0907;9
0908;3
0909;5
0910;1
0911;2
0912;4
0913;5
0914;1
0915;6
0916;5
0917;7
0918;7
0919;2
0920;7
0921;2
0922;3
0923;5
0924;3
0925;4
0926;4
0927;8
0928;5
0929;5
0930;4
1001;1
1002;4
1003;5
1004;6
1005;4
1006;6
1007;2
1008;2
1010;4
1011;2
1012;2
1013;6
1014;6
1015;1
1016;9
1017;4
1018;6
1019;3
1020;4
1021;5
1022;3
1023;5
1024;3
1025;6
1026;3
1027;4
1028;2
1029;3
1030;3
1031;3
1101;1
1102;6
1103;7
1104;6
1105;2
1106;9
1107;7
1108;4
1109;5
1110;3
1111;4
1112;8
1113;3
1114;5
1115;4
1116;7
1117;7
1118;3
1119;6
1120;3
1121;5
1123;4
1124;4
1125;3
1126;1
1127;8
1128;3
1129;4
1130;3
1201;2
1202;4
1203;3
1204;3
1205;3
1206;5
1207;2
1208;8
1209;2
1210;2
1211;3
1212;5
1213;4
1214;3
1215;6
1216;5
1217;2
1218;2
1219;8
1220;2
1221;5
1222;3
1223;1
1224;2
1225;2
1226;3
1227;6
1228;2
1229;6
1230;5
1231;5
