0100;1
0101;17
0102;26
0103;14
0104;16
0105;23
0106;24
0107;20
0108;21
0109;26
0110;15
0111;20
0112;11
0113;19
0114;9
0115;16
0116;19
0117;24
0118;20
0119;15
0120;14
0121;15
0122;17
0123;17
0124;22
0125;19
0126;21
0127;7
0128;16
0129;18
0130;16
0131;12
0201;22
0202;20
0203;18
0204;17
0205;10
0206;22
0207;22
0208;17
0209;16
0210;23
0211;16
0212;17
0213;14
0214;16
0215;14
0216;18
0217;9
0218;11
0219;12
0220;18
0221;12
0222;22
0223;18
0224;9
0225;15
0226;19
0227;16
0228;7
0301;14
0302;15
0303;16
0304;11
0305;20
0306;20
0307;9
0308;17
0309;14
0310;17
0311;12
0312;15
0313;15
0314;6
0315;18
0316;15
0317;14
0318;15
0319;11
0320;14
0321;16
0322;16
0323;18
0324;13
0325;14
0326;12
0327;11
0328;14
0329;14
0330;16
0331;14
0401;14
0402;17
0403;19
0404;13
0405;17
0406;13
0407;13
0408;16
0409;16
0410;16
0411;22
0412;13
0413;16
0414;17
0415;21
0416;14
0417;11
0418;15
0419;19
0420;11
0421;12
0422;14
0423;23
0424;14
0425;7
0426;20
0427;14
0428;11
0429;13
0430;17
0501;16
0502;11
0503;15
0504;15
0505;17
0506;17
0507;20
0508;13
0509;19
0510;22
0511;18
0512;17
0513;14
0514;8
0515;10
0516;17
0517;14
0518;17
0519;15
0520;15
0521;14
0522;14
0523;21
0524;9
0525;17
0526;16
0527;18
0528;18
0529;19
0530;15
0531;18
0601;22
0602;22
0603;15
0604;8
0605;15
0606;16
0607;23
0608;14
0609;20
0610;10
0611;24
0612;12
0613;18
0614;14
0615;10
0616;17
0617;18
0618;18
0619;16
0620;16
0621;13
0622;12
0623;12
0624;20
0625;18
0626;22
0627;13
0628;17
0629;15
0630;24
0701;9
0702;21
0703;14
0704;12
0705;13
0706;18
0707;10
0708;14
0709;15
0710;9
0711;15
0712;21
0713;24
0714;16
0715;19
0716;19
0717;13
0718;14
0719;11
0720;22
0721;14
0722;15
0723;19
0724;11
0725;13
0726;17
0727;9
0728;16
0729;3
0730;15
0731;15
0801;17
0802;25
0803;24
0804;16
0805;22
0806;12
0807;26
0808;22
0809;24
0810;19
0811;10
0812;19
0813;12
0814;20
0815;8
0816;20
0817;14
0818;15
0819;17
0820;13
0821;11
0822;15
0823;5
0824;15
0825;13
0826;10
0827;12
0828;14
0829;19
0830;16
0831;9
0901;12
0902;17
0903;18
0904;13
0905;16
0906;13
0907;10
0908;16
0909;17
0910;14
0911;13
0912;20
0913;17
0914;19
0915;12
0916;10
0917;10
0918;12
0919;14
0920;20
0921;15
0922;16
0923;15
0924;13
0925;12
0926;5
0927;19
0928;15
0929;16
0930;14
1001;21
1002;5
1003;12
1004;13
1005;15
1006;19
1007;20
1008;12
1009;20
1010;16
1011;15
1012;12
1013;13
1014;14
1015;12
1016;13
1017;14
1018;18
1019;15
1020;16
1021;15
1022;11
1023;13
1024;17
1025;13
1026;7
1027;15
1028;11
1029;17
1030;21
1031;19
1101;18
1102;15
1103;10
1104;16
1105;13
1106;16
1107;12
1108;15
1109;16
1110;17
1111;14
1112;11
1113;11
1114;7
1115;20
1116;15
1117;17
1118;10
1119;9
1120;12
1121;14
1122;16
1123;19
1124;11
1125;16
1126;20
1127;11
1128;15
1129;14
1130;12
1201;11
1202;13
1203;21
1204;17
1205;17
1206;10
1207;11
1208;19
1209;11
1210;18
1211;14
1212;18
1213;12
1214;24
1215;11
1216;12
1217;22
1218;9
1219;18
1220;16
1221;14
1222;18
1223;20
1224;19
1225;22
1226;26
1227;19
1228;7
1229;13
1230;22
1231;11
