0000;1
0101;7
0102;11
0103;10
0104;13
0105;5
0106;8
0107;3
0108;12
0109;9
0110;6
0111;8
0112;9
0113;9
0114;6
0115;10
0116;10
0117;6
0118;12
0119;11
0120;4
0121;12
0122;10
0123;9
0124;6
0125;12
0126;8
0127;7
0128;9
0129;7
0130;6
0131;5
0201;10
0202;5
0203;9
0204;9
0205;6
0206;6
0207;6
0208;8
0209;6
0210;3
0211;7
0212;12
0213;8
0214;10
0215;6
0216;7
0217;7
0218;1
0219;6
0220;8
0221;4
0222;7
0223;4
0224;10
0225;9
0226;7
0227;8
0228;8
0301;3
0302;8
0303;9
0304;10
0305;9
0306;6
0307;9
0308;11
0309;8
0310;6
0311;12
0312;8
0313;10
0314;8
0315;11
0316;6
0317;4
0318;3
0319;1
0320;2
0321;9
0322;8
0323;10
0324;14
0325;12
0326;9
0327;10
0328;10
0329;13
0330;5
0331;7
0401;6
0402;5
0403;8
0404;10
0405;7
0406;7
0407;12
0408;6
0409;9
0410;6
0411;11
0412;8
0413;9
0414;12
0415;8
0416;8
0417;3
0418;6
0419;8
0420;8
0421;9
0422;12
0423;9
0424;7
0425;5
0426;10
0427;7
0428;7
0429;7
0430;2
0501;7
0502;6
0503;3
0504;4
0505;7
0506;12
0507;9
0508;11
0509;10
0510;3
0511;11
0512;9
0513;12
0514;5
0515;5
0516;12
0517;7
0518;7
0519;6
0520;5
0521;9
0522;4
0523;6
0524;9
0525;1
0526;14
0527;8
0528;7
0529;7
0530;6
0531;12
0601;5
0602;8
0603;6
0604;6
0605;6
0606;7
0607;5
0608;7
0609;3
0610;12
0611;12
0612;12
0613;4
0614;5
0615;6
0616;7
0617;7
0618;10
0619;13
0620;7
0621;13
0622;8
0623;9
0624;9
0625;5
0626;5
0627;2
0628;6
0629;7
0630;5
0701;9
0702;9
0703;8
0704;11
0705;5
0706;7
0707;6
0708;11
0709;10
0710;7
0711;6
0712;7
0713;6
0714;13
0715;11
0716;3
0717;4
0718;11
0719;6
0720;8
0721;6
0722;3
0723;9
0724;10
0725;7
0726;8
0727;7
0728;9
0729;5
0730;8
0731;14
0801;12
0802;12
0803;5
0804;12
0805;8
0806;9
0807;6
0808;6
0809;10
0810;7
0811;3
0812;6
0813;9
0814;9
0815;9
0816;5
0817;11
0818;3
0819;3
0820;9
0821;13
0822;7
0823;5
0824;8
0825;2
0826;7
0827;4
0828;6
0829;3
0830;7
0831;9
0901;5
0902;6
0903;7
0904;2
0905;5
0906;10
0907;7
0908;5
0909;8
0910;2
0911;6
0912;4
0913;7
0914;8
0915;3
0916;3
0917;9
0918;7
0919;8
0920;4
0921;4
0922;10
0923;4
0924;8
0925;11
0926;7
0927;6
0928;9
0929;6
0930;12
1001;12
1002;9
1003;8
1004;8
1005;8
1006;6
1007;4
1008;13
1009;7
1010;5
1011;6
1012;7
1013;7
1014;11
1015;8
1016;9
1017;8
1018;7
1019;8
1020;5
1021;5
1022;9
1023;1
1024;7
1025;13
1026;8
1027;8
1028;8
1029;6
1030;7
1031;9
1101;15
1102;8
1103;7
1104;8
1105;4
1106;3
1107;6
1108;14
1109;6
1110;9
1111;12
1112;11
1113;6
1114;4
1115;9
1116;10
1117;5
1118;8
1119;8
1120;8
1121;8
1122;6
1123;6
1124;8
1125;9
1126;6
1127;13
1128;10
1129;10
1130;11
1201;9
1202;7
1203;10
1204;5
1205;3
1206;8
1207;9
1208;6
1209;5
1210;3
1211;4
1212;9
1213;5
1214;8
1215;16
1216;10
1217;10
1218;5
1219;14
1220;5
1221;9
1222;5
1223;10
1224;7
1225;7
1226;12
1227;13
1228;9
1229;9
1230;5
1231;9
