0000;1
0101;9
0102;15
0103;15
0104;14
0105;16
0106;11
0107;17
0108;9
0109;10
0110;12
0111;11
0112;12
0113;12
0114;11
0115;12
0116;6
0117;13
0118;8
0119;12
0120;10
0121;10
0122;4
0123;11
0124;9
0125;12
0126;12
0127;10
0128;15
0129;10
0130;14
0131;7
0201;19
0202;9
0203;10
0204;12
0205;8
0206;9
0207;12
0208;10
0209;13
0210;7
0211;6
0212;6
0213;11
0214;7
0215;12
0216;6
0217;7
0218;12
0219;11
0220;17
0221;5
0222;8
0223;7
0224;14
0225;6
0226;13
0227;9
0228;12
0301;9
0302;14
0303;2
0304;6
0305;11
0306;15
0307;6
0308;16
0309;8
0310;11
0311;8
0312;10
0313;14
0314;5
0315;12
0316;10
0317;13
0318;4
0319;13
0320;3
0321;10
0322;11
0323;13
0324;13
0325;9
0326;11
0327;10
0328;10
0329;6
0330;9
0331;9
0401;11
0402;8
0403;12
0404;11
0405;9
0406;19
0407;7
0408;13
0409;15
0410;3
0411;14
0412;13
0413;6
0414;13
0415;10
0416;13
0417;9
0418;11
0419;14
0420;8
0421;11
0422;9
0423;11
0424;11
0425;12
0426;12
0427;11
0428;9
0429;10
0430;4
0501;8
0502;9
0503;11
0504;6
0505;11
0506;8
0507;11
0508;10
0509;7
0510;4
0511;13
0512;8
0513;14
0514;6
0515;7
0516;13
0517;13
0518;7
0519;11
0520;9
0521;9
0522;8
0523;7
0524;6
0525;3
0526;3
0527;6
0528;8
0529;5
0530;17
0531;13
0601;7
0602;6
0603;11
0604;11
0605;13
0606;10
0607;20
0608;4
0609;9
0610;9
0611;9
0612;9
0613;9
0614;10
0615;12
0616;10
0617;14
0618;12
0619;6
0620;9
0621;7
0622;8
0623;8
0624;10
0625;11
0626;14
0627;6
0628;7
0629;7
0630;15
0701;10
0702;11
0703;4
0704;12
0705;12
0706;9
0707;11
0708;8
0709;8
0710;10
0711;12
0712;12
0713;8
0714;6
0715;9
0716;10
0717;10
0718;10
0719;5
0720;4
0721;8
0722;14
0723;11
0724;13
0725;7
0726;12
0727;6
0728;9
0729;18
0730;17
0731;14
0801;17
0802;7
0803;10
0804;12
0805;14
0806;7
0807;14
0808;9
0809;12
0810;3
0811;9
0812;8
0813;7
0814;11
0815;11
0816;8
0817;7
0818;10
0819;6
0820;8
0821;9
0822;9
0823;4
0824;11
0825;8
0826;8
0827;5
0828;5
0829;6
0830;14
0831;10
0901;6
0902;10
0903;10
0904;5
0905;10
0906;9
0907;3
0908;13
0909;3
0910;12
0911;6
0912;9
0913;5
0914;7
0915;8
0916;7
0917;10
0918;6
0919;8
0920;10
0921;7
0922;13
0923;8
0924;9
0925;3
0926;8
0927;7
0928;7
0929;5
0930;9
1001;9
1002;5
1003;8
1004;15
1005;9
1006;13
1007;7
1008;5
1009;13
1010;9
1011;13
1012;7
1013;13
1014;9
1015;9
1016;13
1017;13
1018;7
1019;17
1020;11
1021;6
1022;9
1023;11
1024;8
1025;7
1026;4
1027;10
1028;12
1029;12
1030;10
1031;15
1101;14
1102;12
1103;8
1104;9
1105;16
1106;12
1107;8
1108;12
1109;11
1110;12
1111;12
1112;16
1113;5
1114;11
1115;10
1116;9
1117;8
1118;7
1119;7
1120;5
1121;5
1122;10
1123;5
1124;6
1125;17
1126;8
1127;5
1128;14
1129;10
1130;8
1201;10
1202;9
1203;7
1204;7
1205;6
1206;9
1207;13
1208;8
1209;10
1210;5
1211;9
1212;6
1213;9
1214;6
1215;12
1216;8
1217;11
1218;9
1219;11
1220;9
1221;9
1222;9
1223;6
1224;12
1225;8
1226;20
1227;6
1228;13
1229;12
1230;11
1231;13
