0101;3
0102;3
0103;6
0104;5
0105;3
0106;7
0107;7
0108;7
0109;5
0110;5
0111;3
0112;3
0113;2
0114;6
0115;11
0116;2
0117;9
0118;2
0119;4
0120;4
0121;1
0122;2
0123;5
0124;5
0125;2
0126;5
0127;3
0128;4
0129;7
0130;4
0131;2
0201;6
0202;3
0203;4
0204;3
0205;3
0206;2
0207;5
0208;4
0209;2
0210;2
0211;3
0212;7
0213;6
0214;7
0215;7
0216;3
0217;4
0218;2
0219;6
0220;3
0221;4
0222;4
0223;4
0224;3
0225;2
0226;1
0227;3
0228;6
0301;7
0302;3
0303;4
0304;1
0305;3
0306;5
0307;4
0308;2
0309;2
0310;8
0311;2
0312;4
0313;5
0314;1
0315;1
0316;2
0317;7
0318;4
0319;3
0320;4
0321;6
0322;2
0323;3
0324;3
0325;3
0326;4
0327;2
0328;5
0329;6
0330;5
0331;3
0401;4
0402;8
0403;1
0404;7
0405;2
0406;2
0407;6
0408;5
0409;5
0410;5
0411;3
0412;1
0413;3
0414;2
0416;5
0417;7
0418;4
0419;3
0420;9
0421;2
0422;5
0423;2
0424;3
0425;2
0426;5
0427;4
0428;7
0429;7
0430;7
0501;4
0502;5
0503;5
0504;4
0505;3
0506;3
0507;1
0508;3
0509;6
0510;4
0511;5
0512;5
0513;1
0514;2
0515;2
0516;4
0517;1
0518;5
0519;3
0520;3
0521;4
0522;1
0523;2
0524;2
0525;2
0526;2
0527;2
0528;5
0529;1
0530;5
0531;7
0601;2
0602;6
0603;3
0604;6
0605;4
0606;4
0607;6
0608;6
0609;2
0610;4
0611;5
0612;5
0613;4
0614;2
0615;4
0616;4
0617;3
0618;5
0619;4
0620;5
0621;4
0622;2
0623;4
0624;4
0625;2
0626;2
0627;4
0628;7
0629;7
0630;6
0701;2
0702;4
0703;3
0704;1
0705;3
0706;4
0707;5
0708;3
0709;4
0710;4
0711;1
0712;2
0713;9
0714;7
0715;5
0716;4
0717;5
0718;5
0719;3
0720;5
0721;8
0722;2
0723;6
0724;2
0725;6
0726;6
0727;3
0728;3
0729;5
0730;6
0731;4
0801;5
0802;3
0803;4
0804;6
0805;5
0806;5
0807;2
0808;5
0809;4
0810;1
0811;4
0812;1
0813;3
0814;1
0815;5
0816;7
0817;3
0818;3
0819;3
0820;1
0821;2
0823;9
0824;2
0825;6
0826;2
0827;6
0828;2
0829;4
0830;5
0831;8
0901;2
0902;6
0903;4
0904;1
0905;4
0906;9
0907;5
0908;5
0909;3
0910;3
0911;3
0912;7
0913;3
0914;2
0915;4
0916;5
0917;3
0918;2
0919;6
0920;1
0921;2
0923;2
0924;2
0925;2
0926;3
0927;3
0928;5
0929;1
0930;3
1000;1
1001;1
1002;1
1003;4
1005;5
1006;3
1007;2
1008;6
1009;6
1010;2
1011;3
1012;5
1013;3
1014;7
1015;5
1016;2
1017;3
1018;2
1019;4
1020;2
1021;4
1022;2
1023;1
1024;5
1026;4
1027;3
1028;4
1029;3
1030;6
1031;7
1101;3
1102;10
1103;1
1104;2
1105;1
1106;2
1107;1
1108;3
1109;6
1110;6
1111;4
1112;1
1113;5
1114;1
1115;7
1116;5
1117;8
1118;4
1119;4
1120;2
1121;5
1122;5
1123;5
1124;5
1125;2
1126;3
1127;3
1128;7
1129;4
1130;2
1201;8
1202;2
1203;3
1204;4
1205;5
1206;6
1207;2
1208;5
1209;2
1211;3
1212;4
1213;1
1214;2
1215;3
1216;2
1217;3
1218;6
1219;5
1220;4
1221;3
1222;6
1223;7
1224;2
1225;4
1226;6
1227;3
1228;8
1230;1
1231;2
