0101;23
0102;29
0103;18
0104;30
0105;28
0106;29
0107;20
0108;18
0109;20
0110;22
0111;21
0112;20
0113;16
0114;19
0115;21
0116;22
0117;14
0118;14
0119;20
0120;15
0121;20
0122;16
0123;19
0124;17
0125;19
0126;13
0127;19
0128;18
0129;16
0130;22
0131;16
0201;26
0202;12
0203;13
0204;21
0205;20
0206;20
0207;21
0208;16
0209;16
0210;19
0211;22
0212;17
0213;17
0214;26
0215;10
0216;16
0217;8
0218;11
0219;25
0220;12
0221;13
0222;15
0223;20
0224;10
0225;17
0226;8
0227;17
0228;24
0301;17
0302;11
0303;18
0304;20
0305;22
0306;18
0307;20
0308;9
0309;28
0310;20
0311;17
0312;15
0313;15
0314;11
0315;11
0316;18
0317;14
0318;19
0319;18
0320;14
0321;24
0322;11
0323;18
0324;20
0325;20
0326;13
0327;8
0328;18
0329;13
0330;21
0331;13
0401;19
0402;26
0403;21
0404;21
0405;14
0406;10
0407;16
0408;19
0409;22
0410;11
0411;15
0412;22
0413;22
0414;21
0415;24
0416;31
0417;20
0418;18
0419;10
0420;12
0421;17
0422;14
0423;15
0424;11
0425;18
0426;13
0427;12
0428;17
0429;16
0430;16
0501;10
0502;13
0503;11
0504;12
0505;15
0506;21
0507;16
0508;14
0509;19
0510;22
0511;19
0512;13
0513;18
0514;24
0515;19
0516;12
0517;18
0518;21
0519;14
0520;21
0521;21
0522;11
0523;14
0524;18
0525;11
0526;18
0527;21
0528;22
0529;16
0530;22
0531;22
0601;17
0602;15
0603;13
0604;17
0605;14
0606;19
0607;23
0608;22
0609;17
0610;27
0611;20
0612;16
0613;18
0614;19
0615;16
0616;17
0617;13
0618;10
0619;12
0620;14
0621;15
0622;15
0623;16
0624;16
0625;14
0626;19
0627;7
0628;26
0629;17
0630;15
0701;18
0702;7
0703;12
0704;13
0705;20
0706;16
0707;15
0708;17
0709;25
0710;11
0711;14
0712;19
0713;22
0714;14
0715;22
0716;15
0717;26
0718;14
0719;9
0720;12
0721;16
0722;11
0723;13
0724;15
0725;13
0726;15
0727;16
0728;17
0729;8
0730;19
0731;19
0801;19
0802;24
0803;29
0804;34
0805;39
0806;19
0807;17
0808;23
0809;18
0810;21
0811;17
0812;16
0813;11
0814;15
0815;9
0816;11
0817;17
0818;13
0819;18
0820;18
0821;20
0822;15
0823;16
0824;18
0825;11
0826;13
0827;15
0828;5
0829;16
0830;13
0831;13
0901;17
0902;15
0903;11
0904;10
0905;13
0906;25
0907;14
0908;17
0909;15
0910;20
0911;7
0912;20
0913;13
0914;14
0915;17
0916;22
0917;21
0918;12
0919;15
0920;14
0921;15
0922;10
0923;14
0924;20
0925;15
0926;20
0927;21
0928;15
0929;22
0930;16
1001;17
1002;11
1003;14
1004;17
1005;20
1006;16
1007;17
1008;15
1009;16
1010;16
1011;21
1012;13
1013;10
1014;19
1015;17
1016;19
1017;20
1018;22
1019;20
1020;12
1021;20
1022;18
1023;20
1024;13
1025;13
1026;18
1027;14
1028;13
1029;12
1030;23
1031;21
1101;11
1102;14
1103;20
1104;19
1105;13
1106;12
1107;11
1108;15
1109;18
1110;15
1111;18
1112;12
1113;16
1114;16
1115;12
1116;22
1117;12
1118;15
1119;6
1120;8
1121;20
1122;19
1123;14
1124;16
1125;16
1126;17
1127;17
1128;21
1129;23
1130;19
1201;13
1202;15
1203;13
1204;17
1205;15
1206;17
1207;21
1208;24
1209;16
1210;18
1211;23
1212;15
1213;12
1214;15
1215;16
1216;13
1217;37
1218;17
1219;17
1220;20
1221;20
1222;14
1223;23
1224;14
1225;18
1226;17
1227;21
1228;15
1229;21
1230;19
1231;13
