0101;18
0102;25
0103;10
0104;20
0105;13
0106;19
0107;16
0108;15
0109;22
0110;17
0111;18
0112;15
0113;20
0114;16
0115;20
0116;17
0117;14
0118;17
0119;22
0120;19
0121;19
0122;11
0123;11
0124;16
0125;13
0126;12
0127;13
0128;21
0129;20
0130;13
0131;12
0201;12
0202;10
0203;18
0204;13
0205;20
0206;21
0207;10
0208;16
0209;17
0210;11
0211;10
0212;19
0213;14
0214;12
0215;21
0216;22
0217;13
0218;15
0219;13
0220;13
0221;20
0222;9
0223;6
0224;10
0225;21
0226;18
0227;16
0228;15
0301;6
0302;14
0303;14
0304;17
0305;18
0306;17
0307;13
0308;9
0309;19
0310;15
0311;13
0312;10
0313;16
0314;9
0315;23
0316;15
0317;18
0318;14
0319;18
0320;17
0321;13
0322;13
0323;18
0324;13
0325;17
0326;26
0327;15
0328;16
0329;17
0330;25
0331;9
0401;12
0402;47
0403;12
0404;13
0405;13
0406;8
0407;17
0408;15
0409;16
0410;14
0411;19
0412;10
0413;10
0414;16
0415;22
0416;17
0417;16
0418;16
0419;13
0420;13
0421;16
0422;12
0423;11
0424;14
0425;17
0426;14
0427;14
0428;21
0429;13
0430;13
0501;11
0502;11
0503;8
0504;8
0505;12
0506;17
0507;15
0508;17
0509;17
0510;13
0511;12
0512;6
0513;11
0514;12
0515;17
0516;17
0517;17
0518;15
0519;19
0520;11
0521;11
0522;14
0523;22
0524;13
0525;17
0526;18
0527;15
0528;10
0529;11
0530;9
0531;18
0601;11
0602;18
0603;9
0604;15
0605;12
0606;13
0607;14
0608;12
0609;15
0610;18
0611;14
0612;12
0613;12
0614;10
0615;17
0616;14
0617;12
0618;17
0619;12
0620;12
0621;6
0622;8
0623;9
0624;12
0625;13
0626;19
0627;14
0628;12
0629;9
0630;22
0701;15
0702;13
0703;20
0704;21
0705;10
0706;9
0707;10
0708;14
0709;15
0710;18
0711;19
0712;9
0713;18
0714;16
0715;14
0716;13
0717;10
0718;15
0719;15
0720;11
0721;15
0722;17
0723;10
0724;17
0725;11
0726;17
0727;10
0728;17
0729;16
0730;13
0731;9
0801;14
0802;17
0803;12
0804;21
0805;18
0806;11
0807;12
0808;9
0809;8
0810;16
0811;14
0812;9
0813;17
0814;13
0815;16
0816;12
0817;16
0818;12
0819;21
0820;13
0821;9
0822;10
0823;9
0824;19
0825;13
0826;17
0827;11
0828;16
0829;8
0830;11
0831;12
0901;13
0902;11
0903;11
0904;7
0905;18
0906;9
0907;16
0908;10
0909;12
0910;15
0911;16
0912;13
0913;12
0914;10
0915;19
0916;15
0917;17
0918;16
0919;16
0920;8
0921;17
0922;20
0923;18
0924;15
0925;13
0926;10
0927;7
0928;15
0929;17
0930;13
1001;12
1002;14
1003;17
1004;15
1005;14
1006;18
1007;10
1008;8
1009;13
1010;17
1011;15
1012;12
1013;14
1014;18
1015;23
1016;13
1017;13
1018;14
1019;9
1020;16
1021;10
1022;31
1023;16
1024;18
1025;13
1026;14
1027;18
1028;16
1029;17
1030;16
1031;15
1101;13
1102;13
1103;11
1104;7
1105;9
1106;12
1107;9
1108;12
1109;10
1110;15
1111;13
1112;21
1113;16
1114;15
1115;10
1116;7
1117;14
1118;12
1119;8
1120;15
1121;7
1122;14
1123;17
1124;23
1125;9
1126;17
1127;13
1128;11
1129;15
1130;16
1201;19
1202;17
1203;14
1204;15
1205;19
1206;18
1207;11
1208;20
1209;12
1210;18
1211;12
1212;19
1213;16
1214;17
1215;11
1216;15
1217;13
1218;6
1219;15
1220;17
1221;14
1222;15
1223;15
1224;16
1225;18
1226;13
1227;15
1228;13
1229;16
1230;15
1231;24
