0101;9
0102;7
0103;5
0104;11
0105;8
0106;7
0107;12
0108;10
0109;11
0110;7
0111;7
0112;8
0113;14
0114;7
0115;4
0116;8
0117;6
0118;3
0119;3
0120;6
0121;7
0122;6
0123;7
0124;2
0125;11
0126;12
0127;11
0128;6
0129;10
0130;10
0131;4
0201;13
0202;10
0203;5
0204;5
0205;9
0206;7
0207;12
0208;5
0209;8
0210;7
0211;9
0212;11
0213;8
0214;7
0215;7
0216;8
0217;6
0218;9
0219;8
0220;8
0221;9
0222;4
0223;8
0224;8
0225;7
0226;7
0227;9
0228;9
0301;5
0302;7
0303;8
0304;3
0305;8
0306;9
0307;7
0308;6
0309;6
0310;7
0311;6
0312;11
0313;6
0314;4
0315;9
0316;6
0317;6
0318;7
0319;15
0320;5
0321;9
0322;4
0323;8
0324;8
0325;9
0326;11
0327;9
0328;14
0329;4
0330;10
0331;7
0401;8
0402;10
0403;8
0404;6
0405;7
0406;4
0407;11
0408;8
0409;8
0410;8
0411;7
0412;15
0413;10
0414;10
0415;9
0416;8
0417;5
0418;8
0419;9
0420;8
0421;6
0422;11
0423;13
0424;8
0425;7
0426;9
0427;10
0428;10
0429;8
0430;5
0501;4
0502;7
0503;4
0504;7
0505;3
0506;6
0507;6
0508;5
0509;6
0510;6
0511;11
0512;6
0513;5
0514;8
0515;5
0516;6
0517;10
0518;5
0519;7
0520;11
0521;8
0522;6
0523;6
0524;4
0525;11
0526;10
0527;8
0528;5
0529;4
0530;8
0531;5
0601;4
0602;6
0603;9
0604;4
0605;9
0606;8
0607;10
0608;5
0609;5
0610;7
0611;4
0612;4
0613;10
0614;9
0615;4
0616;5
0617;9
0618;9
0619;7
0620;10
0621;12
0622;11
0623;4
0624;4
0625;6
0626;5
0627;9
0628;7
0629;6
0630;11
0701;3
0702;7
0703;8
0704;6
0705;4
0706;7
0707;7
0708;3
0709;9
0710;4
0711;11
0712;10
0713;10
0714;10
0715;7
0716;5
0717;6
0718;5
0719;1
0720;4
0721;1
0722;6
0723;10
0724;4
0725;6
0726;9
0727;5
0728;5
0729;11
0730;6
0731;7
0801;7
0802;10
0803;10
0804;7
0805;8
0806;6
0807;4
0808;11
0809;7
0810;9
0811;6
0812;5
0813;4
0814;8
0815;12
0816;13
0817;7
0818;4
0819;4
0820;3
0821;5
0822;6
0823;7
0824;5
0825;6
0826;5
0827;10
0828;12
0829;2
0830;5
0831;5
0901;8
0902;11
0903;12
0904;8
0905;8
0906;7
0907;6
0908;8
0909;13
0910;7
0911;2
0912;6
0913;11
0914;5
0915;8
0917;10
0918;7
0919;5
0920;11
0921;11
0922;5
0923;7
0924;7
0925;4
0926;5
0927;5
0928;8
0929;5
0930;4
1001;3
1002;11
1003;4
1004;8
1005;8
1006;6
1007;8
1008;4
1009;6
1010;12
1011;7
1012;5
1013;5
1014;9
1015;11
1016;3
1017;7
1018;6
1019;12
1020;9
1021;4
1022;7
1023;4
1024;7
1025;11
1026;9
1027;8
1028;9
1029;7
1030;7
1031;2
1101;7
1102;13
1103;6
1104;7
1105;10
1106;5
1107;6
1108;6
1109;5
1110;10
1111;5
1112;12
1113;6
1114;9
1115;7
1116;6
1117;11
1118;11
1119;6
1120;10
1121;5
1122;9
1123;10
1124;7
1125;9
1126;10
1127;5
1128;4
1129;13
1130;7
1201;6
1202;8
1203;9
1204;12
1205;5
1206;4
1207;7
1208;8
1209;6
1210;7
1211;6
1212;9
1213;6
1214;7
1215;10
1216;8
1217;3
1218;5
1219;8
1220;6
1221;5
1222;6
1223;11
1224;4
1225;8
1226;10
1227;3
1228;8
1229;7
1230;5
1231;8
