0101;10
0102;11
0103;11
0104;16
0105;9
0106;12
0107;12
0108;7
0109;15
0110;13
0111;9
0112;11
0113;10
0114;11
0115;9
0116;12
0117;5
0118;9
0119;10
0120;14
0121;14
0122;16
0123;14
0124;22
0125;10
0126;9
0127;9
0128;13
0129;10
0130;10
0131;5
0201;7
0202;11
0203;12
0204;12
0205;6
0206;7
0207;16
0208;7
0209;9
0210;11
0211;10
0212;12
0213;10
0214;11
0215;9
0216;10
0217;8
0218;13
0219;7
0220;14
0221;8
0222;8
0223;4
0224;15
0225;10
0226;14
0227;11
0228;9
0301;14
0302;10
0303;16
0304;7
0305;9
0306;13
0307;9
0308;16
0309;7
0310;8
0311;3
0312;10
0313;8
0314;6
0315;8
0316;11
0317;16
0318;13
0319;5
0320;5
0321;11
0322;11
0323;9
0324;11
0325;7
0326;13
0327;8
0328;19
0329;9
0330;13
0331;10
0401;6
0402;15
0403;18
0404;21
0405;8
0406;10
0407;9
0408;7
0409;7
0410;12
0411;13
0412;11
0413;10
0414;13
0415;9
0416;7
0417;16
0418;11
0419;12
0420;9
0421;12
0422;6
0423;10
0424;11
0425;9
0426;12
0427;9
0428;8
0429;11
0430;7
0501;12
0502;13
0503;15
0504;11
0505;10
0506;16
0507;15
0508;8
0509;9
0510;9
0511;10
0512;13
0513;12
0514;5
0515;16
0516;13
0517;11
0518;8
0519;9
0520;17
0521;6
0522;10
0523;15
0524;5
0525;5
0526;15
0527;5
0528;14
0529;7
0530;10
0531;6
0601;5
0602;4
0603;7
0604;7
0605;14
0606;9
0607;8
0608;10
0609;15
0610;12
0611;16
0612;10
0613;9
0614;6
0615;10
0616;8
0617;5
0618;8
0619;10
0620;6
0621;9
0622;12
0623;4
0624;6
0625;7
0626;9
0627;3
0628;13
0629;6
0630;9
0701;8
0702;10
0703;12
0704;11
0705;3
0706;8
0707;7
0708;10
0709;9
0710;16
0711;9
0712;13
0713;14
0714;8
0715;12
0716;6
0717;12
0718;14
0719;8
0720;18
0721;11
0722;10
0723;12
0724;13
0725;5
0726;6
0727;9
0728;10
0729;9
0730;11
0731;14
0801;17
0802;10
0803;13
0804;20
0805;20
0806;10
0807;16
0808;16
0809;16
0810;13
0811;8
0812;8
0813;7
0814;11
0815;9
0816;4
0817;6
0818;5
0819;7
0820;10
0821;7
0822;14
0823;10
0824;9
0825;8
0826;4
0827;11
0828;8
0829;9
0830;9
0831;12
0901;8
0902;17
0903;9
0904;14
0905;17
0906;16
0907;11
0908;8
0909;7
0910;13
0911;13
0912;8
0913;15
0914;5
0915;12
0916;5
0917;13
0918;15
0919;11
0920;13
0921;6
0922;13
0923;8
0924;9
0925;13
0926;9
0927;15
0928;12
0929;8
0930;9
1001;10
1002;10
1003;8
1004;11
1005;7
1006;7
1007;8
1008;6
1009;10
1010;13
1011;12
1012;15
1013;11
1014;9
1015;10
1016;13
1017;7
1018;13
1019;8
1020;16
1021;15
1022;9
1023;14
1024;12
1025;7
1026;16
1027;12
1028;13
1029;9
1030;7
1031;11
1101;6
1102;7
1103;8
1104;12
1105;5
1106;9
1107;9
1108;9
1109;6
1110;12
1111;5
1112;13
1113;18
1114;14
1115;11
1116;8
1117;11
1118;4
1119;7
1120;11
1121;10
1122;11
1123;12
1124;12
1125;8
1126;9
1127;9
1128;8
1129;8
1130;10
1201;13
1202;8
1203;8
1204;10
1205;3
1206;10
1207;10
1208;11
1209;12
1210;9
1211;8
1212;8
1213;11
1214;10
1215;8
1216;10
1217;8
1218;13
1219;6
1220;13
1221;12
1222;11
1223;12
1224;8
1225;14
1226;11
1227;12
1228;13
1229;13
1230;9
1231;9
