0024;1
0101;22
0102;20
0103;16
0104;21
0105;20
0106;12
0107;16
0108;21
0109;19
0110;21
0111;19
0112;14
0113;21
0114;14
0115;19
0116;13
0117;16
0118;20
0119;18
0120;21
0121;23
0122;13
0123;16
0124;14
0125;21
0126;15
0127;12
0128;21
0129;20
0130;17
0131;16
0201;18
0202;26
0203;15
0204;13
0205;14
0206;17
0207;17
0208;21
0209;19
0210;20
0211;7
0212;14
0213;20
0214;17
0215;20
0216;15
0217;12
0218;15
0219;13
0220;17
0221;15
0222;12
0223;11
0224;17
0225;18
0226;17
0227;11
0228;18
0301;16
0302;8
0303;16
0304;14
0305;18
0306;12
0307;18
0308;12
0309;15
0310;8
0311;15
0312;13
0313;14
0314;13
0315;17
0316;18
0317;23
0318;17
0319;13
0320;15
0321;17
0322;20
0323;11
0324;13
0325;24
0326;14
0327;15
0328;13
0329;24
0330;18
0331;11
0401;15
0402;11
0403;20
0404;21
0405;17
0406;16
0407;13
0408;17
0409;18
0410;27
0411;15
0412;15
0413;17
0414;18
0415;12
0416;10
0417;17
0418;22
0419;14
0420;13
0421;18
0422;17
0423;16
0424;20
0425;12
0426;17
0427;16
0428;16
0429;18
0430;14
0501;14
0502;23
0503;11
0504;15
0505;11
0506;14
0507;10
0508;15
0509;13
0510;21
0511;17
0512;16
0513;15
0514;18
0515;12
0516;16
0517;19
0518;8
0519;15
0520;17
0521;12
0522;15
0523;14
0524;21
0525;8
0526;15
0527;10
0528;16
0529;18
0530;16
0531;16
0601;14
0602;11
0603;12
0604;15
0605;15
0606;17
0607;15
0608;19
0609;23
0610;9
0611;18
0612;15
0613;14
0614;17
0615;8
0616;17
0617;7
0618;16
0619;14
0620;18
0621;13
0622;10
0623;9
0624;21
0625;17
0626;13
0627;16
0628;17
0629;17
0630;17
0701;16
0702;14
0703;15
0704;13
0705;19
0706;19
0707;21
0708;15
0709;9
0710;24
0711;12
0712;18
0713;15
0714;12
0715;18
0716;18
0717;12
0718;13
0719;19
0720;10
0721;22
0722;18
0723;22
0724;20
0725;16
0726;12
0727;16
0728;8
0729;16
0730;21
0731;23
0801;18
0802;20
0803;24
0804;18
0805;26
0806;16
0807;22
0808;10
0809;12
0810;10
0811;13
0812;15
0813;9
0814;14
0815;10
0816;9
0817;14
0818;22
0819;15
0820;19
0821;15
0822;18
0823;7
0824;10
0825;13
0826;17
0827;14
0828;13
0829;22
0830;16
0831;14
0901;12
0902;14
0903;17
0904;6
0905;13
0906;15
0907;13
0908;20
0909;13
0910;16
0911;19
0912;15
0913;15
0914;18
0915;17
0916;20
0917;16
0918;15
0919;18
0920;15
0921;15
0922;19
0923;11
0924;12
0925;15
0926;15
0927;12
0928;15
0929;22
0930;19
1001;17
1002;17
1003;13
1004;14
1005;12
1006;19
1007;15
1008;14
1009;13
1010;13
1011;16
1012;18
1013;13
1014;13
1015;15
1016;16
1017;20
1018;17
1019;20
1020;12
1021;15
1022;16
1023;15
1024;21
1025;14
1026;12
1027;17
1028;21
1029;14
1030;12
1031;13
1101;19
1102;13
1103;15
1104;21
1105;15
1106;13
1107;25
1108;16
1109;11
1110;14
1111;11
1112;21
1113;14
1114;18
1115;16
1116;11
1117;17
1118;14
1119;17
1120;18
1121;10
1122;16
1123;12
1124;7
1125;18
1126;16
1127;14
1128;19
1129;17
1130;7
1201;11
1202;13
1203;11
1204;23
1205;12
1206;17
1207;12
1208;11
1209;20
1210;10
1211;15
1212;26
1213;14
1214;13
1215;15
1216;16
1217;16
1218;23
1219;15
1220;19
1221;12
1222;14
1223;13
1224;18
1225;21
1226;22
1227;15
1228;13
1229;15
1230;11
1231;22
