0101;13
0102;13
0103;12
0104;9
0105;8
0106;10
0107;17
0108;5
0109;13
0110;12
0111;12
0112;8
0113;10
0114;8
0115;6
0116;7
0117;6
0118;9
0119;10
0120;6
0121;3
0122;7
0123;6
0124;15
0125;5
0126;1
0127;7
0128;7
0129;6
0130;5
0131;4
0201;17
0202;5
0203;10
0204;9
0205;5
0206;9
0207;5
0208;7
0209;9
0210;12
0211;13
0212;6
0213;7
0214;7
0215;11
0216;9
0217;2
0218;10
0219;9
0220;8
0221;13
0222;9
0223;8
0224;8
0225;10
0226;3
0227;5
0228;5
0301;9
0302;3
0303;7
0304;8
0305;5
0306;9
0307;8
0308;4
0309;6
0310;10
0311;4
0312;5
0313;5
0314;13
0315;8
0316;6
0317;5
0318;8
0319;11
0320;2
0321;8
0322;9
0323;6
0324;14
0325;7
0326;13
0327;8
0328;9
0329;5
0330;4
0331;8
0401;4
0402;6
0403;5
0404;9
0405;7
0406;5
0407;3
0408;8
0409;3
0410;9
0411;10
0412;13
0413;7
0414;11
0415;6
0416;5
0417;6
0418;11
0419;8
0420;5
0421;7
0422;5
0423;13
0424;8
0425;8
0426;12
0427;12
0428;5
0429;7
0430;6
0501;6
0502;8
0503;5
0504;12
0505;7
0506;7
0507;7
0508;9
0509;6
0510;6
0511;11
0512;10
0513;8
0514;7
0515;20
0516;8
0517;3
0518;5
0519;8
0520;7
0521;11
0522;9
0523;7
0524;10
0525;8
0526;11
0527;6
0528;5
0529;6
0530;13
0531;9
0601;8
0602;3
0603;9
0604;5
0605;8
0606;12
0607;5
0608;10
0609;6
0610;6
0611;7
0612;6
0613;5
0614;5
0615;13
0616;6
0617;5
0618;11
0619;11
0620;12
0621;12
0622;11
0623;6
0624;9
0625;13
0626;12
0627;7
0628;6
0629;4
0630;3
0701;4
0702;13
0703;7
0704;7
0705;11
0706;1
0707;9
0708;7
0709;8
0710;9
0711;6
0712;12
0713;10
0714;7
0715;5
0716;9
0717;7
0718;8
0719;6
0720;6
0721;11
0722;8
0723;8
0724;8
0725;11
0726;4
0727;6
0728;12
0729;10
0730;8
0731;4
0801;7
0802;9
0803;10
0804;11
0805;11
0806;8
0807;7
0808;6
0809;6
0810;8
0811;6
0812;12
0813;14
0814;8
0815;6
0816;9
0817;9
0818;10
0819;12
0820;11
0821;9
0822;10
0823;8
0824;5
0825;4
0826;7
0827;7
0828;8
0829;8
0830;14
0831;9
0901;9
0902;4
0903;8
0904;8
0905;8
0906;11
0907;4
0908;7
0909;4
0910;8
0911;11
0912;8
0913;13
0914;5
0915;6
0916;13
0917;4
0918;5
0919;3
0920;14
0921;10
0922;11
0923;9
0924;10
0925;7
0926;9
0927;4
0928;9
0929;9
0930;8
1001;7
1002;5
1003;3
1004;6
1005;8
1006;6
1007;3
1008;6
1009;7
1010;14
1011;5
1012;5
1013;7
1014;5
1015;6
1016;9
1017;9
1018;9
1019;12
1020;14
1021;9
1022;8
1023;9
1024;6
1025;9
1026;13
1027;9
1028;8
1029;7
1030;6
1031;5
1101;4
1102;5
1103;8
1104;9
1105;5
1106;7
1107;10
1108;14
1109;10
1110;6
1111;8
1112;8
1113;6
1114;9
1115;10
1116;9
1117;7
1118;7
1119;8
1120;7
1121;10
1122;6
1123;12
1124;7
1125;7
1126;8
1127;6
1128;14
1129;9
1130;5
1201;7
1202;7
1203;8
1204;10
1205;5
1206;3
1207;11
1208;1
1209;9
1210;6
1211;11
1212;5
1213;11
1214;7
1215;8
1216;10
1217;7
1218;9
1219;10
1220;11
1221;12
1222;7
1223;7
1224;12
1225;6
1226;10
1227;14
1228;5
1229;5
1230;15
1231;8
