0101;61
0102;51
0103;56
0104;43
0105;53
0106;57
0107;62
0108;63
0109;52
0110;46
0111;55
0112;54
0113;48
0114;49
0115;45
0116;62
0117;51
0118;49
0119;44
0120;52
0121;51
0122;56
0123;56
0124;55
0125;56
0126;42
0127;59
0128;49
0129;54
0130;46
0131;44
0201;44
0202;45
0203;45
0204;43
0205;48
0206;59
0207;68
0208;62
0209;46
0210;54
0211;39
0212;49
0213;64
0214;47
0215;62
0216;39
0217;53
0218;57
0219;56
0220;53
0221;55
0222;63
0223;53
0224;53
0225;62
0226;53
0227;45
0228;48
0301;48
0302;65
0303;51
0304;55
0305;46
0306;46
0307;48
0308;56
0309;33
0310;54
0311;44
0312;63
0313;52
0314;52
0315;50
0316;37
0317;56
0318;53
0319;51
0320;56
0321;58
0322;49
0323;48
0324;52
0325;49
0326;37
0327;58
0328;60
0329;42
0330;58
0331;59
0401;41
0402;55
0403;45
0404;44
0405;44
0406;49
0407;46
0408;47
0409;56
0410;53
0411;46
0412;46
0413;46
0414;51
0415;62
0416;60
0417;41
0418;48
0419;44
0420;42
0421;50
0422;49
0423;43
0424;44
0425;43
0426;44
0427;30
0428;51
0429;49
0430;57
0501;57
0502;34
0503;61
0504;35
0505;52
0506;43
0507;52
0508;54
0509;42
0510;46
0511;41
0512;47
0513;53
0514;43
0515;57
0516;58
0517;36
0518;37
0519;46
0520;35
0521;54
0522;57
0523;39
0524;46
0525;63
0526;47
0527;30
0528;38
0529;37
0530;44
0531;52
0601;36
0602;50
0603;45
0604;56
0605;55
0606;52
0607;49
0608;60
0609;42
0610;53
0611;50
0612;46
0613;46
0614;46
0615;39
0616;42
0617;52
0618;40
0619;56
0620;53
0621;47
0622;34
0623;49
0624;56
0625;49
0626;55
0627;56
0628;34
0629;44
0630;37
0701;45
0702;39
0703;53
0704;48
0705;37
0706;34
0707;38
0708;57
0709;52
0710;44
0711;38
0712;47
0713;39
0714;48
0715;44
0716;44
0717;43
0718;43
0719;26
0720;39
0721;42
0722;48
0723;42
0724;41
0725;41
0726;48
0727;48
0728;43
0729;39
0730;39
0731;39
0801;44
0802;57
0803;51
0804;51
0805;59
0806;47
0807;51
0808;57
0809;44
0810;28
0811;26
0812;43
0813;30
0814;54
0815;34
0816;28
0817;25
0818;45
0819;33
0820;37
0821;35
0822;33
0823;29
0824;27
0825;38
0826;36
0827;33
0828;43
0829;32
0830;43
0831;40
0901;46
0902;42
0903;32
0904;48
0905;29
0906;40
0907;45
0908;45
0909;34
0910;43
0911;46
0912;50
0913;43
0914;38
0915;42
0916;46
0917;35
0918;34
0919;36
0920;33
0921;38
0922;47
0923;34
0924;47
0925;45
0926;50
0927;54
0928;52
0929;46
0930;33
1001;44
1002;39
1003;51
1004;40
1005;34
1006;50
1007;43
1008;42
1009;45
1010;46
1011;41
1012;49
1013;49
1014;47
1015;50
1016;59
1017;35
1018;34
1019;39
1020;45
1021;42
1022;49
1023;40
1024;44
1025;57
1026;35
1027;62
1028;52
1029;60
1030;63
1031;47
1101;50
1102;52
1103;49
1104;55
1105;47
1106;43
1107;63
1108;55
1109;44
1110;55
1111;29
1112;56
1113;44
1114;40
1115;44
1116;51
1117;45
1118;46
1119;57
1120;63
1121;64
1122;40
1123;43
1124;45
1125;53
1126;47
1127;44
1128;53
1129;39
1130;31
1201;68
1202;65
1203;46
1204;47
1205;54
1206;49
1207;50
1208;51
1209;46
1210;60
1211;43
1212;66
1213;43
1214;38
1215;47
1216;47
1217;50
1218;55
1219;57
1220;61
1221;54
1222;65
1223;41
1224;48
1225;54
1226;55
1227;56
1228;48
1229;48
1230;54
1231;49
