0101;37
0102;31
0103;30
0104;23
0105;27
0106;32
0107;36
0108;35
0109;23
0110;25
0111;25
0112;30
0113;27
0114;27
0115;24
0116;24
0117;18
0118;24
0119;23
0120;24
0121;31
0122;17
0123;35
0124;25
0125;22
0126;24
0127;22
0128;34
0129;20
0130;27
0131;25
0201;22
0202;18
0203;34
0204;19
0205;25
0206;21
0207;18
0208;27
0209;24
0210;21
0211;31
0212;40
0213;25
0214;23
0215;26
0216;28
0217;23
0218;14
0219;24
0220;21
0221;25
0222;29
0223;23
0224;27
0225;22
0226;17
0227;30
0228;20
0300;1
0301;38
0302;18
0303;24
0304;16
0305;27
0306;22
0307;20
0308;30
0309;18
0310;19
0311;22
0312;22
0313;24
0314;20
0315;26
0316;21
0317;26
0318;27
0319;23
0320;26
0321;26
0322;29
0323;31
0324;19
0325;22
0326;20
0327;23
0328;25
0329;19
0330;27
0331;25
0401;41
0402;24
0403;17
0404;24
0405;24
0406;28
0407;29
0408;25
0409;25
0410;32
0411;25
0412;25
0413;33
0414;24
0415;30
0416;27
0417;26
0418;20
0419;20
0420;18
0421;18
0422;20
0423;33
0424;27
0425;17
0426;11
0427;23
0428;24
0429;27
0430;25
0501;21
0502;27
0503;30
0504;22
0505;18
0506;22
0507;30
0508;23
0509;26
0510;18
0511;28
0512;28
0513;24
0514;24
0515;24
0516;20
0517;15
0518;24
0519;25
0520;26
0521;23
0522;22
0523;17
0524;24
0525;29
0526;17
0527;22
0528;27
0529;22
0530;18
0531;24
0600;1
0601;22
0602;27
0603;22
0604;27
0605;25
0606;22
0607;25
0608;18
0609;28
0610;33
0611;29
0612;28
0613;23
0614;27
0615;27
0616;21
0617;23
0618;31
0619;25
0620;23
0621;27
0622;29
0623;23
0624;21
0625;20
0626;23
0627;28
0628;23
0629;16
0630;23
0701;22
0702;19
0703;25
0704;34
0705;27
0706;13
0707;30
0708;25
0709;20
0710;19
0711;20
0712;19
0713;18
0714;27
0715;28
0716;18
0717;23
0718;20
0719;15
0720;23
0721;20
0722;18
0723;17
0724;23
0725;21
0726;20
0727;21
0728;26
0729;22
0730;30
0731;20
0801;29
0802;21
0803;15
0804;32
0805;33
0806;22
0807;43
0808;30
0809;29
0810;21
0811;21
0812;22
0813;21
0814;21
0815;22
0816;20
0817;24
0818;19
0819;22
0820;26
0821;18
0822;18
0823;19
0824;22
0825;15
0826;25
0827;23
0828;20
0829;29
0830;17
0831;21
0901;21
0902;29
0903;20
0904;20
0905;18
0906;20
0907;21
0908;22
0909;29
0910;23
0911;22
0912;23
0913;31
0914;24
0915;25
0916;31
0917;27
0918;27
0919;31
0920;20
0921;27
0922;25
0923;18
0924;18
0925;16
0926;26
0927;33
0928;23
0929;24
0930;24
1001;16
1002;15
1003;28
1004;30
1005;21
1006;25
1007;24
1008;31
1009;28
1010;19
1011;24
1012;20
1013;29
1014;33
1015;25
1016;29
1017;31
1018;26
1019;23
1020;16
1021;16
1022;28
1023;23
1024;22
1025;28
1026;27
1027;23
1028;22
1029;24
1030;21
1031;43
1101;28
1102;19
1103;26
1104;16
1105;23
1106;23
1107;24
1108;26
1109;25
1110;29
1111;24
1112;23
1113;25
1114;23
1115;22
1116;17
1117;26
1118;24
1119;32
1120;31
1121;26
1122;26
1123;37
1124;34
1125;22
1126;26
1127;33
1128;22
1129;17
1130;25
1201;20
1202;30
1203;23
1204;33
1205;27
1206;25
1207;22
1208;26
1209;23
1210;19
1211;25
1212;33
1213;26
1214;26
1215;31
1216;24
1217;31
1218;30
1219;27
1220;22
1221;34
1222;28
1223;20
1224;30
1225;25
1226;23
1227;37
1228;27
1229;33
1230;21
1231;33
