0101;7
0102;15
0103;11
0104;7
0105;6
0106;14
0107;10
0108;11
0109;7
0110;9
0111;6
0112;11
0113;7
0114;14
0115;10
0116;13
0117;3
0118;4
0119;9
0120;10
0121;7
0122;5
0123;7
0124;5
0125;5
0126;7
0127;9
0128;5
0129;2
0130;7
0131;3
0201;5
0202;6
0203;8
0204;9
0205;7
0206;5
0207;7
0208;7
0209;8
0210;5
0211;11
0212;7
0213;2
0214;5
0215;6
0216;7
0217;7
0218;12
0219;3
0220;7
0221;4
0222;6
0223;4
0224;5
0225;12
0226;8
0227;10
0228;10
0301;10
0302;9
0303;8
0304;10
0305;11
0306;7
0307;9
0308;10
0309;7
0310;8
0311;6
0312;3
0313;3
0314;10
0315;10
0316;5
0317;11
0318;6
0319;6
0320;9
0321;8
0322;11
0323;6
0324;5
0325;13
0326;9
0327;5
0328;7
0329;9
0330;6
0331;9
0401;16
0402;8
0403;4
0404;7
0405;7
0406;9
0407;13
0408;13
0409;5
0410;7
0411;8
0412;6
0413;9
0414;6
0415;7
0416;5
0417;5
0418;7
0419;5
0420;7
0421;10
0422;9
0423;9
0424;4
0425;6
0426;5
0427;4
0428;5
0429;12
0430;9
0501;5
0502;6
0503;6
0504;9
0505;10
0506;4
0507;9
0508;2
0509;8
0510;10
0511;10
0512;2
0513;11
0514;8
0515;5
0516;4
0517;8
0518;4
0519;13
0520;11
0521;17
0522;7
0523;7
0524;5
0525;8
0526;10
0527;5
0528;7
0529;5
0530;6
0531;5
0601;10
0602;9
0603;7
0604;8
0605;9
0606;4
0607;5
0608;7
0609;7
0610;4
0611;3
0612;8
0613;6
0614;6
0615;7
0616;3
0617;4
0618;7
0619;7
0620;8
0621;8
0622;4
0623;5
0624;7
0625;8
0626;7
0627;7
0628;3
0629;3
0630;9
0701;5
0702;12
0703;8
0704;6
0705;9
0706;14
0707;9
0708;3
0709;7
0710;2
0711;5
0712;6
0713;12
0714;6
0715;8
0716;6
0717;7
0718;3
0719;5
0720;4
0721;9
0722;5
0723;7
0724;6
0725;5
0726;5
0727;8
0728;5
0729;6
0730;9
0731;7
0801;6
0802;7
0803;13
0804;14
0805;11
0806;7
0807;11
0808;6
0809;4
0810;7
0811;9
0812;3
0813;5
0814;3
0815;5
0816;10
0817;8
0818;5
0819;8
0820;5
0821;4
0822;13
0823;4
0824;12
0825;4
0826;5
0827;4
0828;7
0829;8
0830;6
0831;5
0901;7
0902;5
0903;5
0904;4
0905;7
0906;11
0907;5
0908;2
0909;11
0910;5
0911;7
0912;8
0913;7
0914;9
0915;7
0916;7
0917;10
0918;7
0919;6
0920;4
0921;6
0922;9
0923;2
0924;6
0925;8
0926;10
0927;9
0928;8
0929;7
0930;9
1001;9
1002;4
1003;7
1004;3
1005;10
1006;9
1007;6
1008;7
1009;7
1010;6
1011;7
1012;9
1013;13
1014;10
1015;2
1016;13
1017;9
1018;7
1019;8
1020;9
1021;5
1022;6
1023;4
1024;7
1025;3
1026;9
1027;9
1028;5
1029;9
1030;7
1031;9
1101;8
1102;7
1103;12
1104;8
1105;2
1106;2
1107;8
1108;7
1109;5
1110;9
1111;6
1112;6
1113;6
1114;9
1115;8
1116;8
1117;10
1118;2
1119;5
1120;6
1121;7
1122;7
1123;12
1124;4
1125;3
1126;10
1127;5
1128;8
1129;9
1130;7
1201;8
1202;4
1203;10
1204;7
1205;8
1206;7
1207;6
1208;7
1209;4
1210;12
1211;10
1212;10
1213;8
1214;3
1215;8
1216;5
1217;7
1218;9
1219;5
1220;4
1221;8
1222;9
1223;3
1224;8
1225;15
1226;8
1227;4
1228;6
1229;7
1230;5
1231;10
