0101;11
0102;20
0103;16
0104;19
0105;24
0106;15
0107;12
0108;7
0109;13
0110;9
0111;10
0112;14
0113;11
0114;10
0115;22
0116;22
0117;9
0118;16
0119;13
0120;17
0121;6
0122;14
0123;16
0124;10
0125;13
0126;21
0127;14
0128;10
0129;9
0130;13
0131;14
0201;18
0202;8
0203;11
0204;13
0205;6
0206;14
0207;16
0208;13
0209;14
0210;17
0211;8
0212;16
0213;17
0214;18
0215;14
0216;13
0217;20
0218;12
0219;7
0220;12
0221;16
0222;12
0223;11
0224;7
0225;14
0226;14
0227;15
0228;17
0301;13
0302;19
0303;20
0304;10
0305;11
0306;16
0307;14
0308;9
0309;14
0310;11
0311;15
0312;9
0313;16
0314;5
0315;9
0316;14
0317;15
0318;19
0319;14
0320;14
0321;18
0322;17
0323;11
0324;9
0325;9
0326;13
0327;13
0328;15
0329;18
0330;7
0331;12
0401;16
0402;19
0403;14
0404;12
0405;11
0406;13
0407;5
0408;17
0409;11
0410;15
0411;15
0412;7
0413;14
0414;18
0415;18
0416;16
0417;13
0418;11
0419;12
0420;17
0421;10
0422;9
0423;12
0424;7
0425;8
0426;10
0427;11
0428;9
0429;17
0430;12
0501;12
0502;14
0503;20
0504;12
0505;8
0506;15
0507;9
0508;12
0509;16
0510;11
0511;13
0512;7
0513;10
0514;12
0515;3
0516;16
0517;11
0518;12
0519;17
0520;9
0521;11
0522;12
0523;8
0524;19
0525;16
0526;14
0527;10
0528;7
0529;18
0530;16
0531;12
0601;16
0602;11
0603;6
0604;13
0605;14
0606;11
0607;11
0608;11
0609;15
0610;14
0611;19
0612;11
0613;13
0614;14
0615;14
0616;14
0617;9
0618;12
0619;10
0620;10
0621;5
0622;12
0623;12
0624;12
0625;12
0626;10
0627;21
0628;9
0629;9
0630;11
0701;14
0702;11
0703;14
0704;17
0705;17
0706;15
0707;9
0708;16
0709;12
0710;11
0711;6
0712;11
0713;20
0714;13
0715;11
0716;13
0717;17
0718;6
0719;6
0720;6
0721;11
0722;16
0723;13
0724;13
0725;13
0726;11
0727;8
0728;10
0729;14
0730;13
0731;17
0801;18
0802;20
0803;13
0804;21
0805;19
0806;11
0807;16
0808;16
0809;14
0810;13
0811;10
0812;16
0813;11
0814;14
0815;6
0816;15
0817;14
0818;21
0819;14
0820;6
0821;13
0822;8
0823;10
0824;5
0825;11
0826;11
0827;15
0828;16
0829;12
0830;15
0831;19
0901;11
0902;24
0903;8
0904;11
0905;7
0906;15
0907;14
0908;13
0909;14
0910;17
0911;11
0912;5
0913;13
0914;12
0915;6
0916;18
0917;10
0918;12
0919;12
0920;10
0921;10
0922;2
0923;12
0924;4
0925;17
0926;14
0927;9
0928;12
0929;14
0930;12
1001;12
1002;11
1003;13
1004;10
1005;9
1006;16
1007;14
1008;8
1009;13
1010;15
1011;16
1012;13
1013;21
1014;8
1015;14
1016;10
1017;17
1018;15
1019;18
1020;10
1021;13
1022;7
1023;14
1024;15
1025;13
1026;11
1027;9
1028;12
1029;15
1030;11
1031;9
1101;16
1102;17
1103;7
1104;14
1105;10
1106;14
1107;15
1108;11
1109;12
1110;18
1111;16
1112;10
1113;12
1114;8
1115;22
1116;15
1117;13
1118;12
1119;5
1120;10
1121;16
1122;15
1123;9
1124;19
1125;13
1126;18
1127;13
1128;18
1129;14
1130;13
1201;24
1202;10
1203;14
1204;15
1205;11
1206;19
1207;11
1208;11
1209;11
1210;15
1211;13
1212;15
1213;11
1214;15
1215;16
1216;16
1217;18
1218;16
1219;14
1220;18
1221;13
1222;15
1223;12
1224;10
1225;22
1226;15
1227;19
1228;12
1229;10
1230;18
1231;12
