0101;15
0102;16
0103;13
0104;11
0105;20
0106;17
0107;7
0108;15
0109;13
0110;10
0111;8
0112;11
0113;18
0114;13
0115;6
0116;7
0117;10
0118;8
0119;7
0120;6
0121;6
0122;9
0123;5
0124;9
0125;8
0126;9
0127;14
0128;9
0129;6
0130;8
0131;4
0201;9
0202;15
0203;8
0204;8
0205;10
0206;4
0207;10
0208;8
0209;12
0210;9
0211;14
0212;12
0213;9
0214;15
0215;5
0216;9
0217;5
0218;12
0219;7
0220;10
0221;13
0222;8
0223;12
0224;10
0225;5
0226;8
0227;11
0228;10
0301;9
0302;15
0303;9
0304;5
0305;5
0306;11
0307;13
0308;10
0309;10
0310;6
0311;10
0312;8
0313;10
0314;12
0315;11
0316;24
0317;6
0318;11
0319;11
0320;13
0321;10
0322;14
0323;10
0324;8
0325;6
0326;7
0327;7
0328;8
0329;13
0330;10
0331;13
0401;9
0402;11
0403;7
0404;12
0405;15
0406;6
0407;14
0408;14
0409;13
0410;8
0411;12
0412;12
0413;11
0414;10
0415;6
0416;6
0417;14
0418;14
0419;14
0420;8
0421;6
0422;9
0423;16
0424;10
0425;15
0426;12
0427;14
0428;16
0429;10
0430;9
0501;6
0502;8
0503;13
0504;6
0505;12
0506;12
0507;4
0508;7
0509;5
0510;8
0511;7
0512;9
0513;10
0514;6
0515;4
0516;5
0517;11
0518;21
0519;13
0520;10
0521;9
0522;6
0523;9
0524;4
0525;6
0526;10
0527;7
0528;10
0529;10
0530;12
0531;9
0601;11
0602;8
0603;10
0604;12
0605;5
0606;11
0607;9
0608;14
0609;10
0610;12
0611;8
0612;13
0613;16
0614;17
0615;10
0616;11
0617;14
0618;5
0619;7
0620;8
0621;8
0622;9
0623;10
0624;6
0625;6
0626;7
0627;9
0628;5
0629;11
0630;7
0701;13
0702;5
0703;5
0704;9
0705;11
0706;5
0707;12
0708;12
0709;6
0710;8
0711;10
0712;10
0713;13
0714;5
0715;8
0716;10
0717;10
0718;6
0719;9
0720;13
0721;7
0722;13
0723;10
0724;6
0725;9
0726;12
0727;13
0728;11
0729;9
0730;12
0731;9
0801;10
0802;8
0803;15
0804;4
0805;11
0806;8
0807;10
0808;12
0809;5
0810;12
0811;9
0812;11
0813;9
0814;9
0815;8
0816;11
0817;9
0818;5
0819;9
0820;9
0821;10
0822;7
0823;5
0824;8
0825;8
0826;9
0827;10
0828;13
0829;9
0830;12
0831;6
0901;12
0902;7
0903;8
0904;10
0905;8
0906;8
0907;10
0908;5
0909;11
0910;5
0911;9
0912;4
0913;6
0914;9
0915;7
0916;5
0917;5
0918;4
0919;7
0920;5
0921;10
0922;11
0923;11
0924;15
0925;14
0926;8
0927;8
0928;6
0929;4
0930;10
1001;11
1002;3
1003;7
1004;10
1005;5
1006;8
1007;14
1008;6
1009;8
1010;13
1011;9
1012;6
1013;6
1014;19
1015;6
1016;7
1017;16
1018;11
1019;12
1020;12
1021;8
1022;8
1023;9
1024;6
1025;14
1026;5
1027;13
1028;9
1029;12
1030;6
1031;8
1101;9
1102;7
1103;9
1104;3
1105;14
1106;10
1107;10
1108;6
1109;15
1110;9
1111;8
1112;9
1113;9
1114;8
1115;16
1116;2
1117;11
1118;9
1119;9
1120;10
1121;8
1122;9
1123;10
1124;10
1125;10
1126;6
1127;10
1128;6
1129;7
1130;3
1201;9
1202;9
1203;7
1204;6
1205;11
1206;9
1207;10
1208;11
1209;5
1210;7
1211;3
1212;10
1213;5
1214;12
1215;13
1216;14
1217;5
1218;6
1219;10
1220;9
1221;15
1222;10
1223;11
1224;14
1225;15
1226;10
1227;8
1228;15
1229;18
1230;10
1231;7
