0101;11
0102;5
0103;11
0104;12
0105;8
0106;11
0107;13
0108;12
0109;10
0110;8
0111;4
0112;14
0113;6
0114;7
0115;9
0116;7
0117;6
0118;8
0119;7
0120;11
0121;15
0122;9
0123;9
0124;7
0125;10
0126;14
0127;8
0128;9
0129;9
0130;9
0131;7
0201;4
0202;7
0203;5
0204;6
0205;7
0206;9
0207;5
0208;14
0209;10
0210;11
0211;8
0212;15
0213;5
0214;7
0215;12
0216;1
0217;6
0218;8
0219;9
0220;8
0221;4
0222;9
0223;9
0224;10
0225;7
0226;9
0227;5
0228;15
0301;14
0302;9
0303;4
0304;11
0305;8
0306;7
0307;2
0308;8
0309;7
0310;13
0311;9
0312;7
0313;5
0314;5
0315;4
0316;6
0317;8
0318;5
0319;8
0320;7
0321;7
0322;7
0323;8
0324;7
0325;7
0326;6
0327;10
0328;4
0329;6
0330;11
0331;16
0401;13
0402;10
0403;12
0404;9
0405;5
0406;8
0407;8
0408;6
0409;8
0410;6
0411;2
0412;15
0413;9
0414;11
0415;5
0416;6
0417;3
0418;3
0419;9
0420;9
0421;7
0422;5
0423;8
0424;6
0425;9
0426;4
0427;2
0428;4
0429;10
0430;5
0501;4
0502;8
0503;8
0504;8
0505;8
0506;6
0507;7
0508;4
0509;6
0510;6
0511;7
0512;10
0513;6
0514;9
0515;8
0516;7
0517;7
0518;12
0519;3
0520;8
0521;9
0522;10
0523;12
0524;11
0525;6
0526;10
0527;8
0528;4
0529;14
0530;3
0531;17
0601;5
0602;5
0603;7
0604;7
0605;8
0606;7
0607;10
0608;11
0609;11
0610;8
0611;8
0612;12
0613;8
0614;7
0615;7
0616;7
0617;5
0618;4
0619;3
0620;9
0621;8
0622;6
0623;10
0624;5
0625;5
0626;3
0627;4
0628;6
0629;5
0630;9
0701;8
0702;6
0703;8
0704;9
0705;9
0706;6
0707;3
0708;12
0709;7
0710;5
0711;12
0712;7
0713;9
0714;8
0715;5
0716;5
0717;6
0718;9
0719;12
0720;9
0721;10
0722;7
0723;5
0724;12
0725;8
0726;6
0727;7
0728;11
0729;6
0730;10
0731;11
0801;8
0802;8
0803;15
0804;11
0805;7
0806;17
0807;13
0808;11
0809;9
0810;10
0811;12
0812;6
0813;9
0814;9
0815;9
0816;6
0817;6
0818;3
0819;11
0820;8
0821;9
0822;2
0823;12
0824;6
0825;13
0826;9
0827;7
0828;8
0829;6
0830;7
0831;10
0901;9
0902;3
0903;12
0904;3
0905;5
0906;7
0907;6
0908;5
0909;8
0910;9
0911;4
0912;6
0913;6
0914;8
0915;2
0916;8
0917;9
0918;7
0919;7
0920;7
0921;5
0922;10
0923;6
0924;7
0925;7
0926;3
0927;15
0928;10
0929;16
0930;13
1001;10
1002;11
1003;10
1004;13
1005;6
1006;8
1007;4
1008;9
1009;2
1010;6
1011;5
1012;6
1013;10
1014;7
1015;9
1016;10
1017;10
1018;8
1019;9
1020;11
1021;8
1022;10
1023;6
1024;7
1025;9
1026;5
1027;5
1028;11
1029;9
1030;9
1031;5
1101;12
1102;5
1103;7
1104;7
1105;1
1106;5
1107;3
1108;12
1109;8
1110;5
1111;11
1112;9
1113;7
1114;6
1115;8
1116;6
1117;9
1118;9
1119;9
1120;7
1121;7
1122;9
1123;2
1124;5
1125;6
1126;11
1127;4
1128;9
1129;10
1130;11
1201;11
1202;7
1203;9
1204;10
1205;11
1206;6
1207;9
1208;8
1209;7
1210;5
1211;8
1212;7
1213;6
1214;8
1215;7
1216;9
1217;9
1218;10
1219;5
1220;10
1221;10
1222;13
1223;7
1224;8
1225;7
1226;8
1227;4
1228;3
1229;13
1230;14
1231;6
