0101;3
0102;3
0103;2
0104;3
0105;3
0106;5
0107;2
0108;4
0110;2
0111;2
0112;2
0113;3
0114;5
0115;5
0116;1
0117;3
0118;1
0119;3
0120;2
0121;6
0122;2
0123;4
0124;5
0125;1
0126;1
0127;3
0128;3
0129;1
0201;4
0202;2
0203;5
0204;1
0206;2
0207;3
0209;2
0210;3
0211;3
0212;2
0213;4
0214;1
0215;6
0216;6
0217;2
0218;2
0219;5
0220;1
0221;4
0222;3
0223;4
0224;5
0225;2
0226;1
0227;3
0228;1
0301;2
0302;2
0303;3
0304;3
0305;4
0306;1
0307;4
0308;4
0309;2
0310;3
0311;3
0312;4
0313;3
0314;3
0315;3
0316;2
0317;3
0318;1
0319;3
0321;1
0322;1
0323;2
0324;4
0325;5
0326;2
0327;1
0328;2
0329;6
0330;2
0331;1
0401;2
0402;1
0403;6
0404;5
0405;5
0406;2
0408;4
0409;2
0410;2
0411;3
0412;1
0413;3
0414;4
0415;3
0416;1
0417;3
0419;2
0420;3
0421;7
0422;4
0423;3
0424;4
0425;2
0426;2
0427;3
0428;6
0429;2
0430;1
0501;2
0502;5
0503;2
0505;3
0507;3
0508;4
0509;2
0510;4
0511;3
0512;3
0513;1
0514;3
0515;3
0516;1
0517;4
0518;1
0519;2
0520;2
0521;3
0522;4
0523;1
0524;3
0526;2
0527;1
0528;5
0530;2
0531;3
0601;3
0602;2
0603;1
0604;3
0605;2
0606;2
0607;3
0608;5
0609;4
0610;4
0611;1
0613;2
0614;2
0615;4
0616;5
0617;5
0618;2
0619;2
0620;4
0621;2
0622;3
0623;3
0624;5
0625;5
0626;4
0627;2
0629;4
0630;2
0701;4
0703;1
0704;3
0705;1
0706;5
0707;2
0709;3
0710;2
0711;2
0712;2
0713;5
0714;1
0715;1
0716;2
0717;1
0718;2
0719;1
0720;2
0721;1
0722;1
0723;3
0724;4
0726;4
0727;2
0728;2
0729;3
0730;2
0731;1
0801;1
0802;2
0803;3
0804;1
0805;2
0806;1
0807;1
0808;3
0809;3
0811;1
0812;4
0813;1
0814;1
0815;4
0817;2
0818;2
0819;1
0820;1
0821;2
0822;1
0823;1
0824;2
0825;1
0826;1
0827;2
0828;2
0829;6
0830;2
0901;6
0902;1
0903;2
0904;4
0905;3
0907;3
0908;2
0909;1
0911;2
0913;3
0914;2
0915;1
0916;3
0917;2
0918;4
0919;1
0920;2
0922;1
0924;3
0925;2
0926;3
0927;1
0928;4
0929;4
0930;3
1001;1
1002;2
1003;1
1004;6
1005;1
1006;3
1007;4
1008;1
1009;3
1010;4
1011;2
1012;5
1013;2
1014;6
1015;3
1016;1
1017;3
1018;3
1019;2
1020;2
1021;3
1022;4
1023;4
1024;3
1025;3
1026;5
1027;4
1028;4
1029;4
1030;3
1031;3
1101;1
1102;4
1104;1
1105;3
1106;1
1107;1
1108;3
1109;2
1110;4
1111;1
1112;5
1113;3
1114;3
1115;4
1117;2
1119;3
1120;2
1121;5
1122;2
1123;5
1124;2
1125;6
1126;5
1127;4
1128;4
1129;2
1130;1
1201;2
1202;3
1203;4
1204;5
1205;5
1206;3
1207;1
1209;2
1210;4
1211;5
1212;2
1213;1
1215;2
1216;3
1217;3
1218;1
1219;4
1220;1
1221;1
1222;3
1223;2
1224;4
1225;5
1226;2
1227;3
1228;2
1229;3
1230;3
1231;3
