0101;14
0102;14
0103;16
0104;18
0105;20
0106;13
0107;16
0108;16
0109;8
0110;12
0111;13
0112;12
0113;19
0114;11
0115;21
0116;15
0117;16
0118;16
0119;10
0120;12
0121;11
0122;20
0123;11
0124;12
0125;19
0126;18
0127;15
0128;15
0129;11
0130;8
0131;15
0201;17
0202;10
0203;11
0204;21
0205;10
0206;18
0207;12
0208;17
0209;8
0210;10
0211;15
0212;15
0213;10
0214;12
0215;18
0216;19
0217;10
0218;14
0219;12
0220;11
0221;12
0222;16
0223;14
0224;16
0225;8
0226;13
0227;8
0228;12
0301;16
0302;18
0303;13
0304;13
0305;13
0306;12
0307;11
0308;15
0309;10
0310;13
0311;12
0312;20
0313;10
0314;12
0315;16
0316;10
0317;10
0318;8
0319;15
0320;11
0321;11
0322;10
0323;14
0324;16
0325;5
0326;17
0327;16
0328;9
0329;7
0330;21
0331;16
0401;11
0402;15
0403;19
0404;13
0405;7
0406;13
0407;14
0408;12
0409;11
0410;7
0411;8
0412;15
0413;6
0414;19
0415;12
0416;12
0417;13
0418;13
0419;11
0420;14
0421;10
0422;12
0423;17
0424;8
0425;15
0426;9
0427;17
0428;10
0429;11
0430;16
0501;12
0502;11
0503;14
0504;12
0505;8
0506;10
0507;14
0508;12
0509;13
0510;15
0511;11
0512;16
0513;16
0514;13
0515;7
0516;10
0517;7
0518;13
0519;13
0520;14
0521;8
0522;11
0523;9
0524;12
0525;15
0526;16
0527;10
0528;12
0529;15
0530;13
0531;8
0601;12
0602;5
0603;8
0604;10
0605;9
0606;19
0607;7
0608;9
0609;12
0610;15
0611;14
0612;14
0613;5
0614;13
0615;11
0616;14
0617;19
0618;15
0619;12
0620;9
0621;11
0622;9
0623;20
0624;17
0625;14
0626;7
0627;11
0628;9
0629;8
0630;12
0701;18
0702;14
0703;20
0704;13
0705;8
0706;15
0707;13
0708;6
0709;12
0710;16
0711;16
0712;8
0713;8
0714;10
0715;12
0716;12
0717;14
0718;10
0719;7
0720;19
0721;18
0722;11
0723;19
0724;17
0725;14
0726;19
0727;8
0728;10
0729;9
0730;14
0731;15
0801;11
0802;13
0803;17
0804;13
0805;12
0806;10
0807;8
0808;12
0809;17
0810;10
0811;11
0812;8
0813;11
0814;13
0815;15
0816;14
0817;12
0818;11
0819;10
0820;11
0821;11
0822;16
0823;8
0824;17
0825;18
0826;11
0827;10
0828;11
0829;9
0830;17
0831;9
0901;12
0902;9
0903;12
0904;10
0905;9
0906;9
0907;9
0908;13
0909;8
0910;11
0911;12
0912;8
0913;10
0914;9
0915;9
0916;8
0917;9
0918;13
0919;9
0920;12
0921;7
0922;14
0923;15
0924;17
0925;11
0926;9
0927;9
0928;10
0929;12
0930;9
1001;14
1002;21
1003;17
1004;13
1005;11
1006;13
1007;10
1008;9
1009;13
1010;9
1011;13
1012;12
1013;12
1014;14
1015;18
1016;11
1017;12
1018;18
1019;13
1020;15
1021;13
1022;7
1023;12
1024;15
1025;5
1026;15
1027;14
1028;10
1029;17
1030;8
1031;13
1101;12
1102;16
1103;12
1104;14
1105;16
1106;16
1107;9
1108;11
1109;11
1110;14
1111;12
1112;9
1113;15
1114;14
1115;14
1116;12
1117;11
1118;10
1119;20
1120;14
1121;17
1122;9
1123;9
1124;18
1125;12
1126;16
1127;19
1128;13
1129;15
1130;11
1201;13
1202;9
1203;9
1204;15
1205;17
1206;11
1207;16
1208;16
1209;11
1210;11
1211;18
1212;6
1213;19
1214;8
1215;14
1216;14
1217;13
1218;14
1219;11
1220;13
1221;11
1222;10
1223;16
1224;15
1225;8
1226;14
1227;9
1228;16
1229;16
1230;17
1231;6
