0101;6
0102;13
0103;10
0104;12
0105;9
0106;15
0107;7
0108;8
0109;9
0110;16
0111;4
0112;5
0113;6
0114;10
0115;6
0116;12
0117;7
0118;4
0119;8
0120;9
0121;2
0122;12
0123;8
0124;12
0125;7
0126;8
0127;3
0128;12
0129;8
0130;10
0131;10
0201;3
0202;7
0203;8
0204;5
0205;10
0206;10
0207;8
0208;3
0209;8
0210;5
0211;8
0212;6
0213;6
0214;9
0215;9
0216;1
0217;13
0218;7
0219;17
0220;6
0221;4
0222;8
0223;10
0224;2
0225;7
0226;8
0227;6
0228;14
0301;7
0302;17
0303;4
0304;8
0305;8
0306;8
0307;5
0308;6
0309;8
0310;3
0311;6
0312;9
0313;5
0314;9
0315;7
0316;3
0317;6
0318;6
0319;12
0320;9
0321;6
0322;4
0323;6
0324;6
0325;10
0326;8
0327;10
0328;5
0329;3
0330;8
0331;4
0401;6
0402;6
0403;7
0404;1
0405;4
0406;3
0407;11
0408;10
0409;9
0410;7
0411;11
0412;10
0413;7
0414;12
0415;12
0416;5
0417;5
0418;9
0419;8
0420;9
0421;4
0422;4
0423;15
0424;5
0425;5
0426;4
0427;10
0428;11
0429;7
0430;5
0501;6
0502;8
0503;11
0504;12
0505;7
0506;4
0507;5
0508;6
0509;9
0510;8
0511;8
0512;10
0513;6
0514;5
0515;12
0516;10
0517;4
0518;8
0519;8
0520;3
0521;5
0522;5
0523;5
0524;10
0525;5
0526;6
0527;9
0528;3
0529;9
0530;11
0531;15
0601;4
0602;5
0603;4
0604;7
0605;8
0606;8
0607;4
0608;4
0609;8
0610;4
0611;2
0612;6
0613;9
0614;9
0615;5
0616;4
0617;10
0618;6
0619;6
0620;6
0621;3
0622;2
0623;8
0624;11
0625;4
0626;6
0627;13
0628;3
0629;4
0630;6
0701;8
0702;9
0703;13
0704;5
0705;7
0706;8
0707;4
0708;6
0709;2
0710;7
0711;6
0712;3
0713;8
0714;8
0715;5
0716;5
0717;6
0718;1
0719;9
0720;8
0721;7
0722;5
0723;4
0724;5
0725;8
0726;7
0727;7
0728;5
0729;6
0730;7
0731;5
0801;9
0802;5
0803;7
0804;8
0805;4
0806;4
0807;7
0808;6
0809;7
0810;3
0811;6
0812;9
0813;11
0814;5
0815;3
0816;12
0817;4
0818;6
0819;8
0820;8
0821;4
0822;5
0823;4
0824;5
0825;3
0826;9
0827;7
0828;9
0829;4
0830;5
0831;5
0901;4
0902;7
0903;4
0904;6
0905;11
0906;5
0907;3
0908;8
0909;6
0910;9
0911;10
0912;4
0913;5
0914;5
0915;12
0916;8
0917;9
0918;10
0919;3
0920;9
0921;6
0922;7
0923;16
0924;6
0925;2
0926;3
0927;5
0928;8
0929;6
0930;7
1001;12
1002;11
1003;7
1004;8
1005;3
1006;3
1007;5
1008;3
1009;9
1010;5
1011;6
1012;6
1013;10
1014;10
1015;7
1016;2
1017;8
1018;10
1019;8
1020;5
1021;4
1022;5
1023;7
1024;9
1025;5
1026;15
1027;4
1028;7
1029;7
1030;4
1031;8
1101;10
1102;6
1103;8
1104;4
1105;6
1106;10
1107;10
1108;9
1109;13
1110;5
1111;4
1112;7
1113;7
1114;7
1115;6
1116;8
1117;6
1118;9
1119;4
1120;5
1121;5
1122;10
1123;7
1124;5
1125;6
1126;9
1127;9
1128;7
1129;11
1130;10
1201;12
1202;7
1203;7
1204;7
1205;7
1206;11
1207;4
1208;6
1209;3
1210;11
1211;3
1212;7
1213;7
1214;3
1215;11
1216;8
1217;6
1218;6
1219;9
1220;9
1221;7
1222;12
1223;3
1224;11
1225;10
1226;10
1227;10
1228;7
1229;6
1230;5
1231;8
