0101;2
0102;7
0103;7
0104;8
0105;6
0106;5
0107;6
0108;5
0109;4
0110;2
0111;4
0112;6
0113;7
0114;6
0115;5
0116;2
0118;1
0119;4
0120;6
0121;7
0122;7
0123;12
0124;9
0125;8
0126;6
0127;1
0128;12
0129;5
0130;9
0131;9
0201;3
0202;6
0203;8
0204;6
0205;7
0206;7
0207;4
0208;6
0209;12
0210;8
0211;4
0212;3
0213;12
0214;4
0215;4
0216;4
0217;10
0218;4
0219;3
0220;11
0221;7
0222;7
0223;7
0224;10
0225;7
0226;8
0227;4
0228;7
0301;2
0302;16
0303;15
0304;4
0305;1
0306;8
0307;3
0308;4
0309;9
0310;9
0311;1
0312;2
0313;4
0314;6
0315;3
0316;7
0318;8
0319;9
0320;3
0321;3
0322;4
0323;4
0324;17
0325;5
0327;2
0328;9
0329;4
0330;5
0331;1
0401;5
0402;6
0403;10
0404;13
0405;6
0406;3
0407;6
0408;2
0409;5
0410;8
0411;2
0412;2
0413;5
0414;7
0415;16
0416;8
0417;7
0418;10
0419;1
0420;5
0421;2
0422;4
0423;4
0424;7
0425;4
0426;7
0427;5
0428;7
0429;6
0430;4
0501;13
0502;13
0503;4
0504;5
0505;10
0506;2
0507;10
0508;7
0509;6
0510;1
0511;9
0512;11
0513;11
0514;5
0515;6
0516;3
0517;5
0518;3
0519;5
0520;7
0521;2
0522;4
0523;5
0524;3
0525;13
0526;1
0527;6
0528;3
0529;7
0530;4
0531;9
0601;4
0603;8
0604;11
0605;7
0606;5
0607;7
0608;3
0609;8
0610;1
0611;7
0612;6
0613;2
0614;2
0615;10
0616;3
0617;5
0618;8
0619;8
0620;4
0621;7
0622;5
0623;8
0624;7
0625;4
0627;4
0628;4
0629;4
0630;10
0701;6
0702;5
0703;7
0704;4
0705;6
0706;6
0707;7
0708;8
0709;6
0710;6
0711;7
0712;6
0713;4
0714;7
0715;8
0716;13
0717;3
0718;2
0719;4
0720;6
0721;3
0722;10
0723;14
0724;8
0725;7
0726;2
0727;8
0728;5
0729;4
0730;6
0731;7
0801;5
0802;6
0803;7
0804;6
0805;4
0806;4
0807;3
0808;6
0809;5
0810;3
0811;1
0812;3
0813;1
0814;6
0815;6
0816;2
0817;6
0818;1
0819;6
0820;5
0821;4
0822;5
0823;3
0824;6
0825;3
0826;2
0827;4
0828;6
0829;5
0830;5
0831;4
0901;5
0902;3
0904;1
0905;7
0906;4
0907;8
0908;4
0909;2
0910;3
0911;7
0912;5
0913;2
0914;3
0915;2
0916;3
0917;2
0918;1
0919;7
0920;4
0921;4
0922;4
0923;4
0924;2
0925;3
0926;4
0927;1
0928;3
0929;6
0930;2
1001;4
1002;2
1003;5
1004;10
1005;4
1006;2
1007;3
1008;5
1009;4
1011;2
1012;7
1013;2
1014;3
1015;3
1016;4
1017;5
1018;4
1019;3
1021;1
1022;3
1024;5
1025;5
1026;4
1027;5
1028;1
1030;4
1031;5
1101;3
1102;3
1103;4
1104;2
1105;6
1107;1
1108;6
1109;2
1110;5
1111;5
1112;3
1113;5
1114;4
1115;2
1116;2
1117;7
1118;2
1119;3
1120;4
1121;1
1122;3
1123;3
1124;4
1125;1
1126;5
1127;2
1128;4
1129;3
1130;4
1201;6
1202;3
1203;4
1204;3
1205;1
1206;3
1207;3
1208;6
1209;6
1210;2
1211;3
1212;2
1213;3
1214;3
1215;8
1216;3
1217;3
1218;5
1219;1
1220;4
1221;3
1222;3
1223;6
1224;4
1225;2
1226;4
1227;6
1228;7
1229;2
1230;2
1231;4
