0101;23
0102;19
0103;23
0104;21
0105;27
0106;24
0107;26
0108;20
0109;14
0110;36
0111;24
0112;21
0113;35
0114;26
0115;24
0116;27
0117;22
0118;15
0119;28
0120;20
0121;25
0122;26
0123;19
0124;20
0125;25
0126;19
0127;24
0128;23
0129;29
0130;20
0131;20
0201;26
0202;26
0203;31
0204;17
0205;29
0206;23
0207;22
0208;14
0209;32
0210;24
0211;18
0212;30
0213;24
0214;27
0215;20
0216;21
0217;21
0218;24
0219;24
0220;30
0221;31
0222;22
0223;16
0224;23
0225;21
0226;23
0227;21
0228;24
0301;15
0302;24
0303;19
0304;20
0305;28
0306;11
0307;29
0308;22
0309;20
0310;19
0311;15
0312;17
0313;30
0314;20
0315;27
0316;19
0317;18
0318;23
0319;24
0320;27
0321;21
0322;15
0323;12
0324;26
0325;26
0326;20
0327;27
0328;18
0329;15
0330;16
0331;23
0401;26
0402;28
0403;24
0404;19
0405;24
0406;21
0407;16
0408;20
0409;24
0410;12
0411;23
0412;25
0413;16
0414;16
0415;23
0416;23
0417;21
0418;27
0419;26
0420;21
0421;24
0422;24
0423;22
0424;20
0425;17
0426;25
0427;16
0428;18
0429;19
0430;23
0501;18
0502;18
0503;19
0504;33
0505;23
0506;23
0507;15
0508;25
0509;23
0510;18
0511;23
0512;16
0513;23
0514;22
0515;24
0516;14
0517;19
0518;24
0519;25
0520;17
0521;25
0522;28
0523;20
0524;21
0525;22
0526;22
0527;21
0528;19
0529;10
0530;31
0531;16
0601;16
0602;22
0603;19
0604;19
0605;20
0606;13
0607;24
0608;17
0609;21
0610;17
0611;10
0612;19
0613;27
0614;13
0615;16
0616;19
0617;13
0618;16
0619;14
0620;25
0621;21
0622;21
0623;19
0624;20
0625;20
0626;29
0627;24
0628;18
0629;21
0630;19
0701;23
0702;22
0703;24
0704;16
0705;19
0706;21
0707;22
0708;15
0709;20
0710;27
0711;19
0712;22
0713;21
0714;14
0715;18
0716;22
0717;28
0718;24
0719;15
0720;16
0721;26
0722;23
0723;20
0724;23
0725;23
0726;20
0727;20
0728;26
0729;25
0730;22
0731;27
0801;34
0802;29
0803;21
0804;21
0805;14
0806;16
0807;12
0808;25
0809;17
0810;13
0811;19
0812;17
0813;10
0814;24
0815;24
0816;19
0817;18
0818;15
0819;12
0820;18
0821;14
0822;13
0823;17
0824;18
0825;20
0826;26
0827;23
0828;15
0829;23
0830;18
0831;11
0901;15
0902;11
0903;19
0904;29
0905;20
0906;21
0907;16
0908;23
0909;22
0910;24
0911;23
0912;13
0913;22
0914;14
0915;20
0916;18
0917;20
0918;12
0919;14
0920;28
0921;19
0922;19
0923;21
0924;18
0925;17
0926;13
0927;15
0928;15
0929;24
0930;20
1001;20
1002;18
1003;26
1004;17
1005;27
1006;24
1007;32
1008;19
1009;21
1010;15
1011;20
1012;20
1013;25
1014;18
1015;24
1016;14
1017;15
1018;24
1019;13
1020;13
1021;24
1022;18
1023;25
1024;14
1025;18
1026;19
1027;19
1028;21
1029;16
1030;21
1031;12
1101;18
1102;23
1103;17
1104;21
1105;21
1106;27
1107;22
1108;20
1109;22
1110;14
1111;19
1112;23
1113;20
1114;16
1115;18
1116;27
1117;24
1118;25
1119;18
1120;31
1121;20
1122;26
1123;24
1124;19
1125;28
1126;22
1127;15
1128;21
1129;27
1130;19
1201;22
1202;23
1203;15
1204;17
1205;18
1206;19
1207;20
1208;15
1209;22
1210;20
1211;24
1212;25
1213;12
1214;26
1215;18
1216;19
1217;27
1218;18
1219;26
1220;30
1221;26
1222;19
1223;22
1224;19
1225;23
1226;23
1227;20
1228;28
1229;25
1230;19
1231;28
