0101;10
0102;6
0103;16
0104;10
0105;9
0106;14
0107;7
0108;8
0109;10
0110;9
0111;11
0112;15
0113;7
0114;7
0115;12
0116;10
0117;8
0118;7
0119;12
0120;7
0121;7
0122;12
0123;8
0124;10
0125;7
0126;11
0127;5
0128;8
0129;8
0130;8
0131;2
0201;5
0202;7
0203;9
0204;11
0205;10
0206;4
0207;10
0208;11
0209;9
0210;7
0211;14
0212;4
0213;9
0214;4
0215;12
0216;12
0217;11
0218;10
0219;10
0220;6
0221;15
0222;6
0223;7
0224;14
0225;14
0226;13
0227;11
0228;4
0301;21
0302;16
0303;11
0304;18
0305;3
0306;7
0307;10
0308;7
0309;7
0310;7
0311;14
0312;10
0313;4
0314;11
0315;8
0316;10
0317;8
0318;12
0319;12
0320;11
0321;20
0322;10
0323;20
0324;14
0325;9
0326;7
0327;10
0328;7
0329;11
0330;2
0331;7
0401;10
0402;11
0403;11
0404;5
0405;8
0406;10
0407;4
0408;4
0409;10
0410;12
0411;8
0412;5
0413;12
0414;5
0415;9
0416;8
0417;8
0418;10
0419;5
0420;10
0421;9
0422;9
0423;12
0424;8
0425;5
0426;5
0427;8
0428;14
0429;13
0430;10
0501;13
0502;8
0503;7
0504;12
0505;10
0506;8
0507;7
0508;8
0509;11
0510;7
0511;8
0512;6
0513;17
0514;11
0515;8
0516;7
0517;12
0518;5
0519;5
0520;3
0521;9
0522;9
0523;6
0524;13
0525;13
0526;17
0527;9
0528;10
0529;8
0530;8
0531;9
0601;8
0602;10
0603;5
0604;10
0605;11
0606;9
0607;5
0608;13
0609;6
0610;11
0611;6
0612;11
0613;9
0614;6
0615;14
0616;8
0617;10
0618;7
0619;4
0620;8
0621;11
0622;8
0623;7
0624;10
0625;6
0626;11
0627;14
0628;9
0629;12
0630;11
0701;15
0702;12
0703;12
0704;8
0705;9
0706;16
0707;7
0708;7
0709;7
0710;4
0711;7
0712;6
0713;9
0714;14
0715;6
0716;8
0717;2
0718;5
0719;9
0720;7
0721;4
0722;9
0723;7
0724;7
0725;12
0726;9
0727;7
0728;11
0729;11
0730;8
0731;15
0801;15
0802;14
0803;7
0804;11
0805;9
0806;8
0807;8
0808;8
0809;3
0810;5
0811;8
0812;9
0813;9
0814;14
0815;9
0816;10
0817;13
0818;7
0819;5
0820;9
0821;8
0822;7
0823;10
0824;13
0825;10
0826;7
0827;15
0828;10
0829;12
0830;7
0831;5
0901;14
0902;4
0903;9
0904;10
0905;2
0906;12
0907;5
0908;9
0909;10
0910;9
0911;4
0912;17
0913;8
0914;15
0915;5
0916;9
0917;10
0918;7
0919;10
0920;12
0921;3
0922;19
0923;10
0924;7
0925;4
0926;9
0927;6
0928;8
0929;16
0930;10
1001;11
1002;5
1003;8
1004;6
1005;12
1006;8
1007;10
1008;12
1009;9
1010;10
1011;11
1012;6
1013;10
1014;10
1015;15
1016;7
1017;5
1018;8
1019;5
1020;9
1021;8
1022;4
1023;10
1024;12
1025;4
1026;9
1027;8
1028;11
1029;8
1030;6
1031;8
1101;6
1102;15
1103;6
1104;11
1105;10
1106;10
1107;5
1108;10
1109;8
1110;12
1111;10
1112;14
1113;6
1114;13
1115;9
1116;9
1117;5
1118;11
1119;12
1120;17
1121;9
1122;6
1123;8
1124;6
1125;10
1126;4
1127;12
1128;5
1129;11
1130;5
1201;8
1202;6
1203;12
1204;6
1205;11
1206;7
1207;9
1208;7
1209;6
1210;10
1211;5
1212;9
1213;12
1214;10
1215;5
1216;12
1217;12
1218;13
1219;13
1220;11
1221;16
1222;17
1223;11
1224;12
1225;14
1226;15
1227;14
1228;12
1229;16
1230;10
1231;11
