0101;34
0102;39
0103;15
0104;21
0105;28
0106;30
0107;33
0108;31
0109;43
0110;28
0111;28
0112;30
0113;25
0114;33
0115;21
0116;27
0117;33
0118;33
0119;22
0120;26
0121;20
0122;32
0123;41
0124;27
0125;29
0126;25
0127;29
0128;34
0129;25
0130;30
0131;35
0201;34
0202;17
0203;16
0204;22
0205;23
0206;29
0207;28
0208;33
0209;27
0210;22
0211;19
0212;26
0213;29
0214;30
0215;34
0216;34
0217;27
0218;29
0219;27
0220;30
0221;26
0222;30
0223;25
0224;16
0225;42
0226;45
0227;35
0228;26
0301;19
0302;24
0303;30
0304;31
0305;33
0306;24
0307;25
0308;31
0309;24
0310;32
0311;21
0312;32
0313;34
0314;29
0315;27
0316;29
0317;31
0318;35
0319;20
0320;17
0321;25
0322;25
0323;32
0324;33
0325;31
0326;22
0327;26
0328;31
0329;22
0330;20
0331;32
0401;37
0402;31
0403;32
0404;29
0405;21
0406;21
0407;27
0408;24
0409;23
0410;30
0411;29
0412;23
0413;18
0414;22
0415;39
0416;41
0417;28
0418;33
0419;32
0420;26
0421;24
0422;33
0423;31
0424;27
0425;29
0426;22
0427;26
0428;31
0429;19
0430;24
0501;19
0502;33
0503;22
0504;20
0505;28
0506;32
0507;21
0508;26
0509;30
0510;20
0511;18
0512;26
0513;27
0514;31
0515;20
0516;33
0517;24
0518;20
0519;31
0520;29
0521;23
0522;29
0523;26
0524;23
0525;20
0526;15
0527;23
0528;18
0529;26
0530;19
0531;25
0601;35
0602;27
0603;27
0604;26
0605;27
0606;30
0607;27
0608;27
0609;33
0610;36
0611;25
0612;22
0613;17
0614;24
0615;32
0616;31
0617;27
0618;25
0619;26
0620;34
0621;32
0622;28
0623;25
0624;28
0625;29
0626;24
0627;30
0628;32
0629;28
0630;24
0701;17
0702;22
0703;23
0704;21
0705;25
0706;18
0707;26
0708;22
0709;28
0710;19
0711;27
0712;17
0713;24
0714;17
0715;29
0716;26
0717;23
0718;25
0719;30
0720;29
0721;35
0722;28
0723;26
0724;29
0725;24
0726;30
0727;28
0728;28
0729;23
0730;23
0731;27
0801;38
0802;28
0803;21
0804;23
0805;22
0806;36
0807;22
0808;19
0809;23
0810;27
0811;21
0812;17
0813;32
0814;24
0815;34
0816;23
0817;28
0818;24
0819;37
0820;32
0821;27
0822;21
0823;20
0824;25
0825;40
0826;33
0827;17
0828;34
0829;25
0830;27
0831;27
0901;25
0902;20
0903;22
0904;30
0905;30
0906;17
0907;26
0908;24
0909;29
0910;28
0911;23
0912;27
0913;17
0914;16
0915;27
0916;22
0917;33
0918;25
0919;36
0920;32
0921;35
0922;26
0923;27
0924;24
0925;33
0926;29
0927;27
0928;30
0929;25
0930;23
1001;26
1002;33
1003;33
1004;25
1005;33
1006;30
1007;23
1008;31
1009;31
1010;35
1011;31
1012;28
1013;21
1014;30
1015;33
1016;29
1017;26
1018;25
1019;29
1020;26
1021;13
1022;26
1023;26
1024;21
1025;30
1026;26
1027;25
1028;32
1029;32
1030;29
1031;21
1101;32
1102;23
1103;20
1104;17
1105;23
1106;29
1107;24
1108;19
1109;25
1110;32
1111;22
1112;37
1113;22
1114;34
1115;30
1116;25
1117;19
1118;21
1119;31
1120;21
1121;23
1122;25
1123;32
1124;26
1125;13
1126;27
1127;32
1128;32
1129;32
1130;29
1201;23
1202;23
1203;24
1204;27
1205;34
1206;22
1207;25
1208;24
1209;33
1210;26
1211;20
1212;29
1213;28
1214;30
1215;35
1216;42
1217;40
1218;25
1219;37
1220;34
1221;32
1222;36
1223;33
1224;27
1225;24
1226;27
1227;35
1228;30
1229;28
1230;21
1231;28
