0101;8
0102;11
0103;9
0104;10
0105;8
0106;11
0107;13
0108;12
0109;12
0110;14
0111;5
0112;14
0113;9
0114;7
0115;11
0116;5
0117;3
0118;12
0119;13
0120;9
0121;8
0122;9
0123;8
0124;14
0125;8
0126;6
0127;15
0128;10
0129;7
0130;10
0131;13
0201;12
0202;17
0203;9
0204;8
0205;14
0206;7
0207;12
0208;11
0209;9
0210;11
0211;10
0212;15
0213;15
0214;4
0215;7
0216;6
0217;10
0218;8
0219;11
0220;9
0221;9
0222;8
0223;8
0224;11
0225;15
0226;9
0227;14
0228;9
0301;22
0302;12
0303;12
0304;8
0305;18
0306;9
0307;12
0308;14
0309;10
0310;13
0311;8
0312;6
0313;8
0314;6
0315;9
0316;8
0317;9
0318;10
0319;9
0320;6
0321;10
0322;10
0323;7
0324;7
0325;10
0326;3
0327;7
0328;10
0329;8
0330;12
0331;10
0401;11
0402;7
0403;13
0404;10
0405;9
0406;6
0407;11
0408;10
0409;4
0410;10
0411;7
0412;11
0413;7
0414;12
0415;11
0416;12
0417;11
0418;10
0419;14
0420;7
0421;5
0422;11
0423;13
0424;8
0425;12
0426;12
0427;9
0428;9
0429;9
0430;16
0501;7
0502;10
0503;11
0504;12
0505;8
0506;9
0507;6
0508;7
0509;11
0510;6
0511;6
0512;16
0513;9
0514;9
0515;9
0516;9
0517;7
0518;7
0519;10
0520;8
0521;11
0522;10
0523;14
0524;6
0525;9
0526;12
0527;15
0528;5
0529;12
0530;4
0531;5
0601;7
0602;9
0603;7
0604;8
0605;5
0606;10
0607;7
0608;7
0609;9
0610;5
0611;5
0612;12
0613;8
0614;11
0615;5
0616;12
0617;9
0618;5
0619;5
0620;13
0621;12
0622;6
0623;10
0624;6
0625;7
0626;9
0627;8
0628;8
0629;5
0630;15
0701;3
0702;1
0703;11
0704;11
0705;11
0706;13
0707;11
0708;6
0709;9
0710;13
0711;8
0712;6
0713;7
0714;6
0715;9
0716;3
0717;6
0718;8
0719;8
0720;12
0721;5
0722;6
0723;6
0724;10
0725;13
0726;10
0727;15
0728;13
0729;11
0730;6
0731;3
0801;10
0802;15
0803;8
0804;12
0805;10
0806;5
0807;8
0808;9
0809;8
0810;6
0811;9
0812;10
0813;11
0814;11
0815;5
0816;11
0817;4
0818;6
0819;9
0820;8
0821;6
0822;11
0823;11
0824;5
0825;5
0826;7
0827;9
0828;10
0829;8
0830;10
0831;9
0901;9
0902;9
0903;12
0904;12
0905;7
0906;9
0907;3
0908;9
0909;5
0910;7
0911;8
0912;10
0913;4
0914;12
0915;7
0916;9
0917;6
0918;14
0919;4
0920;11
0921;7
0922;7
0923;11
0924;10
0925;5
0926;9
0927;12
0928;5
0929;9
0930;13
1001;8
1002;12
1003;11
1004;9
1005;10
1006;7
1007;8
1008;10
1009;12
1010;9
1011;11
1012;6
1013;9
1014;12
1015;7
1016;10
1017;5
1018;7
1019;8
1020;11
1021;9
1022;11
1023;6
1024;5
1025;9
1026;8
1027;10
1028;17
1029;6
1030;7
1031;6
1101;12
1102;8
1103;12
1104;10
1105;11
1106;10
1107;11
1108;12
1109;9
1110;7
1111;7
1112;5
1113;11
1114;10
1115;9
1116;10
1117;10
1118;12
1119;9
1120;8
1121;11
1122;14
1123;8
1124;13
1125;7
1126;9
1127;7
1128;13
1129;14
1130;9
1201;11
1202;11
1203;7
1204;14
1205;11
1206;11
1207;10
1208;7
1209;10
1210;8
1211;3
1212;9
1213;10
1214;12
1215;10
1216;11
1217;16
1218;9
1219;9
1220;9
1221;12
1222;12
1223;8
1224;9
1225;14
1226;8
1227;19
1228;14
1229;8
1230;11
1231;9
