0101;24
0102;24
0103;19
0104;22
0105;23
0106;25
0107;19
0108;18
0109;15
0110;18
0111;19
0112;17
0113;17
0114;15
0115;16
0116;19
0117;21
0118;19
0119;13
0120;10
0121;13
0122;20
0123;17
0124;18
0125;12
0126;16
0127;26
0128;26
0129;20
0130;26
0131;19
0201;23
0202;21
0203;14
0204;22
0205;19
0206;19
0207;19
0208;23
0209;12
0210;15
0211;18
0212;14
0213;24
0214;15
0215;11
0216;18
0217;22
0218;14
0219;9
0220;12
0221;20
0222;17
0223;11
0224;19
0225;28
0226;17
0227;22
0228;18
0301;15
0302;20
0303;19
0304;17
0305;26
0306;21
0307;21
0308;24
0309;28
0310;25
0311;26
0312;18
0313;13
0314;17
0315;22
0316;22
0317;17
0318;21
0319;13
0320;20
0321;14
0322;19
0323;13
0324;22
0325;13
0326;23
0327;18
0328;22
0329;12
0330;17
0331;17
0401;13
0402;24
0403;13
0404;18
0405;23
0406;17
0407;23
0408;23
0409;13
0410;22
0411;27
0412;15
0413;28
0414;17
0415;31
0416;25
0417;19
0418;13
0419;7
0420;20
0421;20
0422;15
0423;24
0424;17
0425;14
0426;14
0427;26
0428;16
0429;14
0430;13
0501;21
0502;17
0503;11
0504;21
0505;23
0506;18
0507;18
0508;20
0509;15
0510;16
0511;14
0512;14
0513;14
0514;21
0515;12
0516;17
0517;15
0518;15
0519;22
0520;14
0521;13
0522;19
0523;17
0524;25
0525;19
0526;15
0527;9
0528;14
0529;27
0530;27
0531;17
0601;20
0602;13
0603;12
0604;16
0605;12
0606;20
0607;22
0608;15
0609;20
0610;12
0611;16
0612;13
0613;13
0614;15
0615;17
0616;9
0617;13
0618;16
0619;12
0620;17
0621;23
0622;14
0623;16
0624;10
0625;23
0626;24
0627;22
0628;20
0629;14
0630;18
0701;21
0702;12
0703;17
0704;20
0705;7
0706;9
0707;13
0708;15
0709;19
0710;17
0711;15
0712;13
0713;23
0714;20
0715;11
0716;12
0717;22
0718;19
0719;13
0720;19
0721;19
0722;16
0723;20
0724;15
0725;22
0726;14
0727;14
0728;19
0729;19
0730;23
0731;15
0801;18
0802;14
0803;12
0804;17
0805;22
0806;17
0807;15
0808;22
0809;20
0810;10
0811;17
0812;14
0813;15
0814;14
0815;13
0816;10
0817;17
0818;11
0819;15
0820;13
0821;25
0822;20
0823;25
0824;19
0825;13
0826;22
0827;14
0828;8
0829;17
0830;20
0831;20
0901;15
0902;17
0903;11
0904;16
0905;28
0906;18
0907;17
0908;16
0909;19
0910;16
0911;17
0912;15
0913;15
0914;17
0915;13
0916;13
0917;18
0918;10
0919;18
0920;24
0921;19
0922;18
0923;16
0924;22
0925;21
0926;16
0927;26
0928;18
0929;27
0930;21
1001;21
1002;18
1003;18
1004;20
1005;28
1006;27
1007;21
1008;15
1009;12
1010;18
1011;19
1012;19
1013;16
1014;12
1015;14
1016;18
1017;10
1018;21
1019;19
1020;20
1021;18
1022;10
1023;12
1024;13
1025;18
1026;19
1027;14
1028;19
1029;16
1030;20
1031;17
1101;14
1102;20
1103;15
1104;12
1105;22
1106;17
1107;11
1108;19
1109;20
1110;20
1111;23
1112;15
1113;15
1114;18
1115;13
1116;21
1117;16
1118;21
1119;25
1120;15
1121;20
1122;18
1123;12
1124;19
1125;27
1126;19
1127;18
1128;17
1129;8
1130;20
1201;15
1202;16
1203;14
1204;16
1205;19
1206;19
1207;21
1208;16
1209;19
1210;15
1211;18
1212;12
1213;14
1214;15
1215;22
1216;21
1217;28
1218;21
1219;23
1220;24
1221;26
1222;28
1223;15
1224;23
1225;25
1226;14
1227;26
1228;18
1229;15
1230;25
1231;16
