0101;9
0102;19
0103;9
0104;17
0105;11
0106;17
0107;18
0108;9
0109;22
0110;19
0111;13
0112;17
0113;13
0114;12
0115;17
0116;14
0117;15
0118;15
0119;12
0120;23
0121;15
0122;16
0123;9
0124;14
0125;13
0126;16
0127;15
0128;9
0129;14
0130;14
0131;10
0201;19
0202;17
0203;17
0204;19
0205;15
0206;12
0207;19
0208;14
0209;7
0210;16
0211;10
0212;11
0213;14
0214;13
0215;17
0216;16
0217;14
0218;7
0219;12
0220;5
0221;11
0222;16
0223;16
0224;14
0225;13
0226;16
0227;11
0228;11
0301;13
0302;10
0303;12
0304;20
0305;13
0306;13
0307;16
0308;18
0309;8
0310;8
0311;15
0312;9
0313;10
0314;19
0315;12
0316;12
0317;14
0318;13
0319;12
0320;13
0321;10
0322;15
0323;16
0324;15
0325;7
0326;14
0327;19
0328;16
0329;17
0330;9
0331;9
0401;19
0402;9
0403;9
0404;10
0405;14
0406;6
0407;15
0408;8
0409;13
0410;12
0411;14
0412;9
0413;14
0414;12
0415;13
0416;6
0417;16
0418;15
0419;12
0420;11
0421;17
0422;13
0423;14
0424;14
0425;12
0426;12
0427;9
0428;15
0429;13
0430;11
0501;15
0502;18
0503;15
0504;11
0505;11
0506;20
0507;14
0508;11
0509;8
0510;24
0511;14
0512;20
0513;14
0514;11
0515;14
0516;24
0517;7
0518;17
0519;9
0520;21
0521;10
0522;8
0523;10
0524;15
0525;6
0526;22
0527;19
0528;12
0529;12
0530;11
0531;12
0601;16
0602;11
0603;13
0604;18
0605;13
0606;13
0607;7
0608;12
0609;14
0610;7
0611;12
0612;10
0613;14
0614;11
0615;5
0616;13
0617;7
0618;9
0619;12
0620;16
0621;12
0622;15
0623;18
0624;15
0625;17
0626;16
0627;15
0628;13
0629;22
0630;15
0701;19
0702;4
0703;11
0704;13
0705;14
0706;12
0707;12
0708;12
0709;8
0710;15
0711;10
0712;6
0713;10
0714;11
0715;9
0716;9
0717;18
0718;9
0719;14
0720;4
0721;14
0722;6
0723;12
0724;6
0725;14
0726;15
0727;13
0728;15
0729;20
0730;20
0731;8
0801;12
0802;9
0803;15
0804;11
0805;12
0806;9
0807;15
0808;8
0809;7
0810;9
0811;11
0812;13
0813;11
0814;15
0815;12
0816;17
0817;12
0818;9
0819;12
0820;16
0821;10
0822;11
0823;14
0824;18
0825;11
0826;10
0827;14
0828;7
0829;8
0830;15
0831;13
0901;13
0902;13
0903;10
0904;12
0905;11
0906;10
0907;14
0908;14
0909;9
0910;10
0911;8
0912;12
0913;9
0914;12
0915;10
0916;11
0917;14
0918;17
0919;19
0920;7
0921;12
0922;12
0923;10
0924;10
0925;20
0926;19
0927;13
0928;14
0929;11
0930;9
1001;13
1002;22
1003;10
1004;7
1005;11
1006;20
1007;10
1008;11
1009;12
1010;9
1011;9
1012;15
1013;11
1014;10
1015;13
1016;9
1017;10
1018;17
1019;13
1020;9
1021;5
1022;7
1023;12
1024;9
1025;21
1026;8
1027;12
1028;17
1029;9
1030;11
1031;10
1101;11
1102;17
1103;11
1104;9
1105;15
1106;16
1107;13
1108;11
1109;11
1110;10
1111;11
1112;12
1113;14
1114;7
1115;9
1116;12
1117;14
1118;17
1119;19
1120;18
1121;9
1122;16
1123;8
1124;14
1125;6
1126;16
1127;16
1128;15
1129;16
1130;15
1201;12
1202;12
1203;17
1204;15
1205;7
1206;11
1207;8
1208;14
1209;9
1210;11
1211;13
1212;13
1213;8
1214;12
1215;10
1216;11
1217;12
1218;12
1219;15
1220;12
1221;14
1222;10
1223;16
1224;11
1225;12
1226;24
1227;12
1228;20
1229;17
1230;10
1231;14
