0101;8
0102;8
0103;8
0104;6
0105;9
0106;9
0107;7
0108;5
0109;4
0110;9
0111;10
0112;5
0113;5
0114;7
0115;9
0116;7
0117;11
0118;3
0119;8
0120;5
0121;5
0122;2
0123;3
0124;12
0125;6
0126;3
0127;8
0128;9
0129;4
0130;7
0131;2
0201;5
0202;8
0203;6
0204;12
0205;11
0206;8
0207;9
0208;6
0209;8
0210;5
0211;14
0212;7
0213;5
0214;2
0215;8
0216;11
0217;9
0218;3
0219;6
0220;6
0221;7
0222;3
0223;6
0224;12
0225;14
0226;9
0227;5
0228;11
0301;12
0302;5
0303;7
0304;12
0305;11
0306;7
0307;14
0308;7
0309;6
0310;9
0311;7
0312;9
0313;6
0314;7
0315;5
0316;8
0317;11
0318;4
0319;10
0320;9
0321;6
0322;8
0323;8
0324;9
0325;4
0326;10
0327;5
0328;6
0329;6
0330;7
0331;11
0401;5
0402;3
0403;9
0404;5
0405;5
0406;4
0407;4
0408;2
0409;5
0410;4
0411;4
0412;6
0413;6
0414;7
0415;12
0416;4
0417;11
0418;5
0419;5
0420;6
0421;4
0422;10
0423;7
0424;6
0425;7
0426;2
0427;5
0428;4
0429;9
0430;8
0501;8
0502;6
0503;7
0504;2
0505;6
0506;7
0507;6
0508;9
0509;10
0510;8
0511;7
0512;7
0513;8
0514;9
0515;8
0516;12
0517;4
0518;5
0519;5
0520;5
0521;5
0522;7
0523;7
0524;13
0525;9
0526;9
0527;8
0528;4
0529;13
0530;5
0531;4
0601;3
0602;12
0603;2
0604;6
0605;9
0606;6
0607;4
0608;6
0609;7
0610;5
0611;8
0612;6
0613;5
0614;7
0615;7
0616;6
0617;2
0618;6
0619;4
0620;6
0621;6
0622;11
0623;10
0624;5
0625;7
0626;12
0627;9
0628;4
0629;6
0630;2
0701;3
0702;9
0703;6
0704;7
0705;8
0706;2
0707;4
0708;6
0709;1
0710;1
0711;5
0712;4
0713;6
0714;4
0715;9
0716;6
0717;4
0718;4
0719;6
0720;3
0721;7
0722;2
0723;9
0724;5
0725;6
0726;2
0727;8
0728;3
0729;5
0730;12
0731;7
0801;5
0802;5
0803;4
0804;7
0805;7
0806;3
0807;4
0808;5
0809;2
0810;3
0811;5
0812;6
0813;5
0814;5
0815;6
0816;7
0817;7
0818;8
0819;5
0820;9
0821;8
0822;7
0823;6
0824;9
0825;5
0826;6
0827;8
0828;9
0829;3
0830;5
0831;5
0901;3
0902;8
0903;7
0904;2
0905;8
0906;4
0907;5
0908;4
0909;1
0910;6
0911;5
0912;7
0913;5
0914;5
0915;5
0916;7
0917;3
0918;6
0919;4
0920;5
0921;12
0922;7
0923;8
0924;6
0925;6
0927;5
0928;7
0929;1
0930;6
1001;7
1002;5
1003;6
1004;7
1005;5
1006;9
1007;12
1008;6
1009;4
1010;2
1011;6
1012;8
1013;4
1014;6
1015;4
1016;4
1017;5
1018;4
1019;11
1020;6
1021;5
1022;6
1023;8
1024;4
1025;7
1026;6
1027;5
1028;6
1029;8
1030;5
1031;1
1101;6
1102;9
1103;3
1104;5
1105;8
1106;5
1107;6
1108;9
1109;5
1110;9
1111;7
1112;4
1113;7
1114;7
1115;2
1116;7
1117;6
1118;7
1119;6
1120;5
1121;6
1122;4
1123;5
1124;9
1125;9
1126;4
1127;11
1128;5
1129;5
1130;9
1201;10
1202;8
1203;6
1204;6
1205;14
1206;4
1207;2
1208;4
1209;7
1210;9
1211;5
1212;8
1213;11
1214;5
1215;3
1216;11
1217;9
1218;9
1219;8
1220;6
1221;4
1222;10
1223;8
1224;9
1225;10
1226;14
1227;6
1228;8
1229;12
1230;5
1231;4
