0101;9
0102;6
0103;1
0104;3
0105;5
0106;8
0107;6
0108;2
0109;3
0110;4
0111;5
0112;10
0113;3
0114;6
0115;4
0116;6
0117;3
0118;5
0119;2
0121;4
0122;9
0123;5
0124;5
0125;6
0126;6
0127;5
0128;3
0129;4
0130;5
0131;6
0201;5
0202;5
0203;3
0204;7
0206;8
0207;4
0208;5
0209;2
0210;5
0211;7
0212;8
0213;7
0214;5
0215;4
0216;3
0217;4
0218;6
0219;1
0220;7
0221;4
0222;4
0223;7
0224;7
0225;5
0226;5
0227;6
0228;10
0301;7
0302;4
0303;6
0304;8
0305;3
0306;3
0307;9
0308;9
0309;6
0310;2
0311;6
0312;3
0313;8
0314;5
0315;4
0316;6
0317;3
0318;5
0319;8
0320;4
0321;3
0322;3
0323;5
0324;6
0325;8
0326;1
0327;4
0328;3
0329;4
0330;1
0331;5
0401;6
0402;8
0403;9
0404;4
0405;2
0406;6
0407;3
0408;5
0409;8
0410;5
0411;6
0412;6
0413;6
0414;3
0415;2
0416;3
0417;4
0418;6
0419;6
0420;6
0421;5
0422;1
0423;5
0424;1
0425;6
0426;6
0427;5
0428;6
0429;5
0430;6
0501;7
0502;7
0503;1
0504;7
0505;10
0506;2
0507;3
0508;5
0509;8
0510;3
0511;6
0512;4
0513;6
0514;4
0515;4
0516;2
0517;5
0518;3
0519;4
0520;3
0521;4
0522;3
0523;4
0524;2
0525;7
0526;4
0527;5
0528;5
0529;2
0530;5
0531;3
0601;3
0602;4
0603;3
0604;9
0605;5
0606;7
0607;2
0608;5
0609;5
0610;5
0611;8
0612;4
0613;4
0614;3
0615;5
0616;7
0617;5
0618;7
0619;4
0620;7
0621;3
0622;1
0623;2
0624;7
0625;6
0626;5
0627;8
0628;3
0629;4
0630;3
0701;3
0702;6
0703;7
0704;4
0705;4
0706;3
0707;5
0708;4
0709;5
0710;4
0711;5
0712;4
0713;5
0714;7
0715;7
0716;5
0717;2
0718;5
0719;3
0720;1
0721;4
0722;3
0723;8
0724;6
0725;4
0727;4
0728;3
0729;4
0730;3
0731;5
0801;7
0802;4
0803;9
0804;9
0805;6
0806;3
0807;3
0808;5
0809;5
0810;5
0811;1
0812;7
0813;3
0814;1
0815;7
0816;10
0817;4
0818;7
0819;2
0820;9
0821;2
0822;1
0823;3
0824;2
0825;3
0826;4
0828;3
0829;7
0830;3
0831;1
0902;7
0903;3
0904;4
0905;5
0906;7
0907;2
0908;3
0909;3
0910;6
0911;3
0912;2
0913;2
0914;6
0915;4
0916;1
0917;4
0918;2
0919;6
0920;6
0921;7
0922;3
0923;3
0924;4
0925;4
0926;4
0927;7
0928;1
0929;5
0930;2
1001;4
1002;5
1003;8
1004;4
1005;4
1006;5
1007;8
1008;3
1009;2
1010;7
1011;3
1012;3
1013;3
1014;6
1015;4
1016;3
1017;1
1018;8
1019;3
1020;3
1021;5
1022;6
1023;5
1024;7
1025;9
1026;3
1027;4
1028;6
1029;6
1030;6
1031;5
1101;6
1102;3
1103;5
1104;4
1105;5
1106;5
1107;8
1108;8
1109;6
1110;5
1111;2
1112;7
1113;2
1114;11
1115;4
1116;4
1117;3
1118;7
1119;2
1120;7
1121;5
1122;1
1123;6
1124;7
1125;5
1126;7
1127;6
1128;3
1129;5
1130;2
1201;4
1202;6
1203;10
1204;6
1205;5
1206;2
1207;4
1208;4
1209;9
1210;3
1211;3
1212;4
1213;6
1214;5
1215;3
1216;5
1217;6
1218;4
1219;5
1220;5
1221;2
1222;5
1223;5
1224;4
1225;9
1226;8
1227;6
1228;4
1229;5
1230;8
1231;8
