0101;24
0102;19
0103;28
0104;28
0105;19
0106;19
0107;19
0108;23
0109;29
0110;21
0111;28
0112;18
0113;25
0114;22
0115;35
0116;28
0117;21
0118;36
0119;31
0120;20
0121;26
0122;30
0123;28
0124;20
0125;27
0126;28
0127;22
0128;16
0129;34
0130;23
0131;30
0201;24
0202;25
0203;19
0204;19
0205;26
0206;20
0207;21
0208;26
0209;23
0210;25
0211;21
0212;15
0213;21
0214;23
0215;21
0216;27
0217;19
0218;25
0219;21
0220;23
0221;22
0222;22
0223;19
0224;28
0225;17
0226;14
0227;23
0228;25
0301;15
0302;20
0303;26
0304;14
0305;24
0306;29
0307;25
0308;33
0309;23
0310;27
0311;22
0312;20
0313;32
0314;29
0315;26
0316;26
0317;30
0318;18
0319;16
0320;30
0321;12
0322;21
0323;19
0324;19
0325;24
0326;19
0327;18
0328;20
0329;27
0330;27
0331;17
0401;25
0402;24
0403;20
0404;24
0405;16
0406;25
0407;19
0408;23
0409;32
0410;26
0411;20
0412;19
0413;23
0414;25
0415;18
0416;21
0417;24
0418;33
0419;18
0420;17
0421;25
0422;27
0423;18
0424;23
0425;23
0426;20
0427;26
0428;30
0429;24
0430;22
0501;19
0502;33
0503;28
0504;19
0505;36
0506;18
0507;16
0508;23
0509;22
0510;17
0511;27
0512;22
0513;24
0514;21
0515;22
0516;19
0517;22
0518;19
0519;23
0520;24
0521;18
0522;17
0523;30
0524;22
0525;25
0526;28
0527;18
0528;15
0529;27
0530;12
0531;19
0601;19
0602;29
0603;18
0604;20
0605;17
0606;24
0607;23
0608;21
0609;28
0610;26
0611;14
0612;19
0613;26
0614;32
0615;27
0616;29
0617;11
0618;29
0619;14
0620;20
0621;21
0622;22
0623;19
0624;21
0625;18
0626;21
0627;25
0628;17
0629;22
0630;25
0701;27
0702;28
0703;23
0704;26
0705;15
0706;26
0707;23
0708;18
0709;27
0710;21
0711;19
0712;27
0713;15
0714;19
0715;17
0716;18
0717;15
0718;29
0719;14
0720;23
0721;33
0722;22
0723;25
0724;23
0725;21
0726;23
0727;32
0728;28
0729;25
0730;19
0731;15
0801;15
0802;29
0803;30
0804;25
0805;25
0806;30
0807;25
0808;27
0809;21
0810;19
0811;20
0812;18
0813;21
0814;30
0815;18
0816;18
0817;14
0818;25
0819;16
0820;28
0821;23
0822;21
0823;24
0824;16
0825;24
0826;31
0827;25
0828;19
0829;22
0830;26
0831;21
0901;16
0902;24
0903;26
0904;14
0905;25
0906;29
0907;15
0908;18
0909;14
0910;26
0911;25
0912;24
0913;23
0914;21
0915;14
0916;18
0917;31
0918;19
0919;20
0920;16
0921;33
0922;23
0923;17
0924;29
0925;29
0926;32
0927;31
0928;24
0929;29
0930;19
1001;17
1002;24
1003;18
1004;20
1005;28
1006;22
1007;23
1008;29
1009;23
1010;27
1011;22
1012;21
1013;18
1014;26
1015;25
1016;25
1017;14
1018;17
1019;17
1020;21
1021;21
1022;29
1023;21
1024;27
1025;20
1026;15
1027;15
1028;25
1029;25
1030;23
1031;18
1101;23
1102;23
1103;22
1104;18
1105;27
1106;18
1107;25
1108;24
1109;22
1110;27
1111;25
1112;20
1113;20
1114;21
1115;17
1116;37
1117;26
1118;17
1119;24
1120;27
1121;18
1122;20
1123;26
1124;20
1125;17
1126;20
1127;26
1128;22
1129;14
1130;24
1201;22
1202;17
1203;21
1204;18
1205;24
1206;22
1207;21
1208;14
1209;23
1210;27
1211;21
1212;26
1213;29
1214;27
1215;22
1216;25
1217;19
1218;24
1219;31
1220;23
1221;26
1222;24
1223;26
1224;29
1225;22
1226;36
1227;21
1228;29
1229;22
1230;21
1231;18
