0101;25
0102;28
0103;25
0104;20
0105;17
0106;17
0107;14
0108;17
0109;16
0110;18
0111;22
0112;13
0113;19
0114;10
0115;20
0116;15
0117;20
0118;16
0119;16
0120;14
0121;14
0122;14
0123;26
0124;10
0125;13
0126;17
0127;15
0128;16
0129;17
0130;17
0131;13
0201;22
0202;17
0203;20
0204;22
0205;28
0206;25
0207;17
0208;11
0209;13
0210;14
0211;21
0212;20
0213;14
0214;17
0215;24
0216;20
0217;13
0218;21
0219;20
0220;16
0221;18
0222;20
0223;17
0224;12
0225;19
0226;13
0227;24
0228;12
0301;14
0302;24
0303;22
0304;19
0305;20
0306;20
0307;14
0308;20
0309;12
0310;20
0311;13
0312;18
0313;12
0314;20
0315;20
0316;17
0317;19
0318;15
0319;26
0320;26
0321;20
0322;11
0323;14
0324;19
0325;13
0326;18
0327;14
0328;18
0329;13
0330;15
0331;16
0401;15
0402;19
0403;18
0404;23
0405;14
0406;23
0407;14
0408;19
0409;14
0410;15
0411;17
0412;16
0413;17
0414;18
0415;19
0416;9
0417;22
0418;17
0419;17
0420;23
0421;13
0422;14
0423;20
0424;18
0425;22
0426;14
0427;22
0428;19
0429;21
0430;18
0501;23
0502;19
0503;32
0504;20
0505;14
0506;17
0507;19
0508;17
0509;16
0510;25
0511;18
0512;19
0513;22
0514;23
0515;13
0516;23
0517;17
0518;20
0519;16
0520;8
0521;20
0522;15
0523;6
0524;22
0525;17
0526;20
0527;21
0528;21
0529;10
0530;8
0531;22
0601;20
0602;16
0603;14
0604;14
0605;14
0606;13
0607;13
0608;13
0609;19
0610;11
0611;12
0612;11
0613;12
0614;14
0615;25
0616;17
0617;13
0618;18
0619;19
0620;20
0621;16
0622;25
0623;17
0624;16
0625;10
0626;18
0627;14
0628;18
0629;22
0630;17
0701;12
0702;17
0703;24
0704;20
0705;13
0706;16
0707;15
0708;14
0709;13
0710;17
0711;9
0712;21
0713;14
0714;12
0715;15
0716;9
0717;13
0718;15
0719;20
0720;11
0721;15
0722;12
0723;9
0724;21
0725;19
0726;21
0727;21
0728;19
0729;13
0730;21
0731;10
0801;11
0802;16
0803;16
0804;13
0805;13
0806;15
0807;14
0808;15
0809;18
0810;16
0811;8
0812;19
0813;15
0814;18
0815;15
0816;14
0817;15
0818;22
0819;22
0820;11
0821;16
0822;14
0823;13
0824;21
0825;15
0826;19
0827;13
0828;19
0829;13
0830;18
0831;21
0901;18
0902;16
0903;18
0904;12
0905;15
0906;11
0907;18
0908;16
0909;23
0910;16
0911;14
0912;18
0913;16
0914;14
0915;11
0916;15
0917;17
0918;25
0919;23
0920;15
0921;18
0922;14
0923;15
0924;21
0925;14
0926;10
0927;16
0928;18
0929;14
0930;13
1001;21
1002;13
1003;11
1004;16
1005;16
1006;15
1007;17
1008;17
1009;11
1010;11
1011;17
1012;18
1013;17
1014;12
1015;11
1016;19
1017;14
1018;12
1019;13
1020;12
1021;19
1022;20
1023;14
1024;11
1025;15
1026;24
1027;12
1028;20
1029;18
1030;27
1031;13
1101;5
1102;13
1103;18
1104;14
1105;17
1106;15
1107;12
1108;17
1109;16
1110;9
1111;18
1112;15
1113;16
1114;24
1115;16
1116;10
1117;27
1118;15
1119;13
1120;19
1121;15
1122;16
1123;9
1124;12
1125;13
1126;17
1127;22
1128;15
1129;14
1130;17
1201;17
1202;18
1203;20
1204;14
1205;25
1206;17
1207;14
1208;13
1209;20
1210;12
1211;21
1212;20
1213;20
1214;11
1215;19
1216;12
1217;16
1218;23
1219;20
1220;23
1221;20
1222;21
1223;16
1224;27
1225;19
1226;22
1227;8
1228;13
1229;20
1230;24
1231;23
