0101;11
0102;11
0103;7
0104;7
0105;8
0106;8
0107;7
0108;10
0109;7
0110;8
0111;9
0112;15
0113;5
0114;10
0115;5
0116;10
0117;7
0118;4
0119;9
0120;9
0121;9
0122;8
0123;7
0124;6
0125;5
0126;6
0127;15
0128;5
0129;5
0130;8
0131;12
0201;11
0202;4
0203;8
0204;6
0205;8
0206;5
0207;5
0208;9
0209;6
0210;6
0211;5
0212;11
0213;8
0214;1
0215;5
0216;5
0217;7
0218;5
0219;12
0220;6
0221;7
0222;4
0223;7
0224;4
0225;8
0226;9
0227;7
0228;8
0301;3
0302;6
0303;12
0304;9
0305;2
0306;12
0307;7
0308;6
0309;6
0310;4
0311;5
0312;6
0313;10
0314;2
0315;11
0316;10
0317;7
0318;10
0319;10
0320;4
0321;5
0322;3
0323;12
0324;6
0325;9
0326;9
0327;7
0328;8
0329;6
0330;6
0331;7
0401;4
0402;9
0403;10
0404;9
0405;11
0406;4
0407;8
0408;8
0409;5
0410;6
0411;5
0412;7
0413;9
0414;9
0415;9
0416;9
0417;15
0418;8
0419;8
0420;6
0421;7
0422;6
0423;7
0424;8
0425;10
0426;5
0427;9
0428;7
0429;9
0430;5
0501;3
0502;6
0503;9
0504;6
0505;6
0506;7
0507;11
0508;7
0509;8
0510;5
0511;4
0512;6
0513;9
0514;8
0515;9
0516;3
0517;7
0518;17
0519;5
0520;9
0521;12
0522;9
0523;8
0524;7
0525;7
0526;2
0527;5
0528;6
0529;9
0530;3
0531;9
0601;9
0602;6
0603;7
0604;4
0605;7
0606;8
0607;5
0608;7
0609;9
0610;14
0611;7
0612;16
0613;3
0614;11
0615;10
0616;8
0617;5
0618;3
0619;9
0620;8
0621;7
0622;8
0623;4
0624;3
0625;14
0626;8
0627;10
0628;6
0629;4
0630;4
0701;8
0702;6
0703;10
0704;4
0705;7
0706;5
0707;7
0708;4
0709;7
0710;5
0711;5
0712;12
0713;5
0714;9
0715;6
0716;13
0717;11
0718;12
0719;5
0720;4
0721;11
0722;6
0723;3
0724;7
0725;10
0726;7
0727;4
0728;6
0729;9
0730;10
0731;8
0801;4
0802;14
0803;4
0804;7
0805;11
0806;5
0807;11
0808;12
0809;6
0810;4
0811;7
0812;7
0813;13
0814;6
0815;6
0816;7
0817;9
0818;5
0819;4
0820;4
0821;7
0822;10
0823;7
0824;7
0825;6
0826;5
0827;5
0828;8
0829;5
0830;4
0831;6
0901;6
0902;7
0903;12
0904;3
0905;10
0906;11
0907;5
0908;3
0909;5
0910;11
0911;10
0912;5
0913;5
0914;5
0915;8
0916;14
0917;8
0918;10
0919;8
0920;6
0921;11
0922;10
0923;10
0924;4
0925;5
0926;4
0927;8
0928;5
0929;6
0930;7
1001;8
1002;6
1003;7
1004;8
1005;11
1006;7
1007;8
1008;4
1009;4
1010;9
1011;10
1012;8
1013;9
1014;6
1015;6
1016;8
1017;7
1018;7
1019;10
1020;5
1021;8
1022;8
1023;12
1024;1
1025;7
1026;7
1027;4
1028;13
1029;11
1030;9
1031;12
1101;8
1102;6
1103;7
1104;10
1105;6
1106;5
1107;7
1108;5
1109;15
1110;13
1111;4
1112;6
1113;10
1114;14
1115;7
1116;5
1117;10
1118;9
1119;12
1120;10
1121;7
1122;6
1123;5
1124;6
1125;6
1126;10
1127;6
1128;3
1129;8
1130;16
1201;9
1202;14
1203;3
1204;17
1205;9
1206;5
1207;7
1208;5
1209;8
1210;4
1211;11
1212;5
1213;9
1214;11
1215;9
1216;11
1217;7
1218;10
1219;13
1220;5
1221;10
1222;10
1223;12
1224;7
1225;13
1226;8
1227;10
1228;11
1229;14
1230;9
1231;11
