0101;8
0102;15
0103;20
0104;12
0105;15
0106;14
0107;19
0108;18
0109;20
0110;17
0111;9
0112;13
0113;12
0114;11
0115;7
0116;20
0117;18
0118;21
0119;13
0120;8
0121;9
0122;20
0123;17
0124;11
0125;16
0126;19
0127;13
0128;19
0129;9
0130;14
0131;9
0201;14
0202;14
0203;13
0204;10
0205;13
0206;16
0207;12
0208;8
0209;10
0210;19
0211;18
0212;15
0213;11
0214;20
0215;12
0216;16
0217;16
0218;21
0219;20
0220;11
0221;11
0222;9
0223;17
0224;16
0225;14
0226;13
0227;21
0228;17
0301;17
0302;16
0303;10
0304;10
0305;14
0306;12
0307;17
0308;16
0309;11
0310;9
0311;8
0312;16
0313;12
0314;17
0315;14
0316;14
0317;15
0318;8
0319;13
0320;12
0321;14
0322;7
0323;19
0324;8
0325;26
0326;11
0327;14
0328;11
0329;9
0330;10
0331;10
0401;17
0402;11
0403;11
0404;10
0405;19
0406;12
0407;12
0408;9
0409;16
0410;11
0411;12
0412;10
0413;16
0414;9
0415;14
0416;14
0417;11
0418;12
0419;9
0420;11
0421;22
0422;14
0423;12
0424;10
0425;10
0426;8
0427;12
0428;10
0429;12
0430;5
0501;8
0502;11
0503;12
0504;21
0505;12
0506;12
0507;6
0508;13
0509;17
0510;11
0511;16
0512;9
0513;13
0514;9
0515;13
0516;7
0517;15
0518;14
0519;12
0520;11
0521;13
0522;11
0523;8
0524;8
0525;9
0526;15
0527;6
0528;10
0529;11
0530;12
0531;13
0601;15
0602;11
0603;6
0604;10
0605;13
0606;13
0607;9
0608;7
0609;15
0610;6
0611;6
0612;4
0613;14
0614;14
0615;12
0616;16
0617;14
0618;14
0619;14
0620;14
0621;17
0622;9
0623;14
0624;11
0625;11
0626;13
0627;20
0628;17
0629;13
0630;10
0701;12
0702;11
0703;11
0704;21
0705;17
0706;13
0707;11
0708;14
0709;9
0710;19
0711;13
0712;14
0713;17
0714;12
0715;11
0716;12
0717;11
0718;12
0719;6
0720;9
0721;12
0722;11
0723;22
0724;23
0725;14
0726;14
0727;11
0728;22
0729;8
0730;23
0731;14
0801;18
0802;14
0803;11
0804;17
0805;14
0806;5
0807;16
0808;10
0809;19
0810;10
0811;8
0812;7
0813;14
0814;12
0815;7
0816;11
0817;9
0818;8
0819;15
0820;12
0821;10
0822;11
0823;8
0824;12
0825;12
0826;10
0827;10
0828;20
0829;14
0830;17
0831;14
0901;16
0902;6
0903;13
0904;15
0905;14
0906;8
0907;7
0908;16
0909;11
0910;20
0911;15
0912;10
0913;13
0914;10
0915;18
0916;9
0917;15
0918;10
0919;18
0920;14
0921;16
0922;11
0923;11
0924;7
0925;12
0926;13
0927;8
0928;12
0929;14
0930;12
1001;10
1002;9
1003;13
1004;16
1005;15
1006;9
1007;16
1008;11
1009;9
1010;16
1011;13
1012;9
1013;15
1014;8
1015;9
1016;7
1017;12
1018;14
1019;11
1020;23
1021;17
1022;11
1023;10
1024;15
1025;8
1026;8
1027;10
1028;11
1029;11
1030;13
1031;11
1101;11
1102;10
1103;7
1104;8
1105;11
1106;17
1107;14
1108;17
1109;16
1110;11
1111;15
1112;17
1113;9
1114;10
1115;8
1116;11
1117;15
1118;11
1119;21
1120;11
1121;16
1122;9
1123;13
1124;14
1125;25
1126;13
1127;7
1128;14
1129;24
1130;17
1201;7
1202;7
1203;10
1204;14
1205;17
1206;16
1207;10
1208;17
1209;14
1210;13
1211;17
1212;15
1213;18
1214;7
1215;11
1216;15
1217;13
1218;13
1219;23
1220;14
1221;19
1222;19
1223;20
1224;16
1225;19
1226;10
1227;17
1228;18
1229;17
1230;12
1231;13
