0000;1
0101;48
0102;59
0103;39
0104;54
0105;48
0106;43
0107;58
0108;61
0109;49
0110;50
0111;68
0112;65
0113;60
0114;49
0115;52
0116;54
0117;50
0118;48
0119;66
0120;63
0121;43
0122;57
0123;48
0124;38
0125;59
0126;51
0127;37
0128;45
0129;51
0130;58
0131;52
0201;42
0202;56
0203;41
0204;54
0205;53
0206;63
0207;68
0208;53
0209;50
0210;41
0211;66
0212;54
0213;58
0214;51
0215;45
0216;48
0217;40
0218;37
0219;45
0220;50
0221;48
0222;52
0223;55
0224;48
0225;49
0226;47
0227;54
0228;52
0301;55
0302;54
0303;66
0304;58
0305;61
0306;48
0307;57
0308;48
0309;49
0310;42
0311;41
0312;62
0313;53
0314;60
0315;52
0316;41
0317;54
0318;45
0319;63
0320;40
0321;57
0322;55
0323;54
0324;53
0325;58
0326;43
0327;56
0328;52
0329;47
0330;57
0331;43
0401;53
0402;50
0403;51
0404;51
0405;46
0406;59
0407;44
0408;43
0409;51
0410;59
0411;55
0412;51
0413;42
0414;53
0415;38
0416;34
0417;51
0418;54
0419;46
0420;39
0421;52
0422;33
0423;37
0424;52
0425;49
0426;50
0427;49
0428;51
0429;35
0430;42
0501;45
0502;47
0503;47
0504;46
0505;52
0506;43
0507;54
0508;40
0509;54
0510;39
0511;43
0512;53
0513;46
0514;42
0515;54
0516;58
0517;43
0518;46
0519;34
0520;39
0521;39
0522;53
0523;53
0524;53
0525;42
0526;48
0527;39
0528;38
0529;47
0530;59
0531;56
0601;47
0602;37
0603;41
0604;43
0605;47
0606;35
0607;50
0608;47
0609;48
0610;39
0611;43
0612;46
0613;34
0614;36
0615;38
0616;42
0617;35
0618;53
0619;49
0620;44
0621;63
0622;56
0623;39
0624;58
0625;45
0626;71
0627;64
0628;60
0629;40
0630;44
0701;42
0702;51
0703;45
0704;60
0705;48
0706;56
0707;50
0708;42
0709;47
0710;53
0711;41
0712;44
0713;34
0714;38
0715;55
0716;34
0717;36
0718;41
0719;33
0720;27
0721;37
0722;29
0723;42
0724;42
0725;38
0726;46
0727;46
0728;48
0729;44
0730;69
0731;48
0801;47
0802;39
0803;39
0804;33
0805;28
0806;31
0807;39
0808;49
0809;37
0810;42
0811;33
0812;46
0813;51
0814;42
0815;42
0816;44
0817;32
0818;36
0819;38
0820;36
0821;31
0822;37
0823;52
0824;45
0825;46
0826;49
0827;52
0828;38
0829;38
0830;39
0831;50
0901;42
0902;38
0903;42
0904;46
0905;43
0906;43
0907;50
0908;39
0909;46
0910;46
0911;40
0912;51
0913;41
0914;40
0915;44
0916;36
0917;37
0918;47
0919;40
0920;46
0921;37
0922;41
0923;58
0924;42
0925;56
0926;49
0927;48
0928;41
0929;43
0930;47
1001;41
1002;44
1003;35
1004;37
1005;55
1006;42
1007;39
1008;51
1009;43
1010;59
1011;43
1012;53
1013;41
1014;45
1015;41
1016;47
1017;55
1018;51
1019;46
1020;41
1021;38
1022;55
1023;46
1024;54
1025;46
1026;45
1027;41
1028;41
1029;34
1030;46
1031;52
1101;46
1102;38
1103;47
1104;45
1105;43
1106;47
1107;50
1108;56
1109;44
1110;43
1111;38
1112;49
1113;62
1114;58
1115;58
1116;55
1117;49
1118;57
1119;44
1120;35
1121;55
1122;42
1123;56
1124;43
1125;52
1126;51
1127;48
1128;52
1129;60
1130;51
1201;46
1202;59
1203;51
1204;39
1205;46
1206;65
1207;53
1208;45
1209;43
1210;52
1211;59
1212;47
1213;55
1214;38
1215;51
1216;54
1217;43
1218;58
1219;53
1220;66
1221;61
1222;47
1223;57
1224;56
1225;43
1226;58
1227;52
1228;54
1229;45
1230;37
1231;46
