0101;36
0102;39
0103;50
0104;33
0105;46
0106;34
0107;41
0108;39
0109;44
0110;35
0111;35
0112;42
0113;37
0114;41
0115;42
0116;38
0117;43
0118;33
0119;33
0120;50
0121;39
0122;38
0123;43
0124;41
0125;37
0126;38
0127;27
0128;36
0129;31
0130;37
0131;24
0201;31
0202;40
0203;50
0204;20
0205;39
0206;29
0207;29
0208;30
0209;35
0210;35
0211;32
0212;46
0213;25
0214;26
0215;28
0216;33
0217;37
0218;29
0219;39
0220;32
0221;26
0222;33
0223;30
0224;27
0225;19
0226;31
0227;40
0228;32
0301;35
0302;34
0303;28
0304;33
0305;29
0306;35
0307;33
0308;34
0309;35
0310;42
0311;42
0312;27
0313;31
0314;33
0315;24
0316;39
0317;29
0318;32
0319;35
0320;29
0321;36
0322;24
0323;33
0324;35
0325;21
0326;37
0327;26
0328;30
0329;42
0330;31
0331;35
0401;35
0402;31
0403;34
0404;23
0405;30
0406;24
0407;29
0408;38
0409;25
0410;34
0411;31
0412;31
0413;39
0414;23
0415;33
0416;36
0417;29
0418;38
0419;28
0420;26
0421;26
0422;32
0423;31
0424;26
0425;30
0426;28
0427;27
0428;37
0429;28
0430;34
0501;39
0502;38
0503;37
0504;27
0505;27
0506;27
0507;27
0508;34
0509;39
0510;38
0511;28
0512;23
0513;29
0514;34
0515;30
0516;32
0517;36
0518;38
0519;29
0520;23
0521;31
0522;22
0523;33
0524;30
0525;38
0526;39
0527;24
0528;31
0529;46
0530;24
0531;29
0601;31
0602;19
0603;29
0604;22
0605;32
0606;22
0607;20
0608;30
0609;22
0610;33
0611;25
0612;34
0613;28
0614;31
0615;32
0616;41
0617;20
0618;21
0619;30
0620;24
0621;24
0622;30
0623;27
0624;25
0625;37
0626;31
0627;30
0628;31
0629;37
0630;27
0701;17
0702;26
0703;33
0704;44
0705;39
0706;29
0707;25
0708;22
0709;32
0710;27
0711;34
0712;43
0713;24
0714;29
0715;25
0716;22
0717;44
0718;26
0719;19
0720;31
0721;29
0722;31
0723;30
0724;29
0725;33
0726;34
0727;25
0728;35
0729;33
0730;33
0731;29
0801;32
0802;33
0803;28
0804;15
0805;27
0806;25
0807;22
0808;28
0809;40
0810;20
0811;31
0812;30
0813;27
0814;23
0815;35
0816;23
0817;21
0818;28
0819;28
0820;26
0821;26
0822;31
0823;24
0824;29
0825;29
0826;23
0827;33
0828;17
0829;30
0830;24
0831;32
0901;34
0902;28
0903;31
0904;26
0905;32
0906;24
0907;32
0908;28
0909;25
0910;21
0911;30
0912;40
0913;30
0914;20
0915;22
0916;27
0917;35
0918;30
0919;32
0920;31
0921;27
0922;23
0923;29
0924;30
0925;26
0926;19
0927;30
0928;26
0929;31
0930;23
1001;28
1002;34
1003;24
1004;30
1005;23
1006;26
1007;30
1008;29
1009;30
1010;26
1011;37
1012;30
1013;28
1014;38
1015;30
1016;31
1017;38
1018;29
1019;30
1020;32
1021;31
1022;34
1023;37
1024;35
1025;28
1026;35
1027;31
1028;33
1029;33
1030;32
1031;21
1101;20
1102;34
1103;38
1104;36
1105;31
1106;25
1107;37
1108;33
1109;27
1110;31
1111;29
1112;43
1113;42
1114;28
1115;35
1116;30
1117;41
1118;32
1119;41
1120;34
1121;46
1122;33
1123;37
1124;36
1125;30
1126;33
1127;33
1128;22
1129;26
1130;35
1201;35
1202;24
1203;35
1204;31
1205;33
1206;24
1207;23
1208;19
1209;20
1210;31
1211;28
1212;33
1213;26
1214;33
1215;30
1216;26
1217;30
1218;25
1219;37
1220;43
1221;39
1222;40
1223;36
1224;38
1225;44
1226;38
1227;22
1228;43
1229;26
1230;40
1231;49
