0101;6
0102;10
0103;9
0104;7
0105;7
0106;9
0107;11
0108;11
0109;11
0110;6
0111;12
0112;10
0113;9
0114;9
0115;11
0116;14
0117;11
0118;5
0119;14
0120;12
0121;9
0122;10
0123;6
0124;11
0125;8
0126;8
0127;12
0128;7
0129;13
0130;10
0131;9
0201;15
0202;5
0203;6
0204;6
0205;10
0206;9
0207;11
0208;16
0209;9
0210;7
0211;14
0212;14
0213;11
0214;8
0215;9
0216;8
0217;9
0218;15
0219;10
0220;16
0221;14
0222;15
0223;7
0224;15
0225;4
0226;11
0227;7
0228;9
0301;13
0302;14
0303;6
0304;14
0305;6
0306;13
0307;11
0308;12
0309;7
0310;13
0311;11
0312;13
0313;7
0314;7
0315;13
0316;6
0317;11
0318;7
0319;13
0320;7
0321;6
0322;15
0323;10
0324;12
0325;1
0326;7
0327;9
0328;10
0329;4
0330;6
0331;9
0401;11
0402;8
0403;5
0404;7
0405;11
0406;7
0407;8
0408;7
0409;6
0410;10
0411;5
0412;4
0413;8
0414;9
0415;10
0416;8
0417;9
0418;9
0419;8
0420;4
0421;8
0422;8
0423;7
0424;6
0425;9
0426;12
0427;5
0428;11
0429;11
0430;11
0501;4
0502;12
0503;12
0504;9
0505;5
0506;8
0507;9
0508;7
0509;9
0510;10
0511;4
0512;9
0513;12
0514;10
0515;8
0516;5
0517;8
0518;8
0519;7
0520;10
0521;6
0522;10
0523;11
0524;9
0525;10
0526;8
0527;7
0528;10
0529;7
0530;10
0531;10
0601;9
0602;13
0603;8
0604;8
0605;4
0606;14
0607;4
0608;5
0609;3
0610;4
0611;4
0612;11
0613;4
0614;11
0615;6
0616;13
0617;8
0618;3
0619;13
0620;8
0621;5
0622;10
0623;11
0624;3
0625;8
0626;14
0627;5
0628;9
0629;6
0630;8
0701;8
0702;12
0703;14
0704;8
0705;3
0706;6
0707;5
0708;6
0709;8
0710;11
0711;10
0712;10
0713;5
0714;14
0715;9
0716;9
0717;13
0718;10
0719;5
0720;18
0721;10
0722;8
0723;3
0724;7
0725;9
0726;9
0727;9
0728;8
0729;8
0730;6
0731;2
0801;9
0802;16
0803;8
0804;7
0805;7
0806;3
0807;7
0808;8
0809;11
0810;7
0811;8
0812;4
0813;3
0814;8
0815;13
0816;5
0817;4
0818;9
0819;11
0820;7
0821;6
0822;12
0823;4
0824;7
0825;11
0826;8
0827;11
0828;7
0829;4
0830;11
0831;7
0901;7
0902;9
0903;10
0904;8
0905;6
0906;12
0907;3
0908;14
0909;13
0910;8
0911;10
0912;8
0913;5
0914;7
0915;7
0916;10
0917;2
0918;8
0919;8
0920;13
0921;9
0922;13
0923;6
0924;13
0925;5
0926;9
0927;10
0928;8
0929;8
0930;7
1001;13
1002;11
1003;8
1004;8
1005;11
1006;9
1007;8
1008;13
1009;10
1010;12
1011;17
1012;8
1013;5
1014;3
1015;5
1016;7
1017;10
1018;4
1019;10
1020;10
1021;12
1022;6
1023;10
1024;11
1025;13
1026;10
1027;12
1028;8
1029;8
1030;6
1031;8
1101;5
1102;6
1103;10
1104;7
1105;1
1106;10
1107;9
1108;7
1109;6
1110;9
1111;6
1112;8
1113;7
1114;13
1115;12
1116;11
1117;6
1118;6
1119;9
1120;3
1121;10
1122;11
1123;8
1124;11
1125;8
1126;7
1127;6
1128;5
1129;12
1130;12
1201;11
1202;6
1203;13
1204;9
1205;6
1206;9
1207;6
1208;12
1209;15
1210;13
1211;5
1212;13
1213;8
1214;13
1215;7
1216;15
1217;7
1218;10
1219;13
1220;9
1221;12
1222;9
1223;12
1224;14
1225;10
1226;10
1227;11
1228;10
1229;7
1230;11
1231;11
