0101;6
0102;8
0103;5
0104;5
0105;3
0106;3
0107;5
0108;6
0109;4
0110;4
0111;8
0112;3
0113;4
0114;7
0115;4
0116;4
0117;7
0118;6
0119;5
0120;5
0121;3
0122;9
0123;3
0124;5
0125;4
0126;6
0127;8
0128;10
0129;5
0130;2
0131;7
0201;6
0202;11
0203;4
0204;1
0205;5
0206;4
0207;6
0208;2
0209;4
0210;8
0211;5
0212;6
0213;8
0214;7
0215;2
0216;7
0217;3
0218;8
0219;5
0220;10
0221;6
0222;7
0223;5
0224;3
0225;7
0226;5
0227;5
0228;9
0301;3
0302;7
0303;5
0304;11
0305;9
0306;6
0307;8
0308;9
0309;8
0310;6
0311;7
0312;3
0313;7
0314;10
0315;4
0316;2
0317;6
0318;5
0319;8
0320;7
0321;4
0322;6
0323;4
0324;3
0325;5
0326;5
0327;3
0328;7
0329;4
0330;2
0331;4
0401;4
0402;7
0403;5
0404;6
0405;4
0406;4
0407;8
0408;7
0409;2
0410;5
0411;6
0412;2
0413;1
0414;7
0415;6
0416;2
0417;3
0418;7
0419;7
0420;5
0421;9
0422;9
0423;11
0424;10
0425;12
0426;7
0427;6
0428;4
0429;6
0430;2
0501;6
0502;3
0503;3
0504;8
0505;9
0506;1
0507;1
0508;3
0509;5
0510;9
0511;8
0512;10
0513;6
0514;5
0515;5
0516;3
0517;2
0518;6
0519;3
0520;5
0521;8
0522;8
0523;8
0524;12
0525;4
0526;8
0527;6
0528;7
0529;7
0530;4
0531;7
0601;3
0602;4
0603;2
0604;6
0605;3
0606;9
0607;5
0608;6
0609;6
0610;7
0611;3
0612;4
0613;4
0614;7
0615;2
0616;7
0617;4
0618;5
0619;12
0620;8
0621;2
0622;4
0623;10
0624;6
0625;3
0626;5
0627;7
0628;9
0629;4
0630;1
0701;7
0702;3
0703;5
0704;9
0705;6
0706;8
0707;8
0708;4
0709;6
0710;9
0711;7
0712;2
0713;3
0714;6
0715;7
0716;5
0717;7
0718;4
0719;5
0720;8
0721;5
0722;6
0723;8
0724;7
0725;2
0726;2
0727;6
0728;6
0729;4
0730;6
0731;4
0801;7
0802;5
0803;4
0804;5
0805;7
0806;2
0807;3
0808;6
0809;4
0810;3
0811;4
0813;3
0814;10
0815;6
0816;2
0817;8
0818;6
0819;5
0820;4
0821;5
0822;6
0823;7
0824;4
0825;1
0826;5
0827;5
0828;2
0829;8
0830;4
0831;4
0901;3
0902;4
0903;7
0904;8
0905;10
0906;5
0907;2
0908;10
0909;3
0910;6
0911;3
0912;2
0913;8
0914;7
0915;4
0916;3
0917;5
0918;4
0919;6
0920;7
0921;6
0922;5
0923;4
0924;2
0925;4
0926;3
0927;2
0928;3
0929;6
0930;4
1001;7
1002;3
1003;5
1004;3
1005;1
1006;7
1007;2
1008;3
1009;3
1010;3
1011;1
1012;5
1013;3
1014;4
1015;11
1016;5
1017;10
1018;3
1019;5
1020;9
1021;6
1022;3
1023;10
1024;6
1025;9
1026;8
1027;10
1028;4
1029;5
1030;8
1031;4
1101;8
1102;2
1103;7
1104;4
1105;8
1106;3
1107;7
1108;7
1109;5
1110;4
1111;7
1112;8
1113;10
1114;5
1115;5
1116;6
1117;4
1118;4
1119;2
1120;4
1121;4
1122;6
1123;6
1124;4
1125;5
1126;7
1127;7
1128;6
1129;8
1130;5
1201;4
1202;4
1203;8
1204;3
1205;5
1206;9
1207;7
1208;2
1209;7
1210;8
1211;8
1212;1
1213;6
1214;1
1215;6
1216;4
1217;3
1218;4
1219;9
1220;4
1221;7
1222;5
1223;5
1224;8
1225;8
1226;5
1227;9
1228;1
1229;13
1230;7
1231;6
