0101;12
0102;14
0103;24
0104;17
0105;18
0106;10
0107;16
0108;19
0109;11
0110;13
0111;14
0112;10
0113;11
0114;8
0115;15
0116;16
0117;12
0118;17
0119;25
0120;18
0121;22
0122;14
0123;16
0124;14
0125;15
0126;16
0127;24
0128;8
0129;17
0130;14
0131;17
0201;16
0202;13
0203;23
0204;16
0205;14
0206;21
0207;12
0208;16
0209;8
0210;14
0211;17
0212;14
0213;13
0214;12
0215;10
0216;13
0217;14
0218;14
0219;12
0220;9
0221;16
0222;15
0223;12
0224;22
0225;14
0226;16
0227;19
0228;10
0301;13
0302;17
0303;15
0304;18
0305;25
0306;9
0307;14
0308;12
0309;10
0310;17
0311;12
0312;14
0313;11
0314;16
0315;13
0316;22
0317;13
0318;17
0319;21
0320;19
0321;11
0322;6
0323;18
0324;13
0325;14
0326;9
0327;18
0328;17
0329;17
0330;11
0331;19
0401;11
0402;10
0403;18
0404;12
0405;9
0406;13
0407;14
0408;13
0409;15
0410;22
0411;17
0412;14
0413;9
0414;15
0415;13
0416;18
0417;18
0418;17
0419;17
0420;12
0421;18
0422;15
0423;8
0424;12
0425;13
0426;20
0427;16
0428;9
0429;12
0430;12
0501;11
0502;13
0503;12
0504;19
0505;19
0506;11
0507;13
0508;11
0509;12
0510;20
0511;13
0512;20
0513;13
0514;9
0515;7
0516;15
0517;11
0518;12
0519;12
0520;18
0521;20
0522;17
0523;20
0524;15
0525;16
0526;14
0527;8
0528;13
0529;10
0530;17
0531;19
0601;18
0602;11
0603;14
0604;11
0605;8
0606;18
0607;11
0608;16
0609;16
0610;18
0611;15
0612;6
0613;13
0614;14
0615;9
0616;13
0617;11
0618;12
0619;13
0620;18
0621;14
0622;14
0623;18
0624;11
0625;19
0626;15
0627;15
0628;14
0629;9
0630;14
0701;12
0702;13
0703;20
0704;14
0705;18
0706;13
0707;12
0708;8
0709;12
0710;8
0711;14
0712;9
0713;15
0714;12
0715;11
0716;10
0717;12
0718;12
0719;11
0720;13
0721;13
0722;13
0723;16
0724;15
0725;11
0726;13
0727;16
0728;14
0729;15
0730;10
0731;15
0801;11
0802;21
0803;15
0804;14
0805;9
0806;8
0807;13
0808;9
0809;9
0810;13
0811;16
0812;20
0813;10
0814;15
0815;16
0816;18
0817;15
0818;13
0819;14
0820;24
0821;17
0822;10
0823;12
0824;21
0825;18
0826;17
0827;13
0828;17
0829;17
0830;12
0831;17
0901;12
0902;10
0903;14
0904;17
0905;9
0906;11
0907;14
0908;12
0909;15
0910;9
0911;8
0912;7
0913;9
0914;12
0915;12
0916;13
0917;16
0918;9
0919;18
0920;20
0921;14
0922;15
0923;16
0924;14
0925;13
0926;13
0927;12
0928;16
0929;13
0930;8
1001;18
1002;13
1003;12
1004;9
1005;11
1006;21
1007;8
1008;12
1009;15
1010;6
1011;13
1012;13
1013;12
1014;13
1015;15
1016;18
1017;13
1018;18
1019;14
1020;9
1021;13
1022;14
1023;10
1024;14
1025;14
1026;10
1027;11
1028;14
1029;20
1030;19
1031;15
1101;10
1102;16
1103;11
1104;11
1105;14
1106;14
1107;18
1108;13
1109;11
1110;8
1111;15
1112;11
1113;6
1114;12
1115;11
1116;19
1117;9
1118;19
1119;13
1120;12
1121;7
1122;21
1123;18
1124;15
1125;9
1126;12
1127;10
1128;22
1129;15
1130;12
1201;12
1202;19
1203;13
1204;15
1205;16
1206;13
1207;19
1208;16
1209;15
1210;9
1211;20
1212;15
1213;11
1214;14
1215;14
1216;7
1217;16
1218;13
1219;19
1220;13
1221;14
1222;18
1223;11
1224;14
1225;17
1226;12
1227;22
1228;11
1229;20
1230;11
1231;22
