0101;8
0102;6
0103;4
0104;2
0105;5
0106;9
0107;1
0108;6
0109;5
0110;7
0111;7
0112;11
0113;5
0114;8
0115;4
0116;3
0117;11
0118;7
0119;6
0120;7
0121;3
0122;8
0123;7
0124;9
0125;7
0126;6
0127;9
0128;5
0129;5
0130;5
0131;6
0201;8
0202;6
0203;9
0204;5
0205;5
0206;8
0207;6
0208;7
0209;5
0210;14
0211;9
0212;6
0213;8
0214;10
0215;10
0216;9
0217;5
0218;6
0219;10
0220;6
0221;8
0222;7
0223;7
0224;8
0225;9
0226;13
0227;9
0228;7
0301;4
0302;5
0303;6
0304;8
0305;5
0306;7
0307;11
0308;9
0309;10
0310;10
0311;5
0312;6
0313;9
0314;7
0315;9
0316;3
0317;3
0318;9
0319;10
0320;7
0321;4
0322;5
0323;7
0324;5
0325;2
0326;6
0327;5
0328;9
0329;8
0330;8
0331;10
0401;9
0402;6
0403;6
0404;6
0405;4
0406;6
0407;5
0408;7
0409;6
0410;10
0411;8
0412;4
0413;4
0414;7
0415;5
0416;9
0417;9
0418;5
0419;8
0420;9
0421;6
0422;7
0423;9
0424;7
0425;8
0426;8
0427;5
0428;9
0429;5
0430;7
0501;8
0502;10
0503;6
0504;5
0505;8
0506;9
0507;8
0508;8
0509;5
0510;7
0511;8
0512;2
0513;5
0514;9
0515;9
0516;2
0517;8
0518;7
0519;12
0520;15
0521;5
0522;14
0523;7
0524;9
0525;6
0526;6
0527;11
0528;5
0529;8
0530;6
0531;3
0601;9
0602;3
0603;9
0604;8
0605;11
0606;13
0607;3
0608;4
0609;8
0610;10
0611;14
0612;10
0613;5
0614;14
0615;9
0616;6
0617;5
0618;5
0619;10
0620;7
0621;8
0622;11
0623;6
0624;5
0625;9
0626;10
0627;10
0628;7
0629;9
0630;8
0701;8
0702;10
0703;8
0704;10
0705;12
0706;5
0707;7
0708;7
0709;4
0710;10
0711;4
0712;12
0713;12
0714;5
0715;5
0716;6
0717;8
0718;1
0719;11
0720;11
0721;6
0722;6
0723;7
0724;10
0725;6
0726;9
0727;6
0728;10
0729;6
0730;6
0731;6
0801;7
0802;6
0803;5
0804;7
0805;5
0806;10
0807;4
0808;4
0809;9
0810;11
0811;6
0812;10
0813;13
0814;5
0815;10
0816;6
0817;11
0818;9
0819;11
0820;14
0821;9
0822;4
0823;8
0824;8
0825;7
0826;6
0827;7
0828;6
0829;15
0830;8
0831;10
0901;8
0902;10
0903;16
0904;7
0905;8
0906;7
0907;10
0908;9
0909;6
0910;6
0911;8
0912;8
0913;7
0914;9
0915;14
0916;7
0917;8
0918;17
0919;8
0920;4
0921;8
0922;5
0923;15
0924;5
0925;12
0926;3
0927;7
0928;6
0929;14
0930;7
1001;7
1002;9
1003;11
1004;6
1005;7
1006;8
1007;11
1008;4
1009;6
1010;7
1011;7
1012;7
1013;10
1014;13
1015;7
1016;3
1017;9
1018;9
1019;11
1020;7
1021;4
1022;7
1023;10
1024;6
1025;7
1026;11
1027;3
1028;12
1029;4
1030;5
1031;8
1101;9
1102;7
1103;13
1104;7
1105;11
1106;7
1107;5
1108;6
1109;8
1110;10
1111;5
1112;6
1113;5
1114;14
1115;8
1116;3
1117;10
1118;8
1119;10
1120;7
1121;7
1122;10
1123;4
1124;5
1125;8
1126;6
1127;11
1128;3
1129;10
1130;11
1201;6
1202;4
1203;7
1204;10
1205;7
1206;8
1207;7
1208;7
1209;6
1210;7
1211;2
1212;6
1213;4
1214;10
1215;5
1216;6
1217;6
1218;10
1219;13
1220;10
1221;8
1222;12
1223;5
1224;12
1225;13
1226;6
1227;6
1228;6
1229;12
1230;6
1231;8
