0101;16
0102;5
0103;8
0104;12
0105;12
0106;12
0107;11
0108;18
0109;15
0110;2
0111;16
0112;2
0113;10
0114;8
0115;19
0116;9
0117;6
0118;14
0119;10
0120;8
0121;18
0122;4
0123;9
0124;14
0125;9
0126;13
0127;10
0128;6
0129;7
0130;7
0131;10
0201;9
0202;8
0203;8
0204;6
0205;11
0206;4
0207;4
0208;11
0209;6
0210;3
0211;12
0212;6
0213;6
0214;1
0215;2
0216;4
0217;9
0218;7
0219;6
0220;7
0221;6
0222;3
0223;7
0224;3
0225;8
0226;6
0227;6
0228;6
0301;8
0302;8
0303;5
0304;3
0305;7
0306;4
0307;6
0308;5
0309;3
0310;8
0311;4
0312;7
0313;3
0314;4
0315;3
0316;8
0317;6
0318;4
0319;7
0320;5
0321;5
0322;6
0323;5
0324;2
0326;5
0327;7
0328;3
0329;2
0330;1
0331;3
0401;3
0402;5
0403;6
0404;3
0405;3
0406;3
0407;5
0408;5
0409;7
0410;4
0411;3
0412;4
0413;4
0414;2
0415;3
0416;2
0417;4
0418;2
0419;4
0420;3
0421;2
0422;5
0423;5
0424;2
0425;4
0426;7
0427;5
0428;7
0429;9
0430;5
0501;5
0502;4
0503;3
0504;5
0505;3
0506;1
0507;3
0508;6
0509;5
0510;3
0511;3
0512;5
0513;3
0514;5
0515;4
0516;2
0517;4
0518;7
0519;3
0520;7
0521;2
0522;4
0523;4
0524;1
0525;3
0526;2
0527;2
0528;1
0529;5
0530;4
0531;7
0601;5
0602;3
0603;4
0604;6
0605;4
0607;1
0608;6
0609;2
0610;4
0611;7
0612;4
0613;4
0614;6
0615;4
0616;6
0617;2
0618;2
0619;11
0620;10
0621;11
0622;2
0623;9
0624;5
0625;2
0626;3
0627;6
0628;10
0629;11
0630;9
0701;7
0702;3
0703;7
0704;8
0705;8
0706;5
0707;4
0708;3
0709;8
0710;6
0711;10
0712;6
0713;8
0714;5
0715;3
0716;6
0717;4
0718;3
0719;10
0720;5
0721;3
0722;5
0723;3
0724;5
0725;5
0726;6
0727;4
0728;6
0729;4
0730;7
0731;4
0801;4
0802;6
0803;3
0804;2
0805;6
0806;2
0807;4
0808;6
0809;2
0810;6
0811;4
0812;1
0813;7
0814;3
0815;3
0816;3
0817;1
0818;6
0819;7
0820;5
0821;2
0822;1
0823;4
0824;6
0825;3
0826;4
0827;4
0828;5
0829;4
0830;5
0831;2
0901;5
0902;3
0903;3
0904;2
0905;7
0906;3
0907;4
0908;4
0909;2
0910;4
0911;4
0912;9
0913;4
0914;5
0915;2
0916;2
0917;8
0918;7
0919;9
0920;3
0921;3
0922;1
0923;7
0924;2
0925;6
0926;3
0927;5
0928;4
0929;6
0930;3
1001;1
1002;7
1003;6
1004;4
1005;3
1006;5
1007;4
1008;3
1009;8
1010;9
1011;8
1012;2
1013;3
1014;7
1015;9
1016;3
1017;4
1018;5
1019;3
1020;6
1021;6
1022;6
1023;5
1024;1
1025;6
1026;5
1027;6
1028;1
1029;1
1030;8
1031;3
1101;4
1102;3
1103;5
1104;5
1105;6
1106;7
1107;8
1108;3
1109;4
1110;2
1111;6
1112;4
1113;6
1114;4
1115;4
1116;4
1117;4
1118;2
1119;3
1120;4
1121;5
1122;4
1123;2
1124;6
1125;6
1126;1
1127;4
1128;7
1129;6
1130;9
1201;2
1203;2
1204;5
1205;6
1206;6
1207;7
1208;3
1209;7
1210;3
1211;6
1212;7
1213;5
1214;5
1215;6
1216;4
1217;8
1218;5
1219;4
1220;2
1221;8
1222;3
1223;9
1224;5
1225;6
1226;5
1227;5
1228;7
1229;9
1230;7
1231;6
