0101;9
0102;9
0103;9
0104;13
0105;11
0106;11
0107;5
0108;16
0109;15
0110;6
0111;4
0112;12
0113;7
0114;13
0115;7
0116;13
0117;14
0118;16
0119;11
0120;5
0121;11
0122;7
0123;15
0124;17
0125;13
0126;9
0127;22
0128;32
0129;12
0130;8
0131;8
0201;12
0202;5
0203;10
0204;14
0205;8
0206;6
0207;12
0208;7
0209;11
0210;5
0211;8
0212;8
0213;7
0214;5
0215;7
0216;12
0217;9
0218;9
0219;7
0220;6
0221;6
0222;11
0223;10
0224;8
0225;6
0226;19
0227;6
0228;6
0301;9
0302;4
0303;8
0304;9
0305;6
0306;11
0307;8
0308;8
0309;11
0310;6
0311;7
0312;6
0313;10
0314;4
0315;6
0316;12
0317;6
0318;4
0319;5
0320;3
0321;15
0322;7
0323;3
0324;4
0325;7
0326;9
0327;6
0328;4
0329;8
0330;6
0331;12
0401;8
0402;8
0403;5
0404;5
0405;10
0406;10
0407;8
0408;9
0409;9
0410;5
0411;7
0412;7
0413;11
0414;7
0415;8
0416;4
0417;9
0418;8
0419;6
0420;5
0421;11
0422;6
0423;11
0424;4
0425;5
0426;14
0427;7
0428;9
0429;5
0430;3
0501;7
0502;4
0503;7
0504;3
0505;12
0506;11
0507;7
0508;7
0509;4
0510;8
0511;7
0512;8
0513;6
0514;8
0515;5
0516;4
0517;10
0518;1
0519;6
0520;5
0521;8
0522;7
0523;5
0524;9
0525;11
0526;14
0527;5
0528;12
0529;4
0530;11
0531;8
0601;13
0602;6
0603;1
0604;7
0605;3
0606;5
0607;5
0608;5
0609;4
0610;9
0611;7
0612;9
0613;6
0614;8
0615;7
0616;4
0617;6
0618;9
0619;6
0620;3
0621;3
0622;5
0623;7
0624;8
0625;5
0626;5
0627;10
0628;10
0629;8
0630;9
0701;11
0702;5
0703;13
0704;4
0705;9
0706;11
0707;6
0708;6
0709;3
0710;6
0711;6
0712;4
0713;6
0714;6
0715;4
0716;8
0717;2
0718;8
0719;8
0720;11
0721;5
0722;5
0723;2
0724;11
0725;5
0726;8
0727;9
0728;7
0729;9
0730;7
0731;12
0801;11
0802;15
0803;6
0804;21
0805;12
0806;3
0807;15
0808;10
0809;12
0810;16
0811;5
0812;9
0813;9
0814;9
0815;3
0816;7
0817;12
0818;12
0819;10
0820;13
0821;9
0822;12
0823;10
0824;13
0825;12
0826;8
0827;10
0828;4
0829;15
0830;9
0831;6
0901;11
0902;5
0903;5
0904;4
0905;7
0906;6
0907;9
0908;9
0909;3
0910;7
0911;10
0912;10
0913;7
0914;8
0915;10
0916;6
0917;4
0918;6
0919;6
0920;8
0921;6
0922;9
0923;8
0924;7
0925;8
0926;8
0927;4
0928;8
0929;8
0930;11
1001;8
1002;9
1003;10
1004;12
1005;7
1006;12
1007;11
1008;7
1009;8
1010;11
1011;9
1012;6
1013;9
1014;7
1015;4
1016;9
1017;6
1018;11
1019;9
1020;8
1021;7
1022;13
1023;8
1024;5
1025;5
1026;7
1027;7
1028;7
1029;8
1030;13
1031;5
1101;10
1102;6
1103;8
1104;5
1105;4
1106;12
1107;5
1108;8
1109;9
1110;6
1111;7
1112;7
1113;6
1114;8
1115;4
1116;6
1117;9
1118;12
1119;7
1120;9
1121;11
1122;5
1123;14
1124;2
1125;7
1126;8
1127;13
1128;5
1129;8
1130;15
1201;11
1202;3
1203;7
1204;10
1205;10
1206;11
1207;7
1208;9
1209;9
1210;7
1211;9
1212;5
1213;8
1214;7
1215;11
1216;8
1217;6
1218;7
1219;5
1220;8
1221;10
1222;13
1223;16
1224;16
1225;10
1226;7
1227;9
1228;12
1229;24
1230;12
1231;12
