0101;67
0102;67
0103;57
0104;80
0105;67
0106;76
0107;58
0108;71
0109;63
0110;58
0111;58
0112;55
0113;69
0114;58
0115;66
0116;78
0117;61
0118;74
0119;72
0120;65
0121;91
0122;64
0123;85
0124;40
0125;46
0126;81
0127;55
0128;77
0129;87
0130;81
0131;73
0201;83
0202;86
0203;91
0204;95
0205;74
0206;65
0207;74
0208;88
0209;99
0210;85
0211;82
0212;76
0213;65
0214;81
0215;101
0216;105
0217;87
0218;96
0219;133
0220;114
0221;122
0222;118
0223;96
0224;112
0225;138
0226;147
0227;107
0228;96
0301;134
0302;117
0303;111
0304;107
0305;130
0306;89
0307;101
0308;107
0309;120
0310;96
0311;107
0312;98
0313;126
0314;75
0315;120
0316;116
0317;78
0318;115
0319;81
0320;102
0321;101
0322;85
0323;89
0324;68
0325;96
0326;83
0327;91
0328;71
0329;87
0330;91
0331;79
0401;60
0402;78
0403;96
0404;76
0405;83
0406;71
0407;80
0408;63
0409;59
0410;63
0411;67
0412;75
0413;57
0414;43
0415;55
0416;64
0417;44
0418;53
0419;46
0420;50
0421;48
0422;63
0423;79
0424;52
0425;38
0426;41
0427;69
0428;79
0429;53
0430;54
0501;37
0502;46
0503;42
0504;50
0505;53
0506;48
0507;59
0508;48
0509;45
0510;42
0511;46
0512;37
0513;44
0514;50
0515;59
0516;48
0517;63
0518;62
0519;55
0520;50
0521;34
0522;51
0523;60
0524;44
0525;41
0526;48
0527;52
0528;46
0529;53
0530;42
0531;60
0601;40
0602;61
0603;48
0604;38
0605;41
0606;45
0607;44
0608;37
0609;43
0610;50
0611;29
0612;45
0613;44
0614;55
0615;59
0616;36
0617;47
0618;43
0619;62
0620;42
0621;48
0622;50
0623;48
0624;36
0625;44
0626;53
0627;52
0628;38
0629;34
0630;54
0701;45
0702;27
0703;43
0704;48
0705;44
0706;47
0707;42
0708;46
0709;45
0710;40
0711;45
0712;53
0713;39
0714;59
0715;36
0716;44
0717;33
0718;50
0719;40
0720;46
0721;39
0722;48
0723;42
0724;49
0725;35
0726;37
0727;42
0728;46
0729;46
0730;49
0731;51
0801;28
0802;49
0803;60
0804;38
0805;54
0806;55
0807;50
0808;44
0809;45
0810;49
0811;48
0812;54
0813;57
0814;43
0815;38
0816;43
0817;43
0818;44
0819;33
0820;55
0821;50
0822;40
0823;41
0824;56
0825;47
0826;44
0827;42
0828;50
0829;44
0830;40
0831;46
0901;48
0902;52
0903;45
0904;48
0905;47
0906;30
0907;39
0908;35
0909;52
0910;36
0911;39
0912;45
0913;44
0914;50
0915;35
0916;40
0917;45
0918;41
0919;41
0920;50
0921;40
0922;50
0923;51
0924;50
0925;50
0926;62
0927;50
0928;46
0929;40
0930;49
1001;50
1002;47
1003;33
1004;48
1005;38
1006;49
1007;40
1008;41
1009;37
1010;35
1011;62
1012;42
1013;50
1014;38
1015;49
1016;36
1017;35
1018;47
1019;37
1020;52
1021;56
1022;44
1023;44
1024;37
1025;55
1026;51
1027;33
1028;48
1029;46
1030;45
1031;55
1101;44
1102;37
1103;55
1104;45
1105;45
1106;48
1107;45
1108;42
1109;52
1110;46
1111;43
1112;48
1113;54
1114;46
1115;32
1116;42
1117;46
1118;49
1119;39
1120;61
1121;48
1122;58
1123;53
1124;56
1125;57
1126;45
1127;38
1128;50
1129;49
1130;61
1201;55
1202;46
1203;60
1204;54
1205;60
1206;56
1207;54
1208;59
1209;59
1210;54
1211;57
1212;43
1213;57
1214;49
1215;58
1216;61
1217;52
1218;68
1219;57
1220;44
1221;53
1222;57
1223;56
1224;57
1225;52
1226;58
1227;53
1228;60
1229;64
1230;55
1231;56
