0101;7
0102;1
0103;6
0105;2
0106;6
0107;9
0108;8
0109;6
0110;4
0111;4
0112;1
0113;6
0114;8
0115;7
0116;9
0117;4
0118;6
0119;3
0120;10
0121;8
0122;6
0123;5
0124;1
0125;11
0126;5
0127;8
0128;3
0129;4
0130;7
0131;4
0201;5
0202;3
0203;8
0204;7
0205;5
0206;9
0207;10
0208;6
0209;9
0210;13
0211;1
0212;12
0213;10
0214;11
0215;8
0216;11
0217;8
0218;19
0219;5
0220;22
0221;10
0222;16
0223;15
0224;14
0225;19
0226;18
0227;7
0228;6
0301;7
0302;10
0303;7
0304;6
0305;2
0306;5
0307;12
0308;6
0309;7
0310;6
0311;8
0312;7
0313;3
0314;4
0315;6
0317;5
0318;7
0319;5
0320;12
0321;5
0322;13
0323;10
0324;8
0325;1
0326;8
0327;4
0328;10
0329;4
0330;4
0331;8
0401;6
0402;4
0403;9
0404;9
0405;2
0406;13
0407;8
0408;9
0409;6
0410;5
0411;3
0412;9
0413;7
0414;4
0415;1
0416;3
0417;5
0418;3
0419;6
0420;4
0421;4
0422;6
0423;5
0424;13
0425;2
0426;6
0427;4
0428;9
0429;6
0430;8
0501;3
0502;11
0503;8
0504;2
0505;6
0506;6
0507;4
0508;4
0509;3
0510;8
0511;6
0512;4
0513;3
0514;2
0515;11
0516;2
0517;1
0518;6
0519;2
0520;6
0521;11
0523;4
0524;2
0525;5
0526;4
0527;3
0528;10
0529;9
0530;3
0531;9
0601;4
0602;5
0603;2
0604;7
0605;3
0606;5
0607;5
0608;3
0609;7
0610;2
0611;3
0612;4
0613;6
0614;2
0615;6
0616;3
0617;4
0618;7
0619;5
0620;4
0621;5
0622;6
0623;2
0624;7
0625;5
0626;2
0627;9
0628;3
0629;2
0630;3
0701;8
0702;6
0703;3
0704;1
0705;5
0706;3
0707;4
0708;3
0709;6
0710;5
0711;9
0712;9
0713;7
0714;7
0715;4
0716;7
0717;2
0718;4
0719;7
0720;4
0721;2
0722;4
0723;4
0724;7
0725;2
0726;7
0727;4
0728;7
0729;6
0730;8
0731;7
0801;3
0802;1
0803;2
0804;6
0805;5
0806;3
0807;6
0808;6
0809;6
0810;5
0811;1
0812;5
0813;6
0814;1
0815;4
0816;3
0817;6
0818;7
0819;10
0820;5
0821;6
0822;5
0823;2
0824;4
0825;7
0826;11
0827;3
0828;7
0829;5
0830;10
0831;4
0901;3
0902;6
0903;3
0904;5
0905;3
0906;7
0907;6
0908;6
0909;3
0910;5
0911;8
0912;3
0913;6
0914;4
0915;1
0916;4
0917;3
0918;5
0919;7
0920;2
0921;6
0922;9
0923;6
0924;5
0925;3
0926;2
0927;6
0928;7
0929;5
0930;6
1001;4
1002;2
1003;1
1004;10
1005;1
1006;4
1007;5
1008;4
1009;7
1010;6
1011;6
1012;5
1013;5
1014;9
1015;4
1016;1
1017;4
1018;5
1019;5
1020;7
1021;3
1022;5
1023;7
1024;3
1025;3
1026;9
1027;6
1028;5
1029;13
1030;1
1031;3
1101;2
1102;8
1103;3
1104;4
1105;7
1106;2
1107;5
1108;3
1109;2
1110;3
1111;3
1112;5
1113;4
1114;6
1115;3
1116;3
1117;7
1118;4
1119;9
1120;1
1121;5
1122;4
1123;8
1124;3
1125;7
1126;6
1127;4
1128;14
1129;2
1130;3
1201;4
1202;6
1203;5
1204;4
1205;5
1206;7
1207;4
1208;10
1209;5
1210;10
1211;4
1212;7
1213;4
1214;8
1215;4
1216;11
1217;7
1218;13
1219;10
1220;11
1221;11
1222;10
1223;13
1224;7
1225;14
1226;2
1227;6
1228;10
1229;4
1230;14
1231;8
