0101;20
0102;22
0103;17
0104;23
0105;15
0106;24
0107;13
0108;24
0109;20
0110;21
0111;15
0112;26
0113;11
0114;18
0115;22
0116;27
0117;16
0118;25
0119;25
0120;25
0121;27
0122;23
0123;21
0124;18
0125;23
0126;26
0127;26
0128;20
0129;23
0130;26
0131;17
0201;16
0202;21
0203;26
0204;25
0205;27
0206;26
0207;15
0208;27
0209;22
0210;32
0211;26
0212;18
0213;18
0214;25
0215;18
0216;33
0217;18
0218;24
0219;22
0220;20
0221;17
0222;18
0223;23
0224;28
0225;13
0226;23
0227;27
0228;21
0301;18
0302;17
0303;16
0304;22
0305;14
0306;17
0307;21
0308;21
0309;15
0310;23
0311;19
0312;23
0313;18
0314;16
0315;17
0316;19
0317;23
0318;18
0319;25
0320;18
0321;21
0322;18
0323;24
0324;28
0325;31
0326;32
0327;28
0328;43
0329;52
0330;36
0331;44
0401;33
0402;35
0403;27
0404;30
0405;36
0406;37
0407;22
0408;20
0409;35
0410;44
0411;26
0412;26
0413;44
0414;33
0415;19
0416;17
0417;27
0418;19
0419;20
0420;24
0421;24
0422;11
0423;17
0424;15
0425;15
0426;11
0427;9
0428;14
0429;22
0430;15
0501;17
0502;20
0503;19
0504;19
0505;17
0506;15
0507;17
0508;16
0509;19
0510;12
0511;21
0512;19
0513;14
0514;14
0515;21
0516;17
0517;17
0518;17
0519;10
0520;19
0521;9
0522;7
0523;26
0524;19
0525;17
0526;11
0527;26
0528;22
0529;16
0530;14
0531;22
0601;25
0602;18
0603;18
0604;23
0605;8
0606;20
0607;14
0608;20
0609;15
0610;20
0611;15
0612;14
0613;14
0614;19
0615;15
0616;19
0617;22
0618;18
0619;16
0620;21
0621;19
0622;16
0623;16
0624;13
0625;11
0626;12
0627;13
0628;18
0629;20
0630;18
0701;19
0702;15
0703;16
0704;15
0705;15
0706;13
0707;21
0708;20
0709;17
0710;25
0711;27
0712;15
0713;19
0714;15
0715;15
0716;16
0717;17
0718;23
0719;17
0720;18
0721;17
0722;8
0723;17
0724;19
0725;16
0726;20
0727;17
0728;15
0729;19
0730;12
0731;16
0801;13
0802;9
0803;15
0804;11
0805;9
0806;12
0807;14
0808;13
0809;12
0810;15
0811;21
0812;21
0813;12
0814;11
0815;12
0816;14
0817;14
0818;17
0819;11
0820;22
0821;14
0822;20
0823;13
0824;18
0825;19
0826;21
0827;17
0828;16
0829;10
0830;23
0831;17
0901;12
0902;20
0903;12
0904;12
0905;21
0906;13
0907;9
0908;9
0909;11
0910;12
0911;20
0912;17
0913;20
0914;18
0915;11
0916;7
0917;16
0918;14
0919;17
0920;17
0921;10
0922;9
0923;10
0924;16
0925;12
0926;13
0927;16
0928;12
0929;17
0930;21
1001;14
1002;4
1003;18
1004;14
1005;12
1006;21
1007;15
1008;14
1009;14
1010;14
1011;16
1012;17
1013;15
1014;17
1015;19
1016;22
1017;16
1018;13
1019;15
1020;15
1021;17
1022;14
1023;18
1024;21
1025;19
1026;13
1027;16
1028;16
1029;14
1030;17
1031;12
1101;21
1102;24
1103;17
1104;10
1105;21
1106;9
1107;16
1108;19
1109;13
1110;16
1111;15
1112;17
1113;14
1114;13
1115;19
1116;26
1117;25
1118;14
1119;27
1120;12
1121;14
1122;20
1123;18
1124;22
1125;28
1126;13
1127;17
1128;18
1129;10
1130;24
1201;28
1202;21
1203;14
1204;19
1205;20
1206;11
1207;19
1208;16
1209;19
1210;23
1211;14
1212;11
1213;18
1214;16
1215;26
1216;20
1217;19
1218;20
1219;15
1220;18
1221;18
1222;10
1223;21
1224;19
1225;20
1226;17
1227;25
1228;22
1229;25
1230;25
1231;29
