0101;16
0102;12
0103;9
0104;15
0105;19
0106;11
0107;7
0108;14
0109;6
0110;13
0111;19
0112;9
0113;9
0114;10
0115;7
0116;14
0117;12
0118;10
0119;9
0120;13
0121;11
0122;10
0123;5
0124;7
0125;12
0126;16
0127;11
0128;13
0129;14
0130;17
0131;16
0201;12
0202;15
0203;12
0204;7
0205;9
0206;5
0207;10
0208;15
0209;11
0210;20
0211;17
0212;13
0213;8
0214;17
0215;20
0216;24
0217;10
0218;17
0219;10
0220;6
0221;13
0222;17
0223;14
0224;16
0225;14
0226;14
0227;13
0228;24
0301;17
0302;13
0303;14
0304;16
0305;13
0306;18
0307;19
0308;17
0309;17
0310;18
0311;14
0312;19
0313;30
0314;11
0315;22
0316;33
0317;11
0318;10
0319;18
0320;13
0321;13
0322;31
0323;9
0324;9
0325;26
0326;10
0327;32
0328;19
0329;14
0330;19
0331;13
0401;19
0402;28
0403;16
0404;17
0405;9
0406;15
0407;11
0408;22
0409;10
0410;15
0411;4
0412;22
0413;15
0414;13
0415;17
0416;9
0417;11
0418;16
0419;17
0420;15
0421;26
0422;9
0423;7
0424;12
0425;7
0426;7
0427;7
0428;7
0429;6
0430;9
0501;12
0502;15
0503;8
0504;13
0505;6
0506;5
0507;9
0508;3
0509;6
0510;13
0511;10
0512;8
0513;11
0514;12
0515;6
0516;7
0517;10
0518;16
0519;10
0520;12
0521;9
0522;10
0523;8
0524;12
0525;10
0526;4
0527;16
0528;11
0529;15
0530;8
0531;9
0601;11
0602;14
0603;3
0604;10
0605;6
0606;19
0607;12
0608;6
0609;11
0610;12
0611;10
0612;8
0613;3
0614;11
0615;13
0616;9
0617;10
0618;5
0619;5
0620;9
0621;12
0622;9
0623;8
0624;10
0625;11
0626;11
0627;11
0628;7
0629;8
0630;9
0701;9
0702;7
0703;9
0704;12
0705;5
0706;4
0707;8
0708;8
0709;9
0710;6
0711;8
0712;7
0713;19
0714;9
0715;8
0716;6
0717;7
0718;8
0719;9
0720;11
0721;6
0722;7
0723;6
0724;12
0725;10
0726;8
0727;7
0728;9
0729;12
0730;8
0731;10
0801;10
0802;3
0803;11
0804;8
0805;5
0806;5
0807;9
0808;7
0809;8
0810;9
0811;5
0812;9
0813;7
0814;15
0815;6
0816;11
0817;5
0818;9
0819;5
0820;8
0821;8
0822;10
0823;7
0824;7
0825;12
0826;11
0827;12
0828;9
0829;4
0830;7
0831;8
0901;7
0902;12
0903;6
0904;10
0905;11
0906;7
0907;5
0908;6
0909;7
0910;12
0911;11
0912;8
0913;3
0914;5
0915;9
0916;7
0917;2
0918;12
0919;12
0920;9
0921;8
0922;13
0923;13
0924;12
0925;9
0926;11
0927;7
0928;6
0929;12
0930;13
1001;8
1002;4
1003;10
1004;12
1005;10
1006;11
1007;9
1008;6
1009;12
1010;4
1011;15
1012;6
1013;9
1014;6
1015;13
1016;7
1017;12
1018;12
1019;7
1020;8
1021;14
1022;5
1023;12
1024;9
1025;7
1026;11
1027;9
1028;8
1029;7
1030;7
1031;10
1101;13
1102;7
1103;5
1104;8
1105;7
1106;3
1107;7
1108;7
1109;13
1110;10
1111;8
1112;11
1113;12
1114;6
1115;9
1116;9
1117;8
1118;8
1119;14
1120;15
1121;8
1122;7
1123;13
1124;5
1125;12
1126;13
1127;9
1128;7
1129;9
1130;6
1201;7
1202;13
1203;11
1204;9
1205;9
1206;7
1207;13
1208;16
1209;8
1210;12
1211;3
1212;9
1213;7
1214;13
1215;15
1216;10
1217;10
1218;6
1219;16
1220;14
1221;12
1222;8
1223;11
1224;6
1225;13
1226;10
1227;10
1228;12
1229;10
1230;14
1231;19
