0101;16
0102;21
0103;12
0104;13
0105;8
0106;14
0107;14
0108;9
0109;13
0110;15
0111;17
0112;14
0113;20
0114;21
0115;12
0116;7
0117;11
0118;24
0119;13
0120;15
0121;14
0122;15
0123;11
0124;17
0125;18
0126;8
0127;11
0128;15
0129;14
0130;9
0131;19
0201;17
0202;13
0203;21
0204;18
0205;10
0206;26
0207;15
0208;15
0209;11
0210;19
0211;18
0212;26
0213;21
0214;17
0215;27
0216;23
0217;18
0218;17
0219;18
0220;16
0221;18
0222;18
0223;21
0224;29
0225;16
0226;38
0227;18
0228;28
0301;41
0302;32
0303;69
0304;26
0305;35
0306;36
0307;20
0308;37
0309;21
0310;18
0311;13
0312;31
0313;24
0314;28
0315;26
0316;22
0317;36
0318;24
0319;22
0320;22
0321;36
0322;27
0323;22
0324;22
0325;17
0326;29
0327;35
0328;26
0329;33
0330;20
0331;20
0401;19
0402;17
0403;15
0404;13
0405;16
0406;10
0407;17
0408;10
0409;12
0410;19
0411;10
0412;20
0413;14
0414;16
0415;14
0416;11
0417;14
0418;16
0419;8
0420;11
0421;8
0422;17
0423;22
0424;11
0425;12
0426;15
0427;13
0428;7
0429;12
0430;17
0501;16
0502;16
0503;9
0504;15
0505;25
0506;13
0507;12
0508;12
0509;19
0510;11
0511;15
0512;12
0513;4
0514;14
0515;15
0516;14
0517;10
0518;12
0519;14
0520;9
0521;12
0522;18
0523;13
0524;15
0525;14
0526;19
0527;14
0528;17
0529;14
0530;20
0531;13
0601;15
0602;14
0603;8
0604;12
0605;7
0606;15
0607;12
0608;15
0609;12
0610;8
0611;17
0612;20
0613;11
0614;15
0615;32
0616;16
0617;15
0618;16
0619;20
0620;17
0621;13
0622;10
0623;17
0624;16
0625;14
0626;13
0627;13
0628;19
0629;7
0630;12
0701;8
0702;23
0703;10
0704;17
0705;14
0706;12
0707;7
0708;16
0709;16
0710;16
0711;8
0712;11
0713;9
0714;15
0715;12
0716;16
0717;11
0718;8
0719;16
0720;19
0721;15
0722;13
0723;14
0724;17
0725;13
0726;16
0727;27
0728;9
0729;16
0730;9
0731;14
0801;11
0802;25
0803;16
0804;12
0805;6
0806;6
0807;11
0808;10
0809;9
0810;14
0811;1
0812;11
0813;8
0814;8
0815;9
0816;15
0817;7
0818;7
0819;5
0820;13
0821;10
0822;11
0823;10
0824;14
0825;15
0826;18
0827;9
0828;9
0829;12
0830;16
0831;6
0901;12
0902;7
0903;11
0904;12
0905;11
0906;23
0907;9
0908;13
0909;7
0910;12
0911;6
0912;10
0913;8
0914;13
0915;10
0916;12
0917;16
0918;9
0919;16
0920;11
0921;12
0922;12
0923;11
0924;16
0925;14
0926;15
0927;10
0928;18
0929;16
0930;8
1001;19
1002;15
1003;13
1004;11
1005;17
1006;7
1007;9
1008;10
1009;13
1010;18
1011;10
1012;9
1013;11
1014;17
1015;16
1016;12
1017;12
1018;9
1019;13
1020;18
1021;18
1022;15
1023;12
1024;11
1025;26
1026;14
1027;13
1028;17
1029;15
1030;8
1031;17
1101;10
1102;10
1103;11
1104;17
1105;12
1106;19
1107;5
1108;11
1109;10
1110;18
1111;10
1112;23
1113;13
1114;10
1115;10
1116;15
1117;13
1118;15
1119;15
1120;16
1121;12
1122;19
1123;12
1124;14
1125;17
1126;16
1127;12
1128;16
1129;11
1130;17
1201;17
1202;15
1203;10
1204;30
1205;17
1206;10
1207;13
1208;15
1209;13
1210;13
1211;13
1212;15
1213;14
1214;19
1215;12
1216;12
1217;17
1218;12
1219;26
1220;27
1221;15
1222;19
1223;16
1224;23
1225;23
1226;20
1227;24
1228;16
1229;20
1230;18
1231;29
