0101;30
0102;16
0103;17
0104;16
0105;28
0106;17
0107;27
0108;32
0109;23
0110;32
0111;26
0112;26
0113;25
0114;23
0115;11
0116;18
0117;20
0118;20
0119;22
0120;23
0121;27
0122;19
0123;21
0124;26
0125;21
0126;18
0127;20
0128;12
0129;13
0130;18
0131;19
0201;17
0202;19
0203;17
0204;15
0205;21
0206;17
0207;19
0208;17
0209;24
0210;13
0211;18
0212;17
0213;17
0214;20
0215;17
0216;24
0217;18
0218;23
0219;12
0220;21
0221;21
0222;18
0223;24
0224;23
0225;26
0226;22
0227;32
0228;47
0301;22
0302;30
0303;43
0304;27
0305;31
0306;29
0307;28
0308;32
0309;38
0310;46
0311;32
0312;28
0313;29
0314;36
0315;45
0316;20
0317;50
0318;17
0319;17
0320;28
0321;18
0322;10
0323;27
0324;23
0325;38
0326;40
0327;26
0328;16
0329;23
0330;13
0331;22
0401;13
0402;22
0403;24
0404;23
0405;23
0406;17
0407;22
0408;12
0409;18
0410;19
0411;20
0412;7
0413;15
0414;20
0415;12
0416;20
0417;10
0418;9
0419;22
0420;21
0421;23
0422;21
0423;14
0424;15
0425;11
0426;23
0427;22
0428;24
0429;23
0430;15
0501;19
0502;8
0503;14
0504;18
0505;20
0506;21
0507;16
0508;18
0509;12
0510;13
0511;18
0512;15
0513;15
0514;11
0515;18
0516;12
0517;15
0518;12
0519;24
0520;15
0521;13
0522;7
0523;23
0524;14
0525;23
0526;14
0527;20
0528;14
0529;23
0530;8
0531;15
0601;19
0602;14
0603;12
0604;18
0605;22
0606;19
0607;15
0608;17
0609;13
0610;25
0611;19
0612;22
0613;17
0614;14
0615;18
0616;24
0617;13
0618;17
0619;21
0620;17
0621;18
0622;14
0623;19
0624;21
0625;13
0626;19
0627;20
0628;17
0629;17
0630;17
0701;26
0702;19
0703;17
0704;16
0705;17
0706;9
0707;13
0708;20
0709;11
0710;20
0711;8
0712;19
0713;19
0714;13
0715;14
0716;11
0717;19
0718;11
0719;15
0720;11
0721;8
0722;10
0723;17
0724;17
0725;18
0726;19
0727;22
0728;18
0729;16
0730;13
0731;12
0801;24
0802;8
0803;20
0804;18
0805;19
0806;17
0807;12
0808;9
0809;24
0810;9
0811;20
0812;14
0813;15
0814;20
0815;20
0816;23
0817;17
0818;13
0819;21
0820;11
0821;17
0822;14
0823;18
0824;20
0825;23
0826;17
0827;20
0828;11
0829;15
0830;17
0831;16
0901;15
0902;16
0903;20
0904;15
0905;21
0906;16
0907;14
0908;17
0909;17
0910;19
0911;12
0912;13
0913;19
0914;16
0915;9
0916;11
0917;17
0918;22
0919;22
0920;23
0921;16
0922;18
0923;18
0924;16
0925;16
0926;8
0927;17
0928;12
0929;15
0930;17
1001;19
1002;12
1003;14
1004;16
1005;23
1006;9
1007;9
1008;23
1009;21
1010;18
1011;19
1012;14
1013;21
1014;12
1015;24
1016;18
1017;17
1018;19
1019;18
1020;14
1021;9
1022;25
1023;24
1024;23
1025;15
1026;17
1027;15
1028;19
1029;8
1030;15
1031;17
1101;13
1102;12
1103;5
1104;15
1105;21
1106;21
1107;16
1108;21
1109;16
1110;18
1111;24
1112;10
1113;10
1114;24
1115;20
1116;15
1117;18
1118;19
1119;17
1120;21
1121;20
1122;21
1123;16
1124;24
1125;14
1126;14
1127;21
1128;19
1129;19
1130;18
1201;15
1202;22
1203;14
1204;22
1205;19
1206;17
1207;15
1208;18
1209;17
1210;15
1211;16
1212;21
1213;17
1214;20
1215;19
1216;16
1217;19
1218;24
1219;17
1220;16
1221;25
1222;29
1223;27
1224;14
1225;22
1226;23
1227;22
1228;25
1229;22
1230;23
1231;21
