0101;6
0102;10
0103;11
0104;15
0105;5
0106;15
0107;7
0108;12
0109;9
0110;13
0111;20
0112;13
0113;9
0114;14
0115;10
0116;4
0117;9
0118;3
0119;6
0120;8
0121;5
0122;6
0123;4
0124;5
0125;11
0126;7
0127;16
0128;8
0129;5
0130;5
0201;9
0202;2
0203;6
0204;8
0205;3
0206;2
0207;3
0208;7
0209;4
0210;10
0211;6
0212;9
0213;5
0214;6
0215;7
0216;7
0217;10
0218;11
0219;9
0220;3
0221;6
0222;5
0223;8
0224;8
0225;3
0226;5
0227;2
0228;7
0301;1
0302;7
0303;4
0304;7
0305;6
0306;3
0307;9
0308;3
0309;4
0310;4
0311;5
0312;9
0313;4
0314;5
0315;7
0316;8
0317;3
0318;1
0319;7
0320;5
0321;9
0322;5
0323;4
0324;6
0325;7
0326;8
0328;7
0329;5
0330;4
0331;3
0401;5
0402;5
0403;5
0404;5
0405;10
0406;7
0407;9
0408;4
0409;4
0410;5
0411;3
0412;6
0413;7
0414;3
0415;5
0416;7
0417;4
0418;10
0419;6
0420;3
0421;2
0422;10
0423;7
0424;6
0425;5
0426;8
0427;4
0428;2
0429;3
0430;5
0501;7
0502;6
0503;7
0504;3
0505;8
0506;5
0507;13
0508;1
0509;5
0510;2
0511;4
0512;6
0513;2
0514;1
0515;2
0516;7
0517;4
0518;6
0519;7
0520;5
0521;1
0522;4
0523;9
0524;5
0525;3
0526;6
0527;4
0528;8
0529;6
0530;6
0531;4
0601;7
0602;4
0603;9
0604;3
0605;12
0606;10
0607;19
0608;8
0609;4
0610;5
0611;6
0612;6
0613;5
0614;9
0615;9
0616;4
0617;18
0618;8
0619;7
0620;3
0621;8
0622;9
0623;4
0624;3
0625;4
0626;6
0627;10
0628;1
0629;5
0630;5
0701;10
0702;7
0703;16
0704;7
0705;4
0706;7
0707;9
0708;8
0709;7
0710;4
0711;1
0712;11
0713;4
0715;12
0716;7
0717;6
0718;7
0719;8
0720;8
0721;3
0722;9
0723;6
0724;4
0725;1
0726;5
0727;8
0728;7
0729;3
0730;7
0731;2
0801;7
0802;10
0803;4
0804;3
0805;2
0806;5
0808;4
0809;6
0810;2
0811;7
0812;4
0813;4
0814;4
0815;5
0816;4
0817;4
0818;3
0819;6
0820;5
0821;6
0822;2
0823;6
0824;5
0825;4
0826;5
0827;5
0828;4
0829;5
0830;5
0831;2
0901;1
0902;7
0903;2
0904;1
0905;1
0906;5
0907;5
0908;7
0909;3
0910;5
0911;4
0912;4
0913;2
0914;7
0915;4
0916;4
0917;5
0918;8
0919;3
0920;2
0921;4
0922;6
0923;2
0924;9
0925;7
0926;3
0927;2
0928;5
0929;2
0930;5
1001;5
1002;4
1003;4
1004;6
1005;3
1006;5
1007;2
1008;4
1009;2
1010;4
1011;7
1012;1
1013;8
1014;2
1015;6
1016;6
1017;7
1018;7
1019;7
1020;3
1021;5
1022;3
1023;9
1024;5
1025;5
1026;2
1027;10
1028;4
1029;2
1030;4
1031;6
1101;4
1102;7
1103;8
1104;3
1105;6
1106;6
1107;5
1108;5
1109;1
1110;8
1111;10
1112;4
1113;4
1114;7
1115;6
1116;6
1117;7
1118;8
1119;8
1120;6
1121;5
1122;3
1123;5
1124;4
1125;4
1126;8
1127;3
1128;6
1129;6
1130;3
1201;5
1202;6
1203;8
1204;5
1205;7
1206;6
1207;7
1208;7
1209;6
1210;4
1211;10
1212;4
1213;6
1214;4
1215;6
1216;3
1217;7
1218;6
1219;7
1220;8
1221;3
1222;2
1223;2
1224;5
1225;8
1226;9
1227;7
1228;8
1229;7
1230;4
1231;10
