0101;14
0102;30
0103;33
0104;17
0105;13
0106;24
0107;14
0108;11
0109;14
0110;10
0111;11
0112;16
0113;15
0114;13
0115;9
0116;10
0117;16
0118;13
0119;24
0120;10
0121;14
0122;16
0123;10
0124;11
0125;10
0126;10
0127;15
0128;17
0129;14
0130;12
0131;4
0201;17
0202;11
0203;18
0204;11
0205;26
0206;9
0207;16
0208;9
0209;24
0210;11
0211;14
0212;18
0213;12
0214;15
0215;12
0216;23
0217;23
0218;15
0219;13
0220;23
0221;23
0222;25
0223;16
0224;21
0225;29
0226;24
0227;26
0228;37
0301;20
0302;32
0303;26
0304;19
0305;19
0306;39
0307;18
0308;22
0309;20
0310;17
0311;26
0312;20
0313;32
0314;25
0315;25
0316;23
0317;25
0318;41
0319;17
0320;21
0321;32
0322;26
0323;21
0324;30
0325;26
0326;7
0327;14
0328;25
0329;39
0330;44
0331;21
0401;20
0402;17
0403;11
0404;17
0405;24
0406;18
0407;15
0408;23
0409;13
0410;13
0411;14
0412;10
0413;14
0414;9
0415;9
0416;16
0417;9
0418;14
0419;12
0420;11
0421;16
0422;14
0423;6
0424;14
0425;12
0426;11
0427;11
0428;9
0429;13
0430;11
0501;11
0502;10
0503;21
0504;19
0505;16
0506;16
0507;11
0508;15
0509;23
0510;11
0511;15
0512;16
0513;17
0514;16
0515;27
0516;21
0517;14
0518;12
0519;11
0520;11
0521;9
0522;11
0523;11
0524;10
0525;12
0526;18
0527;9
0528;15
0529;8
0530;13
0531;13
0601;14
0602;11
0603;10
0604;11
0605;16
0606;13
0607;8
0608;10
0609;13
0610;18
0611;9
0612;14
0613;12
0614;13
0615;14
0616;12
0617;12
0618;25
0619;7
0620;12
0621;12
0622;9
0623;10
0624;15
0625;9
0626;16
0627;8
0628;7
0629;13
0630;20
0701;9
0702;9
0703;12
0704;15
0705;12
0706;15
0707;10
0708;14
0709;8
0710;14
0711;6
0712;9
0713;5
0714;6
0715;12
0716;15
0717;14
0718;5
0719;12
0720;4
0721;16
0722;15
0723;11
0724;6
0725;15
0726;11
0727;7
0728;11
0729;14
0730;12
0731;13
0801;9
0802;13
0803;14
0804;13
0805;12
0806;11
0807;9
0808;15
0809;7
0810;9
0811;12
0812;10
0813;13
0814;11
0815;9
0816;6
0817;15
0818;13
0819;9
0820;14
0821;10
0822;11
0823;11
0824;10
0825;10
0826;12
0827;17
0828;8
0829;6
0830;15
0831;10
0901;11
0902;12
0903;9
0904;9
0905;8
0906;10
0907;11
0908;9
0909;19
0910;7
0911;10
0912;19
0913;16
0914;16
0915;10
0916;13
0917;14
0918;13
0919;13
0920;12
0921;10
0922;12
0923;11
0924;6
0925;10
0926;7
0927;12
0928;13
0929;8
0930;12
1001;8
1002;14
1003;13
1004;11
1005;16
1006;9
1007;11
1008;17
1009;9
1010;16
1011;16
1012;13
1013;10
1014;9
1015;13
1016;10
1017;15
1018;10
1019;13
1020;10
1021;21
1022;11
1023;6
1024;13
1025;10
1026;9
1027;11
1028;15
1029;8
1030;8
1031;14
1101;10
1102;9
1103;13
1104;12
1105;14
1106;7
1107;9
1108;14
1109;8
1110;9
1111;9
1112;6
1113;9
1114;6
1115;5
1116;13
1117;12
1118;6
1119;10
1120;12
1121;14
1122;10
1123;11
1124;9
1125;22
1126;14
1127;12
1128;16
1129;10
1130;9
1201;10
1202;14
1203;14
1204;16
1205;7
1206;9
1207;11
1208;13
1209;16
1210;13
1211;13
1212;7
1213;14
1214;14
1215;19
1216;15
1217;13
1218;10
1219;13
1220;13
1221;13
1222;15
1223;12
1224;12
1225;17
1226;14
1227;18
1228;15
1229;23
1230;15
1231;14
