0000;1
0101;27
0102;20
0103;22
0104;26
0105;21
0106;27
0107;19
0108;18
0109;18
0110;31
0111;22
0112;31
0113;18
0114;21
0115;28
0116;29
0117;18
0118;25
0119;14
0120;29
0121;11
0122;14
0123;17
0124;25
0125;21
0126;25
0127;21
0128;29
0129;25
0130;16
0131;21
0201;20
0202;16
0203;19
0204;25
0205;21
0206;14
0207;21
0208;31
0209;22
0210;19
0211;29
0212;15
0213;24
0214;31
0215;21
0216;35
0217;23
0218;26
0219;25
0220;26
0221;22
0222;15
0223;25
0224;21
0225;18
0226;35
0227;36
0228;22
0301;38
0302;28
0303;23
0304;28
0305;29
0306;27
0307;25
0308;36
0309;35
0310;36
0311;27
0312;36
0313;50
0314;45
0315;24
0316;28
0317;27
0318;30
0319;18
0320;17
0321;21
0322;26
0323;16
0324;16
0325;28
0326;24
0327;22
0328;26
0329;21
0330;26
0331;15
0401;19
0402;30
0403;26
0404;37
0405;29
0406;28
0407;28
0408;19
0409;15
0410;28
0411;11
0412;39
0413;18
0414;15
0415;21
0416;22
0417;28
0418;33
0419;16
0420;41
0421;34
0422;16
0423;19
0424;24
0425;17
0426;26
0427;25
0428;27
0429;20
0430;19
0501;44
0502;41
0503;14
0504;60
0505;54
0506;39
0507;33
0508;21
0509;15
0510;11
0511;15
0512;27
0513;21
0514;14
0515;12
0516;16
0517;13
0518;15
0519;32
0520;20
0521;26
0522;26
0523;28
0524;23
0525;21
0526;25
0527;22
0528;29
0529;19
0530;23
0531;38
0601;23
0602;18
0603;16
0604;23
0605;10
0606;17
0607;27
0608;18
0609;18
0610;19
0611;16
0612;16
0613;17
0614;16
0615;26
0616;25
0617;18
0618;16
0619;21
0620;17
0621;19
0622;14
0623;21
0624;22
0625;23
0626;21
0627;26
0628;19
0629;20
0630;23
0701;30
0702;24
0703;21
0704;18
0705;14
0706;23
0707;17
0708;13
0709;21
0710;17
0711;22
0712;24
0713;25
0714;17
0715;17
0716;23
0717;25
0718;16
0719;24
0720;26
0721;15
0722;18
0723;19
0724;18
0725;17
0726;19
0727;24
0728;15
0729;24
0730;20
0731;27
0801;24
0802;30
0803;17
0804;16
0805;19
0806;26
0807;10
0808;20
0809;24
0810;25
0811;21
0812;21
0813;15
0814;27
0815;17
0816;17
0817;10
0818;19
0819;16
0820;16
0821;14
0822;18
0823;12
0824;17
0825;30
0826;26
0827;25
0828;14
0829;13
0830;20
0831;13
0901;16
0902;16
0903;24
0904;28
0905;24
0906;32
0907;21
0908;19
0909;17
0910;27
0911;23
0912;18
0913;23
0914;16
0915;19
0916;23
0917;20
0918;21
0919;16
0920;26
0921;17
0922;19
0923;17
0924;19
0925;19
0926;14
0927;24
0928;14
0929;21
0930;17
1001;17
1002;15
1003;17
1004;17
1005;17
1006;13
1007;16
1008;33
1009;25
1010;20
1011;24
1012;22
1013;10
1014;16
1015;16
1016;21
1017;22
1018;14
1019;19
1020;19
1021;12
1022;27
1023;17
1024;21
1025;20
1026;20
1027;23
1028;16
1029;27
1030;24
1031;19
1101;17
1102;26
1103;20
1104;19
1105;20
1106;17
1107;16
1108;22
1109;16
1110;12
1111;22
1112;25
1113;26
1114;17
1115;16
1116;21
1117;18
1118;16
1119;21
1120;19
1121;24
1122;20
1123;15
1124;14
1125;21
1126;18
1127;23
1128;22
1129;18
1130;18
1201;17
1202;23
1203;24
1204;20
1205;15
1206;25
1207;18
1208;20
1209;22
1210;21
1211;21
1212;23
1213;29
1214;32
1215;17
1216;29
1217;27
1218;18
1219;18
1220;20
1221;22
1222;29
1223;27
1224;31
1225;35
1226;35
1227;31
1228;23
1229;16
1230;24
1231;19
