0101;5
0102;8
0103;16
0104;7
0105;7
0106;8
0107;9
0108;9
0109;5
0110;9
0111;6
0112;2
0113;17
0114;5
0115;9
0116;5
0117;9
0118;12
0119;12
0120;10
0121;12
0122;8
0123;7
0124;13
0125;18
0126;8
0127;4
0128;9
0129;5
0130;10
0131;8
0201;8
0202;8
0203;5
0204;4
0205;4
0206;13
0207;7
0208;11
0209;10
0210;14
0211;9
0212;6
0213;11
0214;20
0215;8
0216;17
0217;10
0218;7
0219;14
0220;7
0221;15
0222;11
0223;14
0224;14
0225;9
0226;11
0227;13
0228;10
0301;7
0302;9
0303;11
0304;10
0305;6
0306;6
0307;8
0308;10
0309;16
0310;6
0311;5
0312;11
0313;9
0314;3
0315;7
0316;8
0317;6
0318;11
0319;11
0320;13
0321;13
0322;8
0323;10
0324;11
0325;11
0326;28
0327;16
0328;12
0329;10
0330;24
0331;16
0401;18
0402;19
0403;8
0404;15
0405;20
0406;19
0407;19
0408;13
0409;20
0410;27
0411;24
0412;16
0413;26
0414;29
0415;22
0416;13
0417;18
0418;9
0419;11
0420;9
0421;9
0422;8
0423;4
0424;14
0425;9
0426;7
0427;7
0428;10
0429;6
0430;8
0501;13
0502;7
0503;10
0504;6
0505;4
0506;8
0507;6
0508;8
0509;9
0510;5
0511;7
0512;6
0513;7
0514;8
0515;1
0516;4
0517;11
0518;3
0519;5
0520;4
0521;5
0522;7
0523;3
0524;9
0525;7
0526;12
0527;11
0528;7
0529;16
0530;11
0531;7
0601;10
0602;5
0603;3
0604;12
0605;6
0606;8
0607;4
0608;7
0609;3
0610;18
0611;3
0612;5
0613;6
0614;5
0615;9
0616;8
0617;3
0618;12
0619;11
0620;7
0621;5
0622;8
0623;8
0624;8
0625;2
0626;2
0627;10
0628;2
0629;12
0630;8
0701;6
0702;7
0703;6
0704;5
0705;3
0706;6
0707;4
0708;6
0709;5
0710;8
0711;6
0712;3
0713;5
0714;8
0715;4
0716;3
0717;6
0718;8
0719;7
0720;5
0721;4
0722;3
0723;5
0724;8
0725;4
0726;9
0727;7
0728;12
0729;7
0730;6
0731;4
0801;11
0802;4
0803;10
0804;10
0805;9
0806;9
0807;3
0808;6
0809;4
0810;10
0811;6
0812;9
0813;5
0814;6
0815;7
0816;7
0817;6
0818;7
0819;7
0820;7
0821;7
0822;10
0823;7
0824;8
0825;11
0826;11
0827;4
0828;6
0829;10
0830;3
0831;4
0901;6
0902;3
0903;5
0904;8
0905;7
0906;6
0907;8
0908;6
0909;3
0910;7
0911;8
0912;9
0913;9
0914;7
0915;5
0916;6
0917;6
0918;10
0919;7
0920;8
0921;7
0922;5
0923;8
0924;7
0925;6
0926;3
0927;9
0928;4
0929;3
0930;7
1001;11
1002;3
1003;7
1004;10
1005;8
1006;1
1007;5
1008;8
1009;6
1010;3
1011;7
1012;11
1013;10
1014;8
1015;7
1016;7
1017;5
1018;10
1019;9
1020;5
1021;6
1022;10
1023;12
1024;6
1025;4
1026;9
1027;8
1028;11
1029;10
1030;12
1031;9
1101;5
1102;8
1103;10
1104;6
1105;6
1106;8
1107;8
1108;3
1109;6
1110;7
1111;5
1112;9
1113;8
1114;11
1115;7
1116;7
1117;6
1118;12
1119;5
1120;10
1121;8
1122;13
1123;8
1124;7
1125;7
1126;4
1127;3
1128;13
1129;7
1130;7
1201;10
1202;7
1203;6
1204;11
1205;4
1206;3
1207;3
1208;10
1209;6
1210;5
1211;10
1212;6
1213;9
1214;9
1215;9
1216;6
1217;7
1218;7
1219;13
1220;6
1221;7
1222;5
1223;8
1224;9
1225;10
1226;6
1227;5
1228;9
1229;10
1230;7
1231;6
