0101;4
0102;3
0103;13
0104;6
0105;10
0106;4
0107;7
0108;5
0109;7
0110;9
0111;9
0112;6
0113;7
0114;3
0115;4
0116;8
0117;8
0118;4
0119;4
0120;5
0121;6
0122;4
0123;7
0124;2
0125;4
0126;7
0127;6
0128;6
0129;5
0130;5
0131;4
0201;11
0202;14
0203;9
0204;4
0205;12
0206;4
0207;10
0208;6
0209;2
0210;9
0211;12
0212;8
0213;8
0214;12
0215;13
0216;4
0217;8
0218;6
0219;15
0220;7
0221;10
0222;10
0223;16
0224;14
0225;18
0226;21
0227;29
0228;17
0301;17
0302;16
0303;10
0304;12
0305;8
0306;8
0307;9
0308;12
0309;10
0310;6
0311;19
0312;15
0313;10
0314;14
0315;9
0316;12
0317;10
0318;7
0319;12
0320;16
0321;5
0322;6
0323;5
0324;15
0325;12
0326;10
0327;10
0328;11
0329;10
0330;19
0331;6
0401;11
0402;5
0403;9
0404;11
0406;9
0407;6
0408;3
0409;6
0410;6
0411;10
0412;2
0413;7
0414;6
0415;8
0416;5
0417;10
0418;10
0419;13
0420;10
0421;9
0422;5
0423;6
0424;10
0425;9
0426;8
0427;6
0428;4
0429;8
0430;12
0501;9
0502;16
0503;5
0504;4
0505;4
0506;9
0507;3
0508;2
0509;2
0510;7
0511;2
0512;3
0513;4
0514;2
0515;7
0516;6
0517;6
0518;6
0519;6
0520;4
0521;7
0522;4
0523;10
0524;5
0525;4
0526;8
0527;7
0528;6
0529;8
0530;6
0531;2
0601;3
0602;8
0603;2
0604;3
0605;13
0606;4
0607;2
0608;4
0609;6
0610;2
0611;4
0612;7
0613;5
0614;7
0615;4
0616;4
0617;3
0618;4
0619;9
0620;3
0621;7
0622;6
0623;7
0624;6
0625;5
0626;4
0627;8
0628;2
0629;7
0630;6
0701;6
0702;7
0703;6
0704;8
0705;4
0706;3
0707;7
0708;2
0709;7
0710;6
0711;5
0712;6
0713;3
0714;8
0715;6
0716;6
0717;5
0718;7
0719;8
0720;6
0721;4
0722;2
0723;5
0724;5
0725;3
0726;1
0727;5
0728;4
0729;4
0730;6
0731;1
0801;5
0802;7
0803;8
0804;3
0805;7
0806;7
0807;8
0808;10
0809;7
0810;4
0811;9
0812;7
0813;7
0814;5
0815;8
0816;7
0817;5
0818;8
0819;7
0820;6
0821;7
0822;7
0823;4
0824;4
0825;5
0826;3
0827;3
0828;8
0829;10
0830;6
0831;7
0901;3
0902;3
0903;7
0904;2
0905;2
0906;4
0907;7
0908;4
0909;7
0910;7
0911;4
0912;4
0913;10
0914;8
0915;10
0916;2
0917;9
0918;7
0919;7
0920;7
0921;5
0922;6
0923;3
0924;8
0925;3
0926;5
0927;4
0928;2
0929;5
0930;6
1001;4
1002;4
1003;11
1004;5
1005;4
1006;10
1007;5
1008;11
1009;7
1010;12
1011;5
1012;8
1013;4
1014;10
1015;8
1016;8
1017;5
1018;4
1019;6
1020;6
1021;4
1022;5
1023;7
1024;7
1025;2
1026;5
1027;4
1028;3
1029;2
1030;3
1031;6
1101;9
1102;3
1103;6
1104;4
1105;2
1106;7
1107;4
1108;5
1109;6
1110;7
1111;5
1112;7
1113;2
1114;9
1115;9
1116;10
1117;5
1118;6
1119;2
1120;7
1121;7
1122;6
1123;7
1124;8
1125;7
1126;4
1127;6
1128;7
1129;3
1130;4
1201;13
1202;3
1203;6
1204;3
1205;6
1206;6
1207;5
1208;6
1209;4
1210;9
1211;11
1212;5
1213;5
1214;3
1215;7
1216;6
1217;9
1218;6
1219;5
1220;8
1221;5
1222;9
1223;7
1224;2
1225;3
1226;6
1227;6
1228;7
1229;13
1230;5
1231;8
