0101;13
0102;14
0103;20
0104;14
0105;17
0106;15
0107;14
0108;11
0109;12
0110;18
0111;21
0112;13
0113;16
0114;17
0115;13
0116;12
0117;10
0118;15
0119;14
0120;15
0121;13
0122;11
0123;13
0124;11
0125;21
0126;14
0127;18
0128;16
0129;15
0130;16
0131;14
0201;23
0202;16
0203;11
0204;14
0205;18
0206;14
0207;12
0208;15
0209;13
0210;11
0211;11
0212;15
0213;16
0214;12
0215;15
0216;15
0217;32
0218;19
0219;18
0220;11
0221;9
0222;15
0223;21
0224;14
0225;19
0226;23
0227;19
0228;16
0301;16
0302;20
0303;33
0304;31
0305;27
0306;18
0307;17
0308;16
0309;30
0310;20
0311;25
0312;20
0313;29
0314;40
0315;25
0316;31
0317;19
0318;23
0319;14
0320;14
0321;16
0322;10
0323;16
0324;16
0325;8
0326;9
0327;17
0328;12
0329;16
0330;9
0331;15
0401;13
0402;16
0403;15
0404;9
0405;20
0406;14
0407;24
0408;15
0409;16
0410;10
0411;11
0412;7
0413;9
0414;17
0415;10
0416;9
0417;16
0418;4
0419;14
0420;13
0421;5
0422;15
0423;10
0424;13
0425;11
0426;11
0427;13
0428;14
0429;10
0430;14
0501;13
0502;19
0503;8
0504;18
0505;13
0506;6
0507;9
0508;5
0509;7
0510;13
0511;15
0512;16
0513;9
0514;9
0515;8
0516;14
0517;4
0518;13
0519;13
0520;6
0521;3
0522;13
0523;13
0524;12
0525;12
0526;10
0527;18
0528;19
0529;17
0530;15
0531;14
0601;7
0602;14
0603;12
0604;17
0605;13
0606;16
0607;13
0608;9
0609;15
0610;10
0611;7
0612;15
0613;13
0614;14
0615;12
0616;10
0617;9
0618;12
0619;13
0620;11
0621;10
0622;10
0623;10
0624;10
0625;9
0626;10
0627;17
0628;12
0629;12
0630;6
0701;9
0702;12
0703;10
0704;11
0705;8
0706;10
0707;14
0708;4
0709;20
0710;15
0711;8
0712;9
0713;16
0714;18
0715;14
0716;10
0717;12
0718;8
0719;21
0720;12
0721;7
0722;10
0723;2
0724;5
0725;16
0726;17
0727;10
0728;23
0729;15
0730;14
0731;9
0801;12
0802;22
0803;22
0804;15
0805;16
0806;11
0807;3
0808;7
0809;8
0810;9
0811;11
0812;16
0813;12
0814;10
0815;10
0816;6
0817;7
0818;13
0819;17
0820;10
0821;10
0822;12
0823;10
0824;12
0825;11
0826;12
0827;8
0828;11
0829;12
0830;11
0831;9
0901;14
0902;9
0903;13
0904;9
0905;16
0906;7
0907;12
0908;6
0909;9
0910;11
0911;8
0912;18
0913;11
0914;9
0915;5
0916;15
0917;8
0918;7
0919;11
0920;20
0921;15
0922;10
0923;5
0924;12
0925;17
0926;9
0927;11
0928;11
0929;13
0930;12
1001;11
1002;13
1003;17
1004;10
1005;8
1006;8
1007;12
1008;12
1009;9
1010;15
1011;16
1012;9
1013;10
1014;11
1015;7
1016;14
1017;13
1018;13
1019;10
1020;5
1021;6
1022;13
1023;7
1024;12
1025;19
1026;16
1027;12
1028;13
1029;15
1030;10
1031;9
1101;14
1102;15
1103;14
1104;10
1105;9
1106;11
1107;13
1108;7
1109;11
1110;13
1111;12
1112;13
1113;12
1114;15
1115;16
1116;13
1117;12
1118;12
1119;13
1120;23
1121;14
1122;13
1123;18
1124;13
1125;13
1126;10
1127;21
1128;12
1129;10
1130;10
1201;14
1202;11
1203;13
1204;12
1205;14
1206;7
1207;16
1208;15
1209;19
1210;16
1211;14
1212;8
1213;15
1214;11
1215;7
1216;8
1217;9
1218;10
1219;20
1220;12
1221;13
1222;11
1223;15
1224;12
1225;13
1226;13
1227;20
1228;15
1229;21
1230;17
1231;13
