0101;4
0102;7
0103;13
0104;3
0105;3
0106;4
0107;6
0108;7
0109;8
0110;7
0111;8
0112;6
0113;12
0114;10
0115;13
0116;9
0117;8
0118;4
0119;9
0120;2
0121;9
0122;3
0123;10
0124;13
0125;8
0126;2
0127;12
0128;6
0129;17
0130;12
0131;9
0201;7
0202;6
0203;9
0204;6
0205;8
0206;7
0207;7
0208;5
0209;9
0210;2
0211;3
0212;7
0213;8
0214;4
0215;12
0216;5
0217;8
0218;4
0219;15
0220;3
0221;8
0222;8
0223;8
0224;13
0225;12
0226;7
0227;4
0228;11
0301;6
0302;2
0303;4
0304;7
0305;9
0306;7
0307;14
0308;4
0309;4
0310;3
0311;10
0312;17
0313;4
0314;5
0315;17
0316;12
0317;6
0318;4
0319;7
0320;7
0321;12
0322;7
0323;4
0324;6
0325;9
0326;8
0327;6
0328;2
0329;6
0330;3
0331;9
0401;6
0402;3
0403;3
0404;2
0405;3
0406;4
0407;6
0408;14
0409;10
0410;7
0411;4
0412;7
0413;5
0414;9
0415;3
0416;7
0417;4
0418;13
0419;13
0420;7
0421;5
0422;9
0423;4
0424;5
0425;4
0426;5
0427;6
0428;6
0429;4
0430;1
0501;12
0502;7
0503;4
0504;4
0505;11
0506;7
0507;5
0508;4
0509;4
0510;9
0511;7
0512;6
0513;4
0514;1
0515;6
0516;5
0517;5
0518;12
0519;5
0520;7
0521;6
0522;10
0523;8
0524;13
0525;3
0526;1
0527;5
0528;5
0529;8
0530;5
0531;2
0601;1
0602;7
0603;7
0604;16
0605;7
0606;5
0607;8
0608;4
0609;10
0610;9
0611;6
0612;8
0613;7
0614;7
0615;4
0616;1
0617;8
0618;8
0619;4
0620;8
0621;5
0622;3
0623;7
0624;4
0625;4
0626;4
0627;3
0628;6
0629;3
0630;4
0701;8
0702;4
0703;7
0704;2
0705;4
0706;3
0707;2
0708;6
0709;6
0710;4
0711;3
0712;12
0713;6
0714;6
0715;4
0716;6
0717;7
0718;4
0719;6
0720;3
0721;6
0722;4
0723;7
0724;12
0725;4
0726;4
0727;6
0728;4
0729;5
0730;4
0731;8
0801;3
0802;5
0803;8
0804;6
0805;1
0806;7
0807;5
0808;6
0809;10
0810;5
0811;11
0812;2
0813;4
0814;9
0815;6
0816;4
0817;8
0818;8
0819;5
0820;6
0821;5
0822;4
0823;9
0824;12
0825;7
0826;8
0827;12
0828;3
0829;1
0830;6
0831;6
0901;7
0902;3
0903;10
0904;5
0905;4
0906;7
0908;3
0909;5
0910;4
0911;8
0912;6
0913;5
0914;6
0915;4
0916;4
0917;6
0918;5
0919;5
0920;6
0921;5
0922;3
0923;8
0924;4
0925;2
0926;6
0927;7
0928;9
0929;6
0930;3
1001;2
1002;10
1003;7
1004;1
1005;4
1007;4
1008;9
1009;7
1010;3
1011;7
1012;6
1013;3
1014;5
1015;8
1016;7
1017;4
1018;5
1019;2
1020;8
1021;6
1022;8
1023;10
1024;7
1025;4
1026;2
1027;5
1028;9
1029;3
1030;6
1031;6
1101;6
1102;4
1103;7
1104;8
1105;6
1106;5
1107;6
1108;2
1109;8
1110;5
1111;2
1112;6
1113;5
1114;4
1115;7
1116;6
1117;11
1118;6
1119;8
1120;3
1121;4
1122;3
1123;13
1124;5
1125;6
1126;11
1127;6
1128;8
1129;4
1130;5
1201;7
1202;6
1203;5
1204;5
1205;2
1206;13
1207;10
1208;6
1209;7
1210;5
1211;3
1212;8
1213;9
1214;4
1215;3
1216;4
1217;3
1218;7
1219;5
1220;6
1221;6
1222;4
1223;5
1224;5
1225;9
1226;6
1227;9
1228;9
1229;8
1230;11
1231;11
