0101;10
0102;9
0103;10
0104;8
0105;4
0106;8
0107;5
0108;10
0109;9
0110;8
0111;5
0112;3
0113;11
0114;5
0115;7
0116;3
0117;6
0118;11
0119;9
0120;3
0121;14
0122;6
0123;10
0124;6
0125;9
0126;4
0127;7
0128;4
0129;6
0130;3
0131;10
0201;5
0202;8
0203;10
0204;11
0205;12
0206;4
0207;6
0208;2
0209;7
0210;11
0211;2
0212;9
0213;8
0214;11
0215;9
0216;8
0217;4
0218;12
0219;5
0220;7
0221;12
0222;11
0223;9
0224;7
0225;5
0226;6
0227;10
0228;13
0301;6
0302;6
0303;6
0304;13
0305;9
0306;13
0307;7
0308;7
0309;7
0310;7
0311;9
0312;8
0313;11
0314;6
0315;8
0316;9
0317;7
0318;7
0319;7
0320;5
0321;6
0322;14
0323;5
0324;20
0325;13
0326;12
0327;23
0328;14
0329;32
0330;27
0331;10
0401;10
0402;21
0403;5
0404;17
0405;16
0406;13
0407;14
0408;13
0409;20
0410;12
0411;14
0412;17
0413;20
0414;23
0415;14
0416;2
0417;12
0418;7
0419;6
0420;7
0421;5
0422;6
0423;6
0424;4
0425;8
0426;8
0427;4
0428;3
0429;8
0430;4
0501;11
0502;8
0503;6
0504;8
0505;5
0506;6
0507;11
0508;7
0509;5
0510;6
0511;7
0512;6
0513;5
0514;3
0515;6
0516;10
0517;5
0518;3
0519;4
0520;6
0521;5
0522;5
0523;4
0524;2
0525;6
0526;5
0527;10
0528;9
0529;6
0530;7
0531;2
0601;6
0602;3
0603;6
0604;7
0605;1
0606;6
0607;10
0608;5
0609;13
0610;11
0611;6
0612;6
0613;7
0614;9
0615;4
0616;6
0617;5
0618;7
0619;4
0620;9
0621;3
0622;12
0623;13
0624;7
0625;4
0626;17
0627;3
0628;7
0629;4
0630;4
0701;6
0702;3
0703;7
0704;7
0705;7
0706;5
0707;12
0708;6
0709;2
0710;7
0711;8
0712;5
0713;4
0714;7
0715;3
0716;10
0717;5
0718;6
0719;7
0720;4
0721;7
0722;8
0723;6
0724;9
0725;7
0726;8
0727;3
0728;5
0729;4
0730;7
0731;11
0801;8
0802;3
0803;9
0804;5
0805;6
0806;6
0807;13
0808;2
0809;5
0810;2
0811;7
0812;6
0813;6
0814;5
0816;6
0817;3
0818;6
0819;2
0820;7
0821;3
0822;10
0823;9
0824;7
0825;5
0826;7
0827;7
0828;6
0829;5
0830;3
0831;7
0901;6
0902;4
0903;6
0904;6
0905;4
0906;7
0907;8
0908;6
0909;12
0910;4
0911;5
0912;6
0913;5
0914;3
0915;7
0916;4
0917;6
0918;4
0919;6
0920;3
0921;6
0922;6
0923;1
0924;6
0925;2
0926;6
0927;8
0928;2
0929;5
0930;5
1001;2
1002;8
1003;6
1004;6
1005;10
1006;6
1007;7
1008;5
1009;10
1010;9
1011;5
1012;7
1013;7
1014;9
1015;9
1016;7
1017;4
1018;6
1019;9
1020;2
1021;6
1022;5
1023;4
1024;5
1025;8
1026;3
1027;4
1028;9
1029;8
1030;12
1031;5
1101;8
1102;5
1103;4
1104;3
1105;7
1106;9
1107;7
1108;6
1109;3
1110;6
1111;5
1112;5
1113;7
1114;10
1115;7
1116;9
1117;5
1118;4
1119;4
1120;11
1121;5
1122;7
1123;6
1124;8
1125;4
1126;4
1127;6
1128;9
1129;7
1130;4
1201;7
1202;4
1203;9
1204;9
1205;4
1206;8
1207;7
1208;6
1209;9
1210;7
1211;13
1212;5
1213;5
1214;6
1215;11
1216;6
1217;8
1218;8
1219;7
1220;10
1221;5
1222;5
1223;11
1224;14
1225;7
1226;10
1227;8
1228;11
1229;7
1230;8
1231;9
