0101;7
0102;6
0103;6
0104;10
0105;9
0106;2
0107;4
0108;8
0109;4
0110;5
0111;4
0112;6
0113;6
0114;6
0115;11
0116;6
0117;9
0118;3
0119;4
0120;6
0121;6
0122;12
0123;7
0124;4
0125;9
0126;6
0127;7
0128;5
0129;8
0130;4
0131;7
0201;2
0202;6
0203;5
0204;9
0205;5
0206;11
0207;7
0208;6
0209;4
0210;1
0211;6
0212;6
0213;5
0214;2
0215;5
0216;7
0217;7
0218;8
0219;7
0220;8
0221;10
0222;6
0223;4
0224;6
0225;6
0226;9
0227;4
0228;5
0301;9
0302;4
0303;3
0304;8
0305;8
0306;6
0307;7
0308;13
0309;8
0310;8
0311;8
0312;9
0313;8
0314;5
0315;7
0316;7
0317;9
0318;7
0319;7
0320;5
0321;4
0322;6
0323;10
0324;6
0325;8
0326;7
0327;10
0328;3
0329;8
0330;4
0331;6
0401;5
0402;1
0403;9
0404;13
0405;7
0406;13
0407;7
0408;7
0409;4
0410;9
0411;4
0412;3
0413;10
0414;6
0415;2
0416;11
0417;2
0418;5
0419;10
0420;8
0421;1
0422;3
0423;1
0425;9
0426;6
0427;3
0428;4
0429;2
0430;5
0501;7
0502;6
0503;12
0504;3
0505;3
0506;5
0507;4
0508;3
0509;3
0510;3
0511;4
0512;2
0513;3
0514;2
0515;3
0516;8
0517;2
0518;7
0519;7
0520;1
0521;7
0522;3
0523;5
0524;7
0525;5
0526;5
0527;3
0528;3
0529;4
0530;3
0531;3
0601;5
0602;5
0603;6
0604;6
0605;6
0606;1
0607;6
0608;6
0609;2
0610;3
0611;4
0612;5
0613;5
0614;6
0615;3
0616;5
0617;5
0618;6
0619;4
0620;3
0621;5
0622;2
0623;4
0624;7
0625;5
0626;4
0627;1
0628;6
0629;6
0630;2
0701;3
0702;3
0703;2
0704;2
0705;3
0706;3
0707;2
0708;6
0709;3
0710;4
0711;4
0712;3
0713;7
0714;6
0715;2
0716;7
0717;2
0718;4
0719;2
0720;5
0721;3
0722;3
0723;3
0724;4
0725;5
0726;5
0727;5
0728;2
0729;8
0730;4
0731;5
0801;6
0802;4
0803;5
0804;4
0805;5
0806;3
0807;5
0808;4
0809;3
0810;8
0811;6
0812;4
0813;5
0814;5
0815;9
0816;6
0817;5
0818;6
0819;2
0820;3
0821;5
0822;8
0823;1
0824;2
0825;6
0826;3
0827;5
0828;3
0829;4
0830;1
0831;2
0901;8
0902;1
0903;7
0904;5
0905;8
0906;4
0907;2
0908;4
0909;1
0910;5
0911;4
0912;4
0913;4
0914;2
0915;4
0916;2
0917;4
0918;8
0919;10
0920;9
0921;5
0922;5
0923;4
0924;2
0925;7
0926;6
0927;6
0928;7
0929;1
0930;4
1001;6
1002;5
1003;3
1004;4
1005;8
1006;1
1007;5
1008;5
1009;1
1010;6
1011;2
1012;5
1013;5
1014;6
1015;8
1016;5
1017;3
1018;4
1019;1
1020;3
1021;9
1022;6
1023;4
1024;7
1025;2
1026;2
1027;4
1028;6
1029;7
1030;3
1031;6
1101;8
1102;4
1103;8
1104;2
1105;4
1106;2
1107;8
1108;5
1109;4
1110;4
1111;4
1112;6
1113;6
1114;2
1115;1
1116;4
1117;3
1118;7
1119;7
1120;2
1121;6
1122;4
1123;3
1124;1
1125;6
1126;4
1127;6
1128;4
1129;3
1130;4
1202;2
1203;6
1204;5
1205;4
1206;5
1207;6
1208;4
1209;7
1210;4
1211;8
1212;6
1213;1
1214;3
1215;3
1216;4
1217;1
1218;3
1219;6
1220;6
1221;6
1222;6
1223;5
1224;14
1225;3
1226;6
1227;5
1228;9
1229;2
1230;5
1231;3
