0101;24
0102;21
0103;28
0104;17
0105;17
0106;17
0107;22
0108;12
0109;16
0110;10
0111;23
0112;17
0113;11
0114;15
0115;17
0116;26
0117;16
0118;31
0119;16
0120;32
0121;14
0122;32
0123;17
0124;14
0125;16
0126;24
0127;17
0128;12
0129;18
0130;18
0131;22
0201;21
0202;21
0203;24
0204;19
0205;18
0206;15
0207;20
0208;19
0209;24
0210;18
0211;14
0212;20
0213;24
0214;22
0215;27
0216;35
0217;28
0218;35
0219;27
0220;28
0221;25
0222;36
0223;40
0224;26
0225;34
0226;39
0227;20
0228;40
0301;34
0302;27
0303;33
0304;36
0305;34
0306;21
0307;40
0308;29
0309;25
0310;29
0311;26
0312;23
0313;23
0314;22
0315;21
0316;23
0317;32
0318;30
0319;26
0320;23
0321;22
0322;26
0323;14
0324;23
0325;15
0326;27
0327;28
0328;25
0329;27
0330;30
0331;30
0401;38
0402;15
0403;33
0404;24
0405;18
0406;16
0407;16
0408;15
0409;7
0410;16
0411;16
0412;19
0413;8
0414;11
0415;19
0416;17
0417;15
0418;12
0419;14
0420;20
0421;16
0422;14
0423;15
0424;16
0425;13
0426;22
0427;10
0428;18
0429;20
0430;20
0501;20
0502;11
0503;21
0504;21
0505;13
0506;12
0507;22
0508;14
0509;16
0510;17
0511;23
0512;16
0513;12
0514;15
0515;22
0516;11
0517;22
0518;21
0519;17
0520;12
0521;21
0522;16
0523;13
0524;13
0525;17
0526;15
0527;10
0528;20
0529;21
0530;11
0531;16
0601;20
0602;18
0603;15
0604;14
0605;8
0606;26
0607;18
0608;10
0609;17
0610;18
0611;14
0612;15
0613;17
0614;12
0615;23
0616;14
0617;14
0618;18
0619;24
0620;21
0621;16
0622;19
0623;15
0624;14
0625;19
0626;16
0627;13
0628;21
0629;15
0630;19
0701;21
0702;18
0703;23
0704;16
0705;15
0706;16
0707;11
0708;13
0709;14
0710;15
0711;26
0712;11
0713;31
0714;17
0715;29
0716;17
0717;21
0718;15
0719;15
0720;15
0721;15
0722;13
0723;20
0724;15
0725;16
0726;14
0727;19
0728;12
0729;9
0730;18
0731;14
0801;16
0802;10
0803;17
0804;20
0805;21
0806;20
0807;18
0808;20
0809;19
0810;17
0811;15
0812;12
0813;14
0814;15
0815;21
0816;30
0817;14
0818;12
0819;14
0820;10
0821;17
0822;15
0823;17
0824;18
0825;22
0826;17
0827;21
0828;17
0829;26
0830;22
0831;17
0901;15
0902;15
0903;9
0904;12
0905;16
0906;25
0907;17
0908;19
0909;12
0910;18
0911;13
0912;16
0913;17
0914;19
0915;14
0916;11
0917;14
0918;10
0919;16
0920;19
0921;16
0922;22
0923;16
0924;15
0925;18
0926;14
0927;18
0928;29
0929;17
0930;26
1001;17
1002;11
1003;14
1004;12
1005;17
1006;17
1007;12
1008;14
1009;22
1010;16
1011;15
1012;20
1013;24
1014;19
1015;18
1016;20
1017;12
1018;10
1019;15
1020;15
1021;15
1022;21
1023;12
1024;20
1025;13
1026;18
1027;19
1028;20
1029;18
1030;22
1031;12
1101;10
1102;17
1103;17
1104;11
1105;21
1106;16
1107;24
1108;12
1109;19
1110;16
1111;12
1112;17
1113;19
1114;25
1115;24
1116;18
1117;16
1118;17
1119;19
1120;16
1121;32
1122;16
1123;15
1124;18
1125;21
1126;7
1127;19
1128;14
1129;15
1130;13
1201;14
1202;10
1203;15
1204;14
1205;19
1206;20
1207;18
1208;17
1209;23
1210;17
1211;16
1212;19
1213;14
1214;15
1215;15
1216;14
1217;23
1218;16
1219;23
1220;26
1221;14
1222;19
1223;20
1224;17
1225;19
1226;21
1227;29
1228;23
1229;32
1230;17
1231;21
