0101;30
0102;26
0103;39
0104;22
0105;29
0106;25
0107;20
0108;48
0109;46
0110;23
0111;17
0112;29
0113;32
0114;40
0115;28
0116;26
0117;29
0118;26
0119;39
0120;29
0121;36
0122;21
0123;35
0124;31
0125;31
0126;32
0127;25
0128;26
0129;34
0130;24
0131;15
0201;22
0202;19
0203;19
0204;15
0205;28
0206;21
0207;24
0208;21
0209;21
0210;17
0211;29
0212;15
0213;22
0214;24
0215;28
0216;25
0217;30
0218;23
0219;37
0220;21
0221;17
0222;20
0223;29
0224;17
0225;13
0226;29
0227;27
0228;16
0301;26
0302;16
0303;22
0304;20
0305;17
0306;13
0307;22
0308;21
0309;21
0310;26
0311;21
0312;26
0313;18
0314;24
0315;16
0316;23
0317;16
0318;26
0319;21
0320;16
0321;20
0322;19
0323;29
0324;17
0325;26
0326;24
0327;17
0328;9
0329;20
0330;21
0331;21
0401;22
0402;17
0403;23
0404;22
0405;19
0406;22
0407;15
0408;19
0409;16
0410;17
0411;16
0412;16
0413;19
0414;24
0415;16
0416;19
0417;21
0418;18
0419;20
0420;23
0421;20
0422;14
0423;19
0424;17
0425;14
0426;17
0427;23
0428;15
0429;20
0430;22
0501;18
0502;22
0503;20
0504;16
0505;18
0506;26
0507;18
0508;13
0509;19
0510;14
0511;24
0512;19
0513;14
0514;19
0515;15
0516;15
0517;20
0518;26
0519;18
0520;13
0521;16
0522;14
0523;15
0524;18
0525;17
0526;25
0527;17
0528;12
0529;20
0530;28
0531;26
0601;28
0602;11
0603;29
0604;20
0605;24
0606;21
0607;26
0608;16
0609;23
0610;19
0611;16
0612;23
0613;19
0614;34
0615;17
0616;24
0617;17
0618;28
0619;21
0620;34
0621;23
0622;22
0623;31
0624;28
0625;35
0626;26
0627;35
0628;22
0629;29
0630;16
0701;29
0702;26
0703;25
0704;36
0705;26
0706;25
0707;37
0708;23
0709;16
0710;24
0711;27
0712;22
0713;29
0714;19
0715;15
0716;21
0717;15
0718;17
0719;20
0720;12
0721;20
0722;13
0723;16
0724;24
0725;14
0726;17
0727;21
0728;13
0729;21
0730;16
0731;15
0801;17
0802;25
0803;17
0804;19
0805;15
0806;23
0807;18
0808;11
0809;15
0810;17
0811;23
0812;16
0813;23
0814;12
0815;15
0816;20
0817;19
0818;15
0819;17
0820;26
0821;19
0822;25
0823;15
0824;16
0825;23
0826;21
0827;13
0828;16
0829;21
0830;13
0831;31
0901;17
0902;21
0903;24
0904;17
0905;21
0906;22
0907;21
0908;17
0909;23
0910;9
0911;14
0912;17
0913;23
0914;18
0915;8
0916;18
0917;17
0918;16
0919;16
0920;15
0921;14
0922;24
0923;20
0924;17
0925;21
0926;17
0927;16
0928;12
0929;11
0930;13
1001;28
1002;16
1003;18
1004;18
1005;20
1006;16
1007;19
1008;17
1009;17
1010;29
1011;16
1012;30
1013;19
1014;17
1015;30
1016;16
1017;16
1018;20
1019;15
1020;15
1021;16
1022;19
1023;12
1024;24
1025;23
1026;23
1027;13
1028;25
1029;17
1030;26
1031;14
1101;19
1102;18
1103;20
1104;19
1105;19
1106;18
1107;21
1108;22
1109;20
1110;13
1111;17
1112;22
1113;17
1114;18
1115;23
1116;13
1117;18
1118;22
1119;21
1120;23
1121;15
1122;18
1123;16
1124;20
1125;17
1126;14
1127;15
1128;16
1129;19
1130;19
1201;15
1202;11
1203;16
1204;14
1205;17
1206;27
1207;15
1208;21
1209;17
1210;19
1211;23
1212;24
1213;19
1214;16
1215;17
1216;19
1217;21
1218;30
1219;13
1220;22
1221;18
1222;24
1223;22
1224;25
1225;24
1226;23
1227;21
1228;18
1229;21
1230;29
1231;21
