0101;23
0102;18
0103;13
0104;21
0105;13
0106;18
0107;18
0108;18
0109;10
0110;17
0111;18
0112;14
0113;20
0114;18
0115;24
0116;18
0117;19
0118;16
0119;22
0120;28
0121;19
0122;13
0123;8
0124;16
0125;15
0126;22
0127;27
0128;18
0129;15
0130;23
0131;21
0201;26
0202;18
0203;19
0204;22
0205;15
0206;26
0207;25
0208;22
0209;22
0210;21
0211;25
0212;15
0213;21
0214;22
0215;18
0216;18
0217;31
0218;18
0219;24
0220;31
0221;34
0222;16
0223;11
0224;17
0225;27
0226;33
0227;25
0228;33
0301;30
0302;42
0303;35
0304;28
0305;51
0306;37
0307;32
0308;31
0309;50
0310;34
0311;27
0312;24
0313;27
0314;27
0315;25
0316;31
0317;29
0318;27
0319;27
0320;25
0321;28
0322;27
0323;44
0324;24
0325;38
0326;37
0327;33
0328;32
0329;21
0330;33
0331;54
0401;18
0402;18
0403;13
0404;17
0405;21
0406;18
0407;14
0408;10
0409;16
0410;14
0411;19
0412;16
0413;10
0414;18
0415;20
0416;17
0417;11
0418;14
0419;13
0420;12
0421;14
0422;10
0423;16
0424;15
0425;17
0426;10
0427;15
0428;25
0429;12
0430;18
0501;16
0502;11
0503;15
0504;13
0505;20
0506;12
0507;15
0508;12
0509;21
0510;16
0511;11
0512;14
0513;14
0514;17
0515;9
0516;17
0517;15
0518;12
0519;15
0520;23
0521;16
0522;22
0523;12
0524;12
0525;24
0526;13
0527;19
0528;20
0529;20
0530;18
0531;18
0601;11
0602;12
0603;28
0604;12
0605;12
0606;14
0607;9
0608;10
0609;17
0610;23
0611;13
0612;12
0613;11
0614;16
0615;12
0616;15
0617;18
0618;20
0619;14
0620;16
0621;23
0622;21
0623;16
0624;13
0625;14
0626;10
0627;15
0628;24
0629;7
0630;14
0701;11
0702;15
0703;10
0704;17
0705;12
0706;15
0707;12
0708;12
0709;18
0710;12
0711;9
0712;24
0713;23
0714;11
0715;8
0716;18
0717;7
0718;20
0719;20
0720;26
0721;21
0722;22
0723;18
0724;11
0725;14
0726;14
0727;17
0728;17
0729;17
0730;15
0731;11
0801;12
0802;21
0803;16
0804;17
0805;12
0806;21
0807;20
0808;12
0809;20
0810;23
0811;17
0812;10
0813;13
0814;14
0815;9
0816;20
0817;11
0818;13
0819;12
0820;7
0821;16
0822;16
0823;17
0824;15
0825;14
0826;20
0827;11
0828;21
0829;6
0830;23
0831;15
0901;9
0902;14
0903;8
0904;9
0905;13
0906;23
0907;19
0908;12
0909;15
0910;13
0911;24
0912;18
0913;18
0914;14
0915;14
0916;12
0917;11
0918;11
0919;19
0920;15
0921;18
0922;9
0923;22
0924;12
0925;14
0926;14
0927;14
0928;20
0929;13
0930;13
1001;18
1002;19
1003;16
1004;14
1005;21
1006;7
1007;24
1008;13
1009;22
1010;10
1011;19
1012;22
1013;18
1014;16
1015;17
1016;16
1017;21
1018;25
1019;21
1020;16
1021;11
1022;20
1023;21
1024;13
1025;10
1026;14
1027;16
1028;12
1029;28
1030;18
1031;21
1101;12
1102;19
1103;21
1104;17
1105;17
1106;24
1107;17
1108;19
1109;13
1110;15
1111;11
1112;10
1113;21
1114;25
1115;19
1116;13
1117;13
1118;23
1119;13
1120;16
1121;21
1122;14
1123;22
1124;13
1125;21
1126;24
1127;19
1128;14
1129;15
1130;15
1201;27
1202;22
1203;15
1204;18
1205;11
1206;24
1207;12
1208;19
1209;19
1210;20
1211;23
1212;21
1213;20
1214;16
1215;23
1216;14
1217;9
1218;24
1219;26
1220;19
1221;15
1222;24
1223;20
1224;16
1225;22
1226;25
1227;18
1228;26
1229;20
1230;25
1231;19
