0101;21
0102;20
0103;19
0104;15
0105;14
0106;25
0107;15
0108;19
0109;12
0110;21
0111;26
0112;20
0113;26
0114;34
0115;17
0116;12
0117;17
0118;19
0119;18
0120;19
0121;21
0122;17
0123;25
0124;21
0125;18
0126;9
0127;21
0128;16
0129;10
0130;11
0131;12
0201;26
0202;17
0203;15
0204;24
0205;14
0206;17
0207;26
0208;9
0209;21
0210;21
0211;17
0212;25
0213;14
0214;21
0215;21
0216;25
0217;19
0218;20
0219;27
0220;23
0221;8
0222;27
0223;20
0224;11
0225;21
0226;17
0227;15
0228;22
0301;17
0302;22
0303;19
0304;18
0305;21
0306;12
0307;15
0308;17
0309;17
0310;17
0311;14
0312;19
0313;19
0314;16
0315;19
0316;19
0317;10
0318;22
0319;26
0320;15
0321;17
0322;17
0323;20
0324;11
0325;20
0326;9
0327;19
0328;14
0329;21
0330;21
0331;13
0401;16
0402;7
0403;14
0404;13
0405;19
0406;14
0407;21
0408;22
0409;23
0410;21
0411;14
0412;8
0413;24
0414;27
0415;10
0416;14
0417;22
0418;28
0419;19
0420;15
0421;21
0422;19
0423;24
0424;18
0425;18
0426;21
0427;15
0428;22
0429;20
0430;21
0501;10
0502;22
0503;13
0504;16
0505;10
0506;12
0507;11
0508;14
0509;15
0510;18
0511;15
0512;12
0513;17
0514;19
0515;13
0516;12
0517;23
0518;9
0519;11
0520;16
0521;15
0522;14
0523;13
0524;20
0525;17
0526;14
0527;12
0528;20
0529;9
0530;9
0531;12
0601;17
0602;15
0603;9
0604;16
0605;10
0606;15
0607;12
0608;19
0609;8
0610;21
0611;7
0612;12
0613;19
0614;15
0615;8
0616;14
0617;18
0618;24
0619;14
0620;17
0621;6
0622;16
0623;20
0624;13
0625;12
0626;13
0627;10
0628;20
0629;21
0630;19
0701;15
0702;11
0703;13
0704;11
0705;15
0706;16
0707;7
0708;15
0709;16
0710;15
0711;16
0712;20
0713;11
0714;16
0715;15
0716;11
0717;10
0718;17
0719;12
0720;17
0721;19
0722;6
0723;10
0724;11
0725;9
0726;17
0727;10
0728;16
0729;15
0730;19
0731;15
0801;18
0802;16
0803;18
0804;14
0805;12
0806;17
0807;13
0808;24
0809;22
0810;15
0811;20
0812;13
0813;16
0814;11
0815;6
0816;9
0817;13
0818;16
0819;12
0820;21
0821;15
0822;20
0823;11
0824;18
0825;13
0826;12
0827;21
0828;11
0829;12
0830;12
0831;22
0901;17
0902;15
0903;12
0904;19
0905;9
0906;18
0907;12
0908;14
0909;13
0910;16
0911;5
0912;14
0913;12
0914;23
0915;10
0916;11
0917;15
0918;12
0919;19
0920;22
0921;11
0922;19
0923;18
0924;12
0925;17
0926;21
0927;17
0928;15
0929;12
0930;6
1001;11
1002;16
1003;10
1004;16
1005;15
1006;9
1007;19
1008;19
1009;12
1010;13
1011;12
1012;16
1013;10
1014;13
1015;15
1016;14
1017;16
1018;16
1019;13
1020;10
1021;17
1022;13
1023;15
1024;15
1025;13
1026;12
1027;11
1028;15
1029;19
1030;21
1031;10
1101;10
1102;14
1103;13
1104;9
1105;23
1106;24
1107;12
1108;11
1109;19
1110;18
1111;15
1112;18
1113;9
1114;14
1115;17
1116;19
1117;16
1118;13
1119;16
1120;14
1121;16
1122;11
1123;14
1124;14
1125;9
1126;20
1127;12
1128;18
1129;21
1130;12
1201;13
1202;16
1203;25
1204;10
1205;18
1206;26
1207;14
1208;24
1209;12
1210;9
1211;11
1212;16
1213;15
1214;11
1215;17
1216;18
1217;17
1218;25
1219;13
1220;14
1221;18
1222;13
1223;18
1224;21
1225;21
1226;19
1227;21
1228;21
1229;23
1230;35
1231;31
