0101;13
0102;20
0103;11
0104;21
0105;12
0106;26
0107;14
0108;22
0109;19
0110;26
0111;16
0112;12
0113;11
0114;22
0115;16
0116;13
0117;26
0118;16
0119;21
0120;25
0121;20
0122;15
0123;17
0124;14
0125;21
0126;12
0127;17
0128;16
0129;10
0130;13
0131;17
0201;13
0202;15
0203;12
0204;14
0205;13
0206;14
0207;13
0208;14
0209;8
0210;14
0211;14
0212;16
0213;10
0214;16
0215;11
0216;12
0217;17
0218;11
0219;11
0220;23
0221;15
0222;10
0223;15
0224;16
0225;14
0226;20
0227;13
0228;14
0301;5
0302;12
0303;18
0304;16
0305;18
0306;18
0307;15
0308;14
0309;18
0310;9
0311;14
0312;14
0313;14
0314;16
0315;13
0316;11
0317;14
0318;13
0319;8
0320;10
0321;7
0322;8
0323;14
0324;14
0325;17
0326;11
0327;19
0328;10
0329;13
0330;7
0331;10
0401;18
0402;9
0403;8
0404;15
0405;6
0406;9
0407;14
0408;8
0409;12
0410;11
0411;5
0412;7
0413;14
0414;5
0415;10
0416;11
0417;17
0418;15
0419;14
0420;10
0421;12
0422;7
0423;13
0424;10
0425;6
0426;11
0427;12
0428;8
0429;8
0430;11
0501;12
0502;11
0503;6
0504;6
0505;13
0506;7
0507;9
0508;12
0509;8
0510;11
0511;7
0512;9
0513;9
0514;12
0515;7
0516;13
0517;6
0518;8
0519;12
0520;6
0521;8
0522;11
0523;12
0524;8
0525;6
0526;17
0527;9
0528;7
0529;8
0530;11
0531;15
0601;12
0602;5
0603;16
0604;9
0605;13
0606;10
0607;15
0608;14
0609;9
0610;12
0611;11
0612;14
0613;12
0614;21
0615;15
0616;8
0617;21
0618;13
0619;11
0620;12
0621;14
0622;12
0623;6
0624;15
0625;20
0626;11
0627;17
0628;14
0629;14
0630;11
0701;10
0702;19
0703;7
0704;18
0705;11
0706;13
0707;12
0708;16
0709;15
0710;26
0711;23
0712;9
0713;19
0714;10
0715;9
0716;13
0717;5
0718;16
0719;4
0720;12
0721;8
0722;10
0723;9
0724;13
0725;8
0726;10
0727;15
0728;12
0729;7
0730;11
0731;13
0801;8
0802;9
0803;14
0804;11
0805;6
0806;6
0807;4
0808;9
0809;5
0810;7
0811;6
0812;7
0813;3
0814;5
0815;7
0816;14
0817;17
0818;10
0819;5
0820;12
0821;7
0822;12
0823;14
0824;9
0825;7
0826;1
0827;17
0828;6
0829;4
0830;10
0831;11
0901;9
0902;7
0903;12
0904;22
0905;14
0906;9
0907;15
0908;13
0909;14
0910;10
0911;8
0912;9
0913;7
0914;11
0915;3
0916;4
0917;8
0918;13
0919;7
0920;7
0921;8
0922;8
0923;11
0924;11
0925;6
0926;7
0927;12
0928;8
0929;15
0930;8
1001;11
1002;13
1003;6
1004;13
1005;8
1006;6
1007;12
1008;10
1009;12
1010;13
1011;7
1012;9
1013;7
1014;10
1015;10
1016;6
1017;12
1018;11
1019;14
1020;9
1021;6
1022;13
1023;12
1024;10
1025;8
1026;12
1027;12
1028;11
1029;7
1030;11
1031;7
1101;6
1102;7
1103;6
1104;13
1105;13
1106;12
1107;14
1108;9
1109;12
1110;7
1111;14
1112;7
1113;17
1114;10
1115;14
1116;10
1117;9
1118;10
1119;8
1120;10
1121;7
1122;7
1123;16
1124;12
1125;12
1126;6
1127;11
1128;11
1129;11
1130;12
1201;11
1202;11
1203;11
1204;8
1205;9
1206;9
1207;12
1208;11
1209;12
1210;14
1211;9
1212;8
1213;11
1214;7
1215;9
1216;7
1217;15
1218;8
1219;9
1220;9
1221;7
1222;11
1223;9
1224;11
1225;9
1226;8
1227;8
1228;8
1229;16
1230;19
1231;12
