0101;26
0102;29
0103;35
0104;22
0105;23
0106;18
0107;23
0108;23
0109;25
0110;35
0111;15
0112;22
0113;25
0114;26
0115;34
0116;25
0117;17
0118;29
0119;27
0120;22
0121;30
0122;22
0123;25
0124;22
0125;33
0126;19
0127;19
0128;28
0129;18
0130;28
0131;19
0201;22
0202;19
0203;21
0204;17
0205;21
0206;23
0207;28
0208;28
0209;17
0210;26
0211;22
0212;23
0213;24
0214;19
0215;39
0216;21
0217;21
0218;24
0219;38
0220;22
0221;21
0222;27
0223;23
0224;26
0225;22
0226;39
0227;38
0228;26
0301;18
0302;22
0303;24
0304;24
0305;26
0306;29
0307;28
0308;25
0309;24
0310;26
0311;25
0312;20
0313;19
0314;30
0315;18
0316;23
0317;15
0318;18
0319;24
0320;23
0321;17
0322;23
0323;25
0324;20
0325;15
0326;18
0327;14
0328;23
0329;24
0330;22
0331;34
0401;18
0402;21
0403;19
0404;18
0405;17
0406;26
0407;29
0408;19
0409;12
0410;16
0411;25
0412;36
0413;23
0414;14
0415;15
0416;26
0417;17
0418;24
0419;25
0420;15
0421;34
0422;21
0423;28
0424;10
0425;22
0426;13
0427;20
0428;22
0429;23
0430;27
0501;20
0502;30
0503;23
0504;25
0505;27
0506;31
0507;12
0508;13
0509;18
0510;30
0511;23
0512;21
0513;16
0514;25
0515;27
0516;26
0517;29
0518;23
0519;23
0520;20
0521;23
0522;14
0523;15
0524;10
0525;21
0526;26
0527;32
0528;20
0529;28
0530;21
0531;16
0601;37
0602;22
0603;14
0604;25
0605;28
0606;13
0607;26
0608;29
0609;25
0610;21
0611;18
0612;16
0613;24
0614;22
0615;29
0616;19
0617;20
0618;27
0619;17
0620;24
0621;20
0622;15
0623;23
0624;23
0625;28
0626;17
0627;19
0628;14
0629;17
0630;23
0701;15
0702;22
0703;21
0704;19
0705;13
0706;17
0707;15
0708;16
0709;27
0710;19
0711;27
0712;22
0713;25
0714;22
0715;18
0716;10
0717;16
0718;25
0719;16
0720;24
0721;23
0722;27
0723;24
0724;17
0725;16
0726;17
0727;13
0728;19
0729;29
0730;10
0731;23
0801;23
0802;22
0803;17
0804;18
0805;17
0806;27
0807;25
0808;15
0809;14
0810;15
0811;17
0812;20
0813;15
0814;13
0815;15
0816;16
0817;15
0818;19
0819;28
0820;15
0821;18
0822;14
0823;11
0824;14
0825;23
0826;19
0827;16
0828;16
0829;15
0830;27
0831;17
0901;22
0902;19
0903;21
0904;23
0905;26
0906;21
0907;11
0908;18
0909;23
0910;21
0911;17
0912;23
0913;20
0914;11
0915;17
0916;23
0917;21
0918;22
0919;12
0920;16
0921;23
0922;21
0923;28
0924;19
0925;15
0926;22
0927;23
0928;17
0929;18
0930;10
1001;15
1002;15
1003;23
1004;20
1005;21
1006;24
1007;16
1008;26
1009;22
1010;17
1011;21
1012;23
1013;28
1014;15
1015;22
1016;19
1017;26
1018;18
1019;22
1020;25
1021;22
1022;15
1023;30
1024;20
1025;24
1026;24
1027;17
1028;13
1029;18
1030;15
1031;9
1101;26
1102;13
1103;19
1104;17
1105;19
1106;20
1107;22
1108;10
1109;20
1110;16
1111;17
1112;18
1113;23
1114;17
1115;17
1116;17
1117;30
1118;22
1119;22
1120;18
1121;21
1122;23
1123;15
1124;17
1125;23
1126;22
1127;15
1128;35
1129;22
1130;27
1201;25
1202;27
1203;25
1204;22
1205;26
1206;24
1207;15
1208;20
1209;21
1210;32
1211;21
1212;26
1213;21
1214;21
1215;21
1216;23
1217;29
1218;34
1219;30
1220;16
1221;29
1222;28
1223;31
1224;39
1225;39
1226;24
1227;26
1228;29
1229;29
1230;31
1231;25
