0101;4
0102;3
0103;2
0104;2
0105;3
0106;2
0107;1
0108;1
0109;3
0111;3
0112;4
0116;1
0117;2
0118;1
0119;1
0120;3
0121;3
0122;1
0123;1
0124;4
0125;2
0127;2
0128;1
0129;2
0130;1
0201;4
0203;1
0204;1
0207;2
0208;1
0210;1
0211;3
0212;1
0213;4
0214;1
0215;2
0216;3
0217;3
0218;4
0219;1
0220;2
0221;2
0222;1
0223;2
0224;1
0225;1
0226;1
0228;1
0301;2
0302;5
0303;5
0304;2
0306;2
0308;3
0309;5
0310;1
0311;4
0312;2
0313;2
0314;3
0315;2
0316;4
0317;2
0318;1
0319;2
0320;3
0321;8
0322;1
0323;1
0324;1
0325;2
0326;2
0327;1
0328;6
0329;2
0330;1
0331;4
0401;2
0402;1
0403;2
0404;2
0405;2
0406;2
0407;2
0409;1
0410;4
0411;1
0412;6
0413;1
0414;4
0415;2
0416;3
0417;4
0418;1
0420;1
0421;3
0422;1
0423;1
0424;1
0426;1
0427;4
0428;1
0430;2
0501;3
0502;1
0503;1
0504;6
0508;3
0509;1
0510;3
0511;3
0512;2
0513;1
0514;1
0515;1
0516;3
0518;2
0519;4
0520;1
0521;3
0522;3
0523;1
0524;2
0525;3
0526;2
0528;1
0529;1
0531;1
0601;1
0604;2
0605;2
0607;3
0609;1
0610;2
0611;2
0612;3
0615;1
0616;2
0617;2
0618;4
0622;2
0623;4
0624;3
0625;1
0626;1
0628;2
0629;2
0630;1
0701;1
0702;4
0703;2
0704;3
0705;3
0706;1
0707;2
0708;1
0709;3
0710;3
0711;6
0712;2
0713;1
0714;3
0717;2
0718;5
0719;1
0720;2
0721;2
0723;1
0724;1
0725;1
0726;1
0728;2
0729;2
0730;1
0801;1
0802;2
0803;1
0804;2
0805;1
0806;6
0807;3
0808;4
0809;2
0810;1
0813;1
0815;1
0816;2
0818;1
0819;5
0821;2
0824;2
0825;1
0826;3
0827;2
0828;1
0829;1
0830;7
0831;3
0902;3
0903;1
0904;5
0905;1
0906;2
0907;3
0908;1
0909;2
0910;1
0913;2
0914;1
0916;4
0918;1
0919;2
0920;4
0921;1
0923;2
0924;1
0925;3
0926;2
0927;2
0928;3
0929;2
0930;1
1001;3
1003;3
1005;2
1006;2
1007;2
1008;2
1009;3
1010;2
1011;1
1012;1
1015;2
1016;1
1017;1
1018;3
1019;1
1021;2
1023;1
1024;5
1025;1
1026;2
1027;1
1028;6
1029;1
1030;2
1031;3
1101;4
1102;1
1104;1
1105;3
1106;2
1108;1
1109;1
1110;2
1111;1
1112;1
1113;1
1114;2
1115;1
1116;2
1117;2
1119;3
1120;2
1121;6
1123;1
1124;1
1125;4
1126;2
1127;7
1128;2
1129;3
1130;4
1201;1
1202;3
1203;1
1204;4
1205;2
1206;2
1207;3
1208;1
1209;1
1211;2
1212;4
1213;4
1214;3
1216;1
1217;2
1218;4
1219;1
1221;2
1222;1
1223;4
1224;2
1225;1
1227;4
1228;3
1230;1
1231;4
