0101;16
0102;10
0103;16
0104;12
0105;21
0106;23
0107;15
0108;27
0109;20
0110;22
0111;15
0112;9
0113;17
0114;20
0115;17
0116;18
0117;26
0118;17
0119;12
0120;6
0121;8
0122;15
0123;23
0124;15
0125;12
0126;10
0127;13
0128;31
0129;11
0130;14
0131;3
0201;13
0202;13
0203;3
0204;7
0205;8
0206;10
0207;11
0208;9
0209;10
0210;6
0211;5
0212;13
0213;12
0214;13
0215;9
0216;6
0217;13
0218;11
0219;9
0220;6
0221;7
0222;8
0223;14
0224;10
0225;9
0226;9
0227;4
0228;14
0301;13
0302;11
0303;8
0304;10
0305;9
0306;8
0307;13
0308;8
0309;10
0310;12
0311;6
0312;11
0313;8
0314;8
0315;8
0316;16
0317;10
0318;13
0319;8
0320;9
0321;9
0322;12
0323;12
0324;9
0325;10
0326;13
0327;11
0328;6
0329;13
0330;10
0331;8
0401;8
0402;8
0403;7
0404;16
0405;8
0406;13
0407;9
0408;12
0409;13
0410;10
0411;12
0412;7
0413;9
0414;6
0415;5
0416;10
0417;11
0418;8
0419;8
0420;11
0421;15
0422;9
0423;12
0424;13
0425;8
0426;5
0427;12
0428;7
0429;10
0430;15
0501;10
0502;9
0503;5
0504;12
0505;6
0506;16
0507;17
0508;6
0509;15
0510;17
0511;9
0512;12
0513;8
0514;13
0515;8
0516;16
0517;14
0518;13
0519;11
0520;11
0521;12
0522;8
0523;12
0524;9
0525;13
0526;12
0527;9
0528;14
0529;10
0530;13
0531;12
0601;12
0602;8
0603;17
0604;12
0605;9
0606;7
0607;14
0608;9
0609;4
0610;12
0611;12
0612;16
0613;10
0614;9
0615;9
0616;10
0617;12
0618;7
0619;11
0620;11
0621;13
0622;5
0623;12
0624;11
0625;9
0626;11
0627;11
0628;13
0629;12
0630;13
0701;12
0702;11
0703;12
0704;12
0705;10
0706;15
0707;9
0708;8
0709;8
0710;9
0711;10
0712;11
0713;13
0714;13
0715;13
0716;9
0717;6
0718;12
0719;8
0720;17
0721;16
0722;18
0723;13
0724;12
0725;9
0726;10
0727;20
0728;13
0729;9
0730;15
0731;11
0801;10
0802;8
0803;13
0804;13
0805;13
0806;14
0807;7
0808;11
0809;22
0810;14
0811;16
0812;11
0813;14
0814;12
0815;10
0816;10
0817;12
0818;12
0819;10
0820;10
0821;9
0822;8
0823;9
0824;11
0825;8
0826;8
0827;11
0828;14
0829;11
0830;11
0831;9
0901;10
0902;10
0903;10
0904;23
0905;8
0906;14
0907;12
0908;9
0909;15
0910;13
0911;11
0912;7
0913;13
0914;10
0915;18
0916;8
0917;10
0918;18
0919;12
0920;10
0921;15
0922;10
0923;9
0924;15
0925;21
0926;14
0927;12
0928;6
0929;12
0930;3
1001;9
1002;8
1003;17
1004;20
1005;4
1006;9
1007;11
1008;11
1009;12
1010;6
1011;14
1012;17
1013;16
1014;10
1015;12
1016;15
1017;5
1018;9
1019;10
1020;17
1021;14
1022;14
1023;9
1024;13
1025;16
1026;14
1027;10
1028;4
1029;10
1030;8
1031;10
1101;8
1102;9
1103;8
1104;6
1105;7
1106;14
1107;9
1108;17
1109;7
1110;15
1111;4
1112;9
1113;13
1114;14
1115;10
1116;12
1117;6
1118;17
1119;14
1120;13
1121;16
1122;10
1123;12
1124;11
1125;3
1126;9
1127;9
1128;2
1129;10
1130;14
1201;12
1202;9
1203;7
1204;8
1205;7
1206;8
1207;16
1208;11
1209;9
1210;10
1211;3
1212;11
1213;8
1214;10
1215;10
1216;12
1217;12
1218;9
1219;13
1220;11
1221;11
1222;12
1223;8
1224;12
1225;16
1226;12
1227;13
1228;9
1229;9
1230;7
1231;18
