0101;16
0102;16
0103;15
0104;22
0105;19
0106;21
0107;21
0108;31
0109;14
0110;12
0111;28
0112;21
0113;25
0114;17
0115;19
0116;25
0117;15
0118;16
0119;9
0120;20
0121;11
0122;23
0123;18
0124;23
0125;19
0126;15
0127;18
0128;19
0129;14
0130;21
0131;15
0201;30
0202;15
0203;15
0204;22
0205;24
0206;17
0207;14
0208;21
0209;19
0210;7
0211;19
0212;12
0213;20
0214;12
0215;22
0216;20
0217;20
0218;17
0219;22
0220;17
0221;18
0222;7
0223;10
0224;10
0225;13
0226;12
0227;14
0228;15
0229;22
0301;15
0302;18
0303;8
0304;20
0305;8
0306;14
0307;12
0308;7
0309;8
0310;15
0311;12
0312;11
0313;17
0314;14
0315;18
0316;8
0317;13
0318;9
0319;11
0320;6
0321;16
0322;11
0323;12
0324;16
0325;12
0326;21
0327;10
0328;21
0329;12
0330;15
0331;13
0401;12
0402;16
0403;10
0404;14
0405;12
0406;7
0407;12
0408;17
0409;16
0410;16
0411;13
0412;16
0413;8
0414;11
0415;12
0416;22
0417;11
0418;16
0419;16
0420;15
0421;10
0422;18
0423;12
0424;6
0425;15
0426;13
0427;6
0428;7
0429;20
0430;15
0501;14
0502;11
0503;7
0504;15
0505;20
0506;14
0507;20
0508;14
0509;15
0510;15
0511;13
0512;12
0513;17
0514;11
0515;10
0516;14
0517;16
0518;9
0519;11
0520;16
0521;18
0522;11
0523;16
0524;12
0525;14
0526;7
0527;13
0528;14
0529;8
0530;15
0531;7
0601;12
0602;19
0603;11
0604;16
0605;5
0606;9
0607;13
0608;15
0609;13
0610;11
0611;13
0612;9
0613;10
0614;11
0615;15
0616;16
0617;15
0618;11
0619;13
0620;18
0621;14
0622;17
0623;15
0624;14
0625;10
0626;11
0627;11
0628;11
0629;11
0630;21
0701;13
0702;17
0703;15
0704;7
0705;10
0706;9
0707;13
0708;13
0709;12
0710;11
0711;13
0712;14
0713;21
0714;13
0715;8
0716;17
0717;12
0718;12
0719;8
0720;9
0721;11
0722;10
0723;12
0724;23
0725;14
0726;9
0727;19
0728;19
0729;11
0730;10
0731;19
0801;9
0802;7
0803;6
0804;7
0805;9
0806;8
0807;11
0808;23
0809;13
0810;14
0811;17
0812;16
0813;17
0814;14
0815;15
0816;15
0817;13
0818;12
0819;10
0820;8
0821;15
0822;12
0823;13
0824;18
0825;16
0826;12
0827;15
0828;18
0829;20
0830;15
0831;7
0901;13
0902;12
0903;13
0904;12
0905;10
0906;11
0907;11
0908;8
0909;7
0910;13
0911;15
0912;13
0913;12
0914;11
0915;6
0916;11
0917;8
0918;13
0919;20
0920;14
0921;12
0922;16
0923;24
0924;5
0925;9
0926;10
0927;11
0928;13
0929;12
0930;10
1001;20
1002;7
1003;9
1004;13
1005;13
1006;13
1007;18
1008;8
1009;10
1010;14
1011;12
1012;15
1013;10
1014;15
1015;17
1016;14
1017;14
1018;13
1019;12
1020;7
1021;9
1022;17
1023;7
1024;18
1025;16
1026;9
1027;19
1028;11
1029;15
1030;21
1031;8
1101;14
1102;20
1103;10
1104;6
1105;9
1106;9
1107;19
1108;17
1109;13
1110;19
1111;11
1112;17
1113;15
1114;14
1115;17
1116;14
1117;13
1118;13
1119;13
1120;18
1121;7
1122;18
1123;20
1124;17
1125;16
1126;11
1127;16
1128;13
1129;8
1130;11
1201;15
1202;19
1203;17
1204;12
1205;14
1206;12
1207;14
1208;10
1209;11
1210;13
1211;18
1212;8
1213;9
1214;16
1215;14
1216;11
1217;11
1218;15
1219;12
1220;14
1221;10
1222;12
1223;16
1224;8
1225;10
1226;14
1227;15
1228;11
1229;15
1230;14
1231;13
