0101;4
0102;11
0103;2
0104;7
0105;3
0106;11
0107;6
0108;3
0109;7
0110;9
0111;1
0112;12
0113;2
0114;6
0115;4
0116;1
0117;6
0118;2
0119;5
0120;8
0121;4
0122;7
0123;9
0124;3
0125;5
0126;6
0127;3
0128;5
0129;7
0130;5
0131;8
0201;6
0202;4
0203;4
0204;10
0205;2
0206;4
0207;6
0208;7
0209;4
0210;8
0211;6
0212;8
0213;5
0214;4
0215;5
0216;8
0217;6
0218;4
0220;4
0221;4
0223;6
0224;3
0225;6
0226;5
0227;9
0228;9
0229;2
0301;7
0302;9
0303;7
0304;4
0305;2
0306;4
0307;2
0308;4
0309;2
0310;9
0311;9
0312;7
0313;7
0314;5
0315;3
0317;6
0318;7
0319;3
0320;2
0321;4
0322;4
0323;1
0324;4
0325;2
0326;2
0327;4
0328;2
0329;2
0330;5
0331;3
0401;3
0402;3
0403;5
0404;3
0405;5
0406;3
0407;2
0408;3
0409;6
0410;3
0412;4
0413;4
0414;2
0415;9
0416;1
0417;4
0418;4
0419;6
0420;3
0421;8
0422;4
0423;3
0424;4
0425;5
0426;2
0427;3
0428;3
0429;5
0430;8
0501;2
0502;5
0503;4
0504;4
0505;4
0506;5
0507;4
0508;6
0509;4
0510;7
0511;3
0512;3
0513;4
0514;3
0515;2
0516;4
0517;2
0518;5
0519;3
0520;4
0521;4
0522;2
0523;4
0524;6
0525;1
0526;3
0527;4
0528;4
0529;3
0530;2
0531;1
0601;3
0602;5
0603;5
0604;3
0605;2
0606;2
0607;3
0608;1
0609;7
0610;4
0611;2
0612;2
0613;2
0614;3
0615;3
0616;2
0617;7
0618;5
0619;3
0620;3
0621;4
0622;1
0623;5
0624;7
0625;3
0627;4
0628;3
0629;5
0630;2
0701;7
0702;4
0704;6
0705;4
0706;7
0707;4
0708;5
0709;4
0710;4
0711;1
0712;4
0713;3
0714;6
0715;3
0716;3
0717;4
0718;3
0719;2
0720;1
0721;3
0722;1
0723;3
0724;2
0725;2
0726;5
0727;4
0728;5
0729;3
0730;5
0731;4
0801;4
0802;3
0803;9
0804;4
0805;5
0806;2
0807;5
0808;5
0809;4
0810;5
0811;4
0812;1
0813;2
0814;4
0815;5
0816;4
0817;2
0818;6
0819;7
0820;3
0821;3
0822;4
0823;1
0824;3
0825;5
0826;4
0827;1
0828;1
0829;4
0831;7
0901;5
0902;5
0903;4
0904;6
0905;4
0906;3
0907;7
0908;6
0909;7
0910;4
0911;4
0912;6
0913;2
0914;6
0915;4
0916;6
0917;2
0918;2
0919;3
0920;1
0921;3
0922;2
0923;4
0924;5
0925;5
0926;4
0927;6
0928;4
0929;3
0930;5
1001;5
1002;7
1003;5
1004;3
1005;7
1006;5
1008;4
1009;4
1010;6
1011;4
1012;4
1013;3
1014;3
1015;5
1016;3
1017;3
1018;4
1019;2
1020;9
1021;7
1022;5
1023;2
1024;2
1025;1
1027;3
1028;4
1029;1
1030;4
1031;3
1101;1
1102;2
1103;3
1104;3
1105;4
1106;5
1107;3
1108;2
1109;6
1110;3
1111;3
1112;4
1113;3
1114;6
1115;8
1116;4
1117;3
1118;4
1119;10
1120;4
1121;4
1122;1
1123;3
1124;2
1125;6
1126;4
1127;4
1128;3
1129;3
1130;3
1201;3
1202;1
1203;1
1204;2
1205;1
1206;2
1207;4
1208;3
1209;5
1210;1
1211;4
1212;5
1213;2
1214;2
1215;3
1216;8
1217;3
1218;1
1219;1
1220;7
1221;5
1222;6
1223;4
1224;2
1225;3
1226;7
1227;5
1228;4
1229;7
1230;5
1231;2
