0101;4
0102;3
0103;6
0104;3
0105;3
0106;5
0107;3
0108;2
0109;7
0110;10
0111;5
0112;4
0113;3
0114;5
0115;4
0116;2
0117;4
0118;5
0119;2
0120;4
0121;3
0122;8
0124;2
0125;6
0126;2
0127;4
0128;6
0129;4
0130;4
0131;4
0201;6
0202;1
0203;5
0204;1
0205;1
0206;3
0207;7
0208;4
0209;4
0210;4
0211;7
0212;4
0213;3
0214;5
0215;4
0216;1
0217;5
0218;3
0219;6
0220;2
0221;1
0222;4
0223;8
0226;3
0227;5
0228;2
0229;5
0302;4
0303;1
0304;7
0305;2
0306;3
0307;3
0308;3
0309;4
0310;3
0311;3
0312;3
0313;4
0314;9
0315;6
0316;5
0317;7
0318;3
0319;5
0320;1
0321;3
0322;7
0323;4
0324;4
0325;2
0326;5
0327;3
0328;3
0329;3
0330;8
0331;3
0401;3
0402;2
0403;2
0404;1
0405;4
0406;4
0407;2
0408;1
0409;1
0410;6
0411;3
0412;1
0413;5
0414;2
0415;4
0416;3
0418;2
0419;5
0420;2
0421;5
0422;4
0423;1
0425;1
0426;6
0427;1
0428;4
0429;4
0430;6
0501;3
0502;7
0504;5
0505;1
0506;2
0507;3
0508;3
0509;4
0510;4
0511;4
0512;8
0513;2
0514;2
0515;2
0516;3
0517;3
0518;3
0519;1
0520;2
0521;3
0522;1
0523;1
0524;4
0525;3
0526;1
0527;4
0528;5
0529;3
0531;5
0601;4
0602;3
0603;4
0604;2
0605;6
0606;2
0607;1
0608;8
0609;2
0610;3
0611;3
0612;7
0613;1
0614;4
0615;4
0616;2
0617;1
0618;5
0619;5
0620;3
0621;4
0622;7
0623;1
0624;5
0625;2
0626;4
0627;6
0628;5
0629;3
0630;4
0701;2
0702;4
0703;5
0704;5
0705;2
0707;2
0708;2
0709;2
0710;4
0711;2
0712;2
0713;4
0714;1
0715;8
0716;5
0717;1
0718;1
0719;2
0720;8
0721;3
0722;4
0723;2
0724;4
0725;5
0726;2
0727;5
0728;3
0729;5
0730;3
0731;5
0801;3
0803;1
0804;4
0805;2
0806;4
0807;3
0809;6
0810;3
0811;4
0812;4
0813;4
0814;4
0815;1
0816;2
0818;1
0819;4
0820;1
0821;3
0822;6
0823;4
0824;3
0825;4
0826;1
0827;1
0828;3
0829;2
0830;2
0831;5
0901;1
0902;1
0903;2
0904;4
0905;4
0906;3
0907;2
0908;4
0909;3
0910;3
0911;1
0912;5
0913;2
0914;2
0915;3
0916;2
0917;6
0918;6
0919;5
0920;1
0921;1
0922;1
0923;1
0924;2
0925;2
0926;2
0927;2
0928;3
0929;5
0930;3
1001;1
1002;1
1003;3
1005;2
1006;1
1007;1
1008;6
1009;3
1010;2
1011;2
1012;5
1013;6
1014;1
1015;3
1016;3
1017;2
1018;5
1019;2
1020;2
1021;3
1022;2
1023;2
1024;6
1025;2
1026;2
1027;3
1028;3
1029;3
1030;8
1031;2
1101;1
1102;5
1103;5
1104;1
1105;5
1106;3
1107;3
1108;2
1109;3
1111;2
1112;4
1113;1
1114;1
1115;3
1116;5
1117;5
1118;3
1119;3
1120;1
1121;2
1122;2
1123;3
1124;2
1125;3
1127;3
1128;1
1129;3
1130;1
1201;3
1202;6
1205;1
1206;3
1207;4
1208;7
1209;4
1210;3
1211;2
1212;4
1213;4
1214;3
1215;2
1216;2
1217;6
1218;1
1219;7
1220;2
1221;5
1222;4
1223;4
1224;4
1225;2
1226;1
1227;2
1228;3
1229;2
1230;2
1231;3
