0101;9
0102;13
0103;12
0104;12
0105;8
0106;15
0107;9
0108;10
0109;12
0110;12
0111;11
0112;16
0113;4
0114;8
0115;5
0116;15
0117;5
0118;13
0119;6
0120;8
0121;14
0122;11
0123;5
0124;17
0125;8
0126;11
0127;16
0128;4
0129;11
0130;13
0131;7
0201;12
0202;7
0203;9
0204;15
0205;8
0206;12
0207;10
0208;8
0209;4
0210;7
0211;6
0212;12
0213;4
0214;6
0215;4
0216;7
0217;7
0218;6
0219;11
0220;6
0221;6
0222;6
0223;8
0224;11
0225;8
0226;12
0227;6
0228;9
0229;4
0301;9
0302;10
0303;8
0304;7
0305;5
0306;10
0307;9
0308;8
0309;6
0310;7
0311;9
0312;9
0313;8
0314;13
0315;9
0316;8
0317;11
0318;12
0319;2
0320;4
0321;7
0322;2
0323;6
0324;7
0325;10
0326;10
0327;5
0328;6
0329;2
0330;11
0331;4
0401;11
0402;4
0403;8
0404;9
0405;15
0406;8
0407;7
0408;9
0409;7
0410;6
0411;4
0412;7
0413;8
0414;7
0415;2
0416;5
0417;11
0418;8
0419;6
0420;5
0421;11
0422;8
0423;11
0424;2
0425;5
0426;11
0427;9
0428;8
0429;8
0430;8
0501;7
0502;6
0503;7
0504;9
0505;8
0506;4
0507;9
0508;6
0509;12
0510;10
0511;2
0512;11
0513;11
0514;4
0515;7
0516;11
0517;4
0518;10
0519;10
0520;6
0521;4
0522;10
0523;6
0524;4
0525;8
0526;4
0527;10
0528;3
0529;6
0530;5
0531;3
0601;5
0602;3
0603;7
0604;7
0605;6
0606;10
0607;7
0608;4
0609;5
0610;10
0611;11
0612;10
0613;8
0614;12
0615;5
0616;5
0617;4
0618;5
0619;4
0620;8
0621;11
0622;11
0623;10
0624;6
0625;8
0626;6
0627;8
0628;10
0629;6
0630;10
0701;6
0702;9
0703;6
0704;7
0705;2
0706;4
0707;6
0708;5
0709;8
0710;7
0711;5
0712;1
0713;6
0714;5
0715;6
0716;4
0717;8
0718;9
0719;7
0720;6
0721;8
0722;12
0723;11
0724;8
0725;5
0726;6
0727;3
0728;9
0729;6
0730;4
0731;7
0801;12
0802;7
0803;7
0804;5
0805;7
0806;3
0807;5
0808;5
0809;12
0810;8
0811;6
0812;5
0813;4
0814;8
0815;5
0816;9
0817;7
0818;5
0819;7
0820;11
0821;5
0822;5
0823;7
0824;7
0825;10
0826;2
0827;6
0828;8
0829;6
0830;8
0831;8
0901;8
0902;9
0903;7
0904;7
0905;9
0906;9
0907;9
0908;6
0909;4
0910;5
0911;8
0912;9
0913;5
0914;15
0915;3
0916;6
0917;5
0918;3
0919;1
0920;9
0921;9
0922;5
0923;4
0924;4
0925;4
0926;2
0927;3
0928;10
0929;10
0930;8
1001;8
1002;6
1003;6
1004;8
1005;13
1006;13
1007;7
1008;5
1009;2
1010;6
1011;8
1012;5
1013;4
1014;5
1015;7
1016;11
1017;4
1018;7
1019;5
1020;7
1021;7
1022;3
1023;7
1024;8
1025;7
1026;6
1027;11
1028;6
1029;8
1030;10
1031;4
1101;5
1102;7
1103;10
1104;7
1105;9
1106;6
1107;14
1108;10
1109;2
1110;6
1111;7
1112;4
1113;14
1114;6
1115;2
1116;6
1117;12
1118;11
1119;11
1120;6
1121;5
1122;8
1123;9
1124;5
1125;7
1126;11
1127;4
1128;3
1129;9
1130;9
1201;2
1202;3
1203;9
1204;8
1205;4
1206;6
1207;4
1208;7
1209;5
1210;9
1211;5
1212;10
1213;9
1214;7
1215;4
1216;10
1217;10
1218;9
1219;7
1220;6
1221;7
1222;7
1223;6
1224;13
1225;11
1226;11
1227;7
1228;4
1229;8
1230;7
1231;5
