0101;11
0102;6
0103;10
0104;10
0105;9
0106;13
0107;12
0108;11
0109;5
0110;10
0111;14
0112;8
0113;12
0114;7
0115;8
0116;14
0117;15
0118;9
0119;11
0120;14
0121;14
0122;11
0123;8
0124;10
0125;15
0126;13
0127;10
0128;9
0129;12
0130;18
0131;8
0201;10
0202;8
0203;3
0204;14
0205;11
0206;10
0207;15
0208;11
0209;13
0210;12
0211;7
0212;16
0213;12
0214;17
0215;8
0216;7
0217;8
0218;10
0219;7
0220;10
0221;12
0222;12
0223;3
0224;12
0225;8
0226;13
0227;9
0228;6
0229;12
0301;14
0302;5
0303;12
0304;4
0305;5
0306;6
0307;8
0308;8
0309;7
0310;11
0311;8
0312;13
0313;8
0314;3
0315;6
0316;8
0317;11
0318;6
0319;12
0320;12
0321;14
0322;6
0323;8
0324;12
0325;6
0326;8
0327;2
0328;11
0329;8
0330;3
0331;14
0401;14
0402;6
0403;6
0404;8
0405;4
0406;9
0407;7
0408;9
0409;6
0410;7
0411;8
0412;11
0413;6
0414;5
0415;6
0416;5
0417;7
0418;18
0419;6
0420;8
0421;6
0422;12
0423;8
0424;7
0425;15
0426;9
0427;10
0428;8
0429;9
0430;4
0501;9
0502;9
0503;8
0504;6
0505;12
0506;8
0507;7
0508;8
0509;3
0510;9
0511;3
0512;7
0513;6
0514;9
0515;6
0516;9
0517;8
0518;7
0519;9
0520;11
0521;10
0522;5
0523;11
0524;7
0525;8
0526;13
0527;6
0528;6
0529;10
0530;8
0531;10
0601;11
0602;11
0603;8
0604;8
0605;8
0606;6
0607;8
0608;5
0609;11
0610;13
0611;6
0612;3
0613;6
0614;12
0615;3
0616;11
0617;7
0618;6
0619;10
0620;4
0621;4
0622;7
0623;6
0624;7
0625;6
0626;4
0627;11
0628;10
0629;3
0630;7
0701;15
0702;10
0703;5
0704;13
0705;4
0706;12
0707;4
0708;10
0709;9
0710;9
0711;5
0712;11
0713;6
0714;9
0715;13
0716;10
0717;10
0718;6
0719;7
0720;11
0721;4
0722;9
0723;6
0724;7
0725;6
0726;11
0727;5
0728;4
0729;10
0730;4
0731;10
0801;5
0802;10
0803;12
0804;9
0805;8
0806;9
0807;11
0808;14
0809;8
0810;8
0811;9
0812;9
0813;12
0814;5
0815;3
0816;7
0817;9
0818;8
0819;6
0820;11
0821;7
0822;14
0823;12
0824;10
0825;5
0826;6
0827;9
0828;10
0829;6
0830;4
0831;12
0901;7
0902;9
0903;9
0904;6
0905;10
0906;11
0907;14
0908;12
0909;12
0910;11
0911;11
0912;10
0913;8
0914;5
0915;1
0916;4
0917;7
0918;6
0919;5
0920;8
0921;8
0922;8
0923;6
0924;6
0925;6
0926;7
0927;4
0928;7
0929;9
0930;3
1001;7
1002;9
1003;6
1004;4
1005;6
1006;11
1007;10
1008;10
1009;6
1010;7
1011;9
1012;13
1013;6
1014;5
1015;6
1016;13
1017;6
1018;5
1019;5
1020;9
1021;12
1022;3
1023;5
1024;4
1025;12
1026;10
1027;7
1028;7
1029;10
1030;7
1031;10
1101;10
1102;4
1103;11
1104;6
1105;3
1106;9
1107;5
1108;12
1109;9
1110;8
1111;7
1112;7
1113;8
1114;8
1115;7
1116;6
1117;10
1118;10
1119;4
1120;9
1121;13
1122;8
1123;10
1124;9
1125;7
1126;9
1127;1
1128;10
1129;6
1130;12
1201;11
1202;10
1203;4
1204;12
1205;6
1206;6
1207;8
1208;8
1209;5
1210;11
1211;11
1212;14
1213;8
1214;5
1215;8
1216;6
1217;8
1218;6
1219;7
1220;9
1221;10
1222;7
1223;10
1224;10
1225;7
1226;13
1227;9
1228;11
1229;9
1230;12
1231;6
