0101;15
0102;4
0103;7
0104;7
0105;8
0106;10
0107;5
0108;6
0109;5
0110;9
0111;4
0112;11
0113;7
0114;7
0115;6
0116;4
0117;12
0118;3
0119;7
0120;10
0121;9
0122;7
0123;8
0124;7
0125;6
0126;4
0127;9
0128;3
0129;5
0130;5
0131;9
0201;7
0202;7
0203;8
0204;5
0205;6
0206;8
0207;2
0208;9
0209;4
0210;7
0211;5
0212;7
0213;6
0214;9
0215;7
0216;6
0217;4
0218;3
0219;4
0220;4
0221;11
0222;6
0223;8
0224;6
0225;1
0226;3
0227;5
0228;4
0229;6
0301;3
0302;7
0303;7
0304;3
0305;3
0306;7
0307;3
0308;3
0309;4
0310;6
0311;3
0312;6
0313;5
0314;6
0315;1
0316;5
0317;8
0318;1
0319;3
0320;6
0321;5
0322;5
0323;9
0324;4
0325;8
0326;2
0327;3
0328;4
0329;6
0330;3
0331;8
0401;3
0402;3
0403;6
0404;8
0405;1
0406;4
0407;3
0408;4
0409;9
0410;5
0411;6
0412;6
0413;7
0414;5
0415;8
0416;4
0417;5
0418;9
0419;12
0420;4
0421;7
0422;6
0423;3
0424;6
0425;3
0426;4
0427;5
0428;4
0429;2
0430;5
0501;6
0502;6
0503;4
0504;3
0505;4
0506;11
0508;6
0509;7
0510;4
0511;3
0512;4
0513;3
0514;2
0515;4
0516;5
0517;7
0518;3
0519;6
0520;4
0521;3
0522;5
0523;4
0524;4
0525;4
0526;5
0527;8
0528;6
0529;5
0530;2
0531;3
0601;8
0602;5
0603;7
0604;4
0605;7
0606;4
0607;4
0608;7
0609;5
0610;3
0611;7
0612;3
0613;5
0614;5
0615;3
0616;3
0617;5
0618;5
0619;6
0620;4
0621;6
0622;2
0623;1
0624;6
0625;2
0626;5
0627;8
0628;3
0629;3
0630;11
0701;8
0702;5
0703;2
0704;5
0705;4
0706;4
0707;3
0708;6
0709;4
0710;1
0711;4
0712;5
0713;9
0714;3
0715;4
0716;8
0717;3
0718;5
0719;11
0720;4
0721;2
0722;5
0723;3
0724;7
0725;5
0726;1
0727;5
0729;6
0730;3
0731;6
0801;2
0802;4
0803;4
0804;5
0805;6
0806;4
0807;8
0808;3
0809;7
0810;8
0811;5
0812;5
0813;5
0814;5
0815;2
0816;6
0817;9
0818;4
0819;7
0820;8
0821;3
0822;7
0823;7
0824;4
0825;5
0827;3
0828;2
0829;8
0830;6
0831;7
0901;5
0902;1
0903;10
0904;3
0905;1
0906;6
0907;6
0908;7
0909;8
0910;6
0911;5
0912;6
0913;6
0914;3
0915;1
0916;4
0917;5
0918;4
0920;2
0921;3
0922;5
0923;5
0924;5
0925;5
0926;10
0927;2
0928;2
0929;4
0930;4
1001;4
1002;5
1003;3
1004;4
1005;2
1006;4
1007;2
1008;5
1009;8
1010;4
1011;5
1012;7
1013;6
1014;3
1015;6
1016;4
1017;3
1018;3
1019;6
1020;2
1021;7
1022;6
1023;5
1024;3
1025;5
1026;3
1027;4
1028;5
1029;5
1030;9
1031;7
1101;2
1102;4
1103;9
1104;7
1105;2
1106;3
1107;6
1108;5
1109;7
1110;3
1111;3
1112;5
1113;3
1114;2
1115;4
1116;5
1117;2
1118;4
1119;7
1120;1
1121;5
1122;9
1123;9
1124;6
1125;10
1126;7
1127;3
1128;5
1129;4
1130;2
1201;3
1202;5
1203;1
1204;2
1205;4
1206;6
1207;3
1208;5
1209;2
1210;2
1211;3
1212;5
1213;3
1214;7
1215;7
1216;6
1217;6
1218;7
1219;9
1220;7
1221;6
1222;2
1223;2
1224;7
1225;4
1226;3
1227;8
1228;5
1229;2
1230;10
1231;5
