0101;12
0102;23
0103;14
0104;11
0105;15
0106;14
0107;16
0108;13
0109;17
0110;12
0111;13
0112;14
0113;17
0114;14
0115;20
0116;18
0117;15
0118;16
0119;12
0120;10
0121;17
0122;14
0123;15
0124;14
0125;11
0126;16
0127;15
0128;17
0129;14
0130;16
0131;16
0201;15
0202;16
0203;12
0204;16
0205;7
0206;15
0207;15
0208;13
0209;6
0210;7
0211;7
0212;12
0213;23
0214;18
0215;15
0216;12
0217;9
0218;10
0219;20
0220;7
0221;10
0222;15
0223;11
0224;17
0225;8
0226;7
0227;10
0228;9
0229;16
0301;14
0302;13
0303;9
0304;15
0305;20
0306;9
0307;17
0308;13
0309;5
0310;10
0311;14
0312;12
0313;10
0314;17
0315;9
0316;10
0317;9
0318;10
0319;17
0320;7
0321;14
0322;15
0323;9
0324;12
0325;8
0326;9
0327;12
0328;15
0329;8
0330;9
0331;10
0401;7
0402;13
0403;8
0404;6
0405;9
0406;12
0407;11
0408;8
0409;14
0410;17
0411;12
0412;8
0413;10
0414;17
0415;11
0416;16
0417;9
0418;7
0419;16
0420;12
0421;11
0422;13
0423;9
0424;8
0425;11
0426;9
0427;12
0428;2
0429;13
0430;8
0501;10
0502;11
0503;17
0504;10
0505;10
0506;13
0507;12
0508;11
0509;11
0510;8
0511;7
0512;9
0513;11
0514;11
0515;14
0516;11
0517;9
0518;10
0519;6
0520;12
0521;12
0522;10
0523;11
0524;17
0525;12
0526;6
0527;12
0528;12
0529;12
0530;7
0531;11
0601;8
0602;10
0603;15
0604;10
0605;11
0606;16
0607;10
0608;10
0609;10
0610;12
0611;8
0612;9
0613;11
0614;12
0615;12
0616;8
0617;7
0618;12
0619;6
0620;9
0621;10
0622;10
0623;15
0624;12
0625;10
0626;9
0627;7
0628;10
0629;7
0630;10
0701;7
0702;5
0703;15
0704;8
0705;16
0706;6
0707;9
0708;13
0709;8
0710;5
0711;5
0712;11
0713;10
0714;8
0715;9
0716;10
0717;11
0718;7
0719;3
0720;10
0721;9
0722;11
0723;9
0724;13
0725;11
0726;13
0727;6
0728;7
0729;13
0730;6
0731;8
0801;8
0802;14
0803;9
0804;14
0805;11
0806;6
0807;16
0808;9
0809;13
0810;6
0811;6
0812;13
0813;14
0814;11
0815;12
0816;9
0817;17
0818;9
0819;11
0820;16
0821;12
0822;12
0823;16
0824;12
0825;8
0826;9
0827;8
0828;8
0829;6
0830;11
0831;9
0901;5
0902;10
0903;6
0904;8
0905;6
0906;14
0907;6
0908;9
0909;10
0910;11
0911;9
0912;12
0913;16
0914;11
0915;14
0916;12
0917;14
0918;8
0919;8
0920;17
0921;14
0922;10
0923;12
0924;9
0925;9
0926;8
0927;8
0928;9
0929;9
0930;7
1001;15
1002;10
1003;14
1004;7
1005;10
1006;7
1007;7
1008;11
1009;10
1010;9
1011;9
1012;11
1013;7
1014;10
1015;13
1016;4
1017;11
1018;17
1019;13
1020;10
1021;13
1022;8
1023;11
1024;9
1025;15
1026;14
1027;18
1028;14
1029;11
1030;9
1031;11
1101;6
1102;10
1103;7
1104;9
1105;14
1106;11
1107;19
1108;9
1109;15
1110;9
1111;8
1112;11
1113;10
1114;11
1115;9
1116;5
1117;14
1118;14
1119;6
1120;10
1121;12
1122;16
1123;8
1124;12
1125;8
1126;9
1127;7
1128;6
1129;18
1130;13
1201;13
1202;12
1203;15
1204;11
1205;15
1206;7
1207;5
1208;13
1209;11
1210;16
1211;11
1212;8
1213;6
1214;3
1215;15
1216;9
1217;13
1218;13
1219;9
1220;11
1221;5
1222;13
1223;12
1224;11
1225;13
1226;12
1227;8
1228;8
1229;14
1230;14
1231;10
