0101;22
0102;18
0103;15
0104;10
0105;15
0106;20
0107;18
0108;12
0109;17
0110;13
0111;20
0112;8
0113;21
0114;17
0115;7
0116;11
0117;21
0118;13
0119;15
0120;12
0121;10
0122;13
0123;17
0124;12
0125;18
0126;19
0127;12
0128;16
0129;15
0130;15
0131;6
0201;13
0202;17
0203;16
0204;21
0205;17
0206;14
0207;22
0208;22
0209;15
0210;14
0211;14
0212;18
0213;10
0214;12
0215;13
0216;10
0217;15
0218;17
0219;8
0220;7
0221;11
0222;8
0223;24
0224;9
0225;16
0226;13
0227;13
0228;18
0229;13
0301;5
0302;11
0303;7
0304;12
0305;7
0306;13
0307;14
0308;9
0309;12
0310;12
0311;6
0312;11
0313;5
0314;6
0315;8
0316;10
0317;6
0318;12
0319;7
0320;8
0321;14
0322;17
0323;11
0324;11
0325;6
0326;9
0327;17
0328;11
0329;7
0330;11
0331;17
0401;15
0402;12
0403;13
0404;10
0405;10
0406;12
0407;7
0408;8
0409;11
0410;6
0411;19
0412;10
0413;11
0414;13
0415;13
0416;16
0417;4
0418;12
0419;8
0420;8
0421;10
0422;7
0423;13
0424;9
0425;5
0426;15
0427;10
0428;16
0429;9
0430;10
0501;13
0502;15
0503;8
0504;6
0505;10
0506;16
0507;10
0508;11
0509;11
0510;14
0511;8
0512;9
0513;19
0514;7
0515;10
0516;6
0517;10
0518;12
0519;12
0520;8
0521;7
0522;15
0523;8
0524;9
0525;10
0526;11
0527;5
0528;8
0529;6
0530;11
0531;12
0601;8
0602;10
0603;9
0604;16
0605;9
0606;12
0607;9
0608;11
0609;13
0610;6
0611;14
0612;6
0613;9
0614;12
0615;7
0616;16
0617;9
0618;16
0619;10
0620;17
0621;8
0622;11
0623;17
0624;12
0625;8
0626;11
0627;5
0628;9
0629;16
0630;7
0701;8
0702;8
0703;16
0704;12
0705;12
0706;10
0707;10
0708;18
0709;8
0710;12
0711;4
0712;11
0713;15
0714;8
0715;11
0716;9
0717;12
0718;14
0719;6
0720;12
0721;8
0722;10
0723;12
0724;10
0725;11
0726;10
0727;8
0728;9
0729;14
0730;14
0731;15
0801;13
0802;12
0803;9
0804;7
0805;9
0806;12
0807;10
0808;13
0809;3
0810;10
0811;8
0812;5
0813;7
0814;16
0815;10
0816;9
0817;7
0818;12
0819;13
0820;12
0821;6
0822;5
0823;17
0824;9
0825;9
0826;16
0827;8
0828;7
0829;12
0830;4
0831;16
0901;16
0902;12
0903;10
0904;5
0905;9
0906;13
0907;10
0908;9
0909;16
0910;13
0911;12
0912;8
0913;10
0914;5
0915;10
0916;12
0917;9
0918;16
0919;9
0920;6
0921;13
0922;9
0923;15
0924;10
0925;9
0926;8
0927;9
0928;8
0929;8
0930;7
1001;6
1002;13
1003;9
1004;17
1005;11
1006;7
1007;13
1008;12
1009;5
1010;10
1011;11
1012;8
1013;11
1014;16
1015;7
1016;9
1017;7
1018;12
1019;12
1020;11
1021;8
1022;11
1023;10
1024;13
1025;15
1026;6
1027;11
1028;13
1029;12
1030;6
1031;11
1101;13
1102;12
1103;10
1104;12
1105;8
1106;15
1107;9
1108;13
1109;11
1110;12
1111;8
1112;12
1113;21
1114;10
1115;8
1116;13
1117;9
1118;11
1119;5
1120;13
1121;13
1122;14
1123;9
1124;12
1125;5
1126;7
1127;18
1128;9
1129;9
1130;11
1201;16
1202;8
1203;10
1204;14
1205;18
1206;15
1207;10
1208;12
1209;14
1210;13
1211;12
1212;4
1213;16
1214;15
1215;10
1216;12
1217;11
1218;9
1219;13
1220;7
1221;7
1222;14
1223;11
1224;18
1225;18
1226;21
1227;9
1228;13
1229;12
1230;15
1231;19
