0101;3
0102;13
0103;6
0104;1
0105;7
0106;11
0107;12
0108;4
0109;5
0110;6
0111;2
0112;3
0113;10
0114;5
0115;10
0116;11
0117;16
0118;11
0119;5
0120;6
0121;8
0122;3
0123;3
0124;8
0125;1
0126;5
0127;6
0128;14
0129;6
0130;11
0131;8
0201;4
0202;4
0203;4
0204;7
0205;5
0206;10
0207;12
0208;3
0209;6
0210;12
0211;6
0212;4
0213;5
0214;5
0215;8
0216;2
0217;11
0218;10
0219;9
0220;9
0221;2
0222;4
0223;10
0224;10
0225;11
0226;2
0227;8
0228;2
0229;3
0301;3
0302;9
0303;6
0305;13
0306;8
0307;11
0308;3
0309;6
0310;4
0311;7
0312;4
0313;7
0314;5
0315;7
0316;5
0317;8
0318;4
0319;5
0320;7
0321;3
0322;3
0323;4
0324;2
0325;5
0326;2
0327;5
0328;6
0329;8
0330;7
0331;9
0401;6
0402;5
0403;4
0404;4
0405;2
0406;9
0407;3
0408;4
0409;4
0410;9
0411;7
0412;5
0413;1
0414;2
0415;2
0416;7
0417;6
0418;8
0419;5
0420;4
0421;5
0422;2
0423;4
0424;4
0425;8
0426;10
0427;1
0428;10
0429;5
0430;4
0501;4
0502;2
0503;3
0504;5
0505;6
0506;2
0507;3
0508;6
0509;3
0510;6
0511;7
0512;10
0513;3
0514;5
0515;8
0516;1
0517;6
0518;5
0519;7
0520;7
0521;6
0522;6
0523;5
0524;8
0525;9
0526;6
0527;9
0528;4
0529;4
0530;4
0531;4
0601;8
0602;1
0603;7
0604;6
0605;4
0606;6
0607;5
0608;4
0609;9
0610;3
0611;4
0612;1
0613;5
0614;8
0615;1
0616;11
0617;9
0618;2
0619;5
0620;15
0621;8
0622;1
0623;5
0624;5
0625;4
0626;6
0627;3
0628;2
0629;3
0630;1
0701;6
0702;2
0703;6
0704;1
0705;8
0706;3
0707;4
0708;4
0710;6
0711;7
0712;10
0713;8
0714;2
0715;2
0716;1
0717;1
0718;10
0719;9
0720;2
0721;6
0722;10
0723;10
0724;2
0725;6
0726;4
0727;11
0728;7
0729;9
0730;3
0731;8
0801;3
0802;6
0803;7
0804;10
0805;14
0806;2
0807;5
0808;11
0809;9
0810;10
0811;3
0812;10
0813;6
0814;7
0815;1
0816;6
0817;7
0818;5
0819;1
0820;15
0821;6
0822;9
0823;1
0824;6
0825;3
0826;5
0827;3
0828;7
0829;6
0830;7
0831;7
0901;3
0902;7
0903;11
0904;8
0905;9
0906;10
0907;4
0908;8
0909;5
0910;6
0911;5
0912;11
0913;2
0914;6
0915;13
0916;9
0917;8
0919;11
0920;2
0921;6
0922;6
0923;2
0924;10
0925;3
0926;3
0927;5
0928;3
0929;8
0930;6
1001;6
1002;7
1003;8
1004;7
1005;4
1006;4
1007;3
1008;12
1009;1
1010;1
1011;3
1012;6
1013;7
1014;9
1015;6
1017;4
1018;9
1019;3
1020;6
1021;3
1022;2
1023;10
1024;7
1025;2
1026;3
1027;1
1028;4
1029;1
1030;7
1031;1
1101;2
1102;5
1103;1
1104;2
1105;6
1106;5
1107;2
1108;4
1109;6
1110;3
1111;6
1112;4
1113;1
1114;7
1115;2
1116;4
1117;1
1118;4
1119;8
1120;3
1121;2
1122;3
1123;2
1124;2
1125;3
1126;5
1127;6
1128;6
1129;3
1130;3
1201;6
1202;9
1203;6
1204;4
1205;6
1206;1
1207;2
1208;4
1209;3
1210;5
1211;4
1212;6
1213;3
1214;5
1215;9
1216;6
1217;5
1218;6
1219;13
1220;4
1222;3
1223;4
1224;8
1225;9
1226;1
1227;8
1228;4
1229;3
1230;7
1231;2
