0101;23
0102;44
0103;34
0104;23
0105;32
0106;31
0107;39
0108;30
0109;21
0110;35
0111;37
0112;36
0113;34
0114;29
0115;29
0116;27
0117;29
0118;32
0119;48
0120;35
0121;35
0122;34
0123;37
0124;27
0125;35
0126;40
0127;38
0128;43
0129;25
0130;21
0131;26
0201;33
0202;35
0203;27
0204;29
0205;23
0206;24
0207;27
0208;41
0209;27
0210;28
0211;22
0212;29
0213;28
0214;31
0215;21
0216;34
0217;26
0218;40
0219;25
0220;15
0221;28
0222;31
0223;27
0224;28
0225;23
0226;31
0227;28
0228;34
0229;32
0301;30
0302;30
0303;25
0304;25
0305;26
0306;30
0307;25
0308;15
0309;22
0310;24
0311;26
0312;21
0313;21
0314;28
0315;20
0316;28
0317;20
0318;21
0319;25
0320;31
0321;26
0322;31
0323;29
0324;30
0325;24
0326;26
0327;17
0328;29
0329;19
0330;21
0331;21
0401;31
0402;26
0403;29
0404;38
0405;28
0406;17
0407;19
0408;19
0409;27
0410;20
0411;30
0412;32
0413;26
0414;16
0415;23
0416;20
0417;20
0418;23
0419;35
0420;19
0421;30
0422;20
0423;23
0424;15
0425;29
0426;31
0427;23
0428;19
0429;16
0430;26
0501;13
0502;17
0503;25
0504;21
0505;23
0506;24
0507;21
0508;20
0509;32
0510;19
0511;26
0512;29
0513;22
0514;23
0515;24
0516;26
0517;23
0518;22
0519;24
0520;21
0521;21
0522;26
0523;20
0524;26
0525;26
0526;32
0527;22
0528;22
0529;18
0530;20
0531;19
0601;13
0602;32
0603;28
0604;28
0605;27
0606;18
0607;24
0608;20
0609;23
0610;25
0611;24
0612;21
0613;21
0614;23
0615;37
0616;25
0617;19
0618;32
0619;19
0620;19
0621;20
0622;16
0623;25
0624;18
0625;33
0626;22
0627;18
0628;28
0629;21
0630;24
0701;24
0702;16
0703;23
0704;21
0705;30
0706;18
0707;26
0708;23
0709;34
0710;17
0711;23
0712;21
0713;24
0714;19
0715;23
0716;21
0717;16
0718;22
0719;20
0720;29
0721;27
0722;23
0723;14
0724;22
0725;23
0726;25
0727;27
0728;22
0729;18
0730;27
0731;18
0801;31
0802;29
0803;18
0804;24
0805;25
0806;19
0807;20
0808;16
0809;23
0810;16
0811;25
0812;27
0813;22
0814;26
0815;31
0816;21
0817;22
0818;21
0819;18
0820;37
0821;28
0822;15
0823;16
0824;25
0825;20
0826;17
0827;20
0828;26
0829;17
0830;18
0831;24
0901;28
0902;16
0903;17
0904;23
0905;27
0906;21
0907;20
0908;25
0909;21
0910;19
0911;25
0912;16
0913;30
0914;29
0915;28
0916;20
0917;23
0918;22
0919;16
0920;16
0921;11
0922;21
0923;25
0924;27
0925;27
0926;31
0927;29
0928;24
0929;22
0930;28
1001;16
1002;21
1003;21
1004;28
1005;19
1006;27
1007;24
1008;22
1009;23
1010;36
1011;29
1012;34
1013;31
1014;26
1015;27
1016;19
1017;26
1018;21
1019;33
1020;31
1021;41
1022;28
1023;31
1024;26
1025;29
1026;25
1027;29
1028;22
1029;23
1030;22
1031;23
1101;12
1102;27
1103;29
1104;28
1105;29
1106;29
1107;16
1108;21
1109;31
1110;21
1111;23
1112;34
1113;24
1114;21
1115;41
1116;16
1117;25
1118;23
1119;19
1120;26
1121;24
1122;31
1123;20
1124;24
1125;21
1126;33
1127;24
1128;28
1129;20
1130;22
1201;20
1202;19
1203;22
1204;29
1205;28
1206;21
1207;17
1208;32
1209;16
1210;20
1211;20
1212;31
1213;24
1214;28
1215;30
1216;26
1217;30
1218;28
1219;31
1220;26
1221;23
1222;31
1223;25
1224;21
1225;32
1226;18
1227;33
1228;25
1229;25
1230;32
1231;23
