0101;46
0102;42
0103;48
0104;50
0105;48
0106;48
0107;51
0108;60
0109;36
0110;55
0111;38
0112;46
0113;36
0114;52
0115;48
0116;47
0117;50
0118;53
0119;45
0120;40
0121;49
0122;45
0123;54
0124;43
0125;40
0126;44
0127;50
0128;56
0129;52
0130;41
0131;34
0201;65
0202;48
0203;49
0204;57
0205;32
0206;49
0207;46
0208;46
0209;49
0210;40
0211;49
0212;51
0213;46
0214;33
0215;42
0216;53
0217;31
0218;41
0219;32
0220;33
0221;42
0222;44
0223;44
0224;33
0225;30
0226;29
0227;36
0228;31
0229;39
0301;42
0302;43
0303;32
0304;33
0305;30
0306;37
0307;42
0308;42
0309;36
0310;42
0311;39
0312;36
0313;40
0314;28
0315;34
0316;35
0317;35
0318;23
0319;24
0320;29
0321;34
0322;45
0323;40
0324;33
0325;57
0326;28
0327;33
0328;34
0329;38
0330;23
0331;55
0401;44
0402;31
0403;40
0404;39
0405;43
0406;33
0407;27
0408;39
0409;34
0410;36
0411;46
0412;31
0413;40
0414;38
0415;29
0416;36
0417;25
0418;38
0419;37
0420;46
0421;35
0422;33
0423;37
0424;32
0425;38
0426;38
0427;23
0428;34
0429;29
0430;37
0501;29
0502;37
0503;32
0504;39
0505;27
0506;32
0507;36
0508;34
0509;31
0510;27
0511;33
0512;37
0513;34
0514;24
0515;34
0516;41
0517;38
0518;27
0519;31
0520;31
0521;36
0522;33
0523;43
0524;36
0525;39
0526;36
0527;25
0528;23
0529;35
0530;35
0531;39
0601;27
0602;36
0603;39
0604;26
0605;32
0606;27
0607;29
0608;34
0609;42
0610;29
0611;24
0612;25
0613;32
0614;34
0615;42
0616;46
0617;42
0618;34
0619;29
0620;44
0621;31
0622;34
0623;36
0624;28
0625;22
0626;33
0627;33
0628;32
0629;34
0630;33
0701;36
0702;41
0703;41
0704;35
0705;31
0706;49
0707;25
0708;39
0709;31
0710;29
0711;31
0712;27
0713;39
0714;30
0715;32
0716;34
0717;37
0718;41
0719;35
0720;35
0721;31
0722;45
0723;31
0724;40
0725;24
0726;33
0727;38
0728;28
0729;41
0730;34
0731;26
0801;40
0802;36
0803;29
0804;41
0805;41
0806;35
0807;29
0808;30
0809;25
0810;40
0811;32
0812;32
0813;41
0814;23
0815;33
0816;27
0817;35
0818;25
0819;24
0820;37
0821;40
0822;27
0823;30
0824;31
0825;40
0826;40
0827;44
0828;38
0829;27
0830;34
0831;27
0901;39
0902;27
0903;33
0904;30
0905;24
0906;21
0907;34
0908;24
0909;29
0910;45
0911;26
0912;37
0913;34
0914;30
0915;37
0916;31
0917;37
0918;34
0919;30
0920;28
0921;42
0922;35
0923;34
0924;28
0925;30
0926;31
0927;36
0928;26
0929;27
0930;27
1001;37
1002;43
1003;36
1004;27
1005;44
1006;37
1007;40
1008;28
1009;44
1010;36
1011;31
1012;25
1013;31
1014;36
1015;25
1016;28
1017;42
1018;22
1019;31
1020;26
1021;30
1022;34
1023;47
1024;32
1025;36
1026;41
1027;41
1028;34
1029;28
1030;40
1031;27
1101;30
1102;32
1103;32
1104;30
1105;30
1106;35
1107;31
1108;44
1109;32
1110;32
1111;28
1112;42
1113;28
1114;32
1115;32
1116;30
1117;33
1118;38
1119;32
1120;46
1121;31
1122;40
1123;38
1124;33
1125;28
1126;47
1127;35
1128;46
1129;36
1130;44
1201;42
1202;39
1203;25
1204;34
1205;36
1206;37
1207;30
1208;27
1209;43
1210;31
1211;34
1212;34
1213;32
1214;35
1215;36
1216;40
1217;29
1218;31
1219;32
1220;30
1221;42
1222;41
1223;28
1224;42
1225;43
1226;42
1227;41
1228;34
1229;40
1230;30
1231;34
