0101;29
0102;29
0103;21
0104;27
0105;21
0106;29
0107;19
0108;22
0109;24
0110;30
0111;21
0112;21
0113;26
0114;20
0115;31
0116;26
0117;24
0118;21
0119;15
0120;24
0121;31
0122;23
0123;32
0124;19
0125;34
0126;25
0127;24
0128;29
0129;32
0130;27
0131;23
0201;34
0202;18
0203;23
0204;28
0205;24
0206;29
0207;17
0208;26
0209;24
0210;30
0211;33
0212;16
0213;23
0214;21
0215;35
0216;28
0217;18
0218;30
0219;22
0220;19
0221;14
0222;22
0223;29
0224;21
0225;22
0226;17
0227;24
0228;26
0229;30
0301;20
0302;18
0303;18
0304;14
0305;25
0306;20
0307;20
0308;20
0309;22
0310;18
0311;20
0312;17
0313;23
0314;25
0315;22
0316;28
0317;27
0318;20
0319;14
0320;15
0321;21
0322;24
0323;22
0324;22
0325;28
0326;24
0327;20
0328;27
0329;21
0330;19
0331;21
0401;16
0402;22
0403;16
0404;26
0405;10
0406;22
0407;8
0408;28
0409;25
0410;19
0411;24
0412;21
0413;28
0414;21
0415;29
0416;20
0417;19
0418;20
0419;18
0420;16
0421;29
0422;21
0423;10
0424;26
0425;17
0426;18
0427;16
0428;19
0429;26
0430;29
0501;20
0502;21
0503;25
0504;17
0505;20
0506;18
0507;15
0508;11
0509;27
0510;20
0511;21
0512;19
0513;28
0514;27
0515;20
0516;17
0517;22
0518;23
0519;18
0520;17
0521;18
0522;16
0523;15
0524;26
0525;25
0526;18
0527;19
0528;18
0529;29
0530;20
0531;14
0601;16
0602;26
0603;18
0604;21
0605;18
0606;22
0607;12
0608;21
0609;13
0610;16
0611;18
0612;20
0613;21
0614;19
0615;14
0616;31
0617;18
0618;15
0619;25
0620;23
0621;19
0622;18
0623;20
0624;19
0625;17
0626;13
0627;16
0628;15
0629;13
0630;20
0701;26
0702;33
0703;20
0704;17
0705;27
0706;16
0707;19
0708;24
0709;15
0710;11
0711;17
0712;20
0713;15
0714;12
0715;12
0716;20
0717;22
0718;18
0719;24
0720;22
0721;26
0722;9
0723;22
0724;20
0725;22
0726;17
0727;22
0728;21
0729;24
0730;27
0731;9
0801;17
0802;15
0803;16
0804;18
0805;18
0806;24
0807;28
0808;16
0809;19
0810;19
0811;27
0812;22
0813;22
0814;23
0815;22
0816;22
0817;18
0818;15
0819;19
0820;15
0821;33
0822;14
0823;23
0824;19
0825;27
0826;25
0827;15
0828;17
0829;14
0830;24
0831;23
0901;17
0902;15
0903;18
0904;15
0905;13
0906;15
0907;16
0908;20
0909;21
0910;19
0911;27
0912;13
0913;18
0914;23
0915;16
0916;20
0917;19
0918;20
0919;21
0920;19
0921;27
0922;14
0923;16
0924;10
0925;27
0926;20
0927;26
0928;18
0929;17
0930;12
1001;13
1002;15
1003;24
1004;18
1005;22
1006;22
1007;13
1008;18
1009;21
1010;10
1011;16
1012;23
1013;13
1014;15
1015;18
1016;22
1017;14
1018;18
1019;21
1020;20
1021;21
1022;11
1023;24
1024;25
1025;21
1026;20
1027;19
1028;18
1029;21
1030;23
1031;30
1101;17
1102;13
1103;22
1104;26
1105;20
1106;17
1107;21
1108;20
1109;20
1110;16
1111;14
1112;20
1113;20
1114;15
1115;18
1116;15
1117;19
1118;22
1119;19
1120;23
1121;32
1122;19
1123;18
1124;16
1125;14
1126;21
1127;23
1128;15
1129;14
1130;16
1201;22
1202;18
1203;13
1204;28
1205;20
1206;18
1207;21
1208;11
1209;18
1210;22
1211;25
1212;8
1213;17
1214;16
1215;17
1216;24
1217;16
1218;20
1219;20
1220;22
1221;17
1222;30
1223;19
1224;12
1225;22
1226;25
1227;19
1228;19
1229;18
1230;27
1231;22
