0101;1
0102;2
0103;5
0104;4
0105;2
0107;5
0108;2
0109;1
0110;3
0111;6
0112;2
0115;4
0116;2
0117;3
0118;3
0119;1
0120;2
0121;3
0122;4
0123;1
0124;2
0125;5
0126;3
0127;2
0129;7
0130;2
0131;2
0201;4
0203;9
0204;4
0205;3
0206;4
0207;1
0208;1
0209;3
0210;2
0211;6
0212;3
0213;1
0214;3
0215;2
0217;5
0218;2
0219;3
0220;3
0221;5
0223;5
0224;2
0225;3
0226;2
0227;1
0228;2
0229;1
0301;3
0302;6
0303;2
0304;3
0306;4
0307;5
0308;2
0309;2
0310;1
0311;5
0313;3
0314;3
0315;4
0317;2
0318;2
0319;1
0321;2
0322;2
0323;2
0324;1
0325;6
0326;5
0328;1
0329;6
0330;1
0331;3
0401;1
0402;2
0403;1
0404;4
0405;1
0406;2
0407;4
0408;4
0410;2
0411;1
0412;2
0413;3
0414;2
0415;5
0416;6
0417;1
0418;1
0419;1
0420;2
0421;2
0422;3
0423;2
0424;2
0425;2
0426;3
0427;1
0428;3
0429;3
0430;2
0501;2
0502;2
0503;2
0505;2
0506;1
0507;2
0508;2
0509;4
0512;1
0513;2
0514;1
0516;5
0517;2
0518;1
0519;1
0521;1
0522;2
0523;1
0525;5
0527;1
0528;4
0529;1
0530;1
0531;3
0601;1
0602;2
0603;2
0604;3
0605;3
0606;3
0607;1
0608;2
0609;1
0610;1
0611;1
0613;1
0614;6
0615;3
0616;1
0617;2
0618;1
0619;2
0620;7
0621;1
0622;1
0623;2
0624;2
0625;2
0626;3
0627;1
0628;2
0629;3
0630;2
0701;3
0702;1
0704;3
0705;3
0706;3
0707;3
0708;4
0713;6
0714;2
0715;7
0716;3
0717;1
0718;2
0719;1
0720;2
0721;3
0722;6
0724;4
0725;1
0726;3
0727;2
0728;1
0729;4
0730;3
0731;3
0801;2
0802;3
0803;2
0804;1
0805;1
0806;4
0808;4
0809;3
0810;4
0811;2
0812;4
0813;4
0814;5
0815;6
0816;1
0817;3
0818;1
0821;5
0822;2
0823;1
0824;1
0826;1
0827;4
0828;4
0829;1
0830;2
0831;1
0901;4
0903;4
0904;1
0905;3
0906;2
0907;2
0908;6
0910;1
0911;1
0912;1
0913;2
0914;5
0915;1
0916;2
0917;6
0918;1
0919;5
0921;1
0922;2
0923;2
0924;1
0925;2
0926;3
0927;1
0929;1
0930;1
1002;2
1003;1
1004;4
1005;2
1006;2
1008;4
1009;1
1010;2
1012;2
1013;2
1014;4
1015;1
1016;3
1017;3
1018;1
1019;5
1020;1
1021;3
1022;2
1023;3
1024;1
1025;3
1026;1
1027;1
1028;6
1029;4
1030;3
1031;3
1102;2
1104;2
1105;4
1106;3
1107;1
1108;1
1109;4
1110;1
1111;7
1113;4
1114;4
1116;2
1117;2
1118;2
1119;5
1120;2
1121;1
1122;3
1123;4
1124;3
1125;2
1126;2
1127;3
1128;4
1129;2
1130;1
1201;1
1202;1
1203;3
1204;2
1205;1
1206;1
1207;1
1208;1
1209;3
1214;1
1215;1
1216;1
1217;2
1218;7
1219;4
1220;1
1221;1
1223;2
1224;2
1225;2
1226;2
1227;2
1228;2
1229;2
1230;2
1231;2
