0101;7
0102;4
0103;4
0104;5
0105;2
0106;7
0107;7
0108;1
0109;6
0110;7
0111;8
0112;8
0113;11
0114;2
0115;9
0116;7
0117;3
0118;6
0119;5
0120;7
0121;3
0122;4
0123;5
0124;7
0125;6
0126;6
0127;9
0128;7
0129;2
0130;5
0131;5
0201;9
0202;1
0203;4
0204;3
0205;4
0206;3
0207;7
0208;4
0209;7
0210;12
0211;3
0212;3
0213;6
0214;4
0215;5
0216;11
0217;4
0218;4
0219;5
0220;2
0221;6
0222;4
0223;13
0224;8
0225;2
0226;4
0227;3
0228;2
0229;11
0301;4
0302;3
0303;3
0304;4
0305;2
0306;8
0307;5
0308;10
0309;4
0310;3
0311;1
0312;7
0313;2
0314;7
0315;2
0316;4
0317;4
0318;5
0319;3
0320;11
0321;4
0322;3
0323;5
0324;5
0325;5
0326;7
0327;9
0328;2
0329;9
0330;7
0331;6
0401;3
0402;3
0403;2
0404;4
0405;10
0406;4
0407;5
0408;6
0409;6
0410;2
0411;5
0412;5
0413;4
0414;4
0415;4
0416;3
0417;2
0418;5
0419;5
0420;6
0421;6
0422;4
0423;11
0424;4
0425;6
0426;5
0427;6
0428;4
0429;5
0430;6
0501;7
0502;6
0503;7
0504;4
0505;8
0506;1
0507;7
0508;4
0509;4
0510;7
0511;5
0512;2
0513;2
0514;6
0515;2
0516;2
0517;6
0518;9
0519;2
0520;3
0521;5
0522;4
0523;3
0524;3
0525;2
0526;3
0527;4
0528;2
0529;8
0530;2
0531;8
0601;3
0602;8
0603;6
0604;5
0605;4
0606;6
0607;3
0608;3
0609;5
0610;6
0611;6
0612;4
0613;5
0614;3
0615;6
0616;2
0617;6
0618;1
0619;2
0620;8
0621;3
0622;2
0623;9
0624;3
0625;1
0626;6
0627;1
0628;3
0629;3
0630;5
0701;6
0702;7
0703;4
0704;11
0705;4
0706;7
0707;10
0708;3
0709;3
0710;4
0711;5
0712;3
0713;6
0715;2
0716;7
0717;2
0718;4
0719;2
0720;4
0721;3
0722;4
0723;5
0724;3
0725;4
0726;4
0727;3
0728;1
0729;3
0730;4
0731;5
0801;4
0802;4
0803;6
0804;7
0805;4
0806;3
0807;5
0808;3
0809;4
0810;6
0811;6
0812;6
0813;5
0814;9
0815;3
0816;7
0817;1
0818;3
0819;2
0820;5
0821;4
0822;5
0823;5
0824;3
0825;3
0826;4
0827;8
0828;11
0829;5
0830;3
0831;6
0901;4
0902;4
0903;7
0904;3
0905;7
0906;1
0907;5
0908;5
0909;6
0910;7
0911;2
0912;1
0913;9
0914;5
0915;1
0916;4
0917;6
0918;3
0919;2
0920;3
0922;4
0923;1
0924;5
0925;11
0926;3
0927;4
0928;6
0929;3
0930;4
1001;4
1002;2
1003;3
1005;1
1006;2
1007;4
1008;2
1009;5
1010;2
1011;3
1012;6
1013;2
1014;2
1015;7
1016;2
1017;5
1018;5
1019;4
1020;2
1021;2
1022;5
1023;6
1024;4
1025;5
1026;3
1027;8
1028;7
1029;8
1030;9
1031;3
1101;2
1102;4
1103;6
1104;2
1105;5
1106;8
1107;6
1108;7
1109;5
1110;7
1111;6
1112;9
1113;9
1114;2
1115;3
1116;4
1117;2
1118;8
1119;8
1120;6
1121;6
1122;1
1123;5
1124;7
1125;5
1126;5
1127;7
1128;9
1129;6
1130;5
1201;4
1202;4
1203;3
1204;4
1205;3
1206;4
1207;5
1208;4
1209;6
1210;6
1211;3
1212;4
1213;6
1214;4
1215;8
1216;3
1217;3
1218;7
1219;5
1220;6
1221;6
1222;7
1223;2
1224;4
1225;8
1226;4
1227;6
1228;3
1229;8
1230;8
1231;4
