0101;26
0102;32
0103;41
0104;34
0105;36
0106;30
0107;47
0108;34
0109;31
0110;32
0111;22
0112;25
0113;26
0114;32
0115;32
0116;24
0117;35
0118;24
0119;26
0120;35
0121;29
0122;25
0123;25
0124;25
0125;31
0126;27
0127;25
0128;21
0129;27
0130;20
0131;23
0201;31
0202;23
0203;17
0204;26
0205;21
0206;26
0207;25
0208;21
0209;37
0210;25
0211;21
0212;21
0213;22
0214;30
0215;30
0216;18
0217;31
0218;28
0219;23
0220;26
0221;23
0222;20
0223;28
0224;23
0225;28
0226;18
0227;23
0228;16
0229;22
0301;17
0302;21
0303;27
0304;26
0305;29
0306;11
0307;30
0308;23
0309;24
0310;18
0311;29
0312;25
0313;21
0314;23
0315;25
0316;31
0317;30
0318;17
0319;21
0320;26
0321;26
0322;19
0323;21
0324;28
0325;23
0326;20
0327;20
0328;20
0329;31
0330;20
0331;20
0401;23
0402;21
0403;26
0404;12
0405;35
0406;22
0407;14
0408;20
0409;21
0410;22
0411;19
0412;19
0413;23
0414;25
0415;30
0416;24
0417;19
0418;23
0419;24
0420;27
0421;23
0422;21
0423;25
0424;15
0425;24
0426;25
0427;18
0428;26
0429;25
0430;21
0501;27
0502;14
0503;31
0504;26
0505;25
0506;18
0507;13
0508;19
0509;20
0510;28
0511;17
0512;20
0513;22
0514;20
0515;23
0516;23
0517;25
0518;13
0519;20
0520;18
0521;31
0522;25
0523;22
0524;36
0525;18
0526;26
0527;20
0528;21
0529;22
0530;26
0531;23
0601;18
0602;31
0603;17
0604;14
0605;21
0606;24
0607;19
0608;19
0609;20
0610;18
0611;24
0612;15
0613;27
0614;13
0615;24
0616;27
0617;20
0618;22
0619;17
0620;24
0621;25
0622;25
0623;19
0624;23
0625;27
0626;13
0627;26
0628;21
0629;23
0630;13
0701;23
0702;21
0703;21
0704;28
0705;24
0706;29
0707;16
0708;22
0709;16
0710;21
0711;18
0712;20
0713;25
0714;25
0715;20
0716;23
0717;26
0718;22
0719;20
0720;24
0721;20
0722;28
0723;26
0724;20
0725;34
0726;18
0727;14
0728;24
0729;33
0730;18
0731;25
0801;22
0802;20
0803;26
0804;20
0805;17
0806;22
0807;22
0808;10
0809;22
0810;20
0811;20
0812;19
0813;25
0814;20
0815;22
0816;28
0817;15
0818;23
0819;26
0820;20
0821;18
0822;23
0823;18
0824;27
0825;25
0826;23
0827;21
0828;17
0829;17
0830;18
0831;13
0901;17
0902;11
0903;14
0904;19
0905;18
0906;27
0907;19
0908;19
0909;19
0910;22
0911;20
0912;19
0913;27
0914;20
0915;20
0916;17
0917;28
0918;20
0919;15
0920;16
0921;29
0922;19
0923;26
0924;17
0925;24
0926;23
0927;21
0928;22
0929;27
0930;31
1001;16
1002;21
1003;19
1004;24
1005;14
1006;25
1007;25
1008;23
1009;27
1010;18
1011;33
1012;25
1013;21
1014;29
1015;22
1016;24
1017;25
1018;21
1019;18
1020;22
1021;31
1022;23
1023;22
1024;25
1025;25
1026;31
1027;26
1028;23
1029;23
1030;21
1031;17
1101;15
1102;27
1103;23
1104;20
1105;24
1106;27
1107;24
1108;22
1109;17
1110;27
1111;21
1112;20
1113;29
1114;29
1115;27
1116;25
1117;28
1118;16
1119;29
1120;27
1121;32
1122;20
1123;12
1124;27
1125;19
1126;26
1127;28
1128;23
1129;25
1130;26
1201;24
1202;19
1203;23
1204;29
1205;28
1206;29
1207;30
1208;20
1209;28
1210;27
1211;16
1212;22
1213;24
1214;17
1215;20
1216;25
1217;22
1218;26
1219;28
1220;24
1221;26
1222;22
1223;25
1224;23
1225;32
1226;29
1227;21
1228;17
1229;21
1230;27
1231;23
