0101;7
0102;12
0103;8
0104;7
0105;16
0106;6
0107;13
0108;8
0109;10
0110;14
0111;14
0112;10
0113;17
0114;9
0115;6
0116;13
0117;9
0118;9
0119;7
0120;11
0121;14
0122;16
0123;6
0124;13
0125;13
0126;8
0127;12
0128;11
0129;12
0130;12
0131;11
0201;11
0202;9
0203;10
0204;8
0205;9
0206;6
0207;11
0208;10
0209;8
0210;9
0211;10
0212;2
0213;6
0214;8
0215;6
0216;11
0217;7
0218;11
0219;9
0220;5
0221;11
0222;15
0223;4
0224;10
0225;6
0226;10
0227;15
0228;6
0229;6
0301;8
0302;16
0303;10
0304;10
0305;10
0306;11
0307;13
0308;10
0309;9
0310;10
0311;12
0312;5
0313;4
0314;9
0315;3
0316;8
0317;8
0318;9
0319;8
0320;8
0321;6
0322;9
0323;8
0324;8
0325;7
0326;9
0327;8
0328;8
0329;6
0330;10
0331;9
0401;11
0402;14
0403;7
0404;6
0405;5
0406;7
0407;8
0408;12
0409;8
0410;7
0411;8
0412;8
0413;8
0414;12
0415;13
0416;6
0417;13
0418;8
0419;5
0420;8
0421;7
0422;7
0423;6
0424;10
0425;5
0426;4
0427;14
0428;19
0429;4
0430;7
0501;7
0502;5
0503;8
0504;3
0505;7
0506;7
0507;8
0508;5
0509;9
0510;7
0511;7
0512;6
0513;7
0514;2
0515;5
0516;11
0517;6
0518;6
0519;7
0520;5
0521;12
0522;10
0523;1
0524;6
0525;6
0526;6
0527;5
0528;11
0529;12
0530;5
0531;7
0601;8
0602;13
0603;9
0604;8
0605;2
0606;4
0607;6
0608;7
0609;14
0610;5
0611;4
0612;4
0613;5
0614;4
0615;12
0616;9
0617;16
0618;9
0619;7
0620;4
0621;8
0622;10
0623;6
0624;5
0625;5
0626;9
0627;10
0628;3
0629;14
0630;9
0701;8
0702;5
0703;9
0704;10
0705;6
0706;9
0707;4
0708;4
0709;6
0710;8
0711;7
0712;9
0713;6
0714;14
0715;9
0716;6
0717;8
0718;12
0719;6
0720;9
0721;9
0722;14
0723;12
0724;10
0725;9
0726;13
0727;12
0728;6
0729;7
0730;12
0731;6
0801;7
0802;7
0803;7
0804;3
0805;5
0806;6
0807;1
0808;10
0809;12
0810;9
0811;8
0812;8
0813;15
0814;12
0815;6
0816;7
0817;11
0818;10
0819;11
0820;6
0821;9
0822;7
0823;5
0824;10
0825;9
0826;7
0827;10
0828;6
0829;4
0830;6
0831;9
0901;4
0902;6
0903;9
0904;6
0905;5
0906;7
0907;7
0908;7
0909;8
0910;4
0911;9
0912;5
0913;7
0914;7
0915;2
0916;10
0917;3
0918;9
0919;8
0920;6
0921;9
0922;7
0923;10
0924;4
0925;5
0926;10
0927;2
0928;6
0929;7
0930;8
1001;8
1002;6
1003;11
1004;7
1005;3
1006;8
1007;9
1008;8
1009;15
1010;10
1011;18
1012;7
1013;13
1014;12
1015;4
1016;7
1017;6
1018;8
1019;6
1020;2
1021;5
1022;8
1023;8
1024;7
1025;9
1026;7
1027;10
1028;11
1029;10
1030;5
1031;2
1101;6
1102;5
1103;8
1104;9
1105;10
1106;8
1107;10
1108;8
1109;7
1110;10
1111;8
1112;9
1113;8
1114;9
1115;9
1116;8
1117;9
1118;4
1119;9
1120;9
1121;6
1122;8
1123;9
1124;3
1125;8
1126;5
1127;4
1128;12
1129;3
1130;8
1201;5
1202;8
1203;7
1204;9
1205;7
1206;8
1207;9
1208;7
1209;11
1210;12
1211;7
1212;4
1213;8
1214;7
1215;3
1216;5
1217;5
1218;10
1219;6
1220;7
1221;7
1222;13
1223;10
1224;11
1225;10
1226;9
1227;10
1228;5
1229;6
1230;7
1231;9
