0101;25
0102;21
0103;25
0104;27
0105;17
0106;23
0107;18
0108;22
0109;26
0110;20
0111;12
0112;18
0113;20
0114;29
0115;14
0116;22
0117;20
0118;15
0119;29
0120;20
0121;26
0122;21
0123;14
0124;25
0125;15
0126;18
0127;21
0128;20
0129;18
0130;22
0131;20
0201;21
0202;17
0203;16
0204;18
0205;17
0206;16
0207;17
0208;16
0209;29
0210;16
0211;19
0212;19
0213;16
0214;14
0215;12
0216;22
0217;17
0218;21
0219;10
0220;14
0221;15
0222;17
0223;13
0224;20
0225;22
0226;15
0227;20
0228;12
0229;16
0301;21
0302;11
0303;14
0304;13
0305;20
0306;13
0307;14
0308;13
0309;14
0310;18
0311;20
0312;22
0313;16
0314;16
0315;17
0316;17
0317;21
0318;15
0319;17
0320;16
0321;15
0322;15
0323;9
0324;22
0325;17
0326;22
0327;17
0328;11
0329;16
0330;22
0331;15
0401;22
0402;16
0403;9
0404;25
0405;18
0406;19
0407;26
0408;16
0409;13
0410;14
0411;16
0412;21
0413;13
0414;19
0415;14
0416;23
0417;20
0418;13
0419;21
0420;14
0421;22
0422;19
0423;15
0424;11
0425;13
0426;19
0427;18
0428;21
0429;17
0430;22
0501;14
0502;22
0503;17
0504;18
0505;19
0506;12
0507;19
0508;17
0509;16
0510;17
0511;21
0512;14
0513;13
0514;15
0515;20
0516;23
0517;21
0518;10
0519;11
0520;27
0521;14
0522;14
0523;17
0524;8
0525;17
0526;16
0527;14
0528;17
0529;16
0530;14
0531;14
0601;23
0602;20
0603;20
0604;17
0605;11
0606;13
0607;16
0608;19
0609;14
0610;12
0611;7
0612;9
0613;10
0614;16
0615;14
0616;19
0617;13
0618;14
0619;18
0620;20
0621;17
0622;23
0623;12
0624;13
0625;17
0626;14
0627;20
0628;19
0629;14
0630;17
0701;21
0702;14
0703;22
0704;19
0705;18
0706;17
0707;25
0708;8
0709;12
0710;24
0711;20
0712;14
0713;13
0714;20
0715;12
0716;20
0717;20
0718;15
0719;21
0720;14
0721;16
0722;18
0723;19
0724;17
0725;24
0726;16
0727;10
0728;12
0729;12
0730;13
0731;20
0801;20
0802;18
0803;21
0804;7
0805;12
0806;14
0807;13
0808;13
0809;24
0810;15
0811;15
0812;18
0813;12
0814;14
0815;12
0816;19
0817;20
0818;10
0819;13
0820;14
0821;15
0822;14
0823;12
0824;16
0825;9
0826;15
0827;18
0828;14
0829;22
0830;13
0831;14
0901;17
0902;17
0903;14
0904;11
0905;13
0906;19
0907;24
0908;20
0909;18
0910;11
0911;17
0912;19
0913;19
0914;17
0915;13
0916;17
0917;19
0918;15
0919;24
0920;16
0921;12
0922;19
0923;13
0924;13
0925;17
0926;18
0927;21
0928;13
0929;18
0930;17
1001;17
1002;15
1003;17
1004;21
1005;22
1006;15
1007;9
1008;17
1009;21
1010;9
1011;10
1012;15
1013;15
1014;15
1015;10
1016;15
1017;14
1018;15
1019;25
1020;17
1021;23
1022;13
1023;8
1024;19
1025;12
1026;11
1027;11
1028;17
1029;18
1030;16
1031;24
1101;12
1102;18
1103;16
1104;18
1105;10
1106;15
1107;13
1108;19
1109;17
1110;16
1111;18
1112;19
1113;19
1114;23
1115;13
1116;11
1117;19
1118;16
1119;14
1120;18
1121;16
1122;13
1123;11
1124;24
1125;11
1126;21
1127;16
1128;17
1129;14
1130;10
1201;23
1202;14
1203;21
1204;18
1205;11
1206;18
1207;12
1208;22
1209;18
1210;14
1211;19
1212;24
1213;23
1214;23
1215;15
1216;14
1217;10
1218;13
1219;13
1220;20
1221;11
1222;14
1223;14
1224;16
1225;22
1226;19
1227;16
1228;16
1229;15
1230;18
1231;18
