0101;29
0102;29
0103;38
0104;32
0105;48
0106;40
0107;37
0108;36
0109;30
0110;36
0111;33
0112;35
0113;21
0114;38
0115;38
0116;30
0117;34
0118;34
0119;24
0120;35
0121;27
0122;25
0123;32
0124;24
0125;31
0126;29
0127;34
0128;25
0129;24
0130;34
0131;25
0201;36
0202;29
0203;21
0204;28
0205;27
0206;29
0207;22
0208;21
0209;26
0210;17
0211;25
0212;28
0213;26
0214;26
0215;28
0216;20
0217;23
0218;20
0219;22
0220;24
0221;25
0222;29
0223;26
0224;31
0225;19
0226;22
0227;25
0228;28
0229;21
0301;23
0302;19
0303;18
0304;24
0305;25
0306;25
0307;19
0308;18
0309;21
0310;22
0311;22
0312;26
0313;23
0314;19
0315;22
0316;24
0317;28
0318;17
0319;24
0320;31
0321;23
0322;34
0323;25
0324;21
0325;21
0326;27
0327;22
0328;26
0329;30
0330;23
0331;22
0401;19
0402;16
0403;21
0404;24
0405;14
0406;28
0407;23
0408;18
0409;18
0410;26
0411;22
0412;20
0413;21
0414;24
0415;24
0416;18
0417;20
0418;26
0419;22
0420;21
0421;12
0422;26
0423;20
0424;19
0425;18
0426;24
0427;17
0428;28
0429;18
0430;19
0501;19
0502;26
0503;16
0504;20
0505;13
0506;24
0507;20
0508;26
0509;26
0510;18
0511;24
0512;28
0513;18
0514;21
0515;11
0516;18
0517;9
0518;19
0519;18
0520;12
0521;25
0522;18
0523;22
0524;19
0525;11
0526;31
0527;20
0528;19
0529;20
0530;22
0531;25
0601;24
0602;24
0603;28
0604;24
0605;24
0606;28
0607;22
0608;17
0609;21
0610;24
0611;26
0612;27
0613;28
0614;27
0615;15
0616;15
0617;22
0618;19
0619;25
0620;19
0621;27
0622;24
0623;20
0624;21
0625;19
0626;20
0627;16
0628;15
0629;25
0630;22
0701;21
0702;27
0703;25
0704;19
0705;19
0706;19
0707;17
0708;23
0709;22
0710;26
0711;16
0712;23
0713;20
0714;25
0715;22
0716;23
0717;20
0718;22
0719;24
0720;21
0721;20
0722;21
0723;23
0724;25
0725;24
0726;23
0727;18
0728;16
0729;30
0730;16
0731;14
0801;23
0802;22
0803;14
0804;19
0805;19
0806;23
0807;21
0808;19
0809;16
0810;16
0811;21
0812;22
0813;29
0814;24
0815;15
0816;19
0817;22
0818;19
0819;23
0820;23
0821;25
0822;24
0823;22
0824;12
0825;27
0826;22
0827;18
0828;19
0829;21
0830;21
0831;30
0901;20
0902;16
0903;15
0904;17
0905;27
0906;22
0907;29
0908;21
0909;26
0910;19
0911;32
0912;31
0913;20
0914;20
0915;31
0916;30
0917;22
0918;23
0919;20
0920;27
0921;16
0922;19
0923;23
0924;16
0925;29
0926;18
0927;27
0928;20
0929;20
0930;29
1001;24
1002;27
1003;25
1004;23
1005;19
1006;15
1007;27
1008;24
1009;25
1010;27
1011;32
1012;19
1013;19
1014;19
1015;22
1016;36
1017;19
1018;25
1019;22
1020;21
1021;18
1022;15
1023;17
1024;26
1025;14
1026;25
1027;20
1028;20
1029;37
1030;20
1031;29
1101;22
1102;21
1103;32
1104;21
1105;28
1106;23
1107;23
1108;27
1109;22
1110;19
1111;18
1112;30
1113;21
1114;21
1115;22
1116;23
1117;21
1118;28
1119;25
1120;19
1121;19
1122;23
1123;24
1124;25
1125;25
1126;25
1127;14
1128;21
1129;21
1130;26
1201;25
1202;27
1203;18
1204;14
1205;18
1206;22
1207;27
1208;26
1209;19
1210;16
1211;23
1212;17
1213;20
1214;32
1215;20
1216;26
1217;26
1218;29
1219;26
1220;28
1221;24
1222;15
1223;35
1224;27
1225;28
1226;27
1227;32
1228;25
1229;27
1230;23
1231;20
