0101;55
0102;52
0103;63
0104;66
0105;73
0106;54
0107;64
0108;55
0109;56
0110;53
0111;54
0112;62
0113;68
0114;76
0115;58
0116;43
0117;72
0118;69
0119;58
0120;69
0121;50
0122;63
0123;49
0124;64
0125;54
0126;49
0127;61
0128;63
0129;54
0130;44
0131;49
0201;50
0202;57
0203;56
0204;63
0205;45
0206;50
0207;64
0208;51
0209;55
0210;44
0211;49
0212;54
0213;45
0214;44
0215;55
0216;50
0217;52
0218;46
0219;52
0220;48
0221;48
0222;61
0223;60
0224;38
0225;49
0226;42
0227;42
0228;62
0229;41
0301;46
0302;46
0303;70
0304;43
0305;53
0306;43
0307;58
0308;31
0309;51
0310;46
0311;37
0312;45
0313;61
0314;53
0315;34
0316;51
0317;49
0318;50
0319;52
0320;47
0321;44
0322;61
0323;49
0324;49
0325;49
0326;44
0327;45
0328;39
0329;51
0330;40
0331;61
0401;43
0402;49
0403;49
0404;55
0405;49
0406;49
0407;48
0408;40
0409;34
0410;47
0411;42
0412;55
0413;57
0414;46
0415;51
0416;53
0417;43
0418;48
0419;46
0420;45
0421;47
0422;46
0423;44
0424;41
0425;42
0426;48
0427;48
0428;50
0429;40
0430;46
0501;45
0502;55
0503;49
0504;41
0505;47
0506;40
0507;34
0508;39
0509;64
0510;60
0511;49
0512;36
0513;32
0514;33
0515;42
0516;49
0517;43
0518;38
0519;36
0520;46
0521;41
0522;39
0523;52
0524;43
0525;47
0526;39
0527;34
0528;44
0529;32
0530;41
0531;49
0601;40
0602;46
0603;53
0604;44
0605;55
0606;42
0607;47
0608;56
0609;51
0610;39
0611;42
0612;32
0613;44
0614;39
0615;46
0616;55
0617;48
0618;38
0619;47
0620;42
0621;42
0622;48
0623;35
0624;41
0625;44
0626;36
0627;42
0628;36
0629;42
0630;62
0701;40
0702;41
0703;50
0704;39
0705;41
0706;42
0707;55
0708;43
0709;47
0710;40
0711;37
0712;32
0713;52
0714;31
0715;34
0716;42
0717;42
0718;30
0719;47
0720;58
0721;43
0722;31
0723;54
0724;58
0725;45
0726;50
0727;34
0728;55
0729;44
0730;27
0731;43
0801;41
0802;44
0803;40
0804;36
0805;29
0806;46
0807;52
0808;38
0809;42
0810;36
0811;33
0812;43
0813;31
0814;37
0815;40
0816;36
0817;38
0818;41
0819;41
0820;33
0821;36
0822;51
0823;45
0824;32
0825;32
0826;37
0827;35
0828;26
0829;49
0830;34
0831;31
0901;54
0902;35
0903;32
0904;40
0905;49
0906;45
0907;45
0908;35
0909;43
0910;50
0911;43
0912;40
0913;47
0914;41
0915;54
0916;47
0917;41
0918;35
0919;41
0920;53
0921;44
0922;39
0923;32
0924;39
0925;50
0926;40
0927;51
0928;42
0929;43
0930;43
1001;43
1002;41
1003;40
1004;49
1005;45
1006;41
1007;42
1008;53
1009;35
1010;32
1011;41
1012;47
1013;47
1014;45
1015;52
1016;56
1017;56
1018;47
1019;46
1020;48
1021;39
1022;43
1023;63
1024;40
1025;41
1026;50
1027;44
1028;56
1029;42
1030;43
1031;58
1101;43
1102;49
1103;59
1104;42
1105;38
1106;32
1107;34
1108;46
1109;56
1110;55
1111;51
1112;42
1113;55
1114;40
1115;56
1116;51
1117;33
1118;39
1119;53
1120;48
1121;56
1122;41
1123;37
1124;67
1125;50
1126;40
1127;47
1128;55
1129;61
1130;55
1201;48
1202;51
1203;37
1204;42
1205;41
1206;55
1207;33
1208;52
1209;55
1210;45
1211;43
1212;48
1213;47
1214;53
1215;48
1216;54
1217;47
1218;57
1219;63
1220;47
1221;53
1222;62
1223;52
1224;55
1225;60
1226;43
1227;53
1228;42
1229;61
1230;60
1231;60
