0101;46
0102;46
0103;47
0104;51
0105;35
0106;49
0107;43
0108;43
0109;40
0110;39
0111;32
0112;47
0113;41
0114;38
0115;43
0116;26
0117;46
0118;31
0119;35
0120;34
0121;39
0122;45
0123;43
0124;50
0125;31
0126;33
0127;39
0128;35
0129;40
0130;44
0131;42
0201;48
0202;37
0203;36
0204;41
0205;29
0206;34
0207;38
0208;39
0209;33
0210;44
0211;33
0212;34
0213;34
0214;31
0215;35
0216;28
0217;36
0218;23
0219;37
0220;31
0221;25
0222;30
0223;33
0224;29
0225;28
0226;27
0227;29
0228;25
0229;32
0301;30
0302;34
0303;28
0304;41
0305;29
0306;29
0307;28
0308;34
0309;22
0310;28
0311;38
0312;25
0313;20
0314;32
0315;25
0316;29
0317;33
0318;28
0319;25
0320;20
0321;34
0322;28
0323;27
0324;43
0325;25
0326;31
0327;28
0328;31
0329;30
0330;33
0331;35
0401;31
0402;26
0403;32
0404;33
0405;22
0406;39
0407;40
0408;31
0409;26
0410;23
0411;30
0412;30
0413;30
0414;38
0415;23
0416;27
0417;27
0418;38
0419;31
0420;25
0421;30
0422;28
0423;35
0424;26
0425;33
0426;36
0427;28
0428;24
0429;19
0430;26
0501;40
0502;25
0503;34
0504;35
0505;34
0506;25
0507;27
0508;44
0509;34
0510;31
0511;32
0512;27
0513;25
0514;25
0515;33
0516;37
0517;30
0518;22
0519;36
0520;34
0521;32
0522;22
0523;27
0524;28
0525;32
0526;30
0527;27
0528;34
0529;39
0530;32
0531;30
0601;28
0602;23
0603;36
0604;30
0605;36
0606;34
0607;28
0608;18
0609;38
0610;20
0611;26
0612;31
0613;41
0614;36
0615;24
0616;33
0617;28
0618;25
0619;36
0620;31
0621;34
0622;35
0623;23
0624;25
0625;26
0626;31
0627;33
0628;24
0629;29
0630;23
0701;23
0702;33
0703;28
0704;30
0705;26
0706;31
0707;34
0708;27
0709;22
0710;28
0711;33
0712;18
0713;26
0714;29
0715;25
0716;23
0717;24
0718;29
0719;32
0720;24
0721;30
0722;33
0723;21
0724;21
0725;17
0726;36
0727;28
0728;28
0729;33
0730;38
0731;34
0801;30
0802;29
0803;32
0804;21
0805;30
0806;31
0807;34
0808;31
0809;23
0810;26
0811;34
0812;25
0813;35
0814;26
0815;27
0816;29
0817;23
0818;36
0819;24
0820;30
0821;30
0822;30
0823;22
0824;20
0825;33
0826;44
0827;29
0828;27
0829;31
0830;23
0831;25
0901;18
0902;34
0903;28
0904;28
0905;38
0906;28
0907;29
0908;25
0909;37
0910;24
0911;19
0912;34
0913;20
0914;27
0915;23
0916;27
0917;34
0918;29
0919;14
0920;27
0921;25
0922;39
0923;24
0924;34
0925;32
0926;19
0927;24
0928;34
0929;23
0930;29
1001;27
1002;32
1003;31
1004;34
1005;29
1006;28
1007;39
1008;28
1009;38
1010;25
1011;42
1012;31
1013;31
1014;31
1015;39
1016;19
1017;25
1018;21
1019;40
1020;29
1021;37
1022;39
1023;30
1024;34
1025;26
1026;24
1027;25
1028;25
1029;21
1030;29
1031;35
1101;34
1102;34
1103;23
1104;26
1105;30
1106;41
1107;37
1108;37
1109;41
1110;28
1111;23
1112;36
1113;38
1114;40
1115;24
1116;30
1117;26
1118;30
1119;23
1120;31
1121;37
1122;33
1123;33
1124;27
1125;30
1126;35
1127;31
1128;24
1129;31
1130;24
1201;35
1202;26
1203;27
1204;21
1205;33
1206;34
1207;26
1208;34
1209;29
1210;42
1211;29
1212;35
1213;31
1214;30
1215;30
1216;31
1217;24
1218;29
1219;19
1220;28
1221;27
1222;34
1223;33
1224;27
1225;37
1226;33
1227;37
1228;43
1229;35
1230;41
1231;32
