0101;14
0102;11
0103;17
0104;18
0105;12
0106;6
0107;8
0108;10
0109;13
0110;5
0111;13
0112;14
0113;12
0114;9
0115;12
0116;10
0117;10
0118;13
0119;5
0120;7
0121;9
0122;13
0123;12
0124;12
0125;12
0126;13
0127;11
0128;7
0129;12
0130;10
0131;13
0201;10
0202;17
0203;14
0204;6
0205;13
0206;9
0207;15
0208;13
0209;7
0210;11
0211;10
0212;11
0213;14
0214;6
0215;11
0216;9
0217;8
0218;6
0219;9
0220;7
0221;7
0222;10
0223;7
0224;12
0225;10
0226;14
0227;7
0228;13
0229;8
0301;7
0302;9
0303;11
0304;8
0305;8
0306;7
0307;7
0308;14
0309;14
0310;15
0311;7
0312;9
0313;9
0314;8
0315;6
0316;9
0317;10
0318;8
0319;9
0320;5
0321;7
0322;8
0323;10
0324;8
0325;11
0326;4
0327;8
0328;13
0329;9
0330;9
0331;9
0401;15
0402;4
0403;8
0404;10
0405;10
0406;8
0407;8
0408;13
0409;13
0410;7
0411;12
0412;12
0413;4
0414;9
0415;9
0416;11
0417;12
0418;5
0419;11
0420;5
0421;9
0422;4
0423;9
0424;6
0425;9
0426;7
0427;3
0428;9
0429;12
0430;11
0501;13
0502;9
0503;10
0504;10
0505;8
0506;11
0507;4
0508;11
0509;5
0510;7
0511;5
0512;5
0513;10
0514;11
0515;6
0516;3
0517;7
0518;4
0519;11
0520;7
0521;5
0522;13
0523;8
0524;9
0525;14
0526;9
0527;4
0528;7
0529;9
0530;3
0531;13
0601;9
0602;8
0603;9
0604;11
0605;8
0606;11
0607;11
0608;8
0609;9
0610;6
0611;10
0612;5
0613;14
0614;6
0615;10
0616;10
0617;8
0618;7
0619;13
0620;13
0621;9
0622;7
0623;4
0624;6
0625;9
0626;9
0627;6
0628;9
0629;9
0630;9
0701;10
0702;8
0703;10
0704;10
0705;8
0706;8
0707;5
0708;5
0709;9
0710;8
0711;7
0712;4
0713;7
0714;13
0715;4
0716;7
0717;7
0718;6
0719;6
0720;11
0721;13
0722;11
0723;14
0724;8
0725;6
0726;11
0727;10
0728;6
0729;9
0730;4
0731;9
0801;9
0802;7
0803;7
0804;8
0805;7
0806;6
0807;10
0808;5
0809;11
0810;6
0811;8
0812;11
0813;3
0814;12
0815;12
0816;6
0817;8
0818;8
0819;10
0820;16
0821;8
0822;5
0823;7
0824;13
0825;13
0826;11
0827;5
0828;10
0829;12
0830;9
0831;5
0901;9
0902;8
0903;7
0904;11
0905;4
0906;12
0907;8
0908;12
0909;8
0910;10
0911;8
0912;6
0913;8
0914;8
0915;10
0916;5
0917;19
0918;13
0919;11
0920;11
0921;7
0922;10
0923;6
0924;5
0925;5
0926;8
0927;10
0928;7
0929;3
0930;14
1001;7
1002;4
1003;8
1004;12
1005;8
1006;5
1007;11
1008;11
1009;9
1010;5
1011;3
1012;9
1013;12
1014;8
1015;10
1016;7
1017;5
1018;6
1019;14
1020;12
1021;11
1022;5
1023;12
1024;7
1025;11
1026;7
1027;5
1028;14
1029;7
1030;13
1031;5
1101;8
1102;10
1103;10
1104;8
1105;6
1106;9
1107;9
1108;10
1109;8
1110;6
1111;5
1112;7
1113;12
1114;8
1115;12
1116;14
1117;16
1118;13
1119;12
1120;6
1121;11
1122;7
1123;6
1124;11
1125;17
1126;6
1127;5
1128;3
1129;10
1130;3
1201;5
1202;9
1203;17
1204;12
1205;4
1206;13
1207;3
1208;13
1209;8
1210;10
1211;6
1212;9
1213;3
1214;2
1215;10
1216;5
1217;14
1218;4
1219;10
1220;14
1221;6
1222;11
1223;9
1224;18
1225;10
1226;12
1227;14
1228;8
1229;12
1230;14
1231;4
