0101;20
0102;15
0103;11
0104;18
0105;13
0106;17
0107;18
0108;20
0109;16
0110;19
0111;12
0112;11
0113;17
0114;13
0115;10
0116;12
0117;10
0118;15
0119;10
0120;8
0121;8
0122;17
0123;15
0124;15
0125;15
0126;11
0127;20
0128;21
0129;14
0130;12
0131;11
0201;15
0202;14
0203;15
0204;14
0205;17
0206;22
0207;11
0208;9
0209;11
0210;11
0211;12
0212;8
0213;12
0214;14
0215;17
0216;24
0217;10
0218;10
0219;8
0220;11
0221;14
0222;12
0223;15
0224;14
0225;3
0226;10
0227;14
0228;14
0229;13
0301;15
0302;14
0303;15
0304;12
0305;9
0306;10
0307;9
0308;11
0309;10
0310;22
0311;6
0312;12
0313;11
0314;9
0315;16
0316;11
0317;15
0318;12
0319;11
0320;10
0321;13
0322;12
0323;12
0324;10
0325;7
0326;11
0327;11
0328;12
0329;12
0330;11
0331;11
0401;14
0402;12
0403;19
0404;7
0405;13
0406;11
0407;9
0408;9
0409;16
0410;12
0411;12
0412;9
0413;14
0414;14
0415;9
0416;10
0417;7
0418;10
0419;8
0420;8
0421;16
0422;14
0423;13
0424;9
0425;15
0426;9
0427;11
0428;17
0429;10
0430;5
0501;15
0502;12
0503;20
0504;15
0505;10
0506;13
0507;12
0508;16
0509;10
0510;14
0511;14
0512;12
0513;11
0514;8
0515;11
0516;13
0517;12
0518;9
0519;11
0520;11
0521;8
0522;16
0523;7
0524;11
0525;16
0526;10
0527;13
0528;8
0529;7
0530;16
0531;12
0601;16
0602;11
0603;10
0604;12
0605;9
0606;10
0607;11
0608;9
0609;4
0610;9
0611;7
0612;8
0613;11
0614;9
0615;6
0616;11
0617;5
0618;7
0619;14
0620;13
0621;9
0622;9
0623;11
0624;13
0625;10
0626;8
0627;12
0628;13
0629;11
0630;9
0701;13
0702;6
0703;18
0704;11
0705;15
0706;17
0707;10
0708;15
0709;10
0710;9
0711;17
0712;6
0713;5
0714;11
0715;11
0716;6
0717;9
0718;14
0719;13
0720;10
0721;15
0722;9
0723;9
0724;11
0725;13
0726;9
0727;14
0728;11
0729;6
0730;12
0731;19
0801;9
0802;10
0803;8
0804;11
0805;14
0806;9
0807;5
0808;13
0809;11
0810;9
0811;14
0812;14
0813;12
0814;10
0815;8
0816;11
0817;7
0818;12
0819;8
0820;14
0821;10
0822;10
0823;6
0824;13
0825;8
0826;6
0827;5
0828;13
0829;10
0830;12
0831;10
0901;10
0902;8
0903;15
0904;9
0905;9
0906;8
0907;13
0908;14
0909;14
0910;4
0911;17
0912;6
0913;13
0914;13
0915;11
0916;11
0917;5
0918;11
0919;10
0920;10
0921;13
0922;16
0923;8
0924;13
0925;8
0926;10
0927;10
0928;8
0929;13
0930;12
1001;6
1002;11
1003;10
1004;5
1005;13
1006;7
1007;19
1008;17
1009;6
1010;16
1011;14
1012;17
1013;7
1014;9
1015;8
1016;7
1017;8
1018;11
1019;13
1020;11
1021;8
1022;15
1023;10
1024;9
1025;13
1026;10
1027;14
1028;18
1029;14
1030;9
1031;10
1101;14
1102;8
1103;11
1104;7
1105;18
1106;10
1107;10
1108;8
1109;8
1110;11
1111;12
1112;12
1113;9
1114;10
1115;12
1116;14
1117;9
1118;10
1119;11
1120;12
1121;7
1122;15
1123;14
1124;11
1125;15
1126;16
1127;4
1128;10
1129;8
1130;9
1201;19
1202;13
1203;15
1204;14
1205;8
1206;15
1207;18
1208;16
1209;14
1210;7
1211;10
1212;13
1213;11
1214;6
1215;8
1216;15
1217;10
1218;11
1219;15
1220;7
1221;12
1222;12
1223;12
1224;21
1225;15
1226;13
1227;14
1228;10
1229;19
1230;15
1231;7
