0101;17
0102;17
0103;17
0104;15
0105;10
0106;11
0107;15
0108;13
0109;15
0110;14
0111;9
0112;22
0113;12
0114;20
0115;16
0116;12
0117;12
0118;18
0119;12
0120;18
0121;11
0122;12
0123;13
0124;8
0125;10
0126;19
0127;21
0128;9
0129;11
0130;21
0131;10
0201;16
0202;16
0203;11
0204;12
0205;19
0206;14
0207;12
0208;14
0209;9
0210;15
0211;11
0212;17
0213;9
0214;15
0215;16
0216;16
0217;8
0218;12
0219;9
0220;13
0221;12
0222;15
0223;8
0224;15
0225;19
0226;6
0227;16
0228;15
0229;13
0301;11
0302;5
0303;14
0304;18
0305;11
0306;11
0307;11
0308;12
0309;15
0310;17
0311;13
0312;21
0313;7
0314;9
0315;12
0316;10
0317;6
0318;8
0319;13
0320;13
0321;12
0322;7
0323;11
0324;11
0325;9
0326;7
0327;11
0328;10
0329;10
0330;12
0331;14
0401;12
0402;8
0403;8
0404;13
0405;10
0406;6
0407;15
0408;11
0409;13
0410;12
0411;6
0412;11
0413;11
0414;12
0415;9
0416;10
0417;13
0418;11
0419;17
0420;12
0421;12
0422;4
0423;6
0424;10
0425;12
0426;14
0427;19
0428;8
0429;16
0430;9
0501;10
0502;9
0503;10
0504;8
0505;10
0506;7
0507;6
0508;12
0509;10
0510;10
0511;10
0512;9
0513;13
0514;6
0515;8
0516;6
0517;5
0518;7
0519;9
0520;11
0521;2
0522;8
0523;9
0524;8
0525;7
0526;10
0527;8
0528;7
0529;4
0530;13
0531;9
0601;14
0602;11
0603;12
0604;9
0605;6
0606;6
0607;4
0608;14
0609;7
0610;4
0611;11
0612;12
0613;9
0614;10
0615;9
0616;16
0617;12
0618;10
0619;6
0620;14
0621;8
0622;12
0623;16
0624;10
0625;5
0626;5
0627;5
0628;9
0629;8
0630;12
0701;7
0702;15
0703;5
0704;7
0705;8
0706;9
0707;9
0708;7
0709;12
0710;15
0711;2
0712;8
0713;8
0714;13
0715;7
0716;13
0717;11
0718;8
0719;7
0720;12
0721;9
0722;10
0723;11
0724;13
0725;7
0726;8
0727;7
0728;5
0729;6
0730;12
0731;10
0801;17
0802;13
0803;14
0804;12
0805;5
0806;9
0807;10
0808;8
0809;10
0810;10
0811;12
0812;15
0813;7
0814;13
0815;12
0816;10
0817;9
0818;8
0819;11
0820;9
0821;16
0822;6
0823;12
0824;14
0825;10
0826;10
0827;5
0828;20
0829;13
0830;13
0831;10
0901;5
0902;8
0903;7
0904;4
0905;10
0906;9
0907;5
0908;8
0909;12
0910;17
0911;10
0912;12
0913;12
0914;10
0915;9
0916;7
0917;8
0918;11
0919;9
0920;14
0921;10
0922;8
0923;12
0924;10
0925;6
0926;13
0927;13
0928;6
0929;11
0930;11
1001;11
1002;11
1003;8
1004;3
1005;8
1006;7
1007;5
1008;12
1009;12
1010;6
1011;6
1012;10
1013;13
1014;11
1015;11
1016;9
1017;12
1018;9
1019;14
1020;8
1021;13
1022;13
1023;8
1024;11
1025;17
1026;18
1027;15
1028;3
1029;10
1030;7
1031;10
1101;14
1102;12
1103;9
1104;7
1105;7
1106;13
1107;10
1108;9
1109;9
1110;9
1111;13
1112;14
1113;14
1114;11
1115;10
1116;9
1117;10
1118;11
1119;7
1120;15
1121;16
1122;10
1123;9
1124;9
1125;21
1126;10
1127;10
1128;9
1129;10
1130;12
1201;9
1202;8
1203;17
1204;11
1205;11
1206;14
1207;7
1208;9
1209;8
1210;8
1211;10
1212;10
1213;7
1214;11
1215;11
1216;10
1217;13
1218;8
1219;16
1220;6
1221;10
1222;13
1223;15
1224;11
1225;16
1226;7
1227;12
1228;11
1229;6
1230;9
1231;9
