0101;37
0102;40
0103;38
0104;32
0105;22
0106;32
0107;33
0108;30
0109;21
0110;31
0111;35
0112;30
0113;19
0114;27
0115;33
0116;25
0117;23
0118;31
0119;22
0120;23
0121;30
0122;30
0123;35
0124;26
0125;24
0126;20
0127;27
0128;24
0129;23
0130;23
0131;22
0201;32
0202;21
0203;22
0204;27
0205;29
0206;27
0207;23
0208;23
0209;32
0210;16
0211;29
0212;25
0213;28
0214;22
0215;21
0216;20
0217;19
0218;23
0219;13
0220;30
0221;15
0222;20
0223;21
0224;26
0225;18
0226;14
0227;24
0228;24
0229;20
0301;27
0302;18
0303;17
0304;22
0305;24
0306;17
0307;25
0308;21
0309;27
0310;31
0311;16
0312;25
0313;22
0314;14
0315;26
0316;23
0317;25
0318;14
0319;17
0320;22
0321;25
0322;27
0323;21
0324;17
0325;20
0326;20
0327;21
0328;20
0329;16
0330;21
0331;18
0401;24
0402;20
0403;19
0404;26
0405;22
0406;27
0407;16
0408;19
0409;21
0410;15
0411;20
0412;15
0413;23
0414;18
0415;13
0416;19
0417;27
0418;24
0419;20
0420;22
0421;18
0422;12
0423;23
0424;19
0425;17
0426;16
0427;26
0428;21
0429;20
0430;23
0501;15
0502;15
0503;15
0504;24
0505;14
0506;17
0507;28
0508;21
0509;17
0510;25
0511;21
0512;17
0513;25
0514;27
0515;21
0516;26
0517;16
0518;13
0519;18
0520;14
0521;12
0522;21
0523;22
0524;19
0525;24
0526;15
0527;22
0528;21
0529;20
0530;19
0531;20
0601;23
0602;20
0603;24
0604;15
0605;16
0606;25
0607;17
0608;19
0609;22
0610;22
0611;19
0612;22
0613;15
0614;18
0615;18
0616;17
0617;11
0618;17
0619;22
0620;21
0621;22
0622;19
0623;23
0624;17
0625;15
0626;26
0627;25
0628;15
0629;15
0630;18
0701;19
0702;18
0703;19
0704;22
0705;16
0706;11
0707;14
0708;18
0709;16
0710;26
0711;14
0712;22
0713;18
0714;15
0715;17
0716;23
0717;20
0718;14
0719;18
0720;20
0721;12
0722;16
0723;13
0724;15
0725;19
0726;22
0727;25
0728;12
0729;18
0730;18
0731;15
0801;22
0802;20
0803;24
0804;12
0805;18
0806;20
0807;17
0808;13
0809;20
0810;21
0811;22
0812;21
0813;17
0814;18
0815;20
0816;17
0817;15
0818;18
0819;14
0820;25
0821;21
0822;18
0823;19
0824;16
0825;25
0826;17
0827;14
0828;10
0829;9
0830;24
0831;22
0901;21
0902;15
0903;16
0904;18
0905;26
0906;21
0907;21
0908;26
0909;21
0910;15
0911;24
0912;20
0913;22
0914;18
0915;12
0916;19
0917;12
0918;24
0919;14
0920;16
0921;13
0922;16
0923;13
0924;21
0925;23
0926;22
0927;10
0928;20
0929;24
0930;19
1001;22
1002;17
1003;16
1004;24
1005;15
1006;17
1007;11
1008;26
1009;17
1010;25
1011;21
1012;20
1013;20
1014;26
1015;21
1016;25
1017;22
1018;25
1019;18
1020;17
1021;30
1022;15
1023;19
1024;24
1025;20
1026;30
1027;22
1028;15
1029;22
1030;19
1031;17
1101;20
1102;27
1103;29
1104;31
1105;14
1106;15
1107;29
1108;19
1109;17
1110;28
1111;19
1112;22
1113;24
1114;25
1115;20
1116;18
1117;27
1118;28
1119;20
1120;24
1121;21
1122;21
1123;18
1124;13
1125;19
1126;20
1127;20
1128;24
1129;14
1130;17
1201;24
1202;14
1203;21
1204;28
1205;22
1206;24
1207;22
1208;12
1209;17
1210;22
1211;18
1212;17
1213;15
1214;25
1215;18
1216;23
1217;20
1218;18
1219;17
1220;14
1221;18
1222;20
1223;15
1224;22
1225;19
1226;25
1227;29
1228;28
1229;25
1230;24
1231;19
