0101;3
0102;3
0103;2
0104;1
0105;3
0106;3
0107;1
0108;2
0111;3
0112;1
0113;1
0115;3
0116;2
0117;3
0118;2
0120;7
0121;1
0122;2
0123;3
0124;3
0125;2
0126;2
0127;2
0128;2
0129;2
0130;3
0131;3
0202;3
0203;2
0206;1
0207;2
0208;3
0211;1
0212;3
0213;3
0214;3
0216;1
0217;1
0218;1
0219;1
0220;2
0222;2
0224;2
0225;2
0226;2
0227;2
0229;1
0301;1
0302;2
0305;4
0306;3
0307;3
0308;1
0309;4
0310;3
0313;3
0314;4
0315;2
0317;2
0318;1
0320;2
0321;2
0322;3
0325;2
0326;3
0327;3
0328;1
0329;2
0330;3
0331;3
0401;2
0402;2
0403;5
0405;5
0406;2
0407;1
0408;3
0409;1
0411;2
0413;1
0414;2
0416;4
0417;1
0418;3
0420;2
0421;8
0422;4
0423;2
0424;1
0425;2
0428;3
0429;1
0430;1
0501;2
0502;1
0504;2
0505;2
0506;3
0507;1
0508;3
0509;2
0510;2
0511;3
0513;1
0515;1
0516;1
0517;1
0518;3
0519;2
0520;1
0521;2
0523;6
0524;2
0525;3
0527;3
0528;1
0529;1
0531;7
0602;4
0603;1
0604;4
0605;1
0606;2
0607;1
0608;3
0609;1
0610;4
0611;2
0612;1
0613;1
0614;3
0615;1
0616;4
0617;3
0618;1
0622;1
0624;2
0625;1
0626;2
0628;2
0701;3
0702;3
0703;4
0704;2
0706;2
0708;3
0709;1
0710;2
0711;1
0712;2
0713;2
0715;2
0716;1
0717;3
0719;4
0720;2
0721;2
0722;2
0724;3
0725;2
0726;2
0727;2
0728;6
0729;1
0730;3
0801;1
0802;1
0803;1
0804;2
0805;4
0806;1
0809;1
0810;2
0811;2
0813;1
0814;6
0815;3
0816;1
0817;4
0818;2
0819;1
0821;3
0822;1
0823;1
0824;2
0825;2
0826;1
0829;2
0830;2
0831;1
0902;1
0903;1
0905;2
0906;1
0907;1
0908;4
0910;2
0911;4
0912;1
0913;1
0914;3
0915;2
0916;2
0917;2
0918;2
0919;2
0920;3
0922;6
0923;1
0924;4
0927;3
0928;2
0930;2
1001;1
1002;5
1003;3
1004;2
1005;3
1006;1
1007;1
1008;2
1010;2
1011;2
1012;2
1013;1
1014;1
1015;2
1016;1
1017;3
1019;2
1020;3
1021;2
1022;2
1023;4
1024;3
1025;2
1026;2
1028;1
1029;1
1030;2
1031;1
1101;3
1102;1
1103;3
1104;2
1105;1
1108;1
1109;1
1110;1
1111;3
1112;1
1113;2
1114;3
1115;2
1116;1
1117;2
1118;2
1120;4
1121;1
1122;2
1123;2
1124;2
1125;5
1126;3
1129;1
1130;3
1201;1
1203;2
1204;2
1205;4
1206;1
1207;5
1208;2
1210;4
1211;3
1212;3
1213;2
1215;3
1217;2
1218;4
1219;4
1220;1
1221;3
1223;1
1224;1
1225;1
1227;3
1229;1
1230;3
1231;7
