0101;9
0102;5
0103;7
0104;9
0105;4
0106;11
0107;10
0108;16
0109;12
0110;5
0111;9
0112;10
0113;9
0114;7
0115;5
0116;12
0117;15
0118;15
0119;16
0120;12
0121;9
0122;12
0123;7
0124;12
0125;11
0126;5
0127;14
0128;10
0129;14
0130;19
0131;8
0201;14
0202;10
0203;7
0204;7
0205;9
0206;9
0207;11
0208;10
0209;12
0210;9
0211;11
0212;10
0213;8
0214;11
0216;8
0217;11
0218;8
0219;8
0220;7
0221;8
0222;9
0223;12
0224;10
0225;11
0226;11
0227;17
0228;16
0229;6
0301;3
0302;7
0303;8
0304;8
0305;10
0306;8
0307;13
0308;9
0309;7
0310;7
0311;9
0312;9
0313;10
0314;8
0315;8
0316;8
0317;17
0318;10
0319;10
0320;14
0321;9
0322;4
0323;6
0324;8
0325;6
0326;15
0327;11
0328;8
0329;8
0330;8
0331;10
0401;9
0402;7
0403;16
0404;10
0405;9
0406;10
0407;7
0408;9
0409;12
0410;8
0411;9
0412;4
0413;8
0414;9
0415;15
0416;8
0417;11
0418;10
0419;3
0420;12
0421;15
0422;6
0423;12
0424;11
0425;12
0426;12
0427;8
0428;10
0429;9
0430;14
0501;8
0502;4
0503;13
0504;11
0505;12
0506;5
0507;10
0508;8
0509;7
0510;16
0511;13
0512;6
0513;6
0514;7
0515;13
0516;10
0517;4
0518;7
0519;6
0520;13
0521;14
0522;15
0523;7
0524;8
0525;11
0526;12
0527;13
0528;12
0529;10
0530;11
0531;10
0601;9
0602;8
0603;14
0604;6
0605;4
0606;7
0607;14
0608;6
0609;12
0610;2
0611;7
0612;5
0613;15
0614;10
0615;10
0616;13
0617;14
0618;16
0619;10
0620;13
0621;8
0622;14
0623;10
0624;16
0625;13
0626;8
0627;13
0628;14
0629;7
0630;7
0701;9
0702;12
0703;17
0704;15
0705;10
0706;14
0707;9
0708;20
0709;15
0710;6
0711;17
0712;10
0713;10
0714;10
0715;7
0716;17
0717;12
0718;10
0719;6
0720;13
0721;11
0722;13
0723;7
0724;15
0725;10
0726;11
0727;16
0728;11
0729;6
0730;9
0731;11
0801;14
0802;14
0803;8
0804;10
0805;16
0806;7
0807;13
0808;10
0809;7
0810;10
0811;15
0812;11
0813;10
0814;9
0815;3
0816;8
0817;12
0818;5
0819;9
0820;13
0821;11
0822;9
0823;10
0824;16
0825;9
0826;6
0827;11
0828;10
0829;12
0830;12
0831;13
0901;17
0902;7
0903;4
0904;11
0905;13
0906;8
0907;21
0908;8
0909;6
0910;11
0911;4
0912;9
0913;8
0914;13
0915;17
0916;11
0917;11
0918;12
0919;11
0920;10
0921;15
0922;16
0923;11
0924;14
0925;17
0926;7
0927;9
0928;16
0929;12
0930;9
1001;11
1002;8
1003;4
1004;11
1005;4
1006;12
1007;7
1008;10
1009;12
1010;4
1011;10
1012;9
1013;9
1014;15
1015;13
1016;7
1017;8
1018;11
1019;13
1020;16
1021;14
1022;10
1023;10
1024;11
1025;9
1026;4
1027;6
1028;5
1029;12
1030;10
1031;10
1101;9
1102;12
1103;4
1104;14
1105;13
1106;14
1107;15
1108;19
1109;7
1110;7
1111;12
1112;11
1113;8
1114;10
1115;10
1116;11
1117;10
1118;7
1119;6
1120;6
1121;14
1122;15
1123;12
1124;15
1125;12
1126;11
1127;10
1128;11
1129;2
1130;13
1201;6
1202;20
1203;11
1204;8
1205;7
1206;9
1207;13
1208;13
1209;12
1210;10
1211;7
1212;9
1213;6
1214;10
1215;12
1216;12
1217;11
1218;10
1219;12
1220;11
1221;15
1222;14
1223;10
1224;14
1225;9
1226;14
1227;10
1228;11
1229;14
1230;8
1231;10
