0101;21
0102;50
0103;46
0104;31
0105;34
0106;36
0107;40
0108;39
0109;41
0110;29
0111;38
0112;45
0113;28
0114;40
0115;34
0116;41
0117;30
0118;41
0119;44
0120;46
0121;45
0122;42
0123;42
0124;40
0125;33
0126;31
0127;45
0128;43
0129;33
0130;39
0131;43
0201;42
0202;39
0203;45
0204;30
0205;46
0206;40
0207;40
0208;44
0209;46
0210;36
0211;51
0212;40
0213;50
0214;44
0215;37
0216;43
0217;40
0218;35
0219;43
0220;37
0221;39
0222;43
0223;41
0224;35
0225;46
0226;24
0227;49
0228;38
0300;1
0301;42
0302;35
0303;38
0304;44
0305;39
0306;38
0307;32
0308;40
0309;35
0310;35
0311;37
0312;38
0313;36
0314;19
0315;32
0316;36
0317;33
0318;43
0319;43
0320;28
0321;41
0322;37
0323;34
0324;32
0325;26
0326;36
0327;29
0328;33
0329;27
0330;32
0331;32
0401;43
0402;32
0403;38
0404;27
0405;39
0406;33
0407;33
0408;28
0409;30
0410;36
0411;26
0412;32
0413;26
0414;31
0415;20
0416;33
0417;27
0418;28
0419;29
0420;37
0421;46
0422;33
0423;36
0424;30
0425;33
0426;28
0427;39
0428;37
0429;30
0430;22
0501;43
0502;26
0503;26
0504;27
0505;14
0506;31
0507;33
0508;27
0509;40
0510;24
0511;32
0512;30
0513;29
0514;35
0515;39
0516;27
0517;23
0518;31
0519;28
0520;33
0521;39
0522;31
0523;38
0524;35
0525;31
0526;25
0527;24
0528;20
0529;37
0530;28
0531;27
0601;28
0602;22
0603;45
0604;34
0605;27
0606;23
0607;27
0608;37
0609;29
0610;27
0611;25
0612;16
0613;40
0614;41
0615;25
0616;39
0617;36
0618;30
0619;35
0620;35
0621;31
0622;26
0623;29
0624;30
0625;31
0626;25
0627;35
0628;20
0629;33
0630;32
0701;34
0702;29
0703;40
0704;23
0705;31
0706;37
0707;34
0708;28
0709;27
0710;33
0711;45
0712;44
0713;31
0714;29
0715;21
0716;37
0717;31
0718;29
0719;38
0720;34
0721;35
0722;26
0723;28
0724;30
0725;36
0726;37
0727;22
0728;35
0729;36
0730;34
0731;29
0801;31
0802;26
0803;39
0804;26
0805;23
0806;42
0807;30
0808;39
0809;36
0810;28
0811;40
0812;27
0813;37
0814;37
0815;36
0816;26
0817;31
0818;27
0819;30
0820;32
0821;35
0822;24
0823;36
0824;25
0825;24
0826;28
0827;34
0828;26
0829;30
0830;26
0831;31
0901;39
0902;34
0903;35
0904;25
0905;43
0906;26
0907;35
0908;39
0909;37
0910;30
0911;49
0912;36
0913;42
0914;23
0915;27
0916;37
0917;26
0918;31
0919;37
0920;34
0921;34
0922;39
0923;32
0924;32
0925;29
0926;36
0927;39
0928;33
0929;34
0930;41
1001;32
1002;34
1003;44
1004;36
1005;27
1006;26
1007;37
1008;32
1009;31
1010;27
1011;36
1012;30
1013;26
1014;34
1015;27
1016;39
1017;24
1018;25
1019;36
1020;31
1021;33
1022;33
1023;25
1024;36
1025;43
1026;33
1027;30
1028;28
1029;21
1030;36
1031;38
1101;42
1102;35
1103;44
1104;27
1105;39
1106;25
1107;28
1108;33
1109;27
1110;34
1111;42
1112;27
1113;24
1114;37
1115;31
1116;39
1117;46
1118;27
1119;33
1120;32
1121;38
1122;38
1123;33
1124;30
1125;31
1126;36
1127;27
1128;29
1129;33
1130;29
1201;29
1202;39
1203;31
1204;16
1205;33
1206;37
1207;28
1208;30
1209;42
1210;46
1211;37
1212;27
1213;44
1214;43
1215;21
1216;27
1217;26
1218;40
1219;37
1220;22
1221;32
1222;29
1223;22
1224;19
1225;32
1226;13
1227;19
1228;11
1229;4
1230;1
