0101;4
0102;1
0103;4
0104;3
0105;7
0106;3
0107;6
0108;5
0109;7
0110;8
0111;5
0112;4
0113;8
0114;7
0115;7
0116;3
0117;6
0118;9
0119;6
0120;2
0121;8
0122;6
0123;3
0124;9
0125;6
0126;7
0127;15
0128;6
0129;5
0130;4
0131;8
0201;7
0202;4
0203;3
0204;5
0205;4
0206;4
0207;6
0208;4
0209;6
0210;4
0211;9
0212;8
0213;8
0214;6
0215;6
0216;4
0217;5
0218;7
0219;9
0220;4
0221;9
0222;1
0223;7
0224;7
0225;6
0226;6
0227;3
0228;9
0301;4
0302;4
0303;8
0304;7
0305;4
0306;3
0307;9
0308;4
0309;6
0310;7
0311;1
0312;4
0313;4
0314;4
0315;9
0316;5
0317;3
0318;5
0319;7
0320;4
0321;5
0322;2
0323;6
0324;1
0325;3
0326;4
0327;4
0328;7
0329;8
0330;5
0331;6
0401;4
0402;9
0403;3
0404;7
0405;2
0406;6
0407;4
0408;7
0409;4
0410;2
0411;8
0412;7
0413;3
0414;6
0415;3
0416;4
0417;5
0418;2
0419;7
0420;6
0421;1
0422;6
0423;6
0424;2
0425;8
0426;4
0427;3
0428;5
0429;5
0430;5
0501;7
0502;4
0503;10
0504;5
0505;4
0506;4
0507;8
0508;4
0509;6
0510;2
0511;6
0512;3
0513;3
0514;8
0515;5
0516;2
0517;4
0518;3
0519;8
0520;3
0521;5
0522;4
0523;1
0524;6
0525;5
0526;5
0527;2
0528;7
0529;6
0530;4
0531;7
0601;6
0602;4
0603;5
0604;4
0605;6
0607;4
0608;2
0609;4
0610;3
0611;3
0612;4
0613;2
0614;7
0615;4
0616;4
0617;2
0618;6
0619;4
0620;2
0621;5
0622;8
0623;7
0624;3
0625;5
0626;4
0627;2
0628;8
0629;5
0630;2
0701;7
0702;4
0703;7
0704;5
0705;7
0706;8
0707;1
0708;3
0709;5
0710;6
0711;3
0712;6
0713;4
0715;5
0716;4
0717;5
0718;1
0719;2
0720;6
0721;4
0722;7
0723;6
0724;6
0725;7
0726;7
0727;7
0728;4
0729;5
0730;3
0731;5
0801;2
0802;2
0803;6
0804;6
0805;4
0806;3
0807;6
0808;4
0809;3
0810;6
0811;4
0812;4
0813;3
0814;5
0815;5
0816;1
0817;8
0818;3
0819;2
0820;2
0821;10
0822;6
0823;3
0824;3
0825;5
0826;7
0827;4
0828;5
0829;7
0830;10
0831;10
0901;8
0902;7
0903;4
0904;6
0905;6
0906;6
0907;2
0908;10
0909;5
0910;2
0911;4
0912;6
0913;3
0914;2
0915;1
0916;4
0917;2
0918;2
0919;4
0920;4
0921;5
0922;2
0923;4
0924;4
0925;3
0926;2
0927;2
0928;7
0929;4
0930;3
1001;4
1002;2
1003;5
1004;7
1005;3
1006;4
1007;8
1008;5
1009;6
1010;14
1011;4
1012;6
1014;5
1015;4
1016;6
1017;6
1018;2
1019;4
1020;6
1021;9
1022;5
1023;5
1024;2
1025;4
1026;7
1027;5
1028;7
1029;4
1030;3
1031;7
1101;1
1102;4
1103;5
1104;5
1105;4
1106;5
1107;4
1108;8
1109;5
1110;2
1111;3
1112;9
1113;5
1114;4
1115;3
1116;5
1117;9
1118;7
1119;5
1120;6
1121;4
1122;4
1123;6
1124;4
1125;5
1126;6
1127;5
1128;7
1129;6
1130;2
1201;6
1202;7
1203;4
1204;7
1205;5
1206;4
1207;6
1208;8
1209;5
1210;7
1211;2
1212;4
1213;3
1214;6
1215;6
1216;4
1217;7
1218;3
1219;5
1220;5
1221;5
1222;4
1223;7
1224;7
1225;3
1226;7
1227;4
1228;2
1229;4
1230;5
1231;3
