0101;70
0102;65
0103;89
0104;61
0105;56
0106;58
0107;66
0108;63
0109;67
0110;61
0111;61
0112;73
0113;61
0114;75
0115;67
0116;58
0117;61
0118;57
0119;52
0120;60
0121;63
0122;62
0123;63
0124;60
0125;57
0126;62
0127;74
0128;68
0129;51
0130;60
0131;60
0201;57
0202;84
0203;49
0204;58
0205;70
0206;67
0207;70
0208;61
0209;63
0210;58
0211;69
0212;52
0213;57
0214;61
0215;65
0216;54
0217;61
0218;63
0219;69
0220;62
0221;59
0222;63
0223;61
0224;62
0225;53
0226;59
0227;52
0228;63
0301;54
0302;54
0303;45
0304;63
0305;49
0306;61
0307;71
0308;57
0309;61
0310;51
0311;66
0312;63
0313;56
0314;52
0315;53
0316;46
0317;69
0318;49
0319;64
0320;53
0321;47
0322;48
0323;45
0324;47
0325;45
0326;41
0327;63
0328;56
0329;57
0330;38
0331;54
0401;50
0402;56
0403;45
0404;51
0405;47
0406;47
0407;56
0408;60
0409;63
0410;48
0411;50
0412;54
0413;49
0414;40
0415;44
0416;50
0417;55
0418;43
0419;57
0420;40
0421;51
0422;50
0423;62
0424;60
0425;63
0426;65
0427;38
0428;62
0429;57
0430;42
0501;48
0502;48
0503;47
0504;48
0505;48
0506;43
0507;52
0508;46
0509;31
0510;51
0511;32
0512;55
0513;54
0514;50
0515;50
0516;43
0517;41
0518;51
0519;55
0520;41
0521;57
0522;59
0523;46
0524;34
0525;45
0526;35
0527;53
0528;53
0529;52
0530;33
0531;45
0601;49
0602;53
0603;44
0604;38
0605;59
0606;59
0607;45
0608;57
0609;40
0610;45
0611;49
0612;31
0613;46
0614;42
0615;48
0616;50
0617;41
0618;35
0619;44
0620;42
0621;42
0622;57
0623;40
0624;51
0625;60
0626;58
0627;50
0628;51
0629;53
0630;55
0701;70
0702;54
0703;44
0704;44
0705;59
0706;39
0707;47
0708;44
0709;41
0710;49
0711;62
0712;41
0713;51
0714;42
0715;49
0716;42
0717;48
0718;57
0719;61
0720;61
0721;43
0722;41
0723;36
0724;57
0725;49
0726;43
0727;45
0728;49
0729;49
0730;44
0731;37
0801;62
0802;47
0803;37
0804;57
0805;43
0806;32
0807;49
0808;42
0809;56
0810;57
0811;54
0812;49
0813;41
0814;40
0815;42
0816;48
0817;49
0818;43
0819;49
0820;44
0821;58
0822;39
0823;51
0824;57
0825;49
0826;48
0827;55
0828;61
0829;42
0830;57
0831;40
0901;46
0902;56
0903;52
0904;48
0905;54
0906;49
0907;64
0908;48
0909;50
0910;49
0911;42
0912;43
0913;49
0914;48
0915;53
0916;50
0917;50
0918;42
0919;55
0920;46
0921;59
0922;58
0923;43
0924;47
0925;54
0926;59
0927;53
0928;62
0929;46
0930;45
1001;56
1002;46
1003;38
1004;49
1005;61
1006;54
1007;55
1008;47
1009;58
1010;48
1011;53
1012;47
1013;61
1014;42
1015;57
1016;67
1017;49
1018;48
1019;43
1020;53
1021;45
1022;55
1023;44
1024;53
1025;62
1026;44
1027;50
1028;50
1029;50
1030;56
1031;50
1101;70
1102;48
1103;55
1104;44
1105;55
1106;60
1107;50
1108;60
1109;65
1110;45
1111;48
1112;56
1113;56
1114;59
1115;67
1116;59
1117;59
1118;52
1119;52
1120;46
1121;58
1122;53
1123;67
1124;52
1125;59
1126;51
1127;60
1128;55
1129;59
1130;61
1201;46
1202;63
1203;43
1204;61
1205;45
1206;57
1207;55
1208;35
1209;54
1210;48
1211;55
1212;57
1213;63
1214;64
1215;60
1216;57
1217;51
1218;64
1219;64
1220;51
1221;58
1222;66
1223;62
1224;63
1225;70
1226;63
1227;62
1228;67
1229;53
1230;55
1231;62
