0101;5
0102;10
0103;4
0104;5
0105;8
0106;3
0107;6
0108;7
0109;5
0110;6
0111;3
0112;5
0113;3
0114;4
0115;5
0116;7
0117;7
0118;5
0119;6
0120;6
0121;9
0122;4
0123;6
0124;4
0125;8
0126;11
0127;9
0128;4
0129;4
0130;5
0131;6
0201;9
0202;11
0203;9
0204;6
0205;4
0206;5
0207;4
0208;6
0209;8
0210;3
0211;5
0212;7
0213;6
0214;7
0215;3
0216;5
0217;4
0218;5
0219;6
0220;3
0221;3
0222;5
0223;2
0224;3
0225;4
0226;5
0227;7
0228;3
0301;3
0302;5
0303;4
0304;9
0305;4
0306;7
0307;6
0308;5
0309;4
0310;3
0311;2
0312;2
0313;4
0314;4
0315;3
0316;5
0317;3
0318;6
0319;4
0320;5
0321;9
0322;9
0323;3
0324;5
0325;4
0326;8
0327;3
0328;4
0329;7
0330;7
0331;4
0401;6
0402;8
0403;15
0404;3
0405;2
0406;5
0407;4
0408;7
0409;6
0411;4
0412;2
0413;6
0414;2
0415;8
0416;7
0417;6
0418;2
0419;5
0420;6
0421;7
0422;10
0423;7
0424;3
0425;2
0426;5
0427;3
0428;2
0429;7
0430;10
0501;6
0502;5
0503;4
0504;9
0505;4
0506;3
0507;4
0508;4
0509;4
0510;5
0511;3
0512;3
0513;1
0514;7
0515;4
0516;1
0517;6
0518;5
0519;1
0520;3
0521;6
0522;1
0523;7
0524;3
0525;2
0526;5
0527;7
0528;1
0529;3
0530;6
0531;2
0601;11
0602;3
0603;4
0604;5
0605;5
0606;5
0607;3
0608;4
0609;6
0610;4
0611;5
0612;10
0613;5
0614;1
0615;3
0616;5
0617;5
0618;2
0619;3
0620;2
0621;6
0622;2
0623;2
0624;3
0625;4
0626;1
0627;6
0628;6
0629;7
0630;5
0701;8
0702;2
0703;7
0704;7
0705;3
0706;3
0707;4
0708;2
0709;1
0710;3
0711;6
0712;7
0713;3
0714;8
0715;2
0716;5
0717;2
0718;6
0719;4
0720;5
0721;3
0722;5
0723;4
0724;5
0725;10
0726;8
0727;2
0728;1
0729;1
0730;6
0731;3
0801;6
0802;3
0803;4
0804;5
0805;6
0806;3
0807;4
0808;1
0809;7
0810;6
0811;7
0812;5
0813;2
0814;5
0815;8
0816;3
0817;3
0818;4
0820;5
0821;6
0822;5
0823;4
0824;4
0825;5
0826;3
0827;7
0828;4
0829;4
0830;6
0831;2
0901;8
0902;4
0904;4
0905;4
0906;5
0907;3
0908;6
0909;4
0910;3
0911;2
0912;6
0913;3
0914;4
0915;4
0916;6
0917;4
0918;8
0919;4
0920;10
0921;4
0922;3
0923;3
0924;2
0925;3
0926;5
0927;2
0928;5
0929;3
0930;3
1001;1
1002;3
1003;4
1004;4
1005;7
1006;3
1007;4
1008;5
1009;3
1010;3
1011;5
1012;5
1013;9
1014;9
1015;2
1016;3
1017;2
1018;5
1019;3
1020;6
1021;6
1022;1
1023;3
1024;3
1025;7
1026;4
1027;2
1028;5
1029;8
1030;6
1031;7
1101;2
1102;2
1103;5
1104;4
1105;1
1106;3
1107;2
1108;4
1109;4
1110;6
1111;7
1112;6
1113;2
1114;11
1115;9
1116;6
1117;4
1118;5
1119;7
1120;1
1121;5
1122;4
1123;5
1124;5
1125;7
1126;4
1127;4
1128;6
1129;5
1130;2
1201;4
1202;6
1203;6
1204;8
1205;13
1206;2
1207;9
1208;7
1209;7
1210;4
1211;6
1212;6
1213;4
1214;3
1215;8
1216;5
1217;5
1218;2
1219;2
1220;4
1221;4
1222;8
1223;4
1224;3
1225;1
1227;1
1228;6
1229;1
1230;2
