0101;13
0102;13
0103;18
0104;14
0105;17
0106;14
0107;12
0108;13
0109;14
0110;17
0111;18
0112;15
0113;12
0114;9
0115;15
0116;14
0117;13
0118;17
0119;14
0120;8
0121;14
0122;12
0123;10
0124;14
0125;18
0126;17
0127;16
0128;14
0129;11
0130;13
0131;18
0201;21
0202;20
0203;13
0204;17
0205;9
0206;16
0207;19
0208;18
0209;18
0210;21
0211;17
0212;10
0213;12
0214;22
0215;16
0216;30
0217;11
0218;13
0219;20
0220;12
0221;19
0222;19
0223;19
0224;17
0225;18
0226;16
0227;17
0228;8
0301;15
0302;12
0303;13
0304;15
0305;11
0306;17
0307;14
0308;17
0309;10
0310;10
0311;7
0312;16
0313;13
0314;10
0315;9
0316;10
0317;5
0318;15
0319;9
0320;13
0321;14
0322;16
0323;11
0324;13
0325;9
0326;11
0327;16
0328;5
0329;9
0330;12
0331;14
0401;11
0402;10
0403;13
0404;7
0405;16
0406;13
0407;16
0408;15
0409;12
0410;15
0411;12
0412;7
0413;14
0414;4
0415;20
0416;13
0417;16
0418;9
0419;15
0420;15
0421;10
0422;12
0423;14
0424;7
0425;6
0426;9
0427;11
0428;14
0429;10
0430;9
0501;7
0502;18
0503;10
0504;12
0505;6
0506;13
0507;9
0508;16
0509;13
0510;24
0511;13
0512;11
0513;12
0514;13
0515;13
0516;13
0517;7
0518;9
0519;9
0520;11
0521;9
0522;18
0523;7
0524;15
0525;3
0526;13
0527;11
0528;13
0529;11
0530;15
0531;14
0601;12
0602;10
0603;6
0604;15
0605;10
0606;2
0607;13
0608;11
0609;9
0610;5
0611;8
0612;9
0613;12
0614;16
0615;15
0616;5
0617;14
0618;11
0619;8
0620;19
0621;11
0622;6
0623;9
0624;6
0625;8
0626;7
0627;12
0628;8
0629;5
0630;14
0701;9
0702;10
0703;13
0704;12
0705;14
0706;10
0707;14
0708;13
0709;6
0710;11
0711;6
0712;11
0713;9
0714;8
0715;12
0716;12
0717;6
0718;13
0719;13
0720;14
0721;7
0722;10
0723;13
0724;22
0725;13
0726;17
0727;9
0728;12
0729;14
0730;11
0731;4
0801;10
0802;8
0803;8
0804;7
0805;13
0806;8
0807;11
0808;17
0809;11
0810;12
0811;9
0812;13
0813;11
0814;9
0815;8
0816;14
0817;15
0818;9
0819;9
0820;7
0821;8
0822;4
0823;13
0824;17
0825;14
0826;9
0827;18
0828;13
0829;17
0830;11
0831;10
0901;14
0902;11
0903;10
0904;8
0905;8
0906;12
0907;14
0908;9
0909;11
0910;13
0911;16
0912;14
0913;13
0914;13
0915;12
0916;19
0917;7
0918;13
0919;5
0920;13
0921;11
0922;10
0923;14
0924;11
0925;12
0926;12
0927;12
0928;10
0929;12
0930;17
1001;12
1002;11
1003;12
1004;12
1005;12
1006;16
1007;11
1008;15
1009;16
1010;10
1011;9
1012;7
1013;11
1014;14
1015;11
1016;5
1017;12
1018;13
1019;13
1020;14
1021;19
1022;14
1023;14
1024;14
1025;10
1026;14
1027;14
1028;8
1029;14
1030;10
1031;9
1101;20
1102;14
1103;19
1104;20
1105;11
1106;18
1107;16
1108;15
1109;16
1110;14
1111;13
1112;14
1113;10
1114;8
1115;16
1116;10
1117;10
1118;15
1119;18
1120;6
1121;12
1122;14
1123;15
1124;17
1125;16
1126;10
1127;7
1128;14
1129;14
1130;13
1201;21
1202;10
1203;20
1204;11
1205;9
1206;6
1207;18
1208;14
1209;16
1210;17
1211;7
1212;18
1213;13
1214;12
1215;13
1216;17
1217;9
1218;10
1219;11
1220;15
1221;23
1222;11
1223;20
1224;11
1225;12
1226;14
1227;15
1228;9
1229;19
1230;16
1231;19
