0101;12
0102;13
0103;10
0104;12
0105;11
0106;11
0107;11
0108;16
0109;13
0110;12
0111;14
0112;23
0113;8
0114;10
0115;16
0116;18
0117;9
0118;11
0119;10
0120;16
0121;19
0122;17
0123;9
0124;9
0125;18
0126;14
0127;14
0128;10
0129;19
0130;15
0131;11
0201;15
0202;14
0203;11
0204;12
0205;12
0206;17
0207;15
0208;12
0209;14
0210;11
0211;9
0212;17
0213;13
0214;14
0215;14
0216;15
0217;11
0218;20
0219;12
0220;17
0221;16
0222;14
0223;22
0224;13
0225;13
0226;9
0227;14
0228;10
0301;11
0302;11
0303;10
0304;9
0305;9
0306;14
0307;12
0308;7
0309;17
0310;9
0311;17
0312;10
0313;14
0314;17
0315;8
0316;13
0317;11
0318;17
0319;12
0320;11
0321;9
0322;8
0323;13
0324;9
0325;8
0326;8
0327;15
0328;12
0329;11
0330;11
0331;9
0401;15
0402;11
0403;9
0404;8
0405;12
0406;4
0407;13
0408;9
0409;10
0410;3
0411;11
0412;8
0413;10
0414;8
0415;10
0416;9
0417;12
0418;3
0419;12
0420;9
0421;14
0422;14
0423;8
0424;17
0425;10
0426;14
0427;10
0428;14
0429;9
0430;13
0501;11
0502;11
0503;7
0504;9
0505;10
0506;10
0507;14
0508;10
0509;9
0510;10
0511;11
0512;10
0513;14
0514;11
0515;12
0516;15
0517;8
0518;12
0519;7
0520;10
0521;17
0522;4
0523;10
0524;10
0525;13
0526;12
0527;7
0528;5
0529;8
0530;7
0531;8
0601;12
0602;6
0603;15
0604;6
0605;7
0606;9
0607;12
0608;13
0609;8
0610;16
0611;6
0612;11
0613;11
0614;15
0615;5
0616;6
0617;11
0618;8
0619;4
0620;7
0621;3
0622;11
0623;12
0624;15
0625;12
0626;15
0627;16
0628;5
0629;13
0630;15
0701;11
0702;9
0703;8
0704;8
0705;8
0706;11
0707;14
0708;3
0709;12
0710;5
0711;10
0712;16
0713;6
0714;13
0715;5
0716;13
0717;4
0718;10
0719;12
0720;10
0721;10
0722;9
0723;8
0724;11
0725;13
0726;12
0727;17
0728;8
0729;8
0730;13
0731;7
0801;9
0802;13
0803;7
0804;8
0805;10
0806;6
0807;10
0808;8
0809;8
0810;9
0811;12
0812;9
0813;4
0814;4
0815;6
0816;7
0817;6
0818;7
0819;10
0820;8
0821;15
0822;8
0823;9
0824;8
0825;14
0826;8
0827;13
0828;10
0829;13
0830;9
0831;12
0901;11
0902;13
0903;9
0904;15
0905;9
0906;11
0907;12
0908;8
0909;10
0910;10
0911;16
0912;9
0913;6
0914;8
0915;11
0916;11
0917;5
0918;11
0919;8
0920;10
0921;9
0922;4
0923;8
0924;13
0925;10
0926;11
0927;12
0928;9
0929;10
0930;10
1001;13
1002;6
1003;14
1004;12
1005;7
1006;9
1007;11
1008;3
1009;13
1010;16
1011;12
1012;13
1013;13
1014;8
1015;6
1016;12
1017;10
1018;10
1019;11
1020;6
1021;8
1022;4
1023;10
1024;11
1025;13
1026;11
1027;7
1028;8
1029;12
1030;6
1031;9
1101;15
1102;14
1103;16
1104;11
1105;12
1106;13
1107;11
1108;17
1109;9
1110;9
1111;7
1112;13
1113;7
1114;11
1115;2
1116;9
1117;7
1118;11
1119;13
1120;14
1121;6
1122;12
1123;6
1124;10
1125;14
1126;9
1127;4
1128;14
1129;23
1130;13
1201;14
1202;15
1203;3
1204;13
1205;16
1206;7
1207;11
1208;10
1209;11
1210;11
1211;8
1212;12
1213;10
1214;17
1215;10
1216;10
1217;5
1218;9
1219;9
1220;7
1221;12
1222;16
1223;14
1224;12
1225;8
1226;9
1227;4
1228;8
