0101;37
0102;29
0103;49
0104;30
0105;27
0106;29
0107;33
0108;35
0109;40
0110;38
0111;43
0112;36
0113;35
0114;36
0115;29
0116;41
0117;32
0118;25
0119;35
0120;34
0121;28
0122;29
0123;33
0124;32
0125;49
0126;37
0127;39
0128;30
0129;26
0130;24
0131;21
0201;49
0202;19
0203;32
0204;41
0205;38
0206;29
0207;40
0208;30
0209;40
0210;34
0211;40
0212;28
0213;33
0214;26
0215;40
0216;43
0217;27
0218;35
0219;36
0220;31
0221;30
0222;37
0223;21
0224;39
0225;39
0226;31
0227;35
0228;26
0301;35
0302;31
0303;22
0304;29
0305;23
0306;35
0307;33
0308;34
0309;21
0310;35
0311;30
0312;44
0313;25
0314;30
0315;22
0316;26
0317;30
0318;22
0319;27
0320;31
0321;26
0322;29
0323;25
0324;23
0325;35
0326;26
0327;25
0328;38
0329;21
0330;27
0331;30
0401;32
0402;30
0403;34
0404;18
0405;24
0406;22
0407;22
0408;26
0409;39
0410;22
0411;30
0412;27
0413;27
0414;26
0415;33
0416;27
0417;31
0418;25
0419;17
0420;32
0421;23
0422;30
0423;29
0424;24
0425;22
0426;34
0427;35
0428;42
0429;32
0430;27
0501;20
0502;25
0503;26
0504;22
0505;31
0506;27
0507;34
0508;25
0509;24
0510;26
0511;16
0512;32
0513;39
0514;29
0515;33
0516;28
0517;26
0518;29
0519;26
0520;28
0521;29
0522;34
0523;22
0524;26
0525;18
0526;27
0527;23
0528;23
0529;28
0530;23
0531;27
0601;21
0602;28
0603;25
0604;31
0605;25
0606;27
0607;37
0608;23
0609;33
0610;22
0611;25
0612;31
0613;33
0614;20
0615;22
0616;21
0617;36
0618;23
0619;34
0620;25
0621;26
0622;19
0623;35
0624;17
0625;29
0626;22
0627;26
0628;25
0629;32
0630;28
0701;26
0702;14
0703;31
0704;29
0705;28
0706;31
0707;22
0708;25
0709;32
0710;32
0711;32
0712;34
0713;22
0714;30
0715;24
0716;34
0717;24
0718;32
0719;22
0720;19
0721;25
0722;31
0723;23
0724;22
0725;26
0726;29
0727;27
0728;20
0729;27
0730;27
0731;26
0801;23
0802;28
0803;24
0804;27
0805;31
0806;18
0807;32
0808;22
0809;24
0810;20
0811;19
0812;22
0813;19
0814;20
0815;23
0816;23
0817;19
0818;25
0819;25
0820;36
0821;26
0822;25
0823;37
0824;31
0825;24
0826;25
0827;24
0828;23
0829;22
0830;23
0831;28
0901;27
0902;33
0903;18
0904;30
0905;24
0906;27
0907;30
0908;23
0909;27
0910;34
0911;35
0912;40
0913;20
0914;32
0915;27
0916;18
0917;35
0918;18
0919;22
0920;27
0921;18
0922;21
0923;35
0924;23
0925;30
0926;36
0927;23
0928;28
0929;30
0930;21
1001;30
1002;28
1003;29
1004;31
1005;25
1006;30
1007;27
1008;25
1009;28
1010;31
1011;24
1012;30
1013;22
1014;30
1015;37
1016;33
1017;19
1018;26
1019;34
1020;32
1021;28
1022;35
1023;33
1024;37
1025;29
1026;27
1027;37
1028;40
1029;35
1030;35
1031;36
1101;26
1102;27
1103;25
1104;25
1105;31
1106;34
1107;27
1108;29
1109;24
1110;33
1111;18
1112;31
1113;30
1114;27
1115;24
1116;38
1117;26
1118;29
1119;33
1120;33
1121;33
1122;35
1123;34
1124;26
1125;22
1126;31
1127;23
1128;21
1129;35
1130;31
1201;20
1202;27
1203;34
1204;31
1205;36
1206;29
1207;27
1208;30
1209;31
1210;29
1211;26
1212;28
1213;39
1214;30
1215;26
1216;29
1217;36
1218;22
1219;16
1220;27
1221;26
1222;29
1223;31
1224;34
1225;30
1226;33
1227;34
1228;32
1229;20
1230;34
1231;26
