0101;1
0102;4
0103;2
0104;2
0105;3
0106;3
0107;10
0108;1
0109;8
0110;5
0111;2
0112;2
0113;8
0114;4
0115;2
0116;4
0117;9
0118;9
0119;5
0120;1
0121;4
0122;4
0123;10
0124;4
0125;4
0126;3
0127;4
0128;10
0129;2
0130;7
0131;4
0201;2
0202;4
0203;5
0204;5
0205;3
0206;5
0207;4
0208;4
0209;7
0210;8
0211;9
0212;3
0213;3
0214;2
0215;5
0216;6
0217;4
0218;5
0219;7
0220;4
0221;3
0222;6
0223;3
0224;5
0225;9
0226;3
0227;7
0228;6
0301;3
0302;6
0303;3
0304;5
0305;9
0306;9
0307;3
0308;5
0309;1
0310;4
0311;5
0312;1
0313;2
0314;6
0315;1
0316;4
0317;3
0318;6
0319;1
0320;1
0321;2
0322;4
0323;3
0324;5
0325;5
0326;4
0327;5
0328;3
0329;3
0330;4
0331;7
0401;2
0402;1
0403;7
0404;4
0405;3
0406;6
0407;3
0408;5
0409;5
0410;7
0411;3
0412;2
0413;4
0414;3
0415;3
0416;5
0417;5
0418;5
0419;3
0420;1
0421;3
0422;4
0423;6
0424;2
0425;2
0426;7
0427;4
0428;4
0429;2
0430;2
0501;4
0502;2
0503;3
0504;3
0505;5
0506;2
0507;1
0508;3
0509;5
0510;2
0511;4
0512;4
0513;6
0514;6
0515;7
0516;2
0517;9
0518;3
0519;4
0520;1
0521;5
0522;10
0523;1
0524;7
0525;3
0526;3
0527;9
0528;1
0529;3
0530;7
0531;6
0601;2
0602;3
0603;3
0604;7
0605;4
0606;4
0607;6
0608;3
0609;3
0610;3
0611;6
0612;4
0613;6
0614;3
0615;5
0616;4
0617;4
0618;3
0619;5
0620;6
0621;3
0622;3
0623;4
0624;5
0625;5
0626;6
0627;4
0628;1
0629;4
0630;5
0701;3
0702;5
0703;3
0704;1
0705;2
0706;2
0707;7
0709;5
0710;5
0711;6
0712;6
0713;4
0714;3
0715;2
0716;5
0717;2
0718;5
0719;6
0720;4
0721;3
0722;6
0723;3
0724;4
0725;4
0726;3
0727;1
0728;5
0729;2
0730;3
0731;4
0801;5
0802;9
0803;2
0804;4
0805;3
0806;4
0807;4
0808;9
0809;2
0810;4
0811;1
0812;8
0813;6
0814;6
0815;3
0816;3
0817;3
0818;3
0819;7
0820;3
0821;5
0822;5
0823;4
0824;2
0825;5
0826;11
0827;4
0828;5
0829;3
0830;3
0831;4
0901;2
0902;7
0903;4
0904;2
0905;3
0906;3
0907;2
0908;4
0909;4
0910;1
0911;1
0912;4
0913;2
0914;4
0915;3
0916;4
0917;3
0918;3
0919;4
0920;4
0921;6
0922;5
0923;1
0924;3
0925;5
0926;3
0927;6
0928;5
0929;4
0930;4
1001;7
1002;4
1003;3
1004;4
1005;3
1006;5
1007;4
1008;1
1010;2
1011;2
1012;2
1013;2
1014;2
1015;5
1016;4
1017;3
1018;4
1019;4
1020;3
1021;2
1022;6
1023;6
1024;6
1025;1
1026;3
1027;3
1028;7
1029;2
1030;9
1031;2
1101;6
1102;7
1103;2
1104;1
1105;2
1106;3
1107;6
1108;4
1109;2
1110;3
1111;5
1112;5
1113;3
1114;8
1115;5
1116;3
1117;2
1118;3
1119;2
1120;2
1121;2
1122;5
1123;2
1124;2
1125;4
1126;2
1127;6
1128;2
1129;2
1130;3
1201;6
1202;5
1203;4
1204;2
1205;3
1206;1
1207;9
1208;3
1209;8
1210;1
1211;3
1212;6
1213;5
1214;6
1215;5
1216;7
1217;5
1218;7
1219;4
1220;4
1221;3
1222;2
1223;8
1224;3
1225;7
1226;1
1227;10
1228;9
1229;5
1230;1
1231;2
