0101;33
0102;25
0103;28
0104;43
0105;29
0106;33
0107;36
0108;40
0109;36
0110;31
0111;32
0112;37
0113;35
0114;31
0115;40
0116;51
0117;38
0118;36
0119;24
0120;30
0121;31
0122;35
0123;30
0124;27
0125;37
0126;45
0127;26
0128;36
0129;36
0130;51
0131;31
0201;36
0202;36
0203;45
0204;35
0205;37
0206;37
0207;36
0208;43
0209;35
0210;42
0211;30
0212;27
0213;34
0214;26
0215;27
0216;35
0217;38
0218;30
0219;29
0220;36
0221;37
0222;41
0223;28
0224;36
0225;39
0226;33
0227;34
0228;31
0301;38
0302;36
0303;21
0304;46
0305;43
0306;39
0307;26
0308;24
0309;30
0310;37
0311;26
0312;28
0313;35
0314;36
0315;22
0316;36
0317;28
0318;34
0319;26
0320;26
0321;26
0322;28
0323;31
0324;30
0325;37
0326;29
0327;28
0328;33
0329;31
0330;29
0331;33
0401;36
0402;37
0403;26
0404;30
0405;25
0406;22
0407;26
0408;31
0409;29
0410;19
0411;31
0412;21
0413;25
0414;24
0415;26
0416;33
0417;31
0418;37
0419;32
0420;26
0421;26
0422;28
0423;33
0424;31
0425;24
0426;27
0427;31
0428;25
0429;23
0430;26
0501;29
0502;32
0503;29
0504;30
0505;31
0506;34
0507;20
0508;30
0509;32
0510;22
0511;25
0512;28
0513;24
0514;29
0515;19
0516;29
0517;32
0518;25
0519;32
0520;38
0521;31
0522;32
0523;27
0524;15
0525;34
0526;25
0527;29
0528;26
0529;31
0530;28
0531;33
0601;35
0602;21
0603;32
0604;32
0605;31
0606;33
0607;30
0608;29
0609;28
0610;27
0611;41
0612;29
0613;21
0614;22
0615;22
0616;28
0617;33
0618;32
0619;31
0620;26
0621;29
0622;20
0623;33
0624;23
0625;35
0626;26
0627;22
0628;25
0629;31
0630;23
0701;27
0702;18
0703;29
0704;24
0705;22
0706;31
0707;33
0708;28
0709;23
0710;32
0711;21
0712;25
0713;39
0714;23
0715;21
0716;31
0717;22
0718;34
0719;26
0720;33
0721;37
0722;27
0723;38
0724;33
0725;29
0726;34
0727;15
0728;21
0729;18
0730;28
0731;20
0801;29
0802;38
0803;30
0804;30
0805;22
0806;34
0807;24
0808;28
0809;39
0810;23
0811;22
0812;22
0813;24
0814;32
0815;30
0816;25
0817;33
0818;26
0819;41
0820;23
0821;31
0822;29
0823;27
0824;22
0825;28
0826;28
0827;29
0828;16
0829;34
0830;37
0831;28
0901;38
0902;27
0903;27
0904;22
0905;22
0906;21
0907;23
0908;27
0909;40
0910;33
0911;19
0912;30
0913;25
0914;28
0915;33
0916;24
0917;32
0918;38
0919;39
0920;27
0921;33
0922;28
0923;26
0924;20
0925;27
0926;33
0927;29
0928;26
0929;32
0930;34
1001;32
1002;25
1003;22
1004;24
1005;34
1006;24
1007;26
1008;34
1009;30
1010;23
1011;33
1012;40
1013;24
1014;26
1015;20
1016;30
1017;33
1018;18
1019;31
1020;27
1021;28
1022;34
1023;31
1024;20
1025;34
1026;48
1027;27
1028;30
1029;29
1030;37
1031;28
1101;28
1102;32
1103;38
1104;25
1105;37
1106;30
1107;24
1108;36
1109;36
1110;29
1111;34
1112;34
1113;24
1114;34
1115;30
1116;48
1117;28
1118;31
1119;38
1120;33
1121;34
1122;41
1123;46
1124;37
1125;46
1126;30
1127;26
1128;33
1129;34
1130;30
1201;31
1202;26
1203;34
1204;26
1205;22
1206;32
1207;36
1208;30
1209;32
1210;31
1211;25
1212;36
1213;38
1214;34
1215;29
1216;27
1217;38
1218;31
1219;34
1220;37
1221;20
1222;32
1223;23
1224;39
1225;36
1226;28
1227;34
1228;24
1229;20
1230;38
1231;35
