0101;36
0102;55
0103;40
0104;43
0105;47
0106;41
0107;47
0108;42
0109;38
0110;54
0111;58
0112;60
0113;53
0114;41
0115;52
0116;44
0117;47
0118;37
0119;47
0120;51
0121;46
0122;46
0123;51
0124;50
0125;48
0126;57
0127;43
0128;62
0129;49
0130;48
0131;42
0201;54
0202;42
0203;38
0204;43
0205;39
0206;58
0207;46
0208;45
0209;33
0210;36
0211;48
0212;58
0213;36
0214;43
0215;47
0216;59
0217;52
0218;52
0219;46
0220;51
0221;42
0222;37
0223;36
0224;51
0225;47
0226;49
0227;54
0228;40
0301;43
0302;45
0303;58
0304;39
0305;49
0306;52
0307;50
0308;49
0309;46
0310;48
0311;35
0312;37
0313;34
0314;36
0315;41
0316;38
0317;27
0318;50
0319;43
0320;37
0321;56
0322;47
0323;35
0324;29
0325;40
0326;31
0327;54
0328;42
0329;41
0330;37
0331;44
0401;47
0402;36
0403;49
0404;34
0405;36
0406;40
0407;44
0408;40
0409;27
0410;44
0411;42
0412;53
0413;24
0414;46
0415;47
0416;33
0417;42
0418;44
0419;41
0420;44
0421;32
0422;35
0423;32
0424;40
0425;37
0426;35
0427;39
0428;34
0429;30
0430;38
0501;37
0502;40
0503;41
0504;43
0505;45
0506;55
0507;34
0508;39
0509;41
0510;37
0511;45
0512;53
0513;43
0514;43
0515;43
0516;42
0517;46
0518;54
0519;47
0520;52
0521;34
0522;35
0523;44
0524;37
0525;33
0526;34
0527;42
0528;40
0529;37
0530;40
0531;38
0601;44
0602;39
0603;36
0604;48
0605;29
0606;39
0607;33
0608;42
0609;38
0610;29
0611;31
0612;40
0613;35
0614;36
0615;51
0616;28
0617;35
0618;38
0619;47
0620;42
0621;37
0622;27
0623;30
0624;34
0625;35
0626;44
0627;38
0628;44
0629;27
0630;28
0701;36
0702;49
0703;27
0704;34
0705;40
0706;36
0707;34
0708;32
0709;43
0710;41
0711;34
0712;43
0713;41
0714;23
0715;43
0716;30
0717;45
0718;38
0719;30
0720;33
0721;36
0722;53
0723;31
0724;47
0725;34
0726;46
0727;40
0728;31
0729;36
0730;43
0731;36
0801;36
0802;46
0803;42
0804;32
0805;44
0806;36
0807;29
0808;40
0809;34
0810;36
0811;30
0812;40
0813;37
0814;39
0815;30
0816;30
0817;34
0818;41
0819;44
0820;48
0821;38
0822;26
0823;55
0824;32
0825;43
0826;34
0827;36
0828;42
0829;36
0830;36
0831;38
0901;28
0902;53
0903;42
0904;35
0905;37
0906;38
0907;35
0908;32
0909;26
0910;36
0911;47
0912;45
0913;37
0914;34
0915;45
0916;46
0917;26
0918;41
0919;44
0920;40
0921;56
0922;29
0923;49
0924;39
0925;43
0926;29
0927;35
0928;32
0929;39
0930;45
1001;45
1002;39
1003;49
1004;37
1005;39
1006;46
1007;37
1008;36
1009;38
1010;39
1011;49
1012;43
1013;35
1014;36
1015;41
1016;45
1017;51
1018;45
1019;45
1020;40
1021;46
1022;37
1023;49
1024;43
1025;53
1026;43
1027;42
1028;40
1029;39
1030;35
1031;43
1101;31
1102;41
1103;47
1104;41
1105;35
1106;31
1107;40
1108;39
1109;47
1110;41
1111;34
1112;49
1113;36
1114;37
1115;39
1116;40
1117;43
1118;39
1119;50
1120;40
1121;31
1122;54
1123;36
1124;46
1125;48
1126;48
1127;47
1128;42
1129;41
1130;28
1201;46
1202;52
1203;46
1204;35
1205;40
1206;39
1207;38
1208;36
1209;41
1210;46
1211;40
1212;50
1213;44
1214;40
1215;40
1216;39
1217;47
1218;42
1219;35
1220;42
1221;35
1222;31
1223;35
1224;29
1225;28
1226;23
1227;14
1228;7
1229;10
1230;2
