0101;7
0103;7
0104;6
0105;7
0106;4
0107;7
0108;9
0109;7
0110;9
0111;6
0112;8
0113;10
0114;8
0115;8
0116;4
0117;6
0118;7
0119;10
0120;6
0121;4
0122;6
0123;9
0124;7
0125;5
0126;6
0127;11
0128;10
0129;13
0130;14
0131;6
0201;11
0202;6
0203;10
0204;11
0205;5
0206;14
0207;8
0208;7
0209;11
0210;13
0211;8
0212;14
0213;11
0214;5
0215;13
0216;10
0217;9
0218;12
0219;8
0220;11
0221;10
0222;12
0223;7
0224;4
0225;7
0226;4
0227;4
0228;12
0301;13
0302;8
0303;8
0304;6
0305;5
0306;22
0307;9
0308;10
0309;8
0310;2
0311;11
0312;7
0313;2
0314;3
0315;5
0316;2
0317;6
0318;11
0319;5
0320;7
0321;14
0322;9
0323;4
0324;10
0325;5
0326;9
0327;10
0328;10
0329;1
0330;2
0331;6
0401;7
0402;5
0403;6
0404;8
0405;7
0406;8
0407;14
0408;8
0409;4
0410;6
0411;9
0412;5
0413;6
0414;5
0415;8
0416;4
0417;9
0418;11
0419;8
0420;12
0421;5
0422;11
0423;1
0424;3
0425;4
0426;5
0427;6
0428;5
0429;2
0430;4
0501;7
0502;7
0503;3
0504;7
0505;4
0506;5
0507;6
0508;10
0509;7
0510;5
0511;4
0512;6
0513;7
0514;7
0515;3
0516;5
0517;6
0518;4
0519;4
0520;8
0521;5
0522;9
0523;10
0524;7
0525;8
0526;4
0527;5
0528;7
0529;9
0530;10
0531;13
0601;5
0602;9
0603;6
0604;7
0605;5
0606;5
0607;5
0608;4
0609;7
0610;5
0611;7
0612;6
0613;9
0614;6
0615;2
0616;2
0617;8
0618;6
0619;11
0620;2
0621;9
0622;5
0623;5
0624;7
0625;8
0626;5
0627;3
0628;6
0629;3
0630;5
0701;8
0702;5
0703;9
0704;4
0705;9
0706;6
0707;8
0708;4
0709;3
0710;7
0711;10
0712;6
0713;8
0714;7
0715;8
0716;3
0717;11
0718;10
0719;5
0720;4
0721;6
0722;9
0723;12
0724;11
0725;3
0726;16
0727;5
0728;8
0729;6
0730;3
0731;7
0801;5
0802;7
0803;5
0804;3
0805;2
0806;10
0807;7
0808;7
0809;7
0810;6
0811;4
0812;6
0813;7
0814;6
0815;9
0816;5
0817;9
0818;5
0819;1
0820;6
0821;9
0822;8
0823;5
0824;3
0825;2
0826;6
0827;1
0828;4
0829;5
0830;5
0831;4
0901;9
0902;8
0903;3
0904;3
0905;5
0906;4
0907;9
0908;7
0909;4
0910;8
0911;3
0912;5
0913;3
0914;4
0915;7
0916;5
0917;7
0918;4
0919;8
0920;7
0921;4
0922;10
0923;5
0924;1
0925;8
0926;2
0927;5
0928;11
0929;3
0930;7
1001;3
1002;5
1003;6
1004;6
1005;7
1006;13
1007;4
1008;12
1009;10
1010;3
1011;7
1012;7
1013;10
1014;3
1015;7
1016;14
1017;3
1018;8
1019;10
1020;6
1021;7
1022;8
1023;6
1024;10
1025;9
1026;6
1027;12
1028;6
1029;8
1030;3
1031;7
1101;4
1102;9
1103;8
1104;7
1105;7
1106;5
1107;5
1108;13
1109;4
1110;5
1111;8
1112;7
1113;6
1114;8
1115;6
1116;8
1117;5
1118;10
1119;5
1120;4
1121;9
1122;8
1123;8
1124;5
1125;7
1126;5
1127;7
1128;6
1129;4
1130;6
1201;4
1202;6
1203;7
1204;7
1205;4
1206;3
1207;12
1208;8
1209;4
1210;10
1211;5
1212;10
1213;7
1214;7
1215;6
1216;6
1217;7
1218;7
1219;4
1220;4
1221;4
1222;1
1223;2
1224;1
1225;7
1226;3
1227;3
1228;1
1229;3
1230;1
