0101;7
0102;9
0103;5
0104;8
0105;4
0106;16
0107;3
0108;9
0109;6
0110;3
0111;5
0112;7
0113;4
0114;7
0115;9
0116;7
0117;4
0118;6
0119;6
0120;7
0121;6
0122;15
0123;7
0124;7
0125;10
0126;10
0127;8
0128;5
0129;5
0130;3
0131;6
0201;8
0202;1
0203;9
0204;8
0205;5
0206;9
0207;9
0208;10
0209;5
0210;14
0211;5
0212;8
0213;5
0214;11
0215;6
0216;5
0217;9
0218;8
0219;9
0220;10
0221;5
0222;4
0223;10
0224;4
0225;12
0226;9
0227;4
0228;5
0301;9
0302;10
0303;9
0304;6
0305;10
0306;6
0307;7
0308;7
0309;8
0310;6
0311;8
0312;10
0313;7
0314;9
0315;9
0316;5
0317;5
0318;7
0319;6
0320;9
0321;6
0322;8
0323;4
0324;5
0325;6
0326;3
0327;3
0328;4
0329;4
0330;8
0331;7
0401;4
0402;2
0403;5
0404;2
0405;9
0406;6
0407;7
0408;6
0409;6
0410;6
0411;6
0412;2
0413;7
0414;4
0415;7
0416;4
0417;8
0418;5
0419;7
0420;8
0421;7
0422;7
0423;4
0424;6
0425;5
0426;10
0427;4
0428;2
0429;5
0430;7
0501;6
0502;10
0503;4
0504;12
0505;8
0506;4
0507;1
0508;5
0509;5
0510;5
0511;4
0512;2
0513;10
0514;2
0515;9
0516;2
0517;4
0518;4
0519;2
0520;7
0521;6
0522;5
0523;4
0524;4
0525;3
0526;3
0527;2
0528;5
0529;6
0530;7
0531;5
0601;4
0602;5
0603;7
0604;6
0605;5
0606;2
0607;7
0608;4
0609;12
0610;10
0611;5
0612;5
0613;2
0614;5
0615;4
0616;9
0617;8
0618;4
0619;5
0620;6
0621;4
0622;7
0623;7
0624;7
0625;6
0626;7
0627;8
0628;7
0629;5
0630;6
0701;5
0702;7
0703;4
0704;6
0705;3
0706;5
0707;6
0708;10
0709;9
0710;8
0711;3
0712;6
0713;8
0714;7
0715;7
0716;2
0717;7
0718;6
0719;6
0720;13
0721;7
0722;6
0723;7
0724;3
0725;9
0726;6
0727;6
0728;4
0729;4
0730;1
0731;2
0801;5
0802;10
0803;7
0804;6
0805;6
0806;5
0807;7
0808;5
0809;8
0810;8
0811;7
0812;6
0813;7
0814;6
0815;3
0816;4
0817;2
0818;4
0819;9
0820;5
0821;4
0822;10
0823;6
0824;8
0825;6
0826;7
0827;1
0828;3
0829;8
0830;12
0831;7
0901;5
0902;7
0903;4
0904;8
0905;6
0906;4
0907;6
0908;5
0909;4
0910;8
0911;8
0912;5
0913;4
0914;6
0915;4
0916;10
0917;7
0918;10
0919;5
0920;7
0921;5
0922;6
0924;9
0925;4
0926;4
0927;4
0928;3
0929;2
0930;6
1001;5
1002;2
1003;2
1004;4
1005;6
1006;4
1007;7
1008;5
1009;2
1010;1
1011;3
1012;6
1013;7
1014;6
1015;5
1016;9
1017;4
1018;6
1019;5
1020;5
1021;4
1022;5
1023;9
1024;8
1025;4
1026;4
1027;9
1028;6
1029;4
1030;8
1031;8
1101;12
1102;7
1103;1
1104;5
1105;3
1106;8
1107;9
1108;3
1109;7
1110;3
1111;9
1112;3
1113;9
1114;10
1115;7
1116;6
1117;9
1118;5
1119;3
1120;6
1121;7
1122;3
1123;8
1124;10
1125;5
1126;6
1127;7
1128;6
1129;6
1130;4
1201;4
1202;2
1203;3
1204;5
1205;11
1206;7
1207;4
1208;10
1209;4
1210;7
1211;9
1212;8
1213;6
1214;7
1215;7
1216;6
1217;8
1218;3
1219;3
1220;3
1221;6
1222;8
1223;8
1224;8
1225;8
1226;7
1227;3
1228;4
1229;5
1230;9
1231;8
