0101;2
0102;13
0103;5
0104;9
0105;9
0106;13
0107;6
0108;9
0109;12
0110;8
0111;7
0112;7
0113;8
0114;7
0115;10
0116;6
0117;5
0118;10
0119;8
0120;15
0121;5
0122;9
0123;14
0124;5
0125;18
0126;9
0127;5
0128;2
0129;8
0130;14
0131;5
0201;10
0202;8
0203;11
0204;12
0205;10
0206;16
0207;7
0208;11
0209;7
0210;8
0211;11
0212;8
0213;7
0214;9
0215;6
0216;8
0217;4
0218;12
0219;11
0220;4
0221;6
0222;4
0223;12
0224;5
0225;10
0226;9
0227;12
0228;10
0301;11
0302;12
0303;8
0304;6
0305;11
0306;9
0307;6
0308;8
0309;7
0310;5
0311;8
0312;4
0313;12
0314;10
0315;4
0316;4
0317;5
0318;6
0319;8
0320;3
0321;14
0322;7
0323;8
0324;5
0325;13
0326;9
0327;3
0328;12
0329;6
0330;9
0331;5
0401;11
0402;12
0403;5
0404;17
0405;5
0406;9
0407;5
0408;9
0409;11
0410;6
0411;11
0412;7
0413;5
0414;7
0415;5
0416;4
0417;15
0418;7
0419;6
0420;10
0421;7
0422;17
0423;6
0424;7
0425;6
0426;5
0427;12
0428;6
0429;5
0430;3
0501;9
0502;7
0503;8
0504;10
0505;6
0506;6
0507;14
0508;9
0509;3
0510;8
0511;9
0512;5
0513;7
0514;6
0515;7
0516;9
0517;7
0518;6
0519;7
0520;6
0521;7
0522;2
0523;6
0524;12
0525;1
0526;7
0527;11
0528;5
0529;11
0530;5
0531;9
0601;8
0602;8
0603;10
0604;4
0605;6
0606;4
0607;5
0608;11
0609;7
0610;6
0611;7
0612;11
0613;3
0614;8
0615;5
0616;7
0617;5
0618;7
0619;5
0620;4
0621;12
0622;16
0623;11
0624;13
0625;9
0626;2
0627;6
0628;7
0629;13
0630;8
0701;5
0702;8
0703;9
0704;10
0705;8
0706;6
0707;4
0708;5
0709;16
0710;5
0711;6
0712;3
0713;5
0714;12
0715;6
0716;6
0717;5
0718;8
0719;4
0720;8
0721;7
0722;6
0723;4
0724;7
0725;9
0726;7
0727;7
0728;5
0729;10
0730;9
0731;6
0801;7
0802;6
0803;7
0804;9
0805;4
0806;6
0807;12
0808;3
0809;8
0810;8
0811;10
0812;4
0813;15
0814;5
0815;5
0816;8
0817;9
0818;9
0819;10
0820;5
0821;7
0822;10
0823;8
0824;13
0825;9
0826;12
0827;7
0828;8
0829;2
0830;8
0831;5
0901;6
0902;10
0903;10
0904;7
0905;8
0906;6
0907;8
0908;11
0909;8
0910;6
0911;8
0912;6
0913;3
0914;5
0915;12
0916;9
0917;14
0918;5
0919;7
0920;11
0921;9
0922;7
0923;12
0924;3
0925;5
0926;4
0927;6
0928;7
0929;11
0930;4
1001;6
1002;9
1003;10
1004;4
1005;9
1006;9
1007;4
1008;8
1009;9
1010;10
1011;8
1012;4
1013;8
1014;7
1015;7
1016;7
1017;5
1018;6
1019;13
1020;6
1021;8
1022;5
1023;9
1024;5
1025;13
1026;5
1027;5
1028;8
1029;4
1030;5
1031;8
1101;7
1102;11
1103;10
1104;9
1105;11
1106;8
1107;6
1108;5
1109;12
1110;9
1111;10
1112;11
1113;13
1114;9
1115;5
1116;13
1117;12
1118;7
1119;14
1120;8
1121;5
1122;11
1123;8
1124;7
1125;8
1126;12
1127;6
1128;2
1129;10
1130;13
1201;7
1202;9
1203;7
1204;8
1205;15
1206;7
1207;9
1208;12
1209;6
1210;11
1211;12
1212;10
1213;8
1214;8
1215;6
1216;13
1217;3
1218;10
1219;8
1220;9
1221;10
1222;8
1223;6
1224;9
1225;10
1226;12
1227;9
1228;9
1229;4
1230;5
1231;10
