0000;2
0101;26
0102;21
0103;20
0104;30
0105;19
0106;21
0107;26
0108;31
0109;27
0110;33
0111;34
0112;26
0113;25
0114;33
0115;25
0116;30
0117;21
0118;21
0119;26
0120;30
0121;29
0122;41
0123;26
0124;29
0125;22
0126;28
0127;25
0128;29
0129;28
0130;18
0131;36
0201;23
0202;30
0203;29
0204;16
0205;29
0206;38
0207;30
0208;24
0209;24
0210;19
0211;20
0212;25
0213;22
0214;20
0215;28
0216;21
0217;20
0218;32
0219;29
0220;29
0221;28
0222;22
0223;21
0224;30
0225;28
0226;27
0227;27
0228;30
0301;34
0302;28
0303;23
0304;32
0305;23
0306;31
0307;20
0308;16
0309;23
0310;26
0311;27
0312;19
0313;28
0314;26
0315;24
0316;15
0317;27
0318;25
0319;18
0320;26
0321;19
0322;25
0323;29
0324;20
0325;23
0326;16
0327;30
0328;25
0329;24
0330;20
0331;22
0401;19
0402;16
0403;31
0404;20
0405;24
0406;19
0407;21
0408;32
0409;28
0410;27
0411;27
0412;16
0413;20
0414;19
0415;25
0416;29
0417;24
0418;16
0419;18
0420;16
0421;26
0422;24
0423;28
0424;16
0425;16
0426;27
0427;28
0428;16
0429;26
0430;22
0501;22
0502;24
0503;39
0504;23
0505;21
0506;23
0507;25
0508;30
0509;26
0510;24
0511;19
0512;16
0513;24
0514;21
0515;29
0516;20
0517;27
0518;30
0519;16
0520;28
0521;16
0522;17
0523;24
0524;31
0525;15
0526;23
0527;19
0528;24
0529;18
0530;28
0531;23
0601;26
0602;17
0603;19
0604;22
0605;15
0606;16
0607;26
0608;14
0609;27
0610;20
0611;21
0612;23
0613;24
0614;20
0615;14
0616;28
0617;21
0618;14
0619;20
0620;18
0621;22
0622;20
0623;22
0624;22
0625;15
0626;22
0627;28
0628;25
0629;22
0630;29
0701;23
0702;34
0703;23
0704;24
0705;39
0706;23
0707;26
0708;25
0709;16
0710;28
0711;18
0712;13
0713;22
0714;19
0715;18
0716;26
0717;19
0718;27
0719;28
0720;23
0721;22
0722;33
0723;25
0724;25
0725;20
0726;26
0727;15
0728;16
0729;17
0730;28
0731;24
0801;25
0802;18
0803;27
0804;25
0805;23
0806;19
0807;17
0808;28
0809;32
0810;22
0811;16
0812;21
0813;20
0814;22
0815;18
0816;28
0817;22
0818;31
0819;19
0820;18
0821;26
0822;22
0823;24
0824;22
0825;26
0826;29
0827;17
0828;12
0829;14
0830;16
0831;13
0901;25
0902;21
0903;18
0904;27
0905;9
0906;24
0907;20
0908;15
0909;22
0910;15
0911;21
0912;25
0913;20
0914;17
0915;20
0916;22
0917;17
0918;23
0919;17
0920;24
0921;22
0922;15
0923;13
0924;19
0925;23
0926;29
0927;33
0928;20
0929;22
0930;27
1001;30
1002;17
1003;20
1004;21
1005;16
1006;18
1007;24
1008;20
1009;18
1010;25
1011;21
1012;28
1013;24
1014;33
1015;15
1016;30
1017;22
1018;21
1019;15
1020;20
1021;26
1022;21
1023;20
1024;23
1025;16
1026;37
1027;22
1028;18
1029;24
1030;27
1031;19
1101;18
1102;29
1103;30
1104;24
1105;29
1106;21
1107;19
1108;19
1109;38
1110;29
1111;17
1112;27
1113;27
1114;22
1115;20
1116;25
1117;22
1118;23
1119;26
1120;20
1121;30
1122;38
1123;27
1124;19
1125;25
1126;26
1127;22
1128;16
1129;19
1130;23
1201;21
1202;29
1203;23
1204;22
1205;34
1206;21
1207;27
1208;21
1209;26
1210;21
1211;21
1212;25
1213;23
1214;17
1215;22
1216;31
1217;27
1218;30
1219;20
1220;23
1221;16
1222;21
1223;14
1224;24
1225;19
1226;29
1227;19
1228;16
1229;10
