0101;10
0102;10
0103;5
0104;7
0105;14
0106;10
0107;11
0108;7
0109;14
0110;14
0111;11
0112;5
0113;8
0114;14
0115;12
0116;14
0117;7
0118;8
0119;8
0120;9
0121;8
0122;13
0123;7
0124;6
0125;13
0126;16
0127;11
0128;10
0129;15
0130;7
0131;14
0201;14
0202;9
0203;12
0204;7
0205;7
0206;12
0207;9
0208;13
0209;13
0210;8
0211;6
0212;7
0213;12
0214;8
0215;13
0216;10
0217;12
0218;13
0219;11
0220;16
0221;9
0222;8
0223;11
0224;7
0225;12
0226;12
0227;15
0228;5
0301;10
0302;12
0303;13
0304;5
0305;12
0306;14
0307;13
0308;13
0309;11
0310;13
0311;5
0312;8
0313;8
0314;12
0315;9
0316;11
0317;8
0318;8
0319;8
0320;9
0321;12
0322;7
0323;7
0324;7
0325;8
0326;13
0327;7
0328;8
0329;7
0330;8
0331;7
0401;13
0402;6
0403;6
0404;9
0405;7
0406;8
0407;10
0408;9
0409;9
0410;12
0411;5
0412;9
0413;4
0414;8
0415;6
0416;10
0417;11
0418;8
0419;10
0420;11
0421;12
0422;8
0423;10
0424;14
0425;11
0426;10
0427;7
0428;8
0429;5
0430;9
0501;5
0502;14
0503;5
0504;12
0505;12
0506;8
0507;12
0508;7
0509;9
0510;16
0511;9
0512;11
0513;7
0514;5
0515;7
0516;8
0517;10
0518;9
0519;15
0520;8
0521;8
0522;5
0523;7
0524;13
0525;6
0526;12
0527;12
0528;9
0529;8
0530;10
0531;10
0601;9
0602;10
0603;9
0604;8
0605;9
0606;8
0607;7
0608;9
0609;8
0610;7
0611;11
0612;7
0613;8
0614;5
0615;12
0616;6
0617;7
0618;7
0619;10
0620;12
0621;3
0622;8
0623;8
0624;8
0625;7
0626;10
0627;7
0628;9
0629;8
0630;13
0701;7
0702;2
0703;13
0704;14
0705;10
0706;8
0707;8
0708;10
0709;3
0710;10
0711;9
0712;10
0713;11
0714;10
0715;5
0716;4
0717;7
0718;7
0719;7
0720;14
0721;2
0722;8
0723;6
0724;11
0725;9
0726;14
0727;5
0728;6
0729;7
0730;11
0731;5
0801;7
0802;5
0803;7
0804;6
0805;2
0806;17
0807;7
0808;7
0809;13
0810;9
0811;10
0812;5
0813;6
0814;6
0815;8
0816;9
0817;10
0818;9
0819;10
0820;10
0821;4
0822;3
0823;5
0824;9
0825;6
0826;10
0827;9
0828;14
0829;7
0830;5
0831;10
0901;8
0902;6
0903;9
0904;8
0905;12
0906;10
0907;10
0908;6
0909;5
0910;10
0911;7
0912;7
0913;6
0914;9
0915;9
0916;4
0917;8
0918;6
0919;12
0920;11
0921;10
0922;11
0923;3
0924;10
0925;13
0926;11
0927;6
0928;3
0929;8
0930;4
1001;10
1002;8
1003;3
1004;7
1005;6
1006;13
1007;5
1008;4
1009;7
1010;3
1011;10
1012;12
1013;8
1014;10
1015;10
1016;7
1017;8
1018;10
1019;5
1020;9
1021;6
1022;11
1023;10
1024;7
1025;14
1026;13
1027;10
1028;7
1029;8
1030;5
1031;5
1101;10
1102;9
1103;11
1104;8
1105;3
1106;10
1107;11
1108;7
1109;4
1110;13
1111;7
1112;9
1113;14
1114;12
1115;6
1116;14
1117;9
1118;10
1119;12
1120;8
1121;13
1122;5
1123;9
1124;8
1125;7
1126;8
1127;4
1128;5
1129;7
1130;8
1201;13
1202;11
1203;7
1204;9
1205;12
1206;7
1207;17
1208;6
1209;12
1210;7
1211;12
1212;6
1213;6
1214;9
1215;10
1216;5
1217;3
1218;10
1219;9
1220;6
1221;6
1222;4
1223;4
1224;8
1225;7
1226;9
1227;1
1228;4
1230;3
