0101;10
0102;14
0103;18
0104;17
0105;15
0106;14
0107;18
0108;15
0109;15
0110;16
0111;15
0112;20
0113;23
0114;14
0115;23
0116;22
0117;20
0118;21
0119;27
0120;16
0121;24
0122;22
0123;20
0124;26
0125;28
0126;17
0127;15
0128;27
0129;24
0130;20
0131;18
0201;20
0202;20
0203;21
0204;23
0205;21
0206;23
0207;19
0208;27
0209;17
0210;11
0211;22
0212;20
0213;25
0214;19
0215;24
0216;17
0217;21
0218;21
0219;24
0220;17
0221;15
0222;19
0223;15
0224;23
0225;10
0226;12
0227;18
0228;13
0301;20
0302;20
0303;21
0304;22
0305;24
0306;20
0307;12
0308;19
0309;16
0310;18
0311;16
0312;17
0313;19
0314;15
0315;20
0316;19
0317;20
0318;20
0319;18
0320;12
0321;20
0322;16
0323;19
0324;13
0325;17
0326;21
0327;11
0328;12
0329;11
0330;10
0331;9
0401;11
0402;19
0403;22
0404;17
0405;16
0406;16
0407;15
0408;13
0409;16
0410;25
0411;16
0412;13
0413;20
0414;10
0415;16
0416;17
0417;14
0418;14
0419;21
0420;15
0421;11
0422;17
0423;11
0424;22
0425;9
0426;13
0427;18
0428;21
0429;12
0430;13
0501;12
0502;16
0503;13
0504;16
0505;18
0506;16
0507;15
0508;15
0509;10
0510;15
0511;16
0512;19
0513;8
0514;18
0515;14
0516;14
0517;12
0518;14
0519;11
0520;14
0521;20
0522;18
0523;10
0524;17
0525;19
0526;12
0527;23
0528;16
0529;9
0530;11
0531;16
0601;20
0602;13
0603;13
0604;14
0605;11
0606;20
0607;15
0608;15
0609;17
0610;12
0611;9
0612;12
0613;14
0614;14
0615;12
0616;15
0617;10
0618;10
0619;16
0620;17
0621;19
0622;24
0623;11
0624;7
0625;13
0626;15
0627;25
0628;15
0629;17
0630;18
0701;15
0702;14
0703;13
0704;16
0705;16
0706;11
0707;13
0708;21
0709;15
0710;18
0711;15
0712;12
0713;13
0714;18
0715;14
0716;18
0717;16
0718;17
0719;16
0720;19
0721;14
0722;9
0723;12
0724;13
0725;18
0726;21
0727;13
0728;14
0729;13
0730;23
0731;22
0801;14
0802;25
0803;18
0804;14
0805;13
0806;10
0807;16
0808;12
0809;14
0810;14
0811;12
0812;20
0813;14
0814;19
0815;14
0816;14
0817;16
0818;12
0819;12
0820;22
0821;9
0822;13
0823;20
0824;19
0825;12
0826;11
0827;19
0828;14
0829;14
0830;21
0831;21
0901;8
0902;10
0903;13
0904;13
0905;13
0906;10
0907;12
0908;14
0909;18
0910;13
0911;15
0912;11
0913;22
0914;9
0915;17
0916;17
0917;16
0918;13
0919;11
0920;14
0921;17
0922;17
0923;10
0924;13
0925;16
0926;17
0927;11
0928;13
0929;14
0930;20
1001;14
1002;19
1003;16
1004;17
1005;8
1006;20
1007;11
1008;24
1009;11
1010;21
1011;17
1012;18
1013;11
1014;15
1015;20
1016;12
1017;6
1018;14
1019;9
1020;19
1021;10
1022;20
1023;23
1024;24
1025;9
1026;15
1027;15
1028;13
1029;13
1030;20
1031;17
1101;16
1102;14
1103;16
1104;12
1105;17
1106;18
1107;29
1108;16
1109;11
1110;19
1111;11
1112;14
1113;17
1114;24
1115;18
1116;14
1117;14
1118;20
1119;11
1120;26
1121;16
1122;18
1123;10
1124;15
1125;11
1126;22
1127;14
1128;13
1129;16
1130;21
1201;26
1202;19
1203;12
1204;18
1205;19
1206;17
1207;11
1208;13
1209;17
1210;16
1211;17
1212;14
1213;13
1214;17
1215;16
1216;18
1217;12
1218;17
1219;23
1220;12
1221;15
1222;8
1223;13
1224;12
1225;19
1226;14
1227;13
1228;9
1229;4
