0101;46
0102;39
0103;69
0104;42
0105;54
0106;51
0107;59
0108;63
0109;54
0110;52
0111;56
0112;42
0113;51
0114;55
0115;73
0116;50
0117;62
0118;65
0119;51
0120;39
0121;57
0122;66
0123;47
0124;50
0125;54
0126;49
0127;58
0128;57
0129;57
0130;52
0131;58
0201;50
0202;59
0203;71
0204;50
0205;78
0206;53
0207;71
0208;57
0209;49
0210;59
0211;55
0212;56
0213;59
0214;47
0215;61
0216;53
0217;50
0218;50
0219;60
0220;49
0221;60
0222;49
0223;45
0224;31
0225;52
0226;48
0227;66
0228;49
0301;47
0302;58
0303;33
0304;40
0305;56
0306;58
0307;51
0308;59
0309;59
0310;56
0311;55
0312;50
0313;46
0314;56
0315;59
0316;40
0317;33
0318;44
0319;41
0320;50
0321;37
0322;40
0323;51
0324;46
0325;38
0326;49
0327;57
0328;46
0329;44
0330;57
0331;41
0401;54
0402;44
0403;49
0404;47
0405;47
0406;51
0407;56
0408;38
0409;43
0410;65
0411;43
0412;55
0413;44
0414;40
0415;41
0416;52
0417;53
0418;60
0419;55
0420;54
0421;58
0422;44
0423;44
0424;52
0425;50
0426;41
0427;43
0428;45
0429;50
0430;37
0501;56
0502;50
0503;38
0504;42
0505;41
0506;35
0507;44
0508;41
0509;39
0510;47
0511;47
0512;41
0513;41
0514;34
0515;44
0516;39
0517;49
0518;41
0519;47
0520;41
0521;43
0522;50
0523;50
0524;44
0525;44
0526;41
0527;36
0528;48
0529;54
0530;58
0531;38
0601;44
0602;39
0603;46
0604;37
0605;45
0606;49
0607;39
0608;45
0609;33
0610;45
0611;49
0612;48
0613;51
0614;47
0615;45
0616;50
0617;42
0618;55
0619;57
0620;44
0621;44
0622;42
0623;41
0624;33
0625;41
0626;41
0627;53
0628;41
0629;39
0630;46
0701;49
0702;59
0703;50
0704;34
0705;40
0706;60
0707;48
0708;52
0709;43
0710;43
0711;39
0712;47
0713;46
0714;27
0715;62
0716;45
0717;51
0718;46
0719;43
0720;40
0721;40
0722;41
0723;48
0724;51
0725;38
0726;64
0727;39
0728;38
0729;45
0730;46
0731;39
0801;32
0802;32
0803;51
0804;26
0805;52
0806;49
0807;45
0808;51
0809;43
0810;38
0811;40
0812;42
0813;23
0814;37
0815;44
0816;42
0817;40
0818;31
0819;48
0820;45
0821;34
0822;42
0823;53
0824;45
0825;48
0826;42
0827;40
0828;47
0829;45
0830;40
0831;44
0901;35
0902;43
0903;42
0904;39
0905;37
0906;45
0907;48
0908;36
0909;44
0910;53
0911;36
0912;34
0913;59
0914;46
0915;43
0916;44
0917;39
0918;45
0919;49
0920;45
0921;50
0922;43
0923;42
0924;42
0925;41
0926;36
0927;42
0928;37
0929;35
0930;46
1001;40
1002;41
1003;56
1004;43
1005;58
1006;45
1007;47
1008;53
1009;61
1010;53
1011;41
1012;37
1013;44
1014;57
1015;59
1016;55
1017;52
1018;52
1019;34
1020;37
1021;43
1022;53
1023;56
1024;44
1025;54
1026;42
1027;24
1028;47
1029;42
1030;40
1031;53
1101;48
1102;42
1103;28
1104;52
1105;57
1106;45
1107;51
1108;44
1109;50
1110;38
1111;37
1112;45
1113;60
1114;50
1115;45
1116;33
1117;50
1118;45
1119;43
1120;45
1121;47
1122;46
1123;44
1124;56
1125;54
1126;54
1127;46
1128;60
1129;61
1130;36
1201;52
1202;53
1203;61
1204;52
1205;38
1206;46
1207;55
1208;52
1209;49
1210;48
1211;48
1212;54
1213;57
1214;55
1215;42
1216;47
1217;46
1218;61
1219;43
1220;51
1221;54
1222;59
1223;41
1224;42
1225;47
1226;54
1227;63
1228;40
1229;50
1230;39
1231;50
