0101;36
0102;33
0103;22
0104;34
0105;25
0106;34
0107;35
0108;22
0109;27
0110;37
0111;27
0112;44
0113;27
0114;32
0115;24
0116;36
0117;30
0118;26
0119;34
0120;38
0121;28
0122;33
0123;31
0124;24
0125;37
0126;27
0127;23
0128;26
0129;34
0130;34
0131;23
0201;20
0202;32
0203;33
0204;23
0205;46
0206;43
0207;31
0208;39
0209;39
0210;38
0211;31
0212;25
0213;37
0214;26
0215;24
0216;28
0217;20
0218;27
0219;30
0220;31
0221;24
0222;34
0223;16
0224;36
0225;25
0226;27
0227;34
0228;26
0301;36
0302;28
0303;32
0304;29
0305;28
0306;19
0307;31
0308;22
0309;20
0310;24
0311;28
0312;24
0313;30
0314;29
0315;26
0316;25
0317;21
0318;30
0319;22
0320;31
0321;28
0322;24
0323;28
0324;27
0325;35
0326;27
0327;19
0328;17
0329;28
0330;28
0331;23
0401;28
0402;34
0403;28
0404;22
0405;32
0406;31
0407;26
0408;30
0409;25
0410;30
0411;20
0412;22
0413;25
0414;31
0415;22
0416;25
0417;26
0418;20
0419;26
0420;25
0421;24
0422;37
0423;34
0424;35
0425;25
0426;27
0427;29
0428;27
0429;18
0430;27
0501;30
0502;29
0503;24
0504;17
0505;21
0506;25
0507;29
0508;31
0509;24
0510;15
0511;20
0512;22
0513;21
0514;19
0515;21
0516;23
0517;21
0518;29
0519;27
0520;30
0521;20
0522;26
0523;33
0524;29
0525;23
0526;21
0527;27
0528;23
0529;21
0530;23
0531;27
0601;18
0602;22
0603;31
0604;39
0605;25
0606;24
0607;18
0608;26
0609;26
0610;22
0611;26
0612;22
0613;29
0614;21
0615;28
0616;35
0617;33
0618;36
0619;22
0620;28
0621;24
0622;25
0623;19
0624;28
0625;27
0626;36
0627;22
0628;30
0629;30
0630;27
0701;23
0702;23
0703;24
0704;23
0705;14
0706;36
0707;18
0708;16
0709;19
0710;28
0711;34
0712;21
0713;25
0714;25
0715;17
0716;22
0717;22
0718;37
0719;28
0720;23
0721;14
0722;30
0723;24
0724;35
0725;30
0726;36
0727;33
0728;21
0729;28
0730;23
0731;20
0801;29
0802;15
0803;32
0804;28
0805;24
0806;20
0807;20
0808;20
0809;28
0810;21
0811;12
0812;23
0813;21
0814;22
0815;18
0816;26
0817;16
0818;20
0819;28
0820;28
0821;20
0822;14
0823;18
0824;23
0825;15
0826;20
0827;30
0828;32
0829;32
0830;16
0831;31
0901;17
0902;27
0903;26
0904;32
0905;16
0906;20
0907;22
0908;23
0909;19
0910;24
0911;25
0912;23
0913;29
0914;23
0915;21
0916;23
0917;21
0918;19
0919;22
0920;27
0921;36
0922;25
0923;27
0924;23
0925;23
0926;30
0927;26
0928;23
0929;22
0930;19
1001;30
1002;40
1003;21
1004;21
1005;25
1006;29
1007;28
1008;27
1009;25
1010;24
1011;27
1012;20
1013;28
1014;42
1015;28
1016;29
1017;25
1018;22
1019;23
1020;26
1021;10
1022;24
1023;24
1024;25
1025;25
1026;27
1027;29
1028;29
1029;23
1030;15
1031;30
1101;32
1102;24
1103;33
1104;40
1105;27
1106;29
1107;21
1108;24
1109;23
1110;28
1111;22
1112;34
1113;28
1114;30
1115;27
1116;22
1117;25
1118;24
1119;28
1120;21
1121;43
1122;41
1123;26
1124;33
1125;28
1126;29
1127;27
1128;22
1129;19
1130;32
1201;22
1202;19
1203;31
1204;25
1205;21
1206;34
1207;30
1208;24
1209;28
1210;19
1211;29
1212;20
1213;24
1214;23
1215;25
1216;29
1217;32
1218;28
1219;13
1220;23
1221;26
1222;21
1223;21
1224;13
1225;8
1226;12
1227;4
1228;7
1229;5
1230;3
