0101;12
0102;10
0103;8
0104;9
0105;7
0106;15
0107;14
0108;8
0109;10
0110;10
0111;7
0112;7
0113;10
0114;14
0115;9
0116;7
0117;12
0118;10
0119;7
0120;7
0121;14
0122;11
0123;11
0124;6
0125;9
0126;11
0127;8
0128;9
0129;17
0130;6
0131;14
0201;13
0202;12
0203;8
0204;9
0205;13
0206;12
0207;8
0208;11
0209;12
0210;12
0211;12
0212;8
0213;14
0214;11
0215;12
0216;9
0217;12
0218;10
0219;7
0220;5
0221;7
0222;10
0223;7
0224;2
0225;5
0226;11
0227;13
0228;15
0301;13
0302;12
0303;8
0304;12
0305;9
0306;10
0307;5
0308;12
0309;9
0310;7
0311;8
0312;7
0313;8
0314;13
0315;11
0316;12
0317;10
0318;6
0319;9
0320;9
0321;7
0322;11
0323;8
0324;6
0325;14
0326;10
0327;9
0328;10
0329;10
0330;9
0331;15
0401;7
0402;7
0403;12
0404;14
0405;9
0406;9
0407;7
0408;10
0409;10
0410;5
0411;10
0412;9
0413;8
0414;10
0415;7
0416;8
0417;14
0418;14
0419;6
0420;11
0421;8
0422;2
0423;9
0424;11
0425;3
0426;12
0427;9
0428;13
0429;10
0430;9
0501;5
0502;5
0503;5
0504;7
0505;4
0506;9
0507;7
0508;10
0509;7
0510;9
0511;11
0512;9
0513;11
0514;8
0515;6
0516;14
0517;12
0518;5
0519;6
0520;16
0521;9
0522;9
0523;8
0524;17
0525;7
0526;13
0527;7
0528;5
0529;5
0530;9
0531;7
0601;11
0602;8
0603;12
0604;12
0605;8
0606;5
0607;11
0608;10
0609;9
0610;9
0611;10
0612;9
0613;13
0614;8
0615;12
0616;15
0617;16
0618;8
0619;14
0620;11
0621;9
0622;6
0623;7
0624;13
0625;7
0626;16
0627;11
0628;12
0629;9
0630;8
0701;10
0702;4
0703;5
0704;12
0705;8
0706;11
0707;14
0708;11
0709;15
0710;11
0711;10
0712;11
0713;8
0714;5
0715;7
0716;9
0717;9
0718;7
0719;11
0720;15
0721;10
0722;9
0723;5
0724;10
0725;14
0726;4
0727;20
0728;9
0729;8
0730;7
0731;4
0801;8
0802;7
0803;4
0804;8
0805;7
0806;11
0807;2
0808;5
0809;10
0810;11
0811;10
0812;5
0813;10
0814;11
0815;13
0816;11
0817;9
0818;15
0819;14
0820;7
0821;9
0822;10
0823;7
0824;13
0825;20
0826;10
0827;10
0828;9
0829;8
0830;10
0831;15
0901;9
0902;7
0903;8
0904;15
0905;8
0906;10
0907;7
0908;11
0909;13
0910;9
0911;12
0912;11
0913;12
0914;10
0915;9
0916;8
0917;4
0918;9
0919;8
0920;11
0921;9
0922;8
0923;6
0924;9
0925;8
0926;7
0927;12
0928;8
0929;7
0930;16
1001;8
1002;13
1003;11
1004;9
1005;9
1006;9
1007;11
1008;10
1009;7
1010;11
1011;7
1012;6
1013;6
1014;9
1015;10
1016;8
1017;13
1018;5
1019;12
1020;12
1021;7
1022;11
1023;6
1024;9
1025;13
1026;7
1027;10
1028;6
1029;12
1030;8
1031;5
1101;12
1102;7
1103;7
1104;10
1105;13
1106;12
1107;7
1108;4
1109;10
1110;7
1111;10
1112;9
1113;5
1114;5
1115;6
1116;8
1117;9
1118;4
1119;12
1120;11
1121;5
1122;11
1123;8
1124;6
1125;4
1126;8
1127;7
1128;10
1129;7
1130;10
1201;7
1202;16
1203;5
1204;5
1205;6
1206;6
1207;10
1208;8
1209;9
1210;10
1211;6
1212;11
1213;7
1214;7
1215;9
1216;8
1217;9
1218;9
1219;8
1220;13
1221;16
1222;7
1223;12
1224;8
1225;8
1226;12
1227;9
1228;10
1229;13
1230;10
1231;12
