0101;5
0102;3
0103;4
0104;3
0105;8
0106;4
0107;4
0108;1
0109;1
0110;4
0111;3
0112;2
0113;2
0114;5
0115;4
0116;2
0117;3
0118;2
0119;4
0120;3
0121;2
0122;3
0123;3
0124;2
0125;3
0126;5
0127;3
0128;3
0129;2
0130;3
0131;4
0201;3
0202;3
0203;3
0204;3
0205;2
0206;2
0208;2
0209;2
0210;4
0211;3
0212;3
0213;3
0214;4
0215;7
0216;5
0217;2
0218;2
0219;2
0220;2
0221;2
0222;1
0223;2
0224;2
0225;2
0226;5
0227;2
0228;1
0301;1
0302;5
0303;7
0304;4
0305;1
0306;3
0307;4
0308;3
0309;1
0310;5
0311;4
0312;3
0313;3
0314;2
0315;6
0316;2
0318;5
0319;2
0320;4
0321;1
0322;4
0323;4
0324;2
0325;2
0326;2
0327;3
0328;7
0329;4
0330;2
0331;2
0401;1
0402;5
0403;5
0404;4
0405;2
0406;5
0407;1
0408;1
0409;3
0410;3
0411;4
0412;3
0413;1
0414;2
0415;3
0416;5
0417;2
0418;5
0420;3
0421;8
0422;4
0423;3
0424;4
0425;2
0426;1
0427;3
0428;1
0429;3
0430;4
0501;3
0502;5
0503;4
0504;1
0505;2
0506;4
0507;1
0508;6
0509;1
0510;1
0511;4
0512;1
0514;1
0515;3
0516;1
0517;2
0518;2
0519;1
0520;2
0521;5
0522;1
0524;2
0525;3
0526;2
0527;4
0528;3
0529;2
0530;1
0531;4
0601;4
0602;5
0604;6
0605;1
0606;3
0607;2
0608;1
0609;2
0610;4
0611;4
0612;3
0613;2
0614;1
0615;4
0616;4
0617;2
0618;2
0619;4
0620;1
0621;3
0622;4
0623;6
0624;3
0625;2
0626;2
0627;4
0628;2
0629;1
0701;3
0702;2
0703;3
0704;3
0705;2
0706;3
0707;3
0708;3
0710;3
0711;2
0712;3
0713;3
0714;1
0715;4
0716;1
0717;8
0718;5
0719;1
0720;6
0721;2
0722;3
0723;2
0724;5
0725;5
0726;2
0727;3
0728;9
0729;3
0730;4
0731;3
0801;3
0802;2
0803;3
0804;5
0805;3
0806;2
0807;5
0808;1
0809;3
0810;4
0811;1
0812;2
0813;1
0814;2
0815;1
0816;3
0817;2
0818;2
0819;5
0820;3
0821;3
0822;1
0824;4
0825;3
0826;2
0827;1
0828;4
0829;7
0830;2
0831;4
0901;5
0902;2
0903;2
0904;3
0905;2
0906;2
0908;1
0909;1
0910;5
0911;2
0913;1
0915;5
0916;3
0917;1
0918;2
0919;3
0921;5
0922;3
0923;2
0924;3
0925;4
0926;2
0927;2
0928;2
0929;1
0930;3
1001;7
1002;3
1003;2
1004;3
1005;3
1006;2
1008;1
1009;2
1010;1
1011;4
1012;2
1013;3
1014;3
1015;2
1016;2
1017;1
1018;1
1019;2
1020;2
1021;3
1022;1
1023;5
1025;2
1026;4
1027;3
1028;4
1029;1
1030;4
1031;1
1101;5
1102;4
1103;2
1104;1
1106;4
1107;2
1108;2
1109;2
1110;4
1111;3
1112;3
1113;4
1114;6
1115;2
1116;2
1117;4
1118;3
1120;2
1121;4
1122;2
1123;1
1124;2
1125;1
1126;1
1127;2
1128;5
1129;6
1130;4
1201;3
1202;6
1203;3
1204;3
1205;1
1206;1
1207;2
1208;4
1209;4
1210;1
1211;4
1212;3
1213;4
1214;4
1215;3
1216;4
1217;3
1218;2
1219;4
1220;4
1222;2
1223;1
1224;2
1225;3
1226;4
1227;1
1228;2
1229;4
1230;4
1231;2
