0101;19
0102;22
0103;23
0104;14
0105;17
0106;15
0107;26
0108;20
0109;23
0110;20
0111;15
0112;13
0113;18
0114;16
0115;21
0116;11
0117;16
0118;12
0119;17
0120;15
0121;14
0122;19
0123;21
0124;16
0125;10
0126;22
0127;12
0128;15
0129;18
0130;20
0131;19
0201;19
0202;22
0203;16
0204;16
0205;18
0206;17
0207;22
0208;15
0209;12
0210;10
0211;10
0212;26
0213;9
0214;19
0215;17
0216;7
0217;16
0218;17
0219;12
0220;16
0221;12
0222;10
0223;14
0224;15
0225;18
0226;15
0227;18
0228;13
0229;12
0301;9
0302;22
0303;12
0304;21
0305;18
0306;11
0307;13
0308;11
0309;14
0310;16
0311;12
0312;13
0313;15
0314;19
0315;14
0316;16
0317;22
0318;16
0319;11
0320;7
0321;23
0322;14
0323;14
0324;17
0325;18
0326;17
0327;13
0328;14
0329;16
0330;13
0331;22
0401;21
0402;19
0403;17
0404;15
0405;21
0406;8
0407;14
0408;19
0409;22
0410;14
0411;18
0412;14
0413;13
0414;16
0415;14
0416;7
0417;16
0418;14
0419;19
0420;13
0421;9
0422;22
0423;20
0424;11
0425;27
0426;10
0427;13
0428;19
0429;11
0430;10
0501;9
0502;14
0503;21
0504;17
0505;29
0506;8
0507;13
0508;17
0509;19
0510;11
0511;14
0512;13
0513;19
0514;16
0515;16
0516;18
0517;10
0518;13
0519;8
0520;11
0521;12
0522;9
0523;11
0524;15
0525;11
0526;15
0527;15
0528;8
0529;18
0530;10
0531;17
0601;22
0602;16
0603;16
0604;11
0605;8
0606;17
0607;13
0608;16
0609;9
0610;14
0611;20
0612;17
0613;12
0614;13
0615;8
0616;10
0617;13
0618;10
0619;12
0620;16
0621;17
0622;15
0623;12
0624;12
0625;20
0626;17
0627;14
0628;15
0629;6
0630;11
0701;12
0702;27
0703;8
0704;14
0705;13
0706;8
0707;9
0708;9
0709;17
0710;14
0711;12
0712;14
0713;6
0714;15
0715;19
0716;10
0717;8
0718;14
0719;9
0720;19
0721;13
0722;7
0723;9
0724;14
0725;14
0726;16
0727;10
0728;18
0729;18
0730;19
0731;15
0801;14
0802;9
0803;13
0804;10
0805;15
0806;11
0807;16
0808;12
0809;11
0810;18
0811;13
0812;13
0813;11
0814;19
0815;9
0816;17
0817;14
0818;13
0819;21
0820;19
0821;13
0822;12
0823;15
0824;13
0825;13
0826;16
0827;15
0828;17
0829;13
0830;12
0831;13
0901;13
0902;12
0903;10
0904;15
0905;10
0906;6
0907;10
0908;12
0909;18
0910;18
0911;15
0912;17
0913;15
0914;14
0915;10
0916;11
0917;14
0918;6
0919;13
0920;7
0921;8
0922;12
0923;15
0924;11
0925;12
0926;18
0927;14
0928;16
0929;7
0930;17
1001;13
1002;17
1003;18
1004;14
1005;19
1006;18
1007;16
1008;12
1009;15
1010;9
1011;17
1012;20
1013;12
1014;14
1015;18
1016;15
1017;15
1018;9
1019;11
1020;16
1021;14
1022;12
1023;16
1024;23
1025;17
1026;12
1027;8
1028;17
1029;10
1030;13
1031;17
1101;11
1102;12
1103;15
1104;15
1105;12
1106;13
1107;11
1108;19
1109;15
1110;10
1111;14
1112;5
1113;10
1114;15
1115;14
1116;16
1117;11
1118;16
1119;14
1120;9
1121;13
1122;12
1123;7
1124;15
1125;9
1126;16
1127;13
1128;12
1129;20
1130;17
1201;20
1202;10
1203;18
1204;16
1205;13
1206;8
1207;21
1208;17
1209;12
1210;14
1211;15
1212;27
1213;10
1214;16
1215;17
1216;15
1217;15
1218;13
1219;13
1220;13
1221;14
1222;16
1223;21
1224;9
1225;11
1226;20
1227;17
1228;10
1229;16
1230;24
1231;23
