0101;3
0102;3
0103;2
0104;5
0105;8
0106;9
0107;11
0108;2
0110;3
0111;3
0112;6
0113;3
0114;4
0115;4
0116;10
0117;2
0118;5
0119;3
0120;1
0121;4
0122;3
0123;8
0124;4
0125;2
0126;2
0127;2
0128;9
0129;4
0130;5
0131;3
0201;4
0202;4
0203;5
0204;9
0205;2
0206;10
0207;5
0208;5
0209;2
0210;7
0211;9
0212;1
0213;3
0214;6
0215;3
0216;4
0217;7
0218;9
0219;2
0220;4
0221;5
0222;4
0223;6
0224;1
0225;5
0226;5
0227;1
0228;2
0229;4
0301;9
0302;2
0303;6
0304;5
0305;2
0306;2
0307;7
0308;5
0309;8
0310;4
0311;2
0312;4
0313;3
0314;1
0315;6
0316;7
0317;7
0319;4
0320;6
0321;1
0322;8
0323;4
0324;4
0325;8
0326;6
0327;3
0329;2
0330;5
0331;5
0401;5
0402;4
0403;5
0404;3
0405;7
0406;4
0407;5
0408;3
0409;4
0410;5
0411;6
0412;3
0413;4
0414;7
0415;6
0416;5
0417;8
0418;4
0419;10
0420;2
0421;8
0422;4
0423;4
0424;13
0425;4
0427;3
0428;1
0429;3
0430;2
0501;4
0502;1
0503;5
0504;1
0505;3
0506;3
0507;4
0508;2
0509;7
0510;2
0511;7
0512;7
0513;8
0514;2
0515;4
0516;2
0517;3
0518;2
0519;1
0520;3
0521;2
0522;4
0523;4
0524;5
0525;3
0526;3
0527;3
0528;6
0529;4
0530;4
0531;2
0601;3
0602;2
0603;6
0604;8
0605;1
0606;1
0607;1
0608;2
0609;3
0610;2
0611;8
0612;2
0613;4
0614;6
0615;1
0616;5
0617;6
0618;5
0619;5
0620;4
0621;7
0622;4
0623;2
0624;9
0625;2
0626;4
0627;4
0628;7
0629;3
0630;6
0701;2
0702;7
0703;3
0704;3
0705;4
0706;3
0707;6
0708;3
0709;4
0710;2
0711;2
0712;4
0713;9
0714;4
0715;5
0716;7
0717;3
0718;6
0719;2
0720;3
0721;1
0722;3
0723;3
0724;4
0725;8
0726;2
0727;1
0728;3
0729;4
0730;8
0731;4
0801;8
0802;3
0803;3
0804;3
0805;7
0806;2
0807;2
0808;4
0809;2
0810;7
0811;5
0812;6
0813;7
0814;3
0815;4
0816;8
0817;9
0818;4
0819;9
0820;5
0821;3
0822;4
0823;2
0824;8
0825;2
0826;3
0827;6
0829;4
0830;6
0831;2
0901;2
0902;3
0903;4
0904;5
0905;2
0906;7
0907;1
0908;4
0909;4
0910;4
0912;3
0913;5
0914;3
0915;3
0916;4
0917;7
0918;4
0919;2
0920;2
0921;4
0922;4
0923;2
0924;1
0925;5
0926;4
0927;4
0928;2
0929;1
1001;5
1002;5
1003;6
1004;3
1005;4
1006;5
1007;4
1008;5
1009;4
1010;6
1011;1
1012;3
1013;5
1014;9
1015;3
1016;4
1017;4
1018;4
1019;3
1020;4
1021;5
1022;3
1023;4
1024;5
1025;2
1026;8
1027;7
1028;3
1029;4
1030;6
1031;5
1101;2
1102;10
1103;7
1104;4
1105;5
1106;5
1107;2
1108;4
1109;2
1110;3
1111;3
1112;1
1113;6
1114;2
1115;8
1116;6
1117;3
1118;4
1119;2
1120;6
1123;5
1124;3
1125;2
1126;7
1127;1
1128;4
1129;7
1130;5
1201;6
1202;5
1203;6
1204;1
1205;3
1206;4
1207;7
1208;5
1209;6
1210;4
1211;4
1212;2
1213;4
1214;2
1215;4
1216;6
1217;4
1218;5
1219;5
1220;5
1221;9
1222;5
1223;4
1224;1
1225;4
1226;7
1227;4
1228;2
1229;4
1230;7
1231;5
