0101;34
0102;23
0103;23
0104;23
0105;20
0106;18
0107;18
0108;19
0109;13
0110;11
0111;20
0112;13
0113;15
0114;23
0115;19
0116;24
0117;17
0118;28
0119;21
0120;22
0121;19
0122;8
0123;22
0124;15
0125;21
0126;13
0127;13
0128;12
0129;26
0130;23
0131;22
0201;18
0202;22
0203;17
0204;18
0205;28
0206;14
0207;23
0208;14
0209;24
0210;26
0211;20
0212;20
0213;15
0214;19
0215;20
0216;18
0217;21
0218;18
0219;25
0220;18
0221;16
0222;24
0223;19
0224;18
0225;19
0226;21
0227;17
0228;19
0229;18
0301;18
0302;13
0303;17
0304;18
0305;21
0306;17
0307;19
0308;19
0309;15
0310;25
0311;15
0312;25
0313;19
0314;22
0315;17
0316;21
0317;12
0318;22
0319;14
0320;21
0321;12
0322;15
0323;16
0324;19
0325;19
0326;18
0327;21
0328;16
0329;15
0330;22
0331;16
0401;15
0402;16
0403;15
0404;27
0405;25
0406;21
0407;17
0408;14
0409;21
0410;22
0411;14
0412;18
0413;19
0414;17
0415;10
0416;20
0417;21
0418;10
0419;14
0420;18
0421;26
0422;22
0423;18
0424;22
0425;18
0426;16
0427;8
0428;20
0429;14
0430;18
0501;16
0502;20
0503;19
0504;14
0505;19
0506;18
0507;21
0508;20
0509;20
0510;14
0511;16
0512;13
0513;15
0514;17
0515;19
0516;14
0517;17
0518;19
0519;14
0520;28
0521;14
0522;15
0523;18
0524;13
0525;16
0526;20
0527;13
0528;27
0529;23
0530;21
0531;10
0601;14
0602;8
0603;19
0604;17
0605;14
0606;12
0607;16
0608;10
0609;10
0610;17
0611;19
0612;21
0613;22
0614;15
0615;22
0616;13
0617;14
0618;16
0619;19
0620;22
0621;14
0622;9
0623;19
0624;14
0625;15
0626;17
0627;24
0628;18
0629;11
0630;18
0701;24
0702;20
0703;14
0704;23
0705;11
0706;12
0707;14
0708;14
0709;16
0710;14
0711;19
0712;19
0713;19
0714;19
0715;24
0716;10
0717;25
0718;18
0719;27
0720;20
0721;11
0722;19
0723;12
0724;23
0725;22
0726;13
0727;8
0728;18
0729;17
0730;12
0731;15
0801;11
0802;15
0803;15
0804;23
0805;16
0806;14
0807;26
0808;18
0809;16
0810;13
0811;15
0812;18
0813;21
0814;19
0815;15
0816;13
0817;14
0818;11
0819;21
0820;19
0821;20
0822;21
0823;9
0824;20
0825;17
0826;15
0827;10
0828;16
0829;25
0830;18
0831;14
0901;14
0902;16
0903;9
0904;15
0905;21
0906;16
0907;18
0908;16
0909;15
0910;20
0911;11
0912;10
0913;16
0914;15
0915;15
0916;19
0917;23
0918;18
0919;19
0920;23
0921;17
0922;19
0923;22
0924;7
0925;17
0926;14
0927;26
0928;8
0929;27
0930;9
1001;16
1002;15
1003;15
1004;17
1005;18
1006;19
1007;15
1008;17
1009;16
1010;17
1011;13
1012;18
1013;16
1014;12
1015;20
1016;12
1017;19
1018;17
1019;11
1020;29
1021;21
1022;18
1023;19
1024;21
1025;14
1026;15
1027;23
1028;8
1029;12
1030;11
1031;23
1101;10
1102;14
1103;17
1104;17
1105;20
1106;13
1107;17
1108;22
1109;8
1110;16
1111;16
1112;12
1113;12
1114;15
1115;15
1116;11
1117;17
1118;8
1119;25
1120;16
1121;17
1122;13
1123;21
1124;21
1125;24
1126;13
1127;19
1128;13
1129;18
1130;15
1201;19
1202;14
1203;22
1204;14
1205;10
1206;15
1207;20
1208;15
1209;22
1210;24
1211;20
1212;23
1213;26
1214;10
1215;12
1216;25
1217;22
1218;20
1219;21
1220;21
1221;12
1222;16
1223;25
1224;20
1225;21
1226;21
1227;19
1228;19
1229;25
1230;17
1231;22
