0101;7
0102;11
0103;8
0104;16
0105;5
0106;16
0107;7
0108;3
0109;15
0110;10
0111;7
0112;9
0113;7
0114;16
0115;6
0116;6
0117;6
0118;8
0119;3
0120;9
0121;13
0122;10
0123;7
0124;8
0125;8
0126;7
0127;13
0128;11
0129;7
0130;7
0131;8
0201;6
0202;4
0203;10
0204;4
0205;7
0206;8
0207;4
0208;2
0209;5
0210;8
0211;4
0212;4
0213;10
0214;9
0215;9
0216;7
0217;10
0218;9
0219;9
0220;8
0221;6
0222;7
0223;8
0224;6
0225;4
0226;9
0227;4
0228;9
0229;5
0301;6
0302;11
0303;8
0304;7
0305;6
0306;4
0307;4
0308;6
0309;5
0310;12
0311;8
0312;3
0313;3
0314;7
0315;3
0316;9
0317;3
0318;9
0319;6
0320;6
0321;7
0322;4
0323;11
0324;4
0325;8
0326;5
0327;9
0328;8
0329;8
0330;6
0331;12
0401;2
0402;5
0403;5
0404;7
0405;9
0406;5
0407;5
0408;4
0409;9
0410;6
0411;5
0412;4
0413;6
0414;8
0415;7
0416;7
0417;4
0418;6
0419;5
0420;2
0421;6
0422;8
0423;9
0424;9
0425;9
0426;8
0427;3
0428;3
0429;8
0430;5
0501;5
0502;5
0503;7
0504;6
0505;8
0506;8
0507;4
0508;3
0509;8
0510;3
0511;6
0512;8
0513;7
0514;8
0515;5
0516;6
0517;4
0518;6
0519;9
0520;6
0521;7
0522;5
0523;4
0524;3
0525;8
0526;6
0527;10
0528;6
0529;3
0530;5
0531;10
0601;8
0602;5
0603;4
0604;7
0605;4
0606;9
0607;6
0608;9
0609;4
0610;8
0611;5
0612;1
0613;10
0614;7
0615;3
0616;2
0617;4
0618;5
0619;6
0620;8
0621;4
0622;3
0623;4
0624;7
0625;8
0626;7
0627;6
0628;1
0629;6
0630;6
0701;3
0702;10
0703;8
0704;5
0705;5
0706;6
0707;6
0708;8
0709;10
0710;4
0711;3
0712;6
0713;7
0714;3
0715;4
0716;5
0717;7
0718;6
0719;5
0720;4
0721;6
0722;4
0723;8
0724;2
0725;7
0726;2
0727;4
0728;7
0729;4
0730;5
0731;10
0801;3
0802;3
0803;8
0804;4
0805;7
0806;2
0807;3
0808;11
0809;4
0810;5
0811;3
0812;6
0813;3
0814;5
0815;5
0816;3
0817;5
0818;1
0819;7
0820;6
0821;3
0822;4
0823;6
0824;6
0825;11
0826;4
0827;9
0828;8
0829;7
0830;7
0831;6
0901;8
0902;4
0903;8
0904;11
0905;9
0906;2
0907;7
0908;10
0909;8
0910;6
0911;5
0912;3
0913;6
0914;3
0915;4
0916;3
0917;5
0918;9
0919;8
0920;6
0921;5
0922;6
0923;8
0924;8
0925;7
0926;6
0927;10
0928;6
0929;6
0930;10
1001;11
1002;8
1003;4
1004;6
1005;7
1006;10
1007;3
1008;11
1009;9
1010;7
1011;1
1012;9
1013;7
1014;8
1015;9
1016;6
1017;6
1018;4
1019;4
1020;4
1021;5
1022;7
1023;3
1024;4
1025;4
1026;8
1027;4
1028;4
1029;5
1030;7
1031;4
1101;5
1102;7
1103;7
1104;5
1105;7
1106;4
1107;8
1108;9
1109;6
1110;3
1111;5
1112;7
1113;7
1114;8
1115;4
1116;6
1117;3
1118;8
1119;8
1120;2
1121;2
1122;5
1123;5
1124;2
1125;8
1126;6
1127;4
1128;7
1129;4
1130;4
1201;6
1202;6
1203;15
1204;3
1205;6
1206;5
1207;6
1208;7
1209;6
1210;6
1211;12
1212;5
1213;10
1214;6
1215;9
1216;7
1217;9
1218;9
1219;8
1220;5
1221;4
1222;9
1223;8
1224;6
1225;2
1226;1
1227;12
1228;2
1229;4
1230;7
1231;8
