0101;45
0102;40
0103;30
0104;37
0105;33
0106;39
0107;30
0108;38
0109;42
0110;33
0111;30
0112;34
0113;29
0114;39
0115;23
0116;35
0117;23
0118;26
0119;27
0120;29
0121;27
0122;26
0123;38
0124;33
0125;31
0126;36
0127;33
0128;22
0129;21
0130;39
0131;30
0201;32
0202;26
0203;33
0204;32
0205;25
0206;34
0207;27
0208;39
0209;23
0210;32
0211;23
0212;22
0213;31
0214;34
0215;26
0216;25
0217;26
0218;26
0219;30
0220;21
0221;28
0222;30
0223;37
0224;33
0225;44
0226;29
0227;28
0228;28
0229;41
0301;23
0302;25
0303;34
0304;29
0305;42
0306;28
0307;42
0308;22
0309;26
0310;33
0311;24
0312;19
0313;24
0314;21
0315;22
0316;25
0317;31
0318;25
0319;29
0320;20
0321;34
0322;33
0323;27
0324;36
0325;31
0326;41
0327;35
0328;32
0329;26
0330;27
0331;36
0401;22
0402;23
0403;35
0404;28
0405;27
0406;25
0407;27
0408;25
0409;38
0410;26
0411;25
0412;38
0413;36
0414;27
0415;41
0416;31
0417;27
0418;33
0419;32
0420;30
0421;45
0422;26
0423;25
0424;33
0425;25
0426;42
0427;35
0428;23
0429;30
0430;34
0501;23
0502;28
0503;25
0504;25
0505;24
0506;25
0507;22
0508;38
0509;28
0510;21
0511;23
0512;30
0513;32
0514;28
0515;23
0516;23
0517;29
0518;20
0519;23
0520;20
0521;27
0522;26
0523;23
0524;31
0525;24
0526;21
0527;23
0528;32
0529;26
0530;29
0531;36
0601;24
0602;23
0603;29
0604;29
0605;23
0606;24
0607;30
0608;28
0609;34
0610;22
0611;21
0612;21
0613;21
0614;20
0615;20
0616;24
0617;35
0618;22
0619;31
0620;26
0621;30
0622;28
0623;18
0624;29
0625;33
0626;13
0627;25
0628;29
0629;34
0630;22
0701;23
0702;27
0703;25
0704;25
0705;26
0706;23
0707;15
0708;27
0709;19
0710;24
0711;19
0712;28
0713;20
0714;23
0715;25
0716;39
0717;31
0718;28
0719;33
0720;22
0721;27
0722;37
0723;21
0724;28
0725;21
0726;25
0727;28
0728;22
0729;29
0730;28
0731;21
0801;19
0802;28
0803;31
0804;27
0805;28
0806;30
0807;37
0808;22
0809;17
0810;20
0811;21
0812;22
0813;28
0814;20
0815;26
0816;20
0817;28
0818;24
0819;24
0820;23
0821;24
0822;18
0823;25
0824;21
0825;28
0826;24
0827;16
0828;25
0829;33
0830;27
0831;32
0901;20
0902;36
0903;23
0904;26
0905;23
0906;24
0907;22
0908;18
0909;30
0910;18
0911;24
0912;28
0913;25
0914;18
0915;27
0916;24
0917;25
0918;24
0919;30
0920;22
0921;21
0922;20
0923;35
0924;25
0925;31
0926;19
0927;35
0928;26
0929;32
0930;25
1001;19
1002;26
1003;27
1004;28
1005;28
1006;28
1007;29
1008;28
1009;44
1010;31
1011;26
1012;33
1013;35
1014;17
1015;28
1016;32
1017;29
1018;21
1019;27
1020;23
1021;31
1022;20
1023;25
1024;23
1025;27
1026;23
1027;39
1028;30
1029;28
1030;33
1031;23
1101;25
1102;25
1103;31
1104;28
1105;25
1106;31
1107;35
1108;29
1109;33
1110;18
1111;28
1112;31
1113;19
1114;34
1115;29
1116;24
1117;25
1118;24
1119;31
1120;34
1121;23
1122;30
1123;29
1124;26
1125;27
1126;28
1127;26
1128;38
1129;28
1130;21
1201;33
1202;29
1203;20
1204;31
1205;32
1206;32
1207;31
1208;31
1209;31
1210;25
1211;24
1212;30
1213;31
1214;38
1215;36
1216;30
1217;36
1218;34
1219;39
1220;22
1221;36
1222;33
1223;25
1224;20
1225;29
1226;32
1227;28
1228;31
1229;33
1230;31
1231;27
