0101;9
0102;16
0103;12
0104;9
0105;12
0106;7
0107;11
0108;9
0109;14
0110;10
0111;7
0112;9
0113;7
0114;10
0115;11
0116;7
0117;8
0118;9
0119;6
0120;8
0121;6
0122;4
0123;11
0124;12
0125;13
0126;10
0127;5
0128;6
0129;10
0130;15
0131;10
0201;11
0202;9
0203;7
0204;19
0205;8
0206;11
0207;11
0208;7
0209;11
0210;10
0211;14
0212;10
0213;11
0214;11
0215;6
0216;8
0217;13
0218;14
0219;13
0220;13
0221;14
0222;8
0223;9
0224;7
0225;12
0226;5
0227;10
0228;11
0229;4
0301;7
0302;6
0303;11
0304;6
0305;6
0306;4
0307;8
0308;8
0309;10
0310;4
0311;12
0312;12
0313;10
0314;5
0315;5
0316;6
0317;13
0318;11
0319;4
0320;14
0321;8
0322;10
0323;9
0324;9
0325;13
0326;13
0327;11
0328;5
0329;8
0330;8
0331;10
0401;11
0402;13
0403;8
0404;8
0405;3
0406;14
0407;7
0408;10
0409;11
0410;13
0411;11
0412;6
0413;6
0414;10
0415;6
0416;5
0417;15
0418;8
0419;10
0420;10
0421;8
0422;9
0423;12
0424;7
0425;7
0426;17
0427;6
0428;9
0429;10
0430;7
0501;7
0502;7
0503;12
0504;11
0505;11
0506;8
0507;13
0508;11
0509;7
0510;7
0511;9
0512;3
0513;9
0514;6
0515;7
0516;12
0517;8
0518;7
0519;7
0520;10
0521;7
0522;8
0523;6
0524;8
0525;5
0526;10
0527;9
0528;7
0529;10
0530;17
0531;5
0601;14
0602;10
0603;9
0604;8
0605;9
0606;9
0607;5
0608;7
0609;5
0610;15
0611;12
0612;6
0613;9
0614;10
0615;11
0616;7
0617;14
0618;6
0619;10
0620;9
0621;4
0622;10
0623;13
0624;10
0625;7
0626;11
0627;7
0628;10
0629;9
0630;8
0701;11
0702;7
0703;10
0704;4
0705;8
0706;9
0707;8
0708;12
0709;7
0710;5
0711;13
0712;11
0713;8
0714;14
0715;6
0716;6
0717;7
0718;9
0719;8
0720;12
0721;11
0722;10
0723;8
0724;9
0725;11
0726;5
0727;13
0728;10
0729;7
0730;5
0731;11
0801;7
0802;6
0803;9
0804;8
0805;10
0806;2
0807;11
0808;12
0809;6
0810;3
0811;8
0812;9
0813;8
0814;5
0815;9
0816;15
0817;7
0818;3
0819;9
0820;10
0821;7
0822;7
0823;6
0824;7
0825;9
0826;8
0827;8
0828;9
0829;8
0830;8
0831;11
0901;6
0902;7
0903;8
0904;9
0905;12
0906;10
0907;6
0908;10
0909;12
0910;7
0911;7
0912;7
0913;1
0914;8
0915;9
0916;10
0917;12
0918;11
0919;12
0920;6
0921;8
0922;9
0923;8
0924;8
0925;13
0926;8
0927;2
0928;6
0929;9
0930;10
1001;20
1002;9
1003;8
1004;7
1005;12
1006;13
1007;7
1008;7
1009;11
1010;9
1011;9
1012;11
1013;9
1014;11
1015;13
1016;14
1017;14
1018;10
1019;9
1020;5
1021;9
1022;11
1023;11
1024;8
1025;9
1026;8
1027;7
1028;4
1029;5
1030;7
1031;12
1101;12
1102;8
1103;11
1104;15
1105;10
1106;8
1107;4
1108;10
1109;10
1110;6
1111;6
1112;13
1113;9
1114;12
1115;5
1116;7
1117;9
1118;9
1119;3
1120;5
1121;12
1122;11
1123;9
1124;12
1125;6
1126;9
1127;5
1128;11
1129;11
1130;12
1201;9
1202;13
1203;13
1204;10
1205;9
1206;8
1207;7
1208;14
1209;7
1210;10
1211;9
1212;7
1213;8
1214;14
1215;12
1216;15
1217;7
1218;10
1219;13
1220;7
1221;6
1222;13
1223;6
1224;11
1225;7
1226;13
1227;19
1228;12
1229;6
1230;13
1231;14
