0101;27
0102;26
0103;21
0104;16
0105;18
0106;22
0107;32
0108;26
0109;19
0110;25
0111;22
0112;17
0113;23
0114;22
0115;24
0116;24
0117;24
0118;27
0119;21
0120;18
0121;24
0122;16
0123;14
0124;21
0125;23
0126;13
0127;16
0128;21
0129;13
0130;21
0131;14
0201;18
0202;18
0203;9
0204;19
0205;21
0206;23
0207;25
0208;18
0209;15
0210;19
0211;15
0212;20
0213;19
0214;14
0215;20
0216;18
0217;13
0218;18
0219;17
0220;21
0221;29
0222;15
0223;15
0224;19
0225;41
0226;19
0227;13
0228;21
0229;24
0301;22
0302;19
0303;15
0304;26
0305;16
0306;17
0307;16
0308;25
0309;16
0310;19
0311;20
0312;18
0313;20
0314;12
0315;12
0316;15
0317;12
0318;12
0319;23
0320;29
0321;23
0322;25
0323;21
0324;13
0325;19
0326;22
0327;22
0328;22
0329;20
0330;14
0331;18
0401;17
0402;23
0403;18
0404;19
0405;18
0406;17
0407;19
0408;21
0409;29
0410;19
0411;15
0412;14
0413;18
0414;16
0415;18
0416;17
0417;18
0418;15
0419;19
0420;19
0421;16
0422;19
0423;17
0424;26
0425;19
0426;11
0427;25
0428;21
0429;22
0430;22
0501;23
0502;12
0503;21
0504;19
0505;20
0506;13
0507;28
0508;19
0509;18
0510;22
0511;15
0512;17
0513;19
0514;19
0515;12
0516;12
0517;14
0518;20
0519;15
0520;17
0521;18
0522;19
0523;17
0524;17
0525;15
0526;16
0527;19
0528;15
0529;22
0530;16
0531;11
0601;17
0602;10
0603;18
0604;19
0605;20
0606;13
0607;13
0608;20
0609;21
0610;20
0611;18
0612;19
0613;11
0614;14
0615;8
0616;12
0617;11
0618;18
0619;15
0620;20
0621;14
0622;19
0623;12
0624;19
0625;16
0626;13
0627;18
0628;14
0629;22
0630;22
0701;21
0702;17
0703;24
0704;8
0705;22
0706;18
0707;13
0708;29
0709;12
0710;16
0711;8
0712;18
0713;19
0714;20
0715;16
0716;14
0717;16
0718;18
0719;16
0720;21
0721;13
0722;16
0723;19
0724;14
0725;22
0726;10
0727;15
0728;18
0729;13
0730;17
0731;27
0801;18
0802;14
0803;17
0804;10
0805;18
0806;12
0807;15
0808;18
0809;12
0810;9
0811;15
0812;15
0813;16
0814;13
0815;17
0816;16
0817;22
0818;13
0819;16
0820;15
0821;19
0822;13
0823;17
0824;14
0825;14
0826;18
0827;19
0828;15
0829;10
0830;18
0831;13
0901;13
0902;21
0903;22
0904;13
0905;16
0906;12
0907;15
0908;10
0909;14
0910;21
0911;24
0912;10
0913;13
0914;11
0915;12
0916;23
0917;15
0918;18
0919;16
0920;24
0921;11
0922;29
0923;26
0924;29
0925;26
0926;19
0927;13
0928;22
0929;19
0930;15
1001;18
1002;18
1003;19
1004;18
1005;19
1006;24
1007;13
1008;20
1009;19
1010;15
1011;17
1012;20
1013;15
1014;13
1015;26
1016;16
1017;15
1018;12
1019;18
1020;16
1021;12
1022;26
1023;12
1024;20
1025;23
1026;13
1027;19
1028;18
1029;18
1030;22
1031;19
1101;18
1102;9
1103;20
1104;14
1105;18
1106;23
1107;18
1108;15
1109;10
1110;19
1111;16
1112;20
1113;11
1114;24
1115;16
1116;22
1117;18
1118;11
1119;20
1120;21
1121;11
1122;17
1123;13
1124;12
1125;7
1126;11
1127;12
1128;9
1129;19
1130;22
1201;18
1202;14
1203;19
1204;29
1205;23
1206;13
1207;16
1208;18
1209;21
1210;9
1211;22
1212;23
1213;21
1214;21
1215;18
1216;15
1217;14
1218;17
1219;21
1220;17
1221;23
1222;27
1223;9
1224;18
1225;26
1226;14
1227;29
1228;20
1229;26
1230;22
1231;15
