0102;10
0103;6
0104;9
0105;6
0106;7
0107;7
0108;3
0109;17
0110;11
0111;9
0112;5
0113;8
0114;7
0115;10
0116;7
0117;7
0118;9
0119;8
0120;10
0121;7
0122;5
0123;4
0124;6
0125;8
0126;7
0127;9
0128;4
0129;5
0130;9
0131;7
0201;12
0202;6
0203;5
0204;5
0205;8
0206;6
0207;4
0208;9
0209;6
0210;5
0211;8
0212;9
0213;7
0214;5
0215;7
0216;6
0217;14
0218;11
0219;8
0220;8
0221;10
0222;7
0223;5
0224;9
0225;9
0226;9
0227;10
0228;8
0229;7
0301;5
0302;10
0303;10
0304;17
0305;8
0306;10
0307;9
0308;8
0309;10
0310;3
0311;7
0312;6
0313;4
0314;12
0315;7
0316;3
0317;11
0318;3
0319;9
0320;6
0321;7
0322;8
0323;5
0324;11
0325;8
0326;4
0327;13
0328;10
0329;7
0330;5
0331;14
0401;6
0402;9
0403;4
0404;8
0405;7
0406;8
0407;15
0408;6
0409;5
0410;8
0411;6
0412;7
0413;10
0414;9
0415;9
0416;5
0417;6
0418;7
0419;10
0420;9
0421;9
0422;9
0423;5
0424;10
0425;6
0426;6
0427;11
0428;9
0429;5
0430;12
0501;4
0502;6
0503;8
0504;3
0505;10
0506;9
0507;10
0508;5
0509;7
0510;11
0511;4
0512;3
0513;3
0514;7
0515;4
0516;7
0517;4
0518;11
0519;8
0520;5
0521;6
0522;7
0523;7
0524;9
0525;8
0526;5
0527;4
0528;5
0529;6
0530;5
0531;2
0601;5
0602;4
0603;5
0604;7
0605;6
0606;9
0607;3
0608;4
0609;5
0610;4
0611;5
0612;2
0613;7
0614;3
0615;10
0616;2
0617;6
0618;6
0619;2
0620;5
0621;8
0622;2
0623;2
0624;5
0625;5
0626;8
0627;3
0628;4
0629;7
0630;5
0701;1
0702;8
0703;7
0704;7
0705;7
0706;10
0707;5
0708;11
0709;7
0710;12
0711;2
0712;4
0713;3
0714;4
0715;5
0716;8
0717;2
0718;9
0719;10
0720;8
0721;8
0722;7
0723;7
0724;3
0725;11
0726;5
0727;7
0728;6
0729;9
0730;10
0731;8
0801;3
0802;5
0803;3
0804;12
0805;8
0806;5
0807;6
0808;3
0809;5
0810;4
0811;6
0812;7
0813;5
0814;7
0815;8
0816;7
0817;3
0818;10
0819;3
0820;5
0821;1
0822;6
0823;4
0824;3
0825;2
0826;4
0827;6
0828;11
0829;5
0830;8
0831;4
0901;6
0902;8
0903;3
0904;3
0905;6
0906;9
0907;2
0908;2
0909;8
0910;4
0911;6
0912;6
0913;6
0914;6
0915;4
0916;6
0917;4
0918;4
0919;9
0920;8
0921;5
0922;4
0923;4
0924;12
0925;3
0926;10
0927;7
0928;5
0929;8
0930;9
1001;5
1002;9
1003;7
1004;6
1005;4
1006;7
1007;5
1008;10
1009;7
1010;7
1011;5
1012;9
1013;11
1014;13
1015;8
1016;4
1017;6
1018;4
1019;5
1020;8
1021;11
1022;8
1023;5
1024;8
1025;7
1026;2
1027;6
1028;7
1029;8
1030;11
1031;8
1101;6
1102;3
1103;6
1104;8
1105;8
1106;7
1107;14
1108;3
1109;9
1110;4
1111;11
1112;11
1113;6
1114;9
1115;10
1116;9
1117;2
1118;6
1119;4
1120;6
1121;7
1122;4
1123;3
1124;6
1125;4
1126;7
1127;6
1128;3
1129;4
1130;4
1201;6
1202;10
1203;9
1204;9
1205;9
1206;3
1207;5
1208;3
1209;7
1210;7
1211;6
1212;3
1213;3
1214;3
1215;9
1216;9
1217;4
1218;7
1219;9
1220;6
1221;10
1222;9
1223;6
1224;9
1225;13
1226;5
1227;10
1228;6
1229;6
1230;5
1231;6
