0101;78
0102;65
0103;72
0104;81
0105;68
0106;86
0107;81
0108;65
0109;75
0110;102
0111;75
0112;65
0113;52
0114;71
0115;79
0116;90
0117;63
0118;75
0119;55
0120;70
0121;75
0122;71
0123;63
0124;80
0125;76
0126;74
0127;58
0128;67
0129;59
0130;56
0131;64
0201;61
0202;68
0203;56
0204;80
0205;61
0206;72
0207;81
0208;50
0209;58
0210;61
0211;55
0212;81
0213;60
0214;81
0215;64
0216;57
0217;65
0218;59
0219;65
0220;64
0221;74
0222;69
0223;71
0224;64
0225;78
0226;76
0227;66
0228;64
0229;70
0301;61
0302;79
0303;61
0304;59
0305;60
0306;76
0307;79
0308;66
0309;62
0310;79
0311;80
0312;61
0313;69
0314;66
0315;72
0316;62
0317;63
0318;63
0319;61
0320;70
0321;75
0322;66
0323;62
0324;77
0325;57
0326;66
0327;63
0328;70
0329;65
0330;52
0331;78
0401;52
0402;63
0403;80
0404;62
0405;51
0406;61
0407;63
0408;67
0409;87
0410;66
0411;62
0412;63
0413;60
0414;74
0415;74
0416;58
0417;61
0418;58
0419;69
0420;50
0421;60
0422;66
0423;60
0424;55
0425;62
0426;53
0427;74
0428;45
0429;65
0430;67
0501;39
0502;44
0503;53
0504;62
0505;66
0506;63
0507;50
0508;51
0509;68
0510;64
0511;55
0512;66
0513;65
0514;69
0515;69
0516;50
0517;50
0518;52
0519;49
0520;49
0521;65
0522;67
0523;63
0524;57
0525;70
0526;60
0527;47
0528;57
0529;60
0530;55
0531;66
0601;39
0602;57
0603;54
0604;50
0605;47
0606;55
0607;50
0608;53
0609;58
0610;57
0611;46
0612;54
0613;53
0614;59
0615;61
0616;64
0617;56
0618;53
0619;56
0620;62
0621;54
0622;64
0623;47
0624;55
0625;56
0626;71
0627;54
0628;46
0629;44
0630;58
0701;58
0702;72
0703;63
0704;43
0705;56
0706;52
0707;55
0708;57
0709;59
0710;42
0711;44
0712;76
0713;48
0714;43
0715;59
0716;72
0717;49
0718;59
0719;52
0720;49
0721;72
0722;53
0723;56
0724;54
0725;53
0726;54
0727;63
0728;58
0729;71
0730;66
0731;70
0801;60
0802;53
0803;49
0804;66
0805;56
0806;53
0807;55
0808;59
0809;50
0810;51
0811;55
0812;57
0813;57
0814;59
0815;53
0816;58
0817;45
0818;64
0819;55
0820;53
0821;53
0822;35
0823;54
0824;57
0825;72
0826;57
0827;56
0828;50
0829;58
0830;59
0831;62
0901;52
0902;47
0903;54
0904;52
0905;68
0906;50
0907;48
0908;58
0909;51
0910;45
0911;55
0912;49
0913;58
0914;50
0915;58
0916;57
0917;39
0918;52
0919;56
0920;59
0921;61
0922;78
0923;50
0924;64
0925;66
0926;49
0927;56
0928;59
0929;49
0930;66
1001;71
1002;67
1003;67
1004;55
1005;71
1006;70
1007;61
1008;75
1009;50
1010;56
1011;62
1012;52
1013;65
1014;49
1015;56
1016;52
1017;53
1018;62
1019;63
1020;64
1021;60
1022;63
1023;59
1024;55
1025;65
1026;61
1027;56
1028;51
1029;50
1030;77
1031;53
1101;48
1102;59
1103;71
1104;73
1105;69
1106;70
1107;67
1108;60
1109;69
1110;66
1111;61
1112;63
1113;60
1114;56
1115;58
1116;60
1117;70
1118;54
1119;60
1120;65
1121;45
1122;63
1123;80
1124;68
1125;61
1126;82
1127;59
1128;57
1129;54
1130;55
1201;54
1202;53
1203;71
1204;63
1205;71
1206;65
1207;74
1208;60
1209;79
1210;69
1211;53
1212;58
1213;71
1214;72
1215;60
1216;63
1217;74
1218;70
1219;71
1220;66
1221;74
1222;84
1223;68
1224;74
1225;65
1226;72
1227;68
1228;79
1229;76
1230;80
1231;61
