0101;19
0102;15
0103;25
0104;22
0105;22
0106;15
0107;20
0108;19
0109;27
0110;12
0111;25
0112;21
0113;21
0114;18
0115;19
0116;12
0117;15
0118;19
0119;19
0120;16
0121;15
0122;16
0123;17
0124;28
0125;27
0126;15
0127;19
0128;18
0129;13
0130;16
0131;23
0201;21
0202;15
0203;19
0204;27
0205;17
0206;20
0207;14
0208;18
0209;12
0210;26
0211;24
0212;12
0213;18
0214;11
0215;17
0216;12
0217;19
0218;15
0219;22
0220;15
0221;21
0222;16
0223;8
0224;24
0225;10
0226;13
0227;22
0228;12
0229;19
0301;18
0302;15
0303;15
0304;19
0305;19
0306;25
0307;16
0308;8
0309;14
0310;18
0311;22
0312;18
0313;25
0314;10
0315;15
0316;22
0317;19
0318;14
0319;20
0320;15
0321;16
0322;11
0323;16
0324;12
0325;15
0326;14
0327;34
0328;27
0329;11
0330;17
0331;22
0401;24
0402;16
0403;21
0404;17
0405;11
0406;23
0407;13
0408;16
0409;19
0410;8
0411;23
0412;11
0413;10
0414;18
0415;15
0416;20
0417;16
0418;16
0419;21
0420;21
0421;15
0422;17
0423;16
0424;17
0425;16
0426;15
0427;17
0428;17
0429;21
0430;19
0501;12
0502;19
0503;12
0504;19
0505;14
0506;14
0507;13
0508;12
0509;17
0510;23
0511;15
0512;17
0513;9
0514;17
0515;11
0516;21
0517;9
0518;4
0519;19
0520;7
0521;13
0522;9
0523;19
0524;13
0525;14
0526;18
0527;11
0528;10
0529;20
0530;17
0531;20
0601;15
0602;16
0603;13
0604;21
0605;14
0606;13
0607;8
0608;9
0609;13
0610;17
0611;18
0612;9
0613;20
0614;16
0615;17
0616;14
0617;16
0618;13
0619;17
0620;13
0621;14
0622;11
0623;12
0624;13
0625;10
0626;20
0627;17
0628;10
0629;11
0630;13
0701;18
0702;15
0703;16
0704;13
0705;13
0706;14
0707;14
0708;16
0709;11
0710;8
0711;8
0712;11
0713;8
0714;15
0715;15
0716;16
0717;21
0718;14
0719;12
0720;16
0721;11
0722;16
0723;11
0724;16
0725;14
0726;15
0727;24
0728;12
0729;28
0730;20
0731;15
0801;18
0802;22
0803;14
0804;24
0805;15
0806;19
0807;13
0808;17
0809;8
0810;10
0811;13
0812;13
0813;10
0814;14
0815;12
0816;15
0817;13
0818;14
0819;15
0820;10
0821;12
0822;17
0823;20
0824;12
0825;18
0826;14
0827;14
0828;11
0829;17
0830;13
0831;15
0901;11
0902;16
0903;22
0904;10
0905;11
0906;9
0907;14
0908;16
0909;17
0910;8
0911;18
0912;14
0913;15
0914;14
0915;6
0916;26
0917;14
0918;7
0919;14
0920;19
0921;9
0922;11
0923;16
0924;9
0925;16
0926;9
0927;12
0928;19
0929;17
0930;16
1001;21
1002;15
1003;18
1004;17
1005;16
1006;18
1007;20
1008;17
1009;12
1010;19
1011;11
1012;16
1013;14
1014;15
1015;17
1016;14
1017;21
1018;16
1019;11
1020;18
1021;21
1022;11
1023;13
1024;16
1025;10
1026;20
1027;7
1028;21
1029;14
1030;18
1031;11
1101;17
1102;12
1103;14
1104;17
1105;10
1106;20
1107;10
1108;17
1109;21
1110;18
1111;14
1112;19
1113;11
1114;13
1115;20
1116;16
1117;22
1118;12
1119;17
1120;15
1121;17
1122;11
1123;19
1124;14
1125;16
1126;21
1127;18
1128;17
1129;20
1130;17
1201;16
1202;22
1203;14
1204;18
1205;14
1206;16
1207;18
1208;16
1209;10
1210;8
1211;14
1212;16
1213;17
1214;18
1215;17
1216;18
1217;17
1218;15
1219;30
1220;17
1221;12
1222;15
1223;16
1224;15
1225;16
1226;14
1227;16
1228;20
1229;16
1230;16
1231;21
