0101;43
0102;48
0103;46
0104;40
0105;32
0106;46
0107;58
0108;30
0109;36
0110;38
0111;37
0112;41
0113;38
0114;56
0115;41
0116;40
0117;44
0118;26
0119;37
0120;41
0121;32
0122;29
0123;28
0124;32
0125;51
0126;42
0127;36
0128;38
0129;42
0130;40
0131;43
0201;37
0202;39
0203;36
0204;39
0205;39
0206;44
0207;37
0208;44
0209;45
0210;29
0211;36
0212;37
0213;44
0214;47
0215;39
0216;43
0217;37
0218;56
0219;35
0220;39
0221;42
0222;46
0223;40
0224;42
0225;53
0226;33
0227;26
0228;38
0229;26
0301;40
0302;41
0303;34
0304;32
0305;44
0306;52
0307;45
0308;28
0309;48
0310;35
0311;33
0312;39
0313;40
0314;36
0315;36
0316;35
0317;35
0318;38
0319;34
0320;39
0321;41
0322;26
0323;38
0324;30
0325;39
0326;29
0327;46
0328;31
0329;35
0330;32
0331;48
0401;43
0402;34
0403;37
0404;39
0405;45
0406;35
0407;46
0408;31
0409;53
0410;38
0411;30
0412;35
0413;40
0414;36
0415;35
0416;33
0417;33
0418;22
0419;41
0420;33
0421;36
0422;34
0423;35
0424;30
0425;35
0426;32
0427;34
0428;42
0429;48
0430;38
0501;35
0502;43
0503;29
0504;37
0505;49
0506;35
0507;28
0508;42
0509;27
0510;30
0511;48
0512;34
0513;38
0514;38
0515;32
0516;36
0517;30
0518;31
0519;32
0520;30
0521;27
0522;30
0523;29
0524;31
0525;33
0526;17
0527;25
0528;42
0529;40
0530;35
0531;31
0601;26
0602;41
0603;30
0604;33
0605;34
0606;28
0607;35
0608;31
0609;35
0610;35
0611;36
0612;43
0613;36
0614;22
0615;28
0616;34
0617;34
0618;27
0619;37
0620;46
0621;49
0622;47
0623;48
0624;36
0625;37
0626;37
0627;45
0628;24
0629;32
0630;31
0701;35
0702;33
0703;36
0704;23
0705;33
0706;25
0707;30
0708;32
0709;29
0710;30
0711;37
0712;34
0713;34
0714;39
0715;41
0716;24
0717;38
0718;20
0719;43
0720;31
0721;29
0722;22
0723;39
0724;26
0725;41
0726;34
0727;34
0728;37
0729;38
0730;36
0731;43
0801;31
0802;35
0803;28
0804;33
0805;43
0806;24
0807;32
0808;41
0809;19
0810;27
0811;38
0812;27
0813;28
0814;37
0815;34
0816;31
0817;25
0818;38
0819;38
0820;30
0821;33
0822;45
0823;39
0824;40
0825;19
0826;36
0827;33
0828;38
0829;34
0830;39
0831;40
0901;24
0902;24
0903;43
0904;37
0905;32
0906;36
0907;31
0908;23
0909;35
0910;26
0911;33
0912;34
0913;37
0914;21
0915;30
0916;38
0917;29
0918;33
0919;28
0920;33
0921;22
0922;25
0923;39
0924;27
0925;31
0926;37
0927;25
0928;40
0929;35
0930;26
1001;37
1002;33
1003;33
1004;45
1005;36
1006;30
1007;31
1008;27
1009;28
1010;31
1011;36
1012;39
1013;35
1014;33
1015;41
1016;30
1017;24
1018;35
1019;24
1020;34
1021;30
1022;27
1023;28
1024;37
1025;31
1026;37
1027;32
1028;44
1029;37
1030;33
1031;34
1101;36
1102;34
1103;30
1104;40
1105;28
1106;34
1107;31
1108;38
1109;33
1110;34
1111;34
1112;28
1113;44
1114;27
1115;30
1116;35
1117;33
1118;27
1119;36
1120;34
1121;40
1122;26
1123;30
1124;29
1125;33
1126;33
1127;38
1128;38
1129;39
1130;37
1201;54
1202;42
1203;42
1204;37
1205;40
1206;24
1207;38
1208;35
1209;42
1210;41
1211;51
1212;33
1213;28
1214;28
1215;27
1216;38
1217;44
1218;35
1219;41
1220;48
1221;33
1222;40
1223;35
1224;40
1225;41
1226;46
1227;40
1228;34
1229;49
1230;44
1231;38
