0101;16
0102;9
0103;20
0104;25
0105;18
0106;30
0107;9
0108;15
0109;13
0110;20
0111;26
0112;14
0113;26
0114;17
0115;20
0116;18
0117;16
0118;15
0119;15
0120;20
0121;16
0122;21
0123;14
0124;19
0125;21
0126;14
0127;26
0128;18
0129;20
0130;19
0131;17
0201;18
0202;21
0203;21
0204;16
0205;12
0206;14
0207;18
0208;24
0209;21
0210;22
0211;22
0212;19
0213;16
0214;22
0215;22
0216;15
0217;14
0218;21
0219;18
0220;20
0221;15
0222;18
0223;10
0224;20
0225;19
0226;18
0227;21
0228;14
0229;17
0301;18
0302;14
0303;19
0304;14
0305;13
0306;14
0307;17
0308;14
0309;21
0310;17
0311;11
0312;16
0313;21
0314;17
0315;15
0316;16
0317;19
0318;10
0319;21
0320;17
0321;18
0322;23
0323;19
0324;15
0325;20
0326;21
0327;20
0328;13
0329;13
0330;15
0331;12
0401;11
0402;13
0403;16
0404;17
0405;15
0406;15
0407;14
0408;15
0409;19
0410;14
0411;12
0412;28
0413;14
0414;10
0415;22
0416;16
0417;13
0418;17
0419;14
0420;17
0421;23
0422;19
0423;14
0424;13
0425;13
0426;13
0427;12
0428;13
0429;13
0430;9
0501;12
0502;10
0503;14
0504;9
0505;12
0506;8
0507;15
0508;18
0509;13
0510;15
0511;20
0512;13
0513;14
0514;14
0515;17
0516;16
0517;19
0518;17
0519;16
0520;14
0521;11
0522;14
0523;15
0524;11
0525;20
0526;11
0527;12
0528;15
0529;18
0530;18
0531;12
0601;17
0602;10
0603;15
0604;14
0605;10
0606;8
0607;16
0608;10
0609;15
0610;19
0611;12
0612;22
0613;13
0614;15
0615;8
0616;11
0617;9
0618;9
0619;16
0620;12
0621;13
0622;18
0623;24
0624;18
0625;11
0626;18
0627;15
0628;19
0629;9
0630;17
0701;18
0702;17
0703;13
0704;11
0705;17
0706;10
0707;13
0708;18
0709;12
0710;15
0711;21
0712;10
0713;16
0714;16
0715;18
0716;15
0717;10
0718;11
0719;17
0720;20
0721;15
0722;13
0723;9
0724;14
0725;14
0726;13
0727;13
0728;20
0729;18
0730;20
0731;16
0801;13
0802;8
0803;14
0804;23
0805;13
0806;14
0807;8
0808;14
0809;17
0810;13
0811;16
0812;17
0813;14
0814;13
0815;14
0816;7
0817;14
0818;17
0819;23
0820;13
0821;11
0822;12
0823;12
0824;9
0825;17
0826;17
0827;13
0828;18
0829;18
0830;14
0831;18
0901;16
0902;13
0903;13
0904;12
0905;18
0906;15
0907;6
0908;14
0909;19
0910;19
0911;6
0912;10
0913;12
0914;17
0915;11
0916;16
0917;22
0918;16
0919;17
0920;12
0921;12
0922;22
0923;13
0924;15
0925;14
0926;20
0927;10
0928;17
0929;18
0930;15
1001;11
1002;17
1003;17
1004;15
1005;16
1006;17
1007;12
1008;18
1009;19
1010;17
1011;12
1012;19
1013;18
1014;16
1015;9
1016;16
1017;14
1018;7
1019;18
1020;19
1021;17
1022;12
1023;16
1024;14
1025;10
1026;17
1027;15
1028;17
1029;18
1030;16
1031;17
1101;13
1102;11
1103;15
1104;16
1105;14
1106;14
1107;15
1108;16
1109;8
1110;10
1111;13
1112;16
1113;14
1114;10
1115;20
1116;11
1117;18
1118;14
1119;14
1120;15
1121;7
1122;13
1123;19
1124;18
1125;12
1126;22
1127;13
1128;14
1129;16
1130;20
1201;15
1202;15
1203;14
1204;14
1205;12
1206;18
1207;21
1208;18
1209;14
1210;14
1211;11
1212;19
1213;19
1214;18
1215;17
1216;28
1217;15
1218;18
1219;15
1220;15
1221;18
1222;19
1223;10
1224;9
1225;25
1226;16
1227;15
1228;20
1229;11
1230;13
1231;18
