0101;12
0102;28
0103;23
0104;19
0105;32
0106;20
0107;24
0108;30
0109;20
0110;30
0111;25
0112;25
0113;23
0114;21
0115;18
0116;17
0117;25
0118;18
0119;23
0120;24
0121;31
0122;25
0123;22
0124;30
0125;20
0126;22
0127;17
0128;19
0129;29
0130;19
0131;17
0201;20
0202;20
0203;19
0204;24
0205;26
0206;15
0207;16
0208;20
0209;22
0210;16
0211;25
0212;24
0213;14
0214;21
0215;28
0216;17
0217;27
0218;28
0219;13
0220;28
0221;19
0222;29
0223;21
0224;19
0225;30
0226;30
0227;17
0228;22
0229;18
0301;26
0302;25
0303;25
0304;15
0305;24
0306;24
0307;33
0308;23
0309;17
0310;14
0311;16
0312;22
0313;15
0314;21
0315;27
0316;13
0317;15
0318;21
0319;14
0320;18
0321;22
0322;18
0323;16
0324;27
0325;23
0326;29
0327;25
0328;21
0329;22
0330;21
0331;25
0401;24
0402;25
0403;17
0404;24
0405;24
0406;25
0407;21
0408;21
0409;19
0410;20
0411;20
0412;19
0413;17
0414;21
0415;14
0416;20
0417;17
0418;25
0419;22
0420;12
0421;15
0422;13
0423;15
0424;24
0425;23
0426;18
0427;22
0428;20
0429;21
0430;20
0501;12
0502;16
0503;24
0504;19
0505;14
0506;17
0507;24
0508;18
0509;13
0510;15
0511;20
0512;14
0513;20
0514;16
0515;19
0516;17
0517;16
0518;18
0519;22
0520;16
0521;22
0522;22
0523;15
0524;12
0525;19
0526;18
0527;21
0528;23
0529;14
0530;14
0531;21
0601;14
0602;25
0603;21
0604;19
0605;15
0606;12
0607;15
0608;16
0609;15
0610;22
0611;18
0612;16
0613;9
0614;15
0615;17
0616;18
0617;22
0618;19
0619;16
0620;16
0621;12
0622;15
0623;18
0624;14
0625;16
0626;25
0627;22
0628;22
0629;15
0630;22
0701;22
0702;23
0703;21
0704;16
0705;13
0706;14
0707;18
0708;16
0709;23
0710;18
0711;19
0712;18
0713;16
0714;21
0715;13
0716;21
0717;21
0718;16
0719;16
0720;30
0721;19
0722;14
0723;16
0724;23
0725;22
0726;20
0727;21
0728;30
0729;20
0730;21
0731;12
0801;15
0802;15
0803;15
0804;16
0805;16
0806;20
0807;18
0808;15
0809;22
0810;14
0811;10
0812;13
0813;16
0814;13
0815;14
0816;16
0817;24
0818;23
0819;13
0820;21
0821;14
0822;21
0823;21
0824;15
0825;18
0826;28
0827;17
0828;17
0829;17
0830;29
0831;22
0901;9
0902;17
0903;18
0904;24
0905;19
0906;12
0907;18
0908;17
0909;17
0910;20
0911;12
0912;15
0913;11
0914;12
0915;18
0916;16
0917;15
0918;13
0919;18
0920;17
0921;15
0922;23
0923;24
0924;24
0925;20
0926;21
0927;16
0928;19
0929;20
0930;24
1001;21
1002;24
1003;12
1004;14
1005;17
1006;18
1007;24
1008;22
1009;16
1010;20
1011;26
1012;17
1013;28
1014;25
1015;21
1016;19
1017;12
1018;11
1019;20
1020;30
1021;20
1022;11
1023;19
1024;17
1025;24
1026;21
1027;24
1028;15
1029;20
1030;15
1031;14
1101;15
1102;16
1103;19
1104;16
1105;27
1106;16
1107;19
1108;20
1109;15
1110;18
1111;15
1112;9
1113;25
1114;28
1115;24
1116;20
1117;29
1118;25
1119;30
1120;12
1121;15
1122;14
1123;23
1124;14
1125;17
1126;19
1127;19
1128;21
1129;22
1130;26
1201;26
1202;24
1203;21
1204;24
1205;30
1206;14
1207;30
1208;17
1209;24
1210;26
1211;22
1212;28
1213;17
1214;22
1215;27
1216;14
1217;25
1218;16
1219;23
1220;15
1221;20
1222;19
1223;18
1224;26
1225;24
1226;28
1227;20
1228;22
1229;25
1230;36
1231;33
