0101;34
0102;22
0103;29
0104;24
0105;27
0106;20
0107;41
0108;23
0109;24
0110;42
0111;32
0112;23
0113;19
0114;27
0115;20
0116;26
0117;26
0118;26
0119;30
0120;18
0121;17
0122;23
0123;25
0124;23
0125;20
0126;19
0127;21
0128;27
0129;21
0130;21
0131;22
0201;16
0202;22
0203;21
0204;26
0205;19
0206;26
0207;21
0208;29
0209;21
0210;16
0211;19
0212;25
0213;10
0214;14
0215;23
0216;20
0217;25
0218;16
0219;33
0220;19
0221;33
0222;31
0223;25
0224;21
0225;18
0226;17
0227;20
0228;29
0229;20
0301;23
0302;19
0303;31
0304;28
0305;18
0306;27
0307;23
0308;19
0309;23
0310;19
0311;19
0312;27
0313;17
0314;32
0315;24
0316;18
0317;28
0318;28
0319;20
0320;26
0321;20
0322;31
0323;21
0324;15
0325;25
0326;19
0327;30
0328;17
0329;23
0330;20
0331;22
0401;22
0402;24
0403;24
0404;27
0405;14
0406;25
0407;20
0408;23
0409;17
0410;25
0411;27
0412;17
0413;24
0414;24
0415;13
0416;32
0417;24
0418;23
0419;17
0420;18
0421;17
0422;24
0423;27
0424;20
0425;24
0426;16
0427;21
0428;24
0429;31
0430;19
0501;26
0502;21
0503;24
0504;21
0505;25
0506;18
0507;22
0508;24
0509;12
0510;28
0511;21
0512;17
0513;21
0514;29
0515;25
0516;27
0517;18
0518;19
0519;24
0520;17
0521;22
0522;15
0523;26
0524;22
0525;27
0526;11
0527;24
0528;29
0529;11
0530;19
0531;22
0601;24
0602;18
0603;24
0604;21
0605;18
0606;18
0607;12
0608;23
0609;23
0610;21
0611;31
0612;17
0613;20
0614;23
0615;17
0616;26
0617;21
0618;13
0619;24
0620;19
0621;16
0622;26
0623;28
0624;26
0625;19
0626;20
0627;16
0628;24
0629;18
0630;20
0701;21
0702;19
0703;14
0704;18
0705;21
0706;15
0707;16
0708;14
0709;19
0710;19
0711;21
0712;19
0713;15
0714;13
0715;17
0716;17
0717;23
0718;15
0719;24
0720;15
0721;13
0722;28
0723;15
0724;22
0725;21
0726;24
0727;18
0728;29
0729;26
0730;19
0731;17
0801;26
0802;18
0803;16
0804;18
0805;17
0806;24
0807;16
0808;13
0809;20
0810;14
0811;23
0812;17
0813;18
0814;20
0815;25
0816;13
0817;16
0818;20
0819;17
0820;25
0821;19
0822;18
0823;11
0824;19
0825;19
0826;11
0827;14
0828;24
0829;21
0830;24
0831;22
0901;17
0902;26
0903;15
0904;18
0905;25
0906;22
0907;12
0908;13
0909;25
0910;30
0911;24
0912;26
0913;17
0914;22
0915;18
0916;24
0917;20
0918;16
0919;22
0920;15
0921;18
0922;28
0923;23
0924;15
0925;20
0926;26
0927;23
0928;24
0929;16
0930;22
1001;20
1002;23
1003;19
1004;16
1005;28
1006;16
1007;23
1008;21
1009;21
1010;22
1011;19
1012;22
1013;30
1014;30
1015;23
1016;20
1017;22
1018;18
1019;22
1020;23
1021;17
1022;13
1023;17
1024;28
1025;28
1026;18
1027;20
1028;22
1029;24
1030;23
1031;16
1101;21
1102;21
1103;20
1104;23
1105;27
1106;26
1107;25
1108;17
1109;24
1110;13
1111;12
1112;33
1113;16
1114;27
1115;17
1116;17
1117;20
1118;28
1119;18
1120;21
1121;24
1122;21
1123;19
1124;23
1125;21
1126;19
1127;30
1128;23
1129;25
1130;17
1201;23
1202;16
1203;20
1204;25
1205;26
1206;21
1207;21
1208;20
1209;24
1210;16
1211;28
1212;24
1213;34
1214;17
1215;25
1216;22
1217;27
1218;19
1219;24
1220;28
1221;17
1222;33
1223;27
1224;29
1225;21
1226;30
1227;19
1228;27
1229;35
1230;36
1231;25
