0101;25
0102;19
0103;34
0104;22
0105;27
0106;16
0107;25
0108;25
0109;15
0110;23
0111;19
0112;21
0113;18
0114;17
0115;29
0116;18
0117;20
0118;19
0119;13
0120;17
0121;17
0122;16
0123;13
0124;13
0125;17
0126;19
0127;15
0128;25
0129;14
0130;19
0131;22
0201;32
0202;20
0203;25
0204;15
0205;20
0206;22
0207;11
0208;16
0209;8
0210;15
0211;18
0212;16
0213;14
0214;16
0215;19
0216;22
0217;18
0218;14
0219;14
0220;14
0221;18
0222;15
0223;12
0224;19
0225;19
0226;24
0227;18
0228;23
0229;15
0301;15
0302;6
0303;14
0304;13
0305;13
0306;18
0307;20
0308;20
0309;20
0310;15
0311;16
0312;13
0313;20
0314;14
0315;9
0316;12
0317;20
0318;16
0319;19
0320;18
0321;20
0322;16
0323;14
0324;11
0325;13
0326;25
0327;18
0328;12
0329;13
0330;8
0331;18
0401;20
0402;15
0403;14
0404;21
0405;17
0406;23
0407;14
0408;14
0409;17
0410;17
0411;19
0412;18
0413;15
0414;20
0415;17
0416;17
0417;18
0418;18
0419;21
0420;18
0421;16
0422;13
0423;13
0424;20
0425;10
0426;14
0427;23
0428;17
0429;17
0430;14
0501;23
0502;20
0503;15
0504;18
0505;11
0506;13
0507;24
0508;16
0509;25
0510;23
0511;14
0512;18
0513;20
0514;16
0515;14
0516;12
0517;7
0518;10
0519;12
0520;10
0521;19
0522;15
0523;26
0524;13
0525;11
0526;10
0527;20
0528;15
0529;18
0530;15
0531;9
0601;17
0602;19
0603;15
0604;16
0605;15
0606;15
0607;12
0608;12
0609;14
0610;23
0611;11
0612;11
0613;12
0614;14
0615;11
0616;16
0617;18
0618;13
0619;6
0620;19
0621;17
0622;20
0623;16
0624;7
0625;18
0626;10
0627;12
0628;19
0629;9
0630;12
0701;20
0702;16
0703;10
0704;9
0705;22
0706;19
0707;22
0708;9
0709;14
0710;13
0711;16
0712;12
0713;13
0714;13
0715;18
0716;20
0717;10
0718;18
0719;16
0720;15
0721;14
0722;17
0723;23
0724;14
0725;15
0726;17
0727;14
0728;25
0729;17
0730;16
0731;16
0801;19
0802;16
0803;20
0804;17
0805;12
0806;16
0807;11
0808;14
0809;13
0810;13
0811;8
0812;13
0813;18
0814;18
0815;10
0816;12
0817;13
0818;12
0819;13
0820;15
0821;9
0822;20
0823;15
0824;12
0825;21
0826;11
0827;18
0828;12
0829;20
0830;11
0831;11
0901;15
0902;17
0903;10
0904;20
0905;14
0906;15
0907;14
0908;11
0909;18
0910;19
0911;25
0912;17
0913;19
0914;16
0915;14
0916;15
0917;12
0918;15
0919;14
0920;10
0921;6
0922;16
0923;13
0924;21
0925;13
0926;18
0927;19
0928;15
0929;21
0930;23
1001;19
1002;13
1003;12
1004;12
1005;21
1006;14
1007;18
1008;14
1009;14
1010;20
1011;15
1012;14
1013;12
1014;17
1015;6
1016;11
1017;11
1018;13
1019;14
1020;12
1021;19
1022;15
1023;11
1024;20
1025;18
1026;11
1027;17
1028;20
1029;19
1030;13
1031;17
1101;18
1102;9
1103;10
1104;24
1105;20
1106;6
1107;22
1108;20
1109;14
1110;10
1111;12
1112;18
1113;14
1114;14
1115;15
1116;14
1117;16
1118;12
1119;13
1120;11
1121;19
1122;22
1123;12
1124;16
1125;18
1126;9
1127;16
1128;14
1129;15
1130;11
1201;15
1202;14
1203;15
1204;14
1205;14
1206;23
1207;12
1208;16
1209;15
1210;13
1211;17
1212;20
1213;21
1214;18
1215;18
1216;15
1217;11
1218;22
1219;18
1220;21
1221;19
1222;20
1223;16
1224;17
1225;24
1226;22
1227;23
1228;14
1229;18
1230;20
1231;18
