0101;13
0102;20
0103;23
0104;17
0105;18
0106;22
0107;14
0108;20
0109;19
0110;15
0111;16
0112;22
0113;14
0114;20
0115;20
0116;7
0117;17
0118;17
0119;12
0120;16
0121;18
0122;15
0123;13
0124;17
0125;16
0126;15
0127;24
0128;11
0129;10
0130;20
0131;18
0201;15
0202;11
0203;10
0204;24
0205;16
0206;25
0207;18
0208;11
0209;23
0210;12
0211;16
0212;10
0213;16
0214;12
0215;14
0216;17
0217;23
0218;11
0219;17
0220;13
0221;11
0222;20
0223;12
0224;21
0225;14
0226;7
0227;15
0228;13
0229;12
0301;16
0302;18
0303;18
0304;17
0305;19
0306;6
0307;16
0308;14
0309;7
0310;21
0311;13
0312;23
0313;17
0314;22
0315;20
0316;16
0317;23
0318;16
0319;12
0320;14
0321;17
0322;11
0323;13
0324;17
0325;9
0326;18
0327;19
0328;16
0329;15
0330;12
0331;17
0401;14
0402;24
0403;10
0404;15
0405;13
0406;16
0407;15
0408;10
0409;14
0410;15
0411;20
0412;12
0413;16
0414;16
0415;17
0416;11
0417;23
0418;12
0419;13
0420;19
0421;19
0422;20
0423;11
0424;17
0425;13
0426;9
0427;13
0428;18
0429;21
0430;18
0501;19
0502;11
0503;11
0504;13
0505;16
0506;16
0507;11
0508;11
0509;18
0510;15
0511;15
0512;6
0513;18
0514;7
0515;12
0516;7
0517;11
0518;9
0519;10
0520;14
0521;20
0522;13
0523;16
0524;14
0525;14
0526;12
0527;19
0528;13
0529;18
0530;8
0531;14
0601;9
0602;19
0603;19
0604;9
0605;17
0606;10
0607;8
0608;9
0609;10
0610;16
0611;14
0612;6
0613;11
0614;7
0615;15
0616;11
0617;18
0618;16
0619;13
0620;9
0621;18
0622;17
0623;23
0624;15
0625;12
0626;9
0627;20
0628;17
0629;9
0630;10
0701;12
0702;13
0703;16
0704;10
0705;13
0706;10
0707;11
0708;13
0709;9
0710;16
0711;15
0712;13
0713;11
0714;14
0715;10
0716;13
0717;12
0718;17
0719;20
0720;14
0721;12
0722;12
0723;10
0724;12
0725;15
0726;15
0727;10
0728;16
0729;17
0730;11
0731;19
0801;15
0802;13
0803;15
0804;15
0805;13
0806;15
0807;16
0808;14
0809;19
0810;10
0811;16
0812;15
0813;9
0814;10
0815;16
0816;14
0817;14
0818;8
0819;12
0820;9
0821;13
0822;12
0823;14
0824;11
0825;15
0826;14
0827;12
0828;16
0829;12
0830;19
0831;16
0901;13
0902;12
0903;14
0904;3
0905;18
0906;9
0907;12
0908;10
0909;15
0910;16
0911;17
0912;9
0913;14
0914;19
0915;17
0916;12
0917;10
0918;11
0919;14
0920;17
0921;18
0922;18
0923;14
0924;12
0925;10
0926;15
0927;21
0928;17
0929;14
0930;13
1001;22
1002;15
1003;14
1004;11
1005;15
1006;23
1007;17
1008;17
1009;18
1010;14
1011;12
1012;8
1013;11
1014;13
1015;18
1016;15
1017;16
1018;16
1019;20
1020;18
1021;13
1022;14
1023;13
1024;11
1025;10
1026;20
1027;16
1028;12
1029;9
1030;13
1031;12
1101;19
1102;11
1103;12
1104;13
1105;8
1106;18
1107;12
1108;19
1109;10
1110;16
1111;11
1112;13
1113;11
1114;10
1115;10
1116;14
1117;14
1118;11
1119;17
1120;12
1121;15
1122;11
1123;15
1124;10
1125;13
1126;9
1127;17
1128;9
1129;16
1130;13
1201;15
1202;13
1203;14
1204;13
1205;17
1206;20
1207;18
1208;13
1209;10
1210;19
1211;14
1212;9
1213;12
1214;19
1215;15
1216;13
1217;13
1218;16
1219;14
1220;23
1221;18
1222;15
1223;14
1224;15
1225;20
1226;12
1227;25
1228;16
1229;16
1230;18
1231;23
