0101;11
0102;14
0103;20
0104;17
0105;15
0106;12
0107;9
0108;12
0109;11
0110;13
0111;13
0112;19
0113;16
0114;14
0115;14
0116;13
0117;14
0118;8
0119;10
0120;10
0121;12
0122;10
0123;12
0124;7
0125;17
0126;7
0127;8
0128;14
0129;8
0130;18
0131;17
0201;8
0202;10
0203;14
0204;11
0205;12
0206;12
0207;13
0208;10
0209;14
0210;13
0211;6
0212;16
0213;13
0214;14
0215;7
0216;7
0217;6
0218;6
0219;17
0220;10
0221;8
0222;11
0223;12
0224;5
0225;15
0226;13
0227;20
0228;13
0229;11
0301;10
0302;9
0303;9
0304;13
0305;9
0306;7
0307;12
0308;6
0309;13
0310;11
0311;13
0312;16
0313;11
0314;5
0315;11
0316;12
0317;8
0318;16
0319;12
0320;7
0321;10
0322;11
0323;6
0324;11
0325;10
0326;9
0327;14
0328;9
0329;11
0330;10
0331;8
0401;10
0402;10
0403;11
0404;9
0405;13
0406;12
0407;17
0408;12
0409;12
0410;10
0411;14
0412;13
0413;10
0414;9
0415;13
0416;7
0417;16
0418;19
0419;9
0420;14
0421;13
0422;13
0423;10
0424;3
0425;7
0426;12
0427;10
0428;10
0429;7
0430;12
0501;13
0502;5
0503;10
0504;9
0505;12
0506;15
0507;11
0508;10
0509;10
0510;12
0511;15
0512;15
0513;10
0514;11
0515;8
0516;10
0517;4
0518;8
0519;10
0520;4
0521;10
0522;8
0523;6
0524;11
0525;14
0526;12
0527;10
0528;14
0529;11
0530;10
0531;6
0601;8
0602;9
0603;9
0604;9
0605;13
0606;7
0607;4
0608;6
0609;10
0610;11
0611;7
0612;14
0613;14
0614;11
0615;8
0616;6
0617;9
0618;8
0619;7
0620;9
0621;10
0622;9
0623;7
0624;8
0625;5
0626;9
0627;6
0628;8
0629;10
0630;8
0701;8
0702;9
0703;11
0704;13
0705;8
0706;8
0707;8
0708;9
0709;15
0710;7
0711;9
0712;10
0713;8
0714;9
0715;6
0716;13
0717;7
0718;6
0719;3
0720;10
0721;7
0722;7
0723;10
0724;12
0725;6
0726;12
0727;10
0728;11
0729;12
0730;14
0731;8
0801;9
0802;8
0803;8
0804;5
0805;8
0806;10
0807;14
0808;7
0809;4
0810;19
0811;10
0812;7
0813;11
0814;6
0815;9
0816;10
0817;4
0818;12
0819;10
0820;13
0821;11
0822;14
0823;6
0824;15
0825;10
0826;11
0827;10
0828;11
0829;12
0830;14
0831;6
0901;10
0902;8
0903;9
0904;15
0905;6
0906;9
0907;5
0908;7
0909;8
0910;8
0911;13
0912;16
0913;6
0914;5
0915;8
0916;12
0917;13
0918;9
0919;9
0920;12
0921;9
0922;12
0923;9
0924;6
0925;6
0926;11
0927;6
0928;3
0929;14
0930;10
1001;10
1002;15
1003;7
1004;10
1005;12
1006;17
1007;7
1008;11
1009;8
1010;11
1011;13
1012;11
1013;10
1014;13
1015;6
1016;7
1017;8
1018;7
1019;7
1020;10
1021;11
1022;15
1023;7
1024;5
1025;12
1026;10
1027;6
1028;12
1029;13
1030;8
1031;9
1101;8
1102;10
1103;9
1104;10
1105;6
1106;7
1107;5
1108;7
1109;9
1110;11
1111;15
1112;8
1113;19
1114;11
1115;5
1116;8
1117;7
1118;8
1119;10
1120;6
1121;4
1122;11
1123;9
1124;9
1125;7
1126;9
1127;13
1128;12
1129;12
1130;11
1201;8
1202;3
1203;9
1204;4
1205;15
1206;8
1207;13
1208;9
1209;5
1210;12
1211;13
1212;9
1213;12
1214;17
1215;8
1216;7
1217;12
1218;12
1219;15
1220;12
1221;9
1222;6
1223;11
1224;17
1225;13
1226;12
1227;18
1228;14
1229;11
1230;11
1231;14
