0101;23
0102;34
0103;29
0104;32
0105;21
0106;26
0107;21
0108;24
0109;20
0110;18
0111;23
0112;19
0113;16
0114;24
0115;19
0116;31
0117;23
0118;31
0119;24
0120;27
0121;24
0122;26
0123;23
0124;25
0125;25
0126;22
0127;28
0128;19
0129;24
0130;31
0131;34
0201;23
0202;13
0203;17
0204;16
0205;24
0206;19
0207;21
0208;28
0209;26
0210;17
0211;19
0212;27
0213;32
0214;20
0215;25
0216;21
0217;19
0218;28
0219;24
0220;17
0221;31
0222;21
0223;17
0224;23
0225;23
0226;13
0227;30
0228;17
0229;20
0301;24
0302;18
0303;25
0304;14
0305;16
0306;17
0307;20
0308;19
0309;21
0310;25
0311;27
0312;16
0313;23
0314;25
0315;24
0316;20
0317;24
0318;16
0319;28
0320;29
0321;18
0322;23
0323;23
0324;21
0325;24
0326;32
0327;18
0328;14
0329;27
0330;22
0331;26
0401;22
0402;16
0403;18
0404;22
0405;16
0406;26
0407;25
0408;15
0409;26
0410;16
0411;22
0412;18
0413;20
0414;18
0415;23
0416;25
0417;13
0418;31
0419;19
0420;31
0421;25
0422;22
0423;27
0424;26
0425;22
0426;21
0427;14
0428;22
0429;17
0430;18
0501;33
0502;23
0503;16
0504;22
0505;27
0506;14
0507;26
0508;16
0509;27
0510;12
0511;22
0512;11
0513;23
0514;17
0515;13
0516;20
0517;19
0518;14
0519;12
0520;20
0521;18
0522;16
0523;14
0524;27
0525;20
0526;22
0527;17
0528;14
0529;22
0530;19
0531;16
0601;16
0602;23
0603;21
0604;13
0605;16
0606;17
0607;14
0608;17
0609;23
0610;28
0611;12
0612;22
0613;25
0614;26
0615;19
0616;19
0617;22
0618;23
0619;15
0620;16
0621;16
0622;21
0623;20
0624;22
0625;23
0626;12
0627;22
0628;18
0629;26
0630;16
0701;14
0702;14
0703;14
0704;16
0705;19
0706;12
0707;12
0708;20
0709;18
0710;31
0711;23
0712;17
0713;13
0714;18
0715;13
0716;18
0717;18
0718;23
0719;23
0720;17
0721;16
0722;12
0723;16
0724;12
0725;22
0726;33
0727;20
0728;20
0729;22
0730;26
0731;13
0801;19
0802;15
0803;22
0804;15
0805;10
0806;15
0807;16
0808;13
0809;16
0810;12
0811;15
0812;20
0813;12
0814;9
0815;19
0816;14
0817;12
0818;12
0819;16
0820;14
0821;11
0822;21
0823;19
0824;12
0825;14
0826;9
0827;19
0828;14
0829;18
0830;19
0831;25
0901;18
0902;29
0903;19
0904;23
0905;15
0906;22
0907;14
0908;18
0909;26
0910;22
0911;24
0912;22
0913;25
0914;13
0915;17
0916;24
0917;18
0918;20
0919;19
0920;15
0921;19
0922;15
0923;23
0924;17
0925;13
0926;20
0927;21
0928;15
0929;16
0930;27
1001;24
1002;11
1003;25
1004;19
1005;21
1006;19
1007;19
1008;19
1009;22
1010;22
1011;20
1012;16
1013;27
1014;22
1015;22
1016;21
1017;19
1018;16
1019;13
1020;25
1021;25
1022;20
1023;18
1024;17
1025;22
1026;19
1027;18
1028;15
1029;19
1030;22
1031;18
1101;13
1102;22
1103;8
1104;21
1105;22
1106;24
1107;16
1108;16
1109;21
1110;18
1111;24
1112;19
1113;23
1114;16
1115;19
1116;13
1117;21
1118;26
1119;23
1120;30
1121;20
1122;21
1123;26
1124;16
1125;19
1126;28
1127;27
1128;17
1129;33
1130;17
1201;18
1202;22
1203;19
1204;25
1205;27
1206;26
1207;17
1208;17
1209;14
1210;24
1211;28
1212;25
1213;18
1214;16
1215;20
1216;26
1217;24
1218;23
1219;20
1220;25
1221;24
1222;15
1223;16
1224;26
1225;23
1226;18
1227;22
1228;37
1229;29
1230;17
1231;30
