0101;30
0102;31
0103;26
0104;29
0105;30
0106;41
0107;26
0108;22
0109;30
0110;18
0111;30
0112;31
0113;28
0114;22
0115;25
0116;30
0117;32
0118;21
0119;23
0120;29
0121;19
0122;22
0123;21
0124;20
0125;23
0126;22
0127;22
0128;23
0129;20
0130;17
0131;17
0201;18
0202;23
0203;21
0204;27
0205;35
0206;33
0207;28
0208;16
0209;26
0210;25
0211;30
0212;28
0213;28
0214;17
0215;24
0216;24
0217;26
0218;22
0219;23
0220;18
0221;32
0222;23
0223;21
0224;25
0225;26
0226;16
0227;26
0228;23
0229;19
0301;18
0302;27
0303;17
0304;16
0305;23
0306;23
0307;29
0308;23
0309;18
0310;19
0311;29
0312;27
0313;25
0314;27
0315;32
0316;15
0317;21
0318;24
0319;22
0320;28
0321;28
0322;21
0323;23
0324;22
0325;19
0326;26
0327;14
0328;22
0329;22
0330;20
0331;29
0401;35
0402;28
0403;26
0404;19
0405;26
0406;15
0407;26
0408;20
0409;20
0410;22
0411;23
0412;23
0413;22
0414;21
0415;21
0416;23
0417;23
0418;23
0419;36
0420;32
0421;22
0422;28
0423;22
0424;25
0425;21
0426;23
0427;18
0428;34
0429;20
0430;24
0501;16
0502;19
0503;26
0504;11
0505;20
0506;31
0507;23
0508;24
0509;25
0510;23
0511;27
0512;23
0513;23
0514;29
0515;17
0516;26
0517;24
0518;13
0519;21
0520;19
0521;20
0522;23
0523;20
0524;16
0525;16
0526;22
0527;27
0528;22
0529;18
0530;20
0531;28
0601;19
0602;34
0603;19
0604;19
0605;23
0606;23
0607;22
0608;17
0609;28
0610;25
0611;17
0612;24
0613;18
0614;26
0615;19
0616;19
0617;16
0618;19
0619;15
0620;19
0621;22
0622;29
0623;34
0624;24
0625;22
0626;21
0627;22
0628;13
0629;18
0630;31
0701;26
0702;21
0703;26
0704;17
0705;30
0706;24
0707;30
0708;13
0709;23
0710;18
0711;21
0712;25
0713;25
0714;19
0715;32
0716;10
0717;18
0718;15
0719;15
0720;16
0721;27
0722;15
0723;19
0724;28
0725;33
0726;27
0727;15
0728;28
0729;19
0730;21
0731;28
0801;18
0802;15
0803;26
0804;19
0805;21
0806;12
0807;20
0808;16
0809;19
0810;18
0811;16
0812;17
0813;17
0814;14
0815;19
0816;14
0817;10
0818;26
0819;24
0820;11
0821;17
0822;12
0823;13
0824;19
0825;32
0826;14
0827;23
0828;18
0829;25
0830;21
0831;22
0901;17
0902;23
0903;14
0904;17
0905;17
0906;25
0907;16
0908;19
0909;27
0910;17
0911;20
0912;15
0913;23
0914;22
0915;23
0916;18
0917;32
0918;26
0919;34
0920;24
0921;31
0922;25
0923;21
0924;25
0925;19
0926;17
0927;15
0928;23
0929;31
0930;22
1001;20
1002;16
1003;15
1004;23
1005;26
1006;27
1007;25
1008;30
1009;23
1010;28
1011;30
1012;31
1013;25
1014;16
1015;18
1016;26
1017;15
1018;22
1019;20
1020;22
1021;24
1022;16
1023;23
1024;17
1025;23
1026;28
1027;28
1028;20
1029;21
1030;34
1031;26
1101;19
1102;25
1103;23
1104;26
1105;22
1106;22
1107;25
1108;22
1109;15
1110;22
1111;28
1112;31
1113;16
1114;21
1115;29
1116;15
1117;27
1118;22
1119;27
1120;19
1121;26
1122;17
1123;29
1124;20
1125;17
1126;19
1127;28
1128;17
1129;18
1130;16
1201;33
1202;30
1203;20
1204;26
1205;21
1206;21
1207;30
1208;34
1209;23
1210;30
1211;33
1212;32
1213;30
1214;23
1215;18
1216;26
1217;20
1218;26
1219;32
1220;29
1221;25
1222;34
1223;26
1224;27
1225;29
1226;24
1227;25
1228;24
1229;27
1230;29
1231;24
