0101;4
0102;8
0103;7
0104;13
0105;6
0106;9
0107;10
0108;5
0109;6
0110;9
0111;7
0112;9
0113;4
0114;8
0115;8
0116;9
0117;7
0118;10
0119;9
0120;6
0121;7
0122;5
0123;6
0124;8
0125;8
0126;18
0127;4
0128;10
0129;5
0130;8
0131;3
0201;6
0202;9
0203;7
0204;8
0205;4
0206;11
0207;8
0208;4
0209;11
0210;7
0211;6
0212;8
0213;14
0214;12
0215;9
0216;8
0217;7
0218;7
0219;7
0220;13
0221;7
0222;7
0223;8
0224;8
0225;9
0226;9
0227;6
0228;7
0229;7
0301;13
0302;6
0303;10
0304;7
0305;9
0306;9
0307;11
0308;6
0309;4
0310;9
0311;7
0312;6
0313;6
0314;11
0315;10
0316;7
0317;8
0318;17
0319;8
0320;5
0321;5
0322;8
0323;8
0324;5
0325;7
0326;6
0327;5
0328;4
0329;8
0330;6
0331;15
0401;11
0402;8
0403;9
0404;11
0405;9
0406;9
0407;7
0408;3
0409;6
0410;6
0411;7
0412;11
0413;4
0414;7
0415;7
0416;3
0417;13
0418;4
0419;5
0420;7
0421;8
0422;7
0423;10
0424;12
0425;7
0426;5
0427;5
0428;10
0429;11
0430;6
0501;4
0502;10
0503;8
0504;6
0505;5
0506;9
0507;9
0508;8
0509;8
0510;7
0511;5
0512;4
0513;3
0514;8
0515;6
0516;7
0517;3
0518;4
0519;10
0520;9
0521;5
0522;7
0523;5
0524;7
0525;8
0526;7
0527;9
0528;5
0529;3
0530;10
0531;3
0601;5
0602;7
0603;4
0604;8
0605;8
0606;12
0607;2
0608;11
0609;2
0610;9
0611;7
0612;8
0613;8
0614;4
0615;10
0616;11
0617;7
0618;9
0619;7
0620;7
0621;11
0622;6
0623;8
0624;6
0625;13
0626;5
0627;3
0628;2
0629;13
0630;7
0701;8
0702;2
0703;7
0704;5
0705;12
0706;14
0707;10
0708;1
0709;4
0710;9
0711;5
0712;6
0713;6
0714;7
0715;4
0716;9
0717;8
0718;12
0719;6
0720;12
0721;5
0722;7
0723;10
0724;5
0725;6
0726;8
0727;5
0728;9
0729;5
0730;6
0731;9
0801;7
0802;5
0803;8
0804;10
0805;15
0806;15
0807;7
0808;6
0809;13
0810;9
0811;8
0812;13
0813;9
0814;9
0815;5
0816;8
0817;5
0818;9
0819;15
0820;9
0821;7
0822;13
0823;9
0824;8
0825;3
0826;11
0827;11
0828;7
0829;7
0830;5
0831;5
0901;12
0902;6
0903;10
0904;7
0905;4
0906;10
0907;10
0908;7
0909;7
0910;3
0911;10
0912;6
0913;6
0914;3
0915;5
0916;6
0917;7
0918;13
0919;8
0920;10
0921;6
0922;9
0923;8
0924;9
0925;14
0926;4
0927;7
0928;5
0929;4
0930;6
1001;6
1002;9
1003;9
1004;12
1005;4
1006;11
1007;10
1008;8
1009;9
1010;11
1011;8
1012;5
1013;10
1014;3
1015;9
1016;5
1017;4
1018;8
1019;7
1020;8
1021;11
1022;10
1023;11
1024;9
1025;1
1026;5
1027;11
1028;5
1029;11
1030;7
1031;6
1101;6
1102;8
1103;11
1104;12
1105;5
1106;9
1107;8
1108;10
1109;6
1110;13
1111;14
1112;8
1113;6
1114;11
1115;2
1116;3
1117;11
1118;12
1119;6
1120;8
1121;6
1122;13
1123;2
1124;7
1125;6
1126;5
1127;6
1128;13
1129;7
1130;3
1201;10
1202;8
1203;7
1204;3
1205;8
1206;7
1207;9
1208;4
1209;5
1210;9
1211;7
1212;5
1213;5
1214;5
1215;4
1216;8
1217;4
1218;14
1219;5
1220;6
1221;5
1222;14
1223;10
1224;8
1225;3
1226;9
1227;8
1228;4
1229;9
1230;5
1231;5
