0101;15
0102;9
0103;12
0104;10
0105;2
0106;4
0107;10
0108;11
0109;14
0110;6
0111;8
0112;7
0113;12
0114;2
0115;10
0116;9
0117;10
0118;10
0119;11
0120;8
0121;8
0122;7
0123;7
0124;8
0125;6
0126;5
0127;8
0128;14
0129;9
0130;8
0131;11
0201;4
0202;8
0203;7
0204;10
0205;4
0206;7
0207;8
0208;7
0209;8
0210;9
0211;8
0212;10
0213;6
0214;10
0215;7
0216;7
0217;3
0218;7
0219;7
0220;14
0221;4
0222;5
0223;7
0224;8
0225;5
0226;9
0227;8
0228;3
0229;13
0301;11
0302;5
0303;8
0304;9
0305;15
0306;9
0307;5
0308;14
0309;10
0310;6
0311;7
0312;9
0313;6
0314;10
0315;9
0316;9
0317;12
0318;10
0319;4
0320;6
0321;8
0322;9
0323;6
0324;11
0325;8
0326;9
0327;10
0328;4
0329;11
0330;11
0331;4
0401;8
0402;7
0403;2
0404;5
0405;9
0406;7
0407;6
0408;5
0409;7
0410;6
0411;7
0412;8
0413;6
0414;13
0415;10
0416;8
0417;4
0418;15
0419;11
0420;4
0421;7
0422;12
0423;10
0424;6
0425;9
0426;5
0427;5
0428;4
0429;5
0430;9
0501;7
0502;4
0503;3
0504;7
0505;5
0506;5
0507;6
0508;4
0509;6
0510;8
0511;10
0512;9
0513;4
0514;8
0515;11
0516;17
0517;13
0518;11
0519;7
0520;10
0521;9
0522;11
0523;7
0524;8
0525;7
0526;9
0527;12
0528;6
0529;6
0530;10
0531;3
0601;9
0602;7
0603;4
0604;7
0605;13
0606;3
0607;3
0608;12
0609;8
0610;10
0611;6
0612;7
0613;3
0614;8
0615;9
0616;13
0617;11
0618;7
0619;10
0620;3
0621;6
0622;7
0623;7
0624;5
0625;6
0626;5
0627;11
0628;9
0629;9
0630;5
0701;15
0702;9
0703;7
0704;8
0705;10
0706;9
0707;6
0708;10
0709;9
0710;8
0711;11
0712;8
0713;11
0714;7
0715;10
0716;9
0717;9
0718;9
0719;8
0720;9
0721;13
0722;8
0723;11
0724;10
0725;9
0726;9
0727;4
0728;13
0729;6
0730;6
0731;6
0801;12
0802;10
0803;8
0804;7
0805;10
0806;9
0807;8
0808;11
0809;8
0810;13
0811;5
0812;9
0813;7
0814;5
0815;13
0816;12
0817;9
0818;9
0819;9
0820;8
0821;7
0822;2
0823;7
0824;8
0825;10
0826;9
0827;8
0828;10
0829;8
0830;10
0831;4
0901;4
0902;8
0903;12
0904;4
0905;11
0906;11
0907;5
0908;5
0909;5
0910;12
0911;9
0912;6
0913;4
0914;9
0915;4
0916;5
0917;5
0918;8
0919;6
0920;6
0921;9
0922;7
0923;10
0924;10
0925;8
0926;6
0927;8
0928;10
0929;8
0930;7
1001;7
1002;8
1003;6
1004;5
1005;12
1006;9
1007;6
1008;6
1009;4
1010;11
1011;5
1012;8
1013;8
1014;5
1015;4
1016;9
1017;3
1018;11
1019;9
1020;13
1021;8
1022;10
1023;5
1024;6
1025;7
1026;10
1027;6
1028;9
1029;8
1030;7
1031;7
1101;12
1102;6
1103;16
1104;4
1105;5
1106;6
1107;7
1108;7
1109;6
1110;9
1111;10
1112;10
1113;9
1114;8
1115;4
1116;5
1117;5
1118;9
1119;8
1120;3
1121;5
1122;3
1123;5
1124;8
1125;7
1126;8
1127;6
1128;7
1129;9
1130;8
1201;7
1202;4
1203;6
1204;7
1205;5
1206;6
1207;7
1208;8
1209;10
1210;3
1211;12
1212;8
1213;10
1214;9
1215;9
1216;9
1217;4
1218;2
1219;4
1220;6
1221;5
1222;9
1223;6
1224;9
1225;7
1226;9
1227;8
1228;4
1229;10
1230;1
1231;1
