0101;10
0102;12
0103;15
0104;15
0105;15
0106;12
0107;13
0108;23
0109;12
0110;12
0111;9
0112;11
0113;20
0114;16
0115;10
0116;8
0117;19
0118;20
0119;12
0120;20
0121;14
0122;16
0123;10
0124;6
0125;16
0126;17
0127;16
0128;14
0129;13
0130;17
0131;8
0201;11
0202;10
0203;15
0204;19
0205;15
0206;18
0207;14
0208;13
0209;16
0210;16
0211;15
0212;16
0213;16
0214;15
0215;15
0216;11
0217;15
0218;14
0219;10
0220;17
0221;16
0222;13
0223;12
0224;7
0225;16
0226;15
0227;18
0228;9
0301;13
0302;11
0303;12
0304;14
0305;14
0306;16
0307;12
0308;15
0309;11
0310;15
0311;10
0312;3
0313;11
0314;10
0315;20
0316;15
0317;14
0318;15
0319;8
0320;13
0321;12
0322;12
0323;11
0324;15
0325;9
0326;17
0327;12
0328;13
0329;9
0330;8
0331;18
0401;12
0402;11
0403;14
0404;11
0405;8
0406;6
0407;12
0408;16
0409;10
0410;18
0411;11
0412;14
0413;10
0414;13
0415;13
0416;11
0417;17
0418;11
0419;14
0420;18
0421;7
0422;11
0423;12
0424;6
0425;11
0426;11
0427;10
0428;15
0429;11
0430;11
0501;10
0502;12
0503;13
0504;14
0505;9
0506;16
0507;11
0508;9
0509;10
0510;13
0511;13
0512;15
0513;10
0514;10
0515;14
0516;7
0517;15
0518;13
0519;19
0520;17
0521;8
0522;13
0523;14
0524;15
0525;13
0526;12
0527;15
0528;5
0529;11
0530;15
0531;10
0601;14
0602;13
0603;8
0604;13
0605;22
0606;16
0607;11
0608;14
0609;6
0610;17
0611;8
0612;18
0613;17
0614;17
0615;13
0616;16
0617;19
0618;12
0619;7
0620;7
0621;7
0622;10
0623;16
0624;14
0625;15
0626;10
0627;10
0628;11
0629;10
0630;12
0701;8
0702;12
0703;16
0704;12
0705;10
0706;8
0707;9
0708;7
0709;9
0710;5
0711;9
0712;14
0713;15
0714;19
0715;16
0716;17
0717;14
0718;13
0719;15
0720;15
0721;7
0722;11
0723;16
0724;9
0725;14
0726;14
0727;14
0728;7
0729;8
0730;10
0731;12
0801;9
0802;14
0803;9
0804;9
0805;15
0806;17
0807;22
0808;25
0809;20
0810;33
0811;35
0812;29
0813;26
0814;23
0815;21
0816;12
0817;19
0818;15
0819;18
0820;8
0821;13
0822;7
0823;12
0824;12
0825;14
0826;13
0827;15
0828;5
0829;10
0830;6
0831;16
0901;15
0902;15
0903;18
0904;9
0905;12
0906;11
0907;12
0908;11
0909;17
0910;13
0911;14
0912;6
0913;10
0914;13
0915;15
0916;13
0917;12
0918;7
0919;13
0920;14
0921;15
0922;10
0923;8
0924;8
0925;10
0926;6
0927;12
0928;10
0929;10
0930;11
1001;10
1002;8
1003;12
1004;16
1005;10
1006;12
1007;5
1008;7
1009;13
1010;11
1011;13
1012;17
1013;9
1014;12
1015;11
1016;10
1017;6
1018;9
1019;8
1020;7
1021;7
1022;11
1023;13
1024;11
1025;8
1026;7
1027;8
1028;12
1029;15
1030;16
1031;15
1101;21
1102;6
1103;12
1104;17
1105;10
1106;10
1107;14
1108;15
1109;17
1110;12
1111;10
1112;14
1113;13
1114;11
1115;13
1116;15
1117;10
1118;12
1119;15
1120;13
1121;6
1122;19
1123;20
1124;15
1125;13
1126;9
1127;4
1128;12
1129;8
1130;9
1201;12
1202;11
1203;13
1204;13
1205;9
1206;16
1207;12
1208;12
1209;19
1210;19
1211;13
1212;15
1213;19
1214;8
1215;18
1216;12
1217;11
1218;13
1219;16
1220;10
1221;7
1222;17
1223;19
1224;15
1225;16
1226;19
1227;13
1228;17
1229;5
1230;16
1231;13
