0101;13
0102;9
0103;5
0104;11
0105;3
0106;13
0107;7
0108;6
0109;5
0110;6
0111;5
0112;10
0113;9
0114;5
0115;8
0116;9
0117;7
0118;14
0119;10
0120;9
0121;10
0122;6
0123;7
0124;8
0125;14
0126;4
0127;11
0128;13
0129;9
0130;13
0131;5
0201;3
0202;9
0203;7
0204;7
0205;13
0206;5
0207;7
0208;11
0209;6
0210;6
0211;10
0212;2
0213;10
0214;6
0215;5
0216;4
0217;13
0218;10
0219;7
0220;11
0221;8
0222;9
0223;10
0224;13
0225;5
0226;5
0227;7
0228;1
0301;12
0302;9
0303;4
0304;8
0305;10
0306;4
0307;9
0308;7
0309;10
0310;10
0311;6
0312;11
0313;4
0314;12
0315;10
0316;9
0317;4
0318;4
0319;9
0320;9
0321;7
0322;5
0323;10
0324;6
0325;12
0326;4
0327;5
0328;5
0329;6
0330;10
0331;9
0401;5
0402;9
0403;5
0404;10
0405;6
0406;5
0407;5
0408;6
0409;9
0410;5
0411;9
0412;10
0413;8
0414;9
0415;5
0416;3
0417;6
0418;10
0419;9
0420;6
0421;8
0422;11
0423;9
0424;8
0425;10
0426;8
0427;1
0428;11
0429;4
0430;12
0501;9
0502;11
0503;3
0504;8
0505;10
0506;5
0507;2
0508;11
0509;4
0510;7
0511;9
0512;10
0513;4
0514;5
0515;7
0516;2
0517;13
0518;11
0519;4
0520;6
0521;8
0522;3
0523;10
0524;10
0525;7
0526;8
0527;5
0528;12
0529;6
0530;4
0531;8
0601;10
0602;12
0603;11
0604;10
0605;6
0606;4
0607;5
0608;6
0609;8
0610;11
0611;4
0612;9
0613;7
0614;11
0615;5
0616;6
0617;7
0618;9
0619;7
0620;4
0621;9
0622;3
0623;9
0624;2
0625;6
0626;12
0627;6
0628;5
0629;5
0630;9
0701;2
0702;4
0703;4
0704;2
0705;8
0706;3
0707;6
0708;7
0709;8
0710;7
0711;6
0712;10
0713;7
0714;6
0715;12
0716;7
0717;9
0718;6
0719;7
0720;6
0721;9
0722;3
0723;7
0724;6
0725;7
0726;10
0727;14
0728;6
0729;4
0730;6
0801;10
0802;6
0803;5
0804;7
0805;9
0806;12
0807;12
0808;20
0809;24
0810;23
0811;15
0812;24
0813;18
0814;17
0815;11
0816;11
0817;4
0818;9
0819;6
0820;4
0821;9
0822;4
0823;7
0824;4
0825;5
0826;8
0827;10
0828;7
0829;10
0830;9
0831;4
0901;8
0902;8
0903;6
0904;9
0905;9
0906;12
0907;8
0908;8
0909;11
0910;4
0911;6
0912;4
0913;6
0914;7
0915;3
0916;17
0917;8
0918;8
0919;7
0920;10
0921;6
0922;14
0923;6
0924;11
0925;5
0926;7
0927;12
0928;5
0929;6
0930;7
1001;8
1002;10
1003;8
1004;5
1005;4
1006;4
1007;9
1008;4
1009;17
1010;13
1011;4
1012;6
1013;8
1014;5
1015;3
1016;2
1017;5
1018;9
1019;9
1020;7
1021;9
1022;3
1023;5
1024;11
1025;3
1026;1
1027;2
1028;6
1029;5
1030;12
1031;6
1101;6
1102;5
1103;7
1104;7
1105;9
1106;4
1107;5
1108;12
1109;7
1110;8
1111;5
1112;14
1113;3
1114;5
1115;5
1116;6
1117;6
1118;7
1119;8
1120;7
1121;7
1122;9
1123;9
1124;2
1125;7
1126;6
1127;8
1128;5
1129;10
1130;6
1201;4
1202;4
1203;11
1204;6
1205;3
1206;9
1207;5
1208;6
1209;9
1210;12
1211;14
1212;9
1213;11
1214;5
1215;6
1216;10
1217;9
1218;9
1219;9
1220;7
1221;14
1222;9
1223;6
1224;9
1225;8
1226;7
1227;6
1228;13
1229;8
1230;13
1231;10
