0101;12
0102;16
0103;7
0104;10
0105;14
0106;11
0107;22
0108;20
0109;15
0110;18
0111;17
0112;17
0113;16
0114;13
0115;15
0116;14
0117;19
0118;20
0119;11
0120;18
0121;17
0122;12
0123;12
0124;12
0125;11
0126;12
0127;14
0128;21
0129;8
0130;8
0131;13
0201;10
0202;11
0203;12
0204;18
0205;17
0206;12
0207;12
0208;18
0209;14
0210;13
0211;15
0212;22
0213;6
0214;8
0215;16
0216;16
0217;17
0218;12
0219;13
0220;14
0221;12
0222;16
0223;20
0224;13
0225;16
0226;18
0227;13
0228;10
0301;17
0302;13
0303;14
0304;15
0305;15
0306;19
0307;14
0308;10
0309;19
0310;10
0311;17
0312;12
0313;12
0314;20
0315;9
0316;18
0317;16
0318;13
0319;10
0320;17
0321;13
0322;10
0323;14
0324;7
0325;9
0326;12
0327;18
0328;19
0329;13
0330;9
0331;12
0401;14
0402;20
0403;10
0404;12
0405;13
0406;15
0407;13
0408;16
0409;14
0410;15
0411;10
0412;13
0413;18
0414;11
0415;16
0416;12
0417;6
0418;16
0419;15
0420;12
0421;17
0422;19
0423;21
0424;10
0425;15
0426;12
0427;9
0428;6
0429;12
0430;12
0501;15
0502;13
0503;9
0504;6
0505;11
0506;11
0507;4
0508;10
0509;7
0510;10
0511;9
0512;8
0513;14
0514;14
0515;14
0516;11
0517;12
0518;7
0519;11
0520;11
0521;15
0522;10
0523;13
0524;14
0525;15
0526;8
0527;10
0528;11
0529;9
0530;8
0531;15
0601;13
0602;7
0603;8
0604;10
0605;8
0606;8
0607;13
0608;8
0609;13
0610;7
0611;12
0612;24
0613;16
0614;10
0615;22
0616;13
0617;12
0618;12
0619;12
0620;8
0621;14
0622;15
0623;16
0624;15
0625;19
0626;15
0627;14
0628;16
0629;20
0630;16
0701;7
0702;11
0703;6
0704;9
0705;10
0706;11
0707;10
0708;9
0709;11
0710;13
0711;16
0712;12
0713;12
0714;6
0715;21
0716;10
0717;6
0718;5
0719;9
0720;13
0721;10
0722;4
0723;14
0724;10
0725;12
0726;13
0727;11
0728;13
0729;16
0730;14
0731;16
0801;18
0802;17
0803;9
0804;14
0805;10
0806;11
0807;25
0808;10
0809;23
0810;22
0811;21
0812;22
0813;22
0814;19
0815;21
0816;8
0817;17
0818;18
0819;10
0820;8
0821;8
0822;9
0823;14
0824;12
0825;13
0826;6
0827;10
0828;14
0829;8
0830;11
0831;15
0901;12
0902;12
0903;13
0904;16
0905;9
0906;12
0907;6
0908;10
0909;11
0910;13
0911;12
0912;6
0913;9
0914;7
0915;15
0916;7
0917;9
0918;13
0919;9
0920;8
0921;10
0922;15
0923;11
0924;8
0925;15
0926;9
0927;10
0928;15
0929;14
0930;11
1001;12
1002;13
1003;9
1004;10
1005;12
1006;10
1007;12
1008;11
1009;17
1010;13
1011;13
1012;11
1013;14
1014;9
1015;14
1016;12
1017;10
1018;11
1019;8
1020;14
1021;8
1022;12
1023;15
1024;17
1025;6
1026;15
1027;9
1028;10
1029;11
1030;13
1031;8
1101;8
1102;10
1103;10
1104;16
1105;15
1106;18
1107;14
1108;16
1109;21
1110;15
1111;12
1112;11
1113;16
1114;11
1115;12
1116;14
1117;13
1118;16
1119;6
1120;13
1121;9
1122;15
1123;19
1124;10
1125;19
1126;11
1127;12
1128;8
1129;10
1130;11
1201;13
1202;14
1203;5
1204;12
1205;15
1206;6
1207;18
1208;21
1209;14
1210;11
1211;16
1212;9
1213;16
1214;11
1215;16
1216;13
1217;13
1218;12
1219;11
1220;8
1221;15
1222;14
1223;13
1224;15
1225;18
1226;15
1227;13
1228;17
1229;25
1230;20
1231;12
