0101;16
0102;16
0103;13
0104;12
0105;18
0106;12
0107;9
0108;16
0109;16
0110;14
0111;9
0112;18
0113;12
0114;16
0115;9
0116;10
0117;14
0118;16
0119;13
0120;11
0121;15
0122;15
0123;18
0124;11
0125;15
0126;16
0127;14
0128;22
0129;14
0130;16
0131;13
0201;10
0202;17
0203;15
0204;16
0205;14
0206;17
0207;11
0208;16
0209;11
0210;15
0211;16
0212;9
0213;18
0214;10
0215;19
0216;8
0217;16
0218;20
0219;14
0220;16
0221;13
0222;17
0223;5
0224;10
0225;9
0226;12
0227;13
0228;15
0301;12
0302;14
0303;14
0304;14
0305;5
0306;7
0307;16
0308;13
0309;15
0310;12
0311;14
0312;15
0313;8
0314;11
0315;13
0316;14
0317;14
0318;12
0319;15
0320;6
0321;15
0322;11
0323;10
0324;10
0325;11
0326;18
0327;11
0328;11
0329;13
0330;16
0331;5
0401;13
0402;11
0403;13
0404;16
0405;12
0406;15
0407;18
0408;20
0409;9
0410;7
0411;7
0412;16
0413;12
0414;12
0415;17
0416;13
0417;12
0418;16
0419;11
0420;7
0421;6
0422;12
0423;12
0424;17
0425;10
0426;6
0427;11
0428;11
0429;10
0430;15
0501;9
0502;11
0503;9
0504;9
0505;15
0506;18
0507;15
0508;12
0509;10
0510;8
0511;8
0512;14
0513;11
0514;14
0515;7
0516;10
0517;13
0518;10
0519;11
0520;18
0521;16
0522;9
0523;9
0524;17
0525;7
0526;15
0527;8
0528;13
0529;9
0530;5
0531;9
0601;16
0602;14
0603;10
0604;16
0605;11
0606;12
0607;11
0608;16
0609;11
0610;12
0611;16
0612;19
0613;16
0614;16
0615;8
0616;15
0617;14
0618;9
0619;7
0620;8
0621;8
0622;12
0623;11
0624;14
0625;6
0626;10
0627;7
0628;9
0629;11
0630;11
0701;11
0702;8
0703;18
0704;11
0705;10
0706;8
0707;17
0708;16
0709;6
0710;8
0711;8
0712;12
0713;11
0714;14
0715;8
0716;17
0717;12
0718;13
0719;14
0720;11
0721;14
0722;15
0723;8
0724;10
0725;11
0726;13
0727;9
0728;14
0729;14
0730;5
0731;13
0801;17
0802;10
0803;16
0804;11
0805;17
0806;18
0807;18
0808;14
0809;20
0810;14
0811;18
0812;21
0813;17
0814;18
0815;23
0816;16
0817;16
0818;13
0819;10
0820;8
0821;11
0822;9
0823;20
0824;9
0825;14
0826;4
0827;14
0828;9
0829;17
0830;5
0831;12
0901;10
0902;11
0903;14
0904;6
0905;15
0906;10
0907;14
0908;11
0909;9
0910;18
0911;14
0912;13
0913;13
0914;9
0915;14
0916;13
0917;6
0918;13
0919;18
0920;9
0921;5
0922;16
0923;4
0924;5
0925;12
0926;13
0927;15
0928;8
0929;8
0930;14
1001;6
1002;16
1003;10
1004;11
1005;11
1006;17
1007;10
1008;9
1009;16
1010;16
1011;11
1012;14
1013;14
1014;15
1015;9
1016;10
1017;11
1018;10
1019;11
1020;15
1021;15
1022;12
1023;18
1024;17
1025;7
1026;8
1027;15
1028;10
1029;7
1030;18
1031;11
1101;7
1102;9
1103;14
1104;12
1105;13
1106;10
1107;11
1108;8
1109;9
1110;12
1111;13
1112;13
1113;12
1114;15
1115;8
1116;10
1117;15
1118;11
1119;15
1120;10
1121;10
1122;11
1123;21
1124;12
1125;8
1126;10
1127;10
1128;15
1129;11
1130;13
1201;10
1202;12
1203;15
1204;9
1205;12
1206;16
1207;11
1208;17
1209;13
1210;17
1211;12
1212;10
1213;11
1214;16
1215;10
1216;14
1217;18
1218;12
1219;15
1220;18
1221;19
1222;14
1223;16
1224;13
1225;10
1226;8
1227;17
1228;16
1229;11
1230;17
1231;15
