0101;15
0102;13
0103;17
0104;21
0105;16
0106;25
0107;21
0108;12
0109;16
0110;16
0111;17
0112;15
0113;21
0114;16
0115;15
0116;17
0117;6
0118;10
0119;34
0120;19
0121;15
0122;20
0123;20
0124;15
0125;13
0126;22
0127;13
0128;20
0129;16
0130;10
0131;24
0201;15
0202;15
0203;19
0204;22
0205;13
0206;16
0207;9
0208;18
0209;19
0210;17
0211;16
0212;21
0213;11
0214;18
0215;17
0216;17
0217;18
0218;18
0219;16
0220;23
0221;12
0222;20
0223;17
0224;20
0225;16
0226;15
0227;16
0228;30
0301;15
0302;26
0303;13
0304;14
0305;21
0306;18
0307;16
0308;21
0309;23
0310;16
0311;14
0312;20
0313;9
0314;16
0315;13
0316;19
0317;15
0318;23
0319;22
0320;14
0321;17
0322;17
0323;12
0324;14
0325;19
0326;17
0327;10
0328;22
0329;14
0330;11
0331;17
0401;9
0402;10
0403;18
0404;20
0405;17
0406;16
0407;14
0408;15
0409;11
0410;19
0411;14
0412;17
0413;14
0414;17
0415;16
0416;14
0417;16
0418;14
0419;13
0420;24
0421;11
0422;12
0423;12
0424;15
0425;24
0426;19
0427;19
0428;18
0429;23
0430;14
0501;13
0502;17
0503;18
0504;14
0505;21
0506;12
0507;14
0508;19
0509;16
0510;10
0511;16
0512;17
0513;15
0514;16
0515;11
0516;16
0517;14
0518;14
0519;13
0520;15
0521;14
0522;22
0523;15
0524;14
0525;16
0526;16
0527;15
0528;18
0529;19
0530;21
0531;11
0601;15
0602;20
0603;17
0604;17
0605;20
0606;9
0607;12
0608;16
0609;12
0610;20
0611;13
0612;22
0613;6
0614;16
0615;11
0616;19
0617;11
0618;17
0619;17
0620;13
0621;23
0622;12
0623;17
0624;15
0625;13
0626;16
0627;15
0628;12
0629;20
0630;20
0701;17
0702;9
0703;17
0704;12
0705;13
0706;18
0707;20
0708;15
0709;9
0710;15
0711;14
0712;17
0713;21
0714;13
0715;16
0716;16
0717;17
0718;17
0719;12
0720;23
0721;20
0722;21
0723;23
0724;13
0725;13
0726;8
0727;13
0728;13
0729;14
0730;14
0731;17
0801;13
0802;25
0803;15
0804;9
0805;21
0806;16
0807;13
0808;25
0809;20
0810;19
0811;27
0812;30
0813;30
0814;23
0815;19
0816;18
0817;17
0818;12
0819;15
0820;7
0821;18
0822;10
0823;10
0824;13
0825;13
0826;21
0827;25
0828;13
0829;37
0830;13
0831;21
0901;14
0902;17
0903;21
0904;12
0905;14
0906;17
0907;14
0908;17
0909;13
0910;9
0911;18
0912;14
0913;12
0914;17
0915;16
0916;21
0917;12
0918;13
0919;15
0920;14
0921;10
0922;16
0923;11
0924;12
0925;14
0926;17
0927;22
0928;15
0929;12
0930;19
1001;18
1002;30
1003;9
1004;16
1005;14
1006;8
1007;10
1008;18
1009;13
1010;19
1011;15
1012;19
1013;25
1014;16
1015;12
1016;21
1017;16
1018;15
1019;17
1020;22
1021;16
1022;16
1023;22
1024;9
1025;16
1026;18
1027;25
1028;19
1029;24
1030;14
1031;24
1101;13
1102;16
1103;26
1104;18
1105;20
1106;8
1107;23
1108;17
1109;20
1110;14
1111;17
1112;16
1113;16
1114;11
1115;15
1116;17
1117;22
1118;16
1119;18
1120;17
1121;17
1122;12
1123;22
1124;22
1125;11
1126;22
1127;24
1128;10
1129;18
1130;13
1201;17
1202;18
1203;20
1204;12
1205;17
1206;23
1207;19
1208;15
1209;25
1210;9
1211;15
1212;23
1213;18
1214;20
1215;17
1216;22
1217;17
1218;17
1219;20
1220;11
1221;19
1222;17
1223;14
1224;17
1225;16
1226;14
1227;16
1228;13
1229;22
1230;17
1231;18
