0101;28
0102;29
0103;35
0104;25
0105;25
0106;27
0107;37
0108;27
0109;25
0110;30
0111;21
0112;43
0113;27
0114;27
0115;22
0116;36
0117;24
0118;27
0119;28
0120;31
0121;38
0122;30
0123;32
0124;31
0125;33
0126;31
0127;40
0128;21
0129;23
0130;34
0131;21
0201;31
0202;26
0203;17
0204;24
0205;29
0206;33
0207;28
0208;31
0209;27
0210;30
0211;37
0212;30
0213;32
0214;34
0215;21
0216;21
0217;30
0218;30
0219;23
0220;26
0221;26
0222;30
0223;15
0224;38
0225;33
0226;35
0227;36
0228;36
0301;31
0302;28
0303;32
0304;34
0305;27
0306;31
0307;21
0308;25
0309;26
0310;22
0311;34
0312;21
0313;24
0314;35
0315;27
0316;29
0317;26
0318;26
0319;31
0320;26
0321;26
0322;38
0323;28
0324;30
0325;28
0326;35
0327;24
0328;36
0329;27
0330;32
0331;23
0401;24
0402;38
0403;29
0404;33
0405;38
0406;17
0407;30
0408;25
0409;24
0410;31
0411;25
0412;17
0413;37
0414;24
0415;20
0416;28
0417;34
0418;35
0419;23
0420;28
0421;34
0422;31
0423;19
0424;23
0425;26
0426;22
0427;25
0428;23
0429;19
0430;24
0501;25
0502;21
0503;22
0504;20
0505;23
0506;28
0507;22
0508;36
0509;16
0510;36
0511;30
0512;35
0513;23
0514;16
0515;19
0516;19
0517;30
0518;24
0519;20
0520;24
0521;24
0522;26
0523;23
0524;36
0525;29
0526;24
0527;20
0528;25
0529;20
0530;26
0531;30
0601;28
0602;21
0603;27
0604;28
0605;17
0606;28
0607;25
0608;25
0609;23
0610;22
0611;26
0612;20
0613;22
0614;21
0615;24
0616;27
0617;22
0618;19
0619;27
0620;32
0621;30
0622;34
0623;27
0624;25
0625;23
0626;35
0627;25
0628;25
0629;23
0630;25
0701;30
0702;30
0703;21
0704;25
0705;27
0706;29
0707;33
0708;19
0709;22
0710;34
0711;30
0712;21
0713;28
0714;35
0715;18
0716;28
0717;29
0718;29
0719;21
0720;32
0721;35
0722;23
0723;28
0724;33
0725;22
0726;24
0727;31
0728;21
0729;23
0730;24
0731;24
0801;21
0802;28
0803;22
0804;34
0805;33
0806;26
0807;37
0808;34
0809;29
0810;25
0811;22
0812;31
0813;32
0814;29
0815;24
0816;29
0817;32
0818;28
0819;30
0820;33
0821;32
0822;26
0823;32
0824;26
0825;31
0826;24
0827;42
0828;25
0829;40
0830;31
0831;15
0901;37
0902;41
0903;28
0904;29
0905;25
0906;26
0907;28
0908;16
0909;22
0910;23
0911;19
0912;24
0913;31
0914;20
0915;27
0916;20
0917;17
0918;20
0919;20
0920;33
0921;31
0922;35
0923;27
0924;27
0925;26
0926;22
0927;18
0928;27
0929;25
0930;24
1001;28
1002;23
1003;18
1004;31
1005;30
1006;26
1007;12
1008;24
1009;26
1010;28
1011;23
1012;21
1013;30
1014;28
1015;20
1016;31
1017;21
1018;36
1019;29
1020;19
1021;26
1022;23
1023;30
1024;22
1025;24
1026;28
1027;23
1028;25
1029;24
1030;39
1031;23
1101;24
1102;27
1103;26
1104;31
1105;31
1106;23
1107;34
1108;27
1109;25
1110;34
1111;24
1112;19
1113;23
1114;26
1115;31
1116;24
1117;28
1118;34
1119;27
1120;32
1121;30
1122;35
1123;25
1124;20
1125;28
1126;23
1127;30
1128;24
1129;29
1130;27
1201;31
1202;28
1203;21
1204;23
1205;17
1206;29
1207;18
1208;22
1209;35
1210;25
1211;25
1212;42
1213;28
1214;36
1215;31
1216;28
1217;25
1218;32
1219;28
1220;31
1221;27
1222;29
1223;25
1224;38
1225;26
1226;25
1227;32
1228;30
1229;26
1230;27
1231;30
