0101;7
0102;8
0103;13
0104;2
0105;4
0106;7
0107;8
0108;3
0109;4
0110;9
0111;8
0112;8
0113;9
0114;4
0115;8
0116;6
0117;2
0118;10
0119;8
0120;10
0121;11
0122;3
0123;7
0124;2
0125;7
0126;8
0127;5
0128;4
0129;9
0130;5
0131;6
0201;8
0202;8
0203;6
0204;4
0205;10
0206;11
0207;8
0208;9
0209;3
0210;6
0211;6
0212;8
0213;8
0214;6
0215;2
0216;7
0217;6
0218;13
0219;8
0220;5
0221;5
0222;8
0223;6
0224;5
0225;5
0226;8
0227;13
0228;7
0301;7
0302;9
0303;5
0304;6
0305;7
0306;4
0307;2
0308;5
0309;8
0310;9
0311;7
0312;6
0313;8
0314;10
0315;5
0316;4
0317;10
0318;5
0319;5
0320;6
0321;5
0322;6
0323;4
0324;9
0325;8
0326;10
0327;3
0328;9
0329;4
0330;4
0331;4
0401;6
0402;4
0403;4
0404;5
0405;4
0406;5
0407;5
0408;7
0409;3
0410;6
0411;7
0412;8
0413;6
0414;3
0415;5
0416;6
0417;4
0418;9
0419;6
0420;4
0421;7
0422;5
0423;8
0424;6
0425;3
0426;4
0427;6
0428;4
0429;5
0430;3
0501;7
0502;5
0503;3
0504;2
0505;6
0506;4
0507;5
0508;5
0509;2
0510;11
0511;4
0512;7
0513;4
0514;4
0515;4
0516;6
0517;4
0518;3
0519;4
0520;5
0521;6
0522;6
0523;4
0524;5
0525;6
0526;5
0527;5
0528;4
0529;3
0530;7
0531;1
0601;4
0602;7
0603;6
0604;6
0605;6
0606;3
0607;7
0608;3
0609;7
0610;4
0611;9
0612;2
0613;3
0614;3
0615;11
0616;6
0617;7
0618;4
0619;2
0620;3
0621;9
0622;5
0623;8
0624;6
0625;4
0626;8
0627;4
0628;2
0629;6
0630;11
0701;7
0702;6
0703;3
0704;10
0705;4
0706;8
0707;5
0709;7
0710;3
0711;5
0712;8
0713;13
0714;9
0715;7
0716;6
0717;6
0718;5
0719;1
0720;3
0721;4
0722;9
0723;10
0724;4
0725;7
0726;9
0727;4
0728;3
0729;1
0730;2
0731;6
0801;5
0802;5
0803;7
0804;6
0805;6
0806;8
0807;7
0808;6
0809;4
0810;8
0811;8
0812;2
0813;7
0814;5
0815;8
0816;6
0817;6
0818;4
0819;2
0820;3
0821;9
0822;8
0823;6
0824;3
0825;8
0826;2
0827;4
0828;4
0829;5
0830;4
0831;5
0901;7
0902;4
0903;6
0904;1
0905;7
0906;6
0907;3
0908;4
0909;5
0910;5
0911;3
0912;3
0913;4
0914;2
0915;5
0916;8
0917;6
0918;7
0919;9
0920;5
0921;1
0922;6
0923;8
0924;5
0925;6
0926;13
0927;8
0928;7
0929;7
0930;4
1001;6
1002;4
1003;4
1004;3
1005;2
1006;3
1007;1
1008;11
1009;10
1010;4
1011;2
1012;7
1013;8
1014;4
1015;5
1016;4
1017;4
1018;7
1019;6
1020;8
1021;3
1022;7
1023;6
1024;7
1025;9
1026;3
1027;3
1028;5
1029;9
1030;5
1031;4
1101;9
1102;1
1103;7
1104;8
1105;6
1106;8
1107;6
1108;3
1109;5
1110;8
1111;6
1112;4
1113;5
1114;2
1115;6
1116;11
1117;3
1118;4
1119;5
1120;6
1121;7
1122;6
1123;8
1124;9
1125;9
1126;6
1127;5
1128;9
1129;8
1130;6
1201;9
1202;5
1203;4
1204;5
1205;11
1206;3
1207;3
1208;3
1209;1
1210;5
1211;5
1212;4
1213;9
1214;7
1215;9
1216;4
1217;7
1218;5
1219;5
1220;13
1221;6
1222;4
1223;2
1224;2
1225;5
1226;6
1227;6
1228;11
1229;6
1230;8
1231;10
