0101;10
0102;5
0103;5
0104;4
0105;8
0106;2
0107;4
0108;4
0109;8
0110;4
0111;8
0112;3
0113;6
0114;1
0115;8
0116;7
0117;3
0118;5
0119;5
0120;4
0121;6
0122;7
0123;5
0124;3
0125;10
0126;5
0127;4
0128;4
0129;6
0130;7
0131;7
0201;3
0202;3
0203;4
0204;5
0205;5
0206;5
0207;9
0208;8
0209;8
0210;9
0211;9
0212;3
0213;7
0214;12
0215;4
0216;5
0217;6
0218;2
0219;10
0220;2
0221;5
0222;4
0223;7
0224;3
0225;8
0226;4
0227;4
0228;9
0301;5
0302;5
0303;9
0304;7
0305;11
0306;5
0307;4
0308;6
0309;5
0310;4
0311;5
0312;5
0313;7
0314;3
0315;4
0316;3
0317;8
0318;4
0319;4
0320;4
0321;5
0322;4
0323;6
0324;7
0325;4
0326;6
0327;5
0328;6
0329;11
0330;7
0331;1
0401;2
0402;4
0403;4
0404;5
0405;6
0406;5
0407;3
0408;7
0409;6
0410;7
0411;5
0412;5
0413;6
0414;12
0415;13
0416;3
0417;3
0418;8
0419;6
0420;7
0421;4
0422;5
0423;4
0424;3
0425;3
0426;4
0427;2
0428;3
0429;2
0430;4
0501;8
0502;2
0503;5
0504;3
0505;4
0506;3
0507;6
0508;2
0509;6
0510;3
0511;5
0512;4
0513;5
0514;2
0515;2
0516;3
0517;1
0518;4
0519;5
0520;10
0521;7
0522;6
0523;4
0524;5
0525;3
0526;4
0527;4
0528;10
0529;6
0530;3
0531;2
0601;4
0602;9
0603;3
0605;4
0606;3
0607;6
0608;10
0609;2
0610;10
0611;5
0612;5
0613;7
0614;4
0615;9
0616;7
0617;4
0618;3
0619;5
0620;3
0621;4
0622;1
0623;1
0625;6
0626;7
0627;3
0628;6
0629;3
0630;5
0701;8
0702;7
0703;3
0704;3
0705;5
0706;5
0707;7
0708;5
0709;5
0710;2
0711;4
0712;5
0713;7
0714;7
0715;6
0716;5
0717;4
0718;3
0719;1
0720;6
0721;8
0722;10
0723;5
0724;1
0725;5
0726;8
0727;9
0728;8
0729;11
0730;9
0731;2
0801;6
0802;6
0803;5
0804;6
0805;2
0806;5
0807;10
0808;9
0809;7
0810;9
0811;18
0812;6
0813;17
0814;4
0815;5
0816;5
0817;6
0818;5
0819;5
0820;7
0821;3
0822;4
0823;8
0824;3
0825;6
0826;5
0827;5
0828;10
0829;3
0830;7
0831;1
0901;4
0902;5
0903;2
0904;7
0905;9
0906;3
0907;2
0908;6
0909;6
0910;4
0911;3
0912;4
0913;2
0914;4
0915;8
0916;4
0917;2
0918;4
0919;5
0920;6
0921;5
0922;7
0923;6
0924;3
0925;6
0926;8
0927;5
0928;1
0929;5
0930;7
1001;10
1002;1
1003;2
1004;6
1005;1
1006;3
1007;5
1008;6
1009;8
1010;3
1011;5
1012;4
1013;8
1014;4
1015;6
1016;4
1017;3
1018;4
1019;4
1020;9
1021;2
1022;4
1023;7
1024;4
1025;5
1026;5
1027;4
1028;5
1029;7
1030;4
1031;3
1101;3
1102;2
1103;4
1104;8
1105;8
1106;5
1107;5
1108;1
1109;2
1110;4
1111;6
1112;4
1113;5
1114;4
1115;5
1116;5
1117;7
1118;4
1119;5
1120;3
1121;10
1122;8
1123;4
1124;4
1125;8
1126;6
1127;4
1128;5
1129;2
1130;2
1201;6
1202;6
1203;8
1204;6
1205;5
1206;6
1207;7
1208;10
1209;5
1210;5
1211;3
1212;8
1213;4
1214;5
1215;6
1216;4
1217;3
1218;3
1219;4
1220;4
1221;4
1222;8
1223;6
1224;5
1225;7
1226;7
1227;11
1228;5
1229;4
1230;6
1231;10
