0101;21
0102;23
0103;19
0104;19
0105;18
0106;24
0107;12
0108;16
0109;21
0110;14
0111;14
0112;17
0113;20
0114;16
0115;29
0116;15
0117;20
0118;12
0119;15
0120;22
0121;15
0122;15
0123;14
0124;18
0125;16
0126;22
0127;13
0128;19
0129;18
0130;10
0131;18
0201;16
0202;10
0203;14
0204;11
0205;15
0206;21
0207;19
0208;14
0209;18
0210;18
0211;21
0212;13
0213;20
0214;15
0215;12
0216;19
0217;19
0218;15
0219;13
0220;14
0221;21
0222;14
0223;15
0224;20
0225;21
0226;24
0227;21
0228;17
0301;17
0302;15
0303;16
0304;19
0305;12
0306;14
0307;7
0308;12
0309;19
0310;16
0311;17
0312;17
0313;16
0314;17
0315;17
0316;13
0317;17
0318;13
0319;18
0320;7
0321;14
0322;15
0323;16
0324;11
0325;12
0326;22
0327;11
0328;15
0329;13
0330;13
0331;18
0401;21
0402;10
0403;12
0404;22
0405;12
0406;9
0407;23
0408;16
0409;13
0410;16
0411;13
0412;16
0413;18
0414;19
0415;10
0416;16
0417;20
0418;14
0419;19
0420;13
0421;14
0422;18
0423;14
0424;15
0425;14
0426;17
0427;9
0428;16
0429;16
0430;8
0501;12
0502;16
0503;16
0504;12
0505;17
0506;15
0507;15
0508;15
0509;13
0510;20
0511;14
0512;13
0513;15
0514;12
0515;11
0516;14
0517;14
0518;15
0519;15
0520;7
0521;15
0522;23
0523;14
0524;12
0525;14
0526;13
0527;18
0528;12
0529;14
0530;14
0531;16
0601;17
0602;16
0603;10
0604;18
0605;11
0606;17
0607;11
0608;13
0609;10
0610;15
0611;11
0612;14
0613;14
0614;12
0615;12
0616;11
0617;13
0618;14
0619;11
0620;15
0621;16
0622;16
0623;14
0624;8
0625;17
0626;12
0627;18
0628;13
0629;9
0630;12
0701;14
0702;8
0703;9
0704;9
0705;19
0706;6
0707;11
0708;6
0709;17
0710;11
0711;13
0712;10
0713;12
0714;11
0715;12
0716;15
0717;14
0718;14
0719;24
0720;14
0721;17
0722;13
0723;14
0724;23
0725;13
0726;7
0727;15
0728;11
0729;14
0730;16
0731;12
0801;21
0802;11
0803;12
0804;23
0805;19
0806;12
0807;28
0808;48
0809;28
0810;22
0811;30
0812;31
0813;37
0814;16
0815;10
0816;6
0817;21
0818;20
0819;14
0820;8
0821;11
0822;9
0823;6
0824;12
0825;16
0826;11
0827;13
0828;12
0829;27
0830;11
0831;9
0901;19
0902;12
0903;15
0904;17
0905;19
0906;10
0907;17
0908;12
0909;20
0910;19
0911;15
0912;13
0913;18
0914;11
0915;16
0916;26
0917;11
0918;11
0919;15
0920;16
0921;13
0922;13
0923;14
0924;8
0925;9
0926;9
0927;14
0928;15
0929;17
0930;22
1001;16
1002;18
1003;14
1004;22
1005;14
1006;21
1007;16
1008;16
1009;12
1010;20
1011;14
1012;9
1013;11
1014;11
1015;13
1016;19
1017;18
1018;12
1019;8
1020;15
1021;12
1022;12
1023;11
1024;18
1025;19
1026;16
1027;14
1028;12
1029;18
1030;20
1031;12
1101;16
1102;23
1103;25
1104;19
1105;23
1106;15
1107;13
1108;15
1109;12
1110;13
1111;12
1112;15
1113;11
1114;16
1115;12
1116;13
1117;9
1118;15
1119;19
1120;19
1121;14
1122;16
1123;11
1124;9
1125;11
1126;15
1127;14
1128;22
1129;12
1130;14
1201;14
1202;16
1203;16
1204;15
1205;15
1206;17
1207;26
1208;18
1209;13
1210;20
1211;18
1212;19
1213;26
1214;12
1215;13
1216;15
1217;18
1218;14
1219;22
1220;12
1221;21
1222;13
1223;24
1224;22
1225;16
1226;19
1227;20
1228;24
1229;13
1230;16
1231;21
