0101;14
0102;26
0103;22
0104;15
0105;18
0106;20
0107;25
0108;24
0109;12
0110;27
0111;18
0112;25
0113;23
0114;25
0115;20
0116;21
0117;31
0118;26
0119;26
0120;17
0121;18
0122;23
0123;24
0124;12
0125;17
0126;14
0127;27
0128;24
0129;16
0130;23
0131;24
0201;20
0202;19
0203;18
0204;26
0205;14
0206;17
0207;15
0208;26
0209;19
0210;20
0211;15
0212;14
0213;23
0214;27
0215;16
0216;16
0217;22
0218;30
0219;35
0220;21
0221;23
0222;18
0223;28
0224;20
0225;20
0226;23
0227;21
0228;18
0301;22
0302;20
0303;17
0304;14
0305;24
0306;31
0307;29
0308;21
0309;19
0310;16
0311;20
0312;18
0313;25
0314;15
0315;22
0316;27
0317;13
0318;23
0319;22
0320;16
0321;20
0322;12
0323;19
0324;15
0325;17
0326;19
0327;19
0328;27
0329;19
0330;13
0331;15
0401;25
0402;18
0403;18
0404;16
0405;23
0406;22
0407;22
0408;21
0409;29
0410;20
0411;25
0412;20
0413;12
0414;15
0415;15
0416;23
0417;15
0418;20
0419;25
0420;22
0421;21
0422;25
0423;29
0424;16
0425;21
0426;22
0427;20
0428;18
0429;17
0430;27
0501;22
0502;17
0503;16
0504;21
0505;15
0506;16
0507;24
0508;23
0509;24
0510;11
0511;16
0512;22
0513;20
0514;14
0515;19
0516;17
0517;18
0518;12
0519;17
0520;27
0521;13
0522;18
0523;19
0524;22
0525;18
0526;28
0527;22
0528;20
0529;16
0530;20
0531;23
0601;18
0602;24
0603;22
0604;15
0605;13
0606;16
0607;22
0608;16
0609;17
0610;23
0611;21
0612;12
0613;15
0614;20
0615;21
0616;22
0617;24
0618;22
0619;14
0620;15
0621;10
0622;15
0623;16
0624;21
0625;12
0626;20
0627;22
0628;18
0629;13
0630;29
0701;22
0702;15
0703;20
0704;24
0705;26
0706;19
0707;16
0708;19
0709;20
0710;15
0711;20
0712;19
0713;11
0714;15
0715;19
0716;16
0717;18
0718;13
0719;16
0720;15
0721;22
0722;20
0723;17
0724;14
0725;15
0726;23
0727;13
0728;19
0729;21
0730;19
0731;23
0801;17
0802;20
0803;24
0804;20
0805;28
0806;32
0807;28
0808;33
0809;32
0810;38
0811;28
0812;38
0813;39
0814;25
0815;22
0816;25
0817;21
0818;24
0819;23
0820;15
0821;20
0822;23
0823;25
0824;28
0825;16
0826;19
0827;13
0828;20
0829;18
0830;13
0831;15
0901;19
0902;11
0903;19
0904;23
0905;16
0906;19
0907;17
0908;20
0909;22
0910;19
0911;18
0912;20
0913;12
0914;13
0915;12
0916;26
0917;19
0918;12
0919;19
0920;16
0921;20
0922;17
0923;17
0924;23
0925;24
0926;24
0927;22
0928;17
0929;15
0930;15
1001;13
1002;17
1003;15
1004;9
1005;21
1006;15
1007;17
1008;15
1009;16
1010;13
1011;22
1012;14
1013;19
1014;22
1015;17
1016;21
1017;9
1018;20
1019;23
1020;20
1021;17
1022;22
1023;20
1024;23
1025;15
1026;18
1027;18
1028;11
1029;18
1030;21
1031;18
1101;12
1102;17
1103;19
1104;24
1105;26
1106;19
1107;14
1108;15
1109;20
1110;19
1111;16
1112;24
1113;24
1114;11
1115;14
1116;26
1117;13
1118;14
1119;20
1120;20
1121;26
1122;18
1123;21
1124;19
1125;14
1126;15
1127;14
1128;18
1129;20
1130;17
1201;14
1202;23
1203;16
1204;18
1205;24
1206;16
1207;15
1208;17
1209;19
1210;20
1211;27
1212;24
1213;24
1214;24
1215;18
1216;28
1217;13
1218;33
1219;25
1220;20
1221;15
1222;16
1223;32
1224;13
1225;21
1226;23
1227;27
1228;25
1229;21
1230;19
1231;18
