0101;30
0102;31
0103;25
0104;22
0105;20
0106;27
0107;29
0108;33
0109;41
0110;26
0111;22
0112;21
0113;25
0114;21
0115;23
0116;27
0117;22
0118;31
0119;25
0120;30
0121;35
0122;31
0123;26
0124;29
0125;28
0126;23
0127;21
0128;32
0129;33
0130;28
0131;21
0201;25
0202;27
0203;26
0204;25
0205;17
0206;28
0207;16
0208;29
0209;29
0210;29
0211;28
0212;21
0213;37
0214;20
0215;31
0216;23
0217;19
0218;16
0219;25
0220;30
0221;23
0222;20
0223;30
0224;29
0225;32
0226;25
0227;21
0228;21
0301;24
0302;27
0303;22
0304;20
0305;34
0306;26
0307;24
0308;29
0309;24
0310;22
0311;30
0312;31
0313;21
0314;29
0315;29
0316;24
0317;32
0318;20
0319;31
0320;23
0321;23
0322;23
0323;26
0324;17
0325;27
0326;22
0327;26
0328;22
0329;27
0330;16
0331;19
0401;23
0402;16
0403;17
0404;25
0405;26
0406;20
0407;23
0408;24
0409;28
0410;20
0411;24
0412;28
0413;27
0414;23
0415;36
0416;18
0417;30
0418;32
0419;19
0420;20
0421;12
0422;27
0423;24
0424;23
0425;29
0426;21
0427;32
0428;27
0429;23
0430;25
0501;26
0502;27
0503;29
0504;20
0505;24
0506;23
0507;26
0508;28
0509;17
0510;18
0511;21
0512;20
0513;19
0514;19
0515;22
0516;25
0517;36
0518;19
0519;19
0520;22
0521;22
0522;27
0523;18
0524;31
0525;20
0526;14
0527;27
0528;17
0529;13
0530;23
0531;27
0601;27
0602;29
0603;31
0604;21
0605;22
0606;23
0607;32
0608;17
0609;28
0610;18
0611;28
0612;22
0613;24
0614;14
0615;25
0616;20
0617;28
0618;21
0619;24
0620;17
0621;17
0622;19
0623;28
0624;33
0625;23
0626;18
0627;29
0628;30
0629;27
0630;20
0701;18
0702;21
0703;18
0704;20
0705;22
0706;19
0707;25
0708;17
0709;34
0710;28
0711;26
0712;31
0713;20
0714;26
0715;28
0716;21
0717;22
0718;14
0719;21
0720;34
0721;28
0722;30
0723;22
0724;17
0725;18
0726;22
0727;26
0728;14
0729;18
0730;18
0731;15
0801;20
0802;13
0803;25
0804;20
0805;30
0806;42
0807;41
0808;46
0809;45
0810;33
0811;55
0812;37
0813;47
0814;40
0815;22
0816;22
0817;24
0818;10
0819;22
0820;27
0821;17
0822;13
0823;24
0824;23
0825;14
0826;23
0827;22
0828;14
0829;19
0830;21
0831;26
0901;17
0902;20
0903;19
0904;18
0905;14
0906;18
0907;16
0908;20
0909;24
0910;15
0911;24
0912;23
0913;29
0914;22
0915;18
0916;18
0917;26
0918;11
0919;19
0920;27
0921;19
0922;21
0923;23
0924;21
0925;26
0926;19
0927;26
0928;26
0929;28
0930;14
1001;21
1002;19
1003;20
1004;25
1005;19
1006;16
1007;21
1008;29
1009;24
1010;28
1011;28
1012;23
1013;25
1014;31
1015;25
1016;33
1017;24
1018;24
1019;24
1020;21
1021;20
1022;28
1023;23
1024;14
1025;17
1026;20
1027;26
1028;26
1029;25
1030;21
1031;14
1101;31
1102;25
1103;28
1104;20
1105;17
1106;26
1107;22
1108;27
1109;18
1110;30
1111;22
1112;26
1113;20
1114;26
1115;19
1116;36
1117;27
1118;23
1119;32
1120;31
1121;20
1122;22
1123;28
1124;25
1125;21
1126;22
1127;30
1128;29
1129;29
1130;27
1201;28
1202;25
1203;27
1204;22
1205;20
1206;19
1207;22
1208;35
1209;25
1210;25
1211;29
1212;29
1213;35
1214;26
1215;22
1216;17
1217;34
1218;21
1219;22
1220;24
1221;27
1222;25
1223;15
1224;26
1225;33
1226;24
1227;26
1228;33
1229;32
1230;29
1231;40
