0101;10
0102;6
0103;4
0104;15
0105;3
0106;11
0107;9
0108;7
0109;7
0110;3
0111;10
0112;12
0113;9
0114;13
0115;11
0116;6
0117;9
0118;10
0119;7
0120;6
0121;9
0122;9
0123;12
0124;6
0125;16
0126;7
0127;4
0128;8
0129;6
0130;9
0131;10
0201;6
0202;7
0203;13
0204;13
0205;12
0206;8
0207;8
0208;7
0209;8
0210;4
0211;7
0212;12
0213;14
0214;10
0215;17
0216;7
0217;12
0218;6
0219;4
0220;9
0221;5
0222;9
0223;11
0224;6
0225;8
0226;7
0227;3
0228;6
0301;12
0302;7
0303;14
0304;13
0305;7
0306;8
0307;8
0308;6
0309;4
0310;9
0311;8
0312;8
0313;10
0314;14
0315;7
0316;10
0317;6
0318;10
0319;15
0320;3
0321;8
0322;8
0323;11
0324;8
0325;8
0326;8
0327;10
0328;2
0329;7
0330;12
0331;8
0401;7
0402;9
0403;8
0404;4
0405;5
0406;5
0407;11
0408;10
0409;5
0410;12
0411;7
0412;6
0413;7
0414;6
0415;7
0416;6
0417;8
0418;7
0419;14
0420;11
0421;6
0422;14
0423;8
0424;5
0425;11
0426;10
0427;4
0428;7
0429;6
0430;12
0501;7
0502;7
0503;9
0504;7
0505;8
0506;12
0507;11
0508;7
0509;4
0510;7
0511;16
0512;6
0513;9
0514;5
0515;8
0516;12
0517;8
0518;6
0519;10
0520;8
0521;7
0522;7
0523;10
0524;14
0525;9
0526;1
0527;6
0528;10
0529;7
0530;8
0531;4
0601;6
0602;12
0603;5
0604;6
0605;7
0606;9
0607;2
0608;13
0609;7
0610;8
0611;8
0612;7
0613;9
0614;6
0615;7
0616;6
0617;13
0618;19
0619;13
0620;7
0621;6
0622;9
0623;9
0624;7
0625;9
0626;13
0627;8
0628;4
0629;10
0630;6
0701;8
0702;7
0703;4
0704;5
0705;6
0706;6
0707;8
0708;7
0709;8
0710;5
0711;5
0712;8
0713;11
0714;4
0715;16
0716;11
0717;7
0718;12
0719;5
0720;8
0721;9
0722;4
0723;8
0724;9
0725;7
0726;9
0727;2
0728;1
0729;7
0730;9
0731;7
0801;4
0802;6
0803;13
0804;8
0805;9
0806;14
0807;14
0808;16
0809;17
0810;19
0811;24
0812;23
0813;16
0814;16
0815;8
0816;4
0817;4
0818;8
0819;5
0820;9
0821;5
0822;11
0823;9
0824;11
0825;6
0826;10
0827;1
0828;9
0829;10
0830;6
0831;3
0901;8
0902;9
0903;7
0904;5
0905;5
0906;7
0907;7
0908;8
0909;7
0910;6
0911;11
0912;7
0913;5
0914;10
0915;5
0916;11
0917;9
0918;6
0919;6
0920;11
0921;9
0922;5
0923;2
0924;7
0925;10
0926;7
0927;3
0928;5
0929;6
0930;11
1001;8
1002;9
1003;7
1004;7
1005;11
1006;13
1007;5
1008;8
1009;8
1010;12
1011;1
1012;9
1013;6
1014;9
1015;10
1016;7
1017;10
1018;6
1019;9
1020;8
1021;7
1022;10
1023;9
1024;13
1025;5
1026;12
1027;13
1028;4
1029;4
1030;8
1031;10
1101;9
1102;8
1103;4
1104;6
1105;11
1106;10
1107;3
1108;10
1109;8
1110;12
1111;9
1112;8
1113;5
1114;6
1115;7
1116;6
1117;9
1118;6
1119;10
1120;9
1121;6
1122;7
1123;7
1124;4
1125;7
1126;9
1127;5
1128;3
1129;8
1130;8
1201;9
1202;10
1203;7
1204;8
1205;6
1206;7
1207;14
1208;7
1209;4
1210;8
1211;9
1212;10
1213;12
1214;7
1215;9
1216;9
1217;12
1218;17
1219;16
1220;17
1221;7
1222;13
1223;11
1224;6
1225;9
1226;7
1227;7
1228;12
1229;14
1230;12
1231;8
