0101;15
0102;15
0103;20
0104;16
0105;19
0106;13
0107;18
0108;17
0109;21
0110;17
0111;18
0112;22
0113;17
0114;22
0115;14
0116;13
0117;17
0118;14
0119;20
0120;24
0121;14
0122;23
0123;22
0124;22
0125;20
0126;19
0127;17
0128;23
0129;13
0130;20
0131;19
0201;21
0202;13
0203;25
0204;21
0205;13
0206;19
0207;25
0208;24
0209;27
0210;8
0211;13
0212;13
0213;20
0214;19
0215;20
0216;28
0217;15
0218;11
0219;15
0220;21
0221;13
0222;26
0223;25
0224;25
0225;21
0226;14
0227;18
0228;21
0301;20
0302;18
0303;12
0304;20
0305;18
0306;23
0307;26
0308;17
0309;19
0310;21
0311;23
0312;15
0313;23
0314;15
0315;17
0316;21
0317;14
0318;20
0319;13
0320;14
0321;15
0322;20
0323;14
0324;18
0325;13
0326;16
0327;18
0328;13
0329;11
0330;18
0331;17
0401;19
0402;22
0403;10
0404;12
0405;20
0406;20
0407;11
0408;11
0409;15
0410;18
0411;20
0412;22
0413;12
0414;20
0415;25
0416;21
0417;23
0418;29
0419;12
0420;17
0421;23
0422;14
0423;17
0424;13
0425;15
0426;15
0427;17
0428;20
0429;11
0430;14
0501;14
0502;16
0503;15
0504;18
0505;16
0506;14
0507;12
0508;13
0509;16
0510;13
0511;14
0512;18
0513;23
0514;12
0515;19
0516;16
0517;6
0518;22
0519;24
0520;21
0521;14
0522;16
0523;9
0524;15
0525;14
0526;8
0527;15
0528;15
0529;13
0530;17
0531;16
0601;7
0602;14
0603;10
0604;22
0605;14
0606;17
0607;20
0608;11
0609;12
0610;14
0611;19
0612;15
0613;16
0614;14
0615;18
0616;12
0617;18
0618;19
0619;14
0620;15
0621;13
0622;21
0623;19
0624;11
0625;24
0626;20
0627;12
0628;18
0629;15
0630;18
0701;14
0702;17
0703;12
0704;8
0705;17
0706;20
0707;13
0708;15
0709;10
0710;16
0711;16
0712;19
0713;21
0714;21
0715;26
0716;15
0717;17
0718;19
0719;13
0720;23
0721;11
0722;12
0723;17
0724;7
0725;22
0726;21
0727;8
0728;14
0729;11
0730;12
0731;10
0801;9
0802;14
0803;19
0804;15
0805;15
0806;19
0807;31
0808;28
0809;23
0810;25
0811;24
0812;25
0813;34
0814;28
0815;23
0816;21
0817;28
0818;21
0819;17
0820;17
0821;20
0822;16
0823;14
0824;11
0825;14
0826;19
0827;22
0828;19
0829;18
0830;18
0831;12
0901;9
0902;17
0903;10
0904;11
0905;10
0906;13
0907;16
0908;15
0909;24
0910;19
0911;20
0912;22
0913;13
0914;14
0915;21
0916;15
0917;17
0918;16
0919;11
0920;15
0921;15
0922;13
0923;16
0924;16
0925;18
0926;20
0927;15
0928;11
0929;16
0930;20
1001;18
1002;8
1003;14
1004;21
1005;9
1006;13
1007;18
1008;13
1009;13
1010;15
1011;13
1012;12
1013;20
1014;16
1015;12
1016;22
1017;15
1018;19
1019;19
1020;11
1021;12
1022;14
1023;14
1024;9
1025;16
1026;18
1027;18
1028;15
1029;17
1030;28
1031;15
1101;11
1102;33
1103;19
1104;17
1105;24
1106;12
1107;13
1108;14
1109;19
1110;20
1111;4
1112;19
1113;23
1114;14
1115;18
1116;15
1117;15
1118;12
1119;17
1120;22
1121;19
1122;13
1123;18
1124;24
1125;22
1126;19
1127;11
1128;17
1129;32
1130;18
1201;14
1202;14
1203;16
1204;12
1205;22
1206;23
1207;23
1208;15
1209;21
1210;24
1211;18
1212;32
1213;22
1214;14
1215;20
1216;20
1217;26
1218;16
1219;15
1220;20
1221;19
1222;16
1223;13
1224;20
1225;17
1226;19
1227;17
1228;24
1229;26
1230;15
1231;18
