0101;13
0102;27
0103;23
0104;19
0105;18
0106;20
0107;13
0108;27
0109;23
0110;21
0111;27
0112;25
0113;16
0114;17
0115;22
0116;15
0117;25
0118;19
0119;25
0120;24
0121;26
0122;17
0123;14
0124;20
0125;29
0126;25
0127;19
0128;14
0129;15
0130;26
0131;28
0201;14
0202;21
0203;15
0204;19
0205;19
0206;20
0207;27
0208;17
0209;18
0210;21
0211;34
0212;19
0213;18
0214;20
0215;24
0216;21
0217;12
0218;22
0219;23
0220;17
0221;23
0222;21
0223;15
0224;22
0225;28
0226;24
0227;20
0228;21
0301;16
0302;17
0303;23
0304;25
0305;27
0306;21
0307;24
0308;18
0309;11
0310;20
0311;25
0312;38
0313;18
0314;20
0315;19
0316;20
0317;17
0318;17
0319;15
0320;24
0321;13
0322;26
0323;24
0324;16
0325;20
0326;24
0327;26
0328;21
0329;13
0330;19
0331;14
0401;13
0402;14
0403;12
0404;15
0405;17
0406;12
0407;20
0408;18
0409;17
0410;21
0411;23
0412;19
0413;20
0414;19
0415;17
0416;22
0417;24
0418;22
0419;16
0420;22
0421;13
0422;13
0423;15
0424;17
0425;13
0426;13
0427;15
0428;22
0429;24
0430;18
0501;9
0502;15
0503;18
0504;20
0505;21
0506;21
0507;17
0508;16
0509;13
0510;13
0511;10
0512;10
0513;18
0514;21
0515;16
0516;17
0517;16
0518;19
0519;20
0520;11
0521;22
0522;19
0523;21
0524;15
0525;10
0526;12
0527;18
0528;25
0529;17
0530;14
0531;14
0601;22
0602;20
0603;16
0604;29
0605;20
0606;15
0607;27
0608;13
0609;16
0610;18
0611;17
0612;15
0613;14
0614;18
0615;20
0616;16
0617;15
0618;15
0619;17
0620;12
0621;25
0622;18
0623;19
0624;12
0625;16
0626;16
0627;15
0628;14
0629;22
0630;17
0701;17
0702;19
0703;19
0704;14
0705;17
0706;18
0707;16
0708;18
0709;16
0710;18
0711;26
0712;16
0713;16
0714;11
0715;19
0716;19
0717;23
0718;16
0719;12
0720;16
0721;12
0722;18
0723;8
0724;21
0725;12
0726;17
0727;13
0728;11
0729;15
0730;15
0731;12
0801;15
0802;13
0803;22
0804;16
0805;19
0806;17
0807;14
0808;47
0809;29
0810;37
0811;36
0812;31
0813;23
0814;29
0815;14
0816;23
0817;15
0818;16
0819;24
0820;21
0821;18
0822;19
0823;28
0824;20
0825;23
0826;16
0827;18
0828;19
0829;23
0830;16
0831;17
0901;20
0902;15
0903;13
0904;19
0905;20
0906;17
0907;14
0908;21
0909;27
0910;19
0911;18
0912;18
0913;19
0914;12
0915;18
0916;24
0917;20
0918;25
0919;24
0920;21
0921;22
0922;25
0923;16
0924;18
0925;16
0926;11
0927;21
0928;18
0929;24
0930;26
1001;16
1002;16
1003;18
1004;18
1005;24
1006;27
1007;13
1008;20
1009;19
1010;29
1011;16
1012;16
1013;15
1014;15
1015;16
1016;19
1017;14
1018;17
1019;21
1020;12
1021;16
1022;23
1023;19
1024;17
1025;24
1026;14
1027;26
1028;11
1029;21
1030;16
1031;17
1101;16
1102;25
1103;21
1104;17
1105;17
1106;18
1107;19
1108;24
1109;21
1110;13
1111;23
1112;22
1113;17
1114;19
1115;23
1116;17
1117;22
1118;16
1119;17
1120;14
1121;22
1122;28
1123;10
1124;26
1125;21
1126;22
1127;21
1128;24
1129;18
1130;16
1201;16
1202;12
1203;18
1204;18
1205;27
1206;13
1207;26
1208;22
1209;17
1210;16
1211;17
1212;19
1213;22
1214;19
1215;21
1216;19
1217;20
1218;29
1219;24
1220;25
1221;11
1222;24
1223;22
1224;22
1225;21
1226;22
1227;27
1228;32
1229;21
1230;28
1231;28
