0101;4
0102;10
0103;6
0104;7
0105;5
0106;4
0107;4
0108;6
0109;7
0110;6
0111;4
0112;2
0113;3
0114;8
0115;9
0116;7
0117;9
0118;6
0119;5
0120;2
0121;6
0122;2
0123;1
0124;4
0125;5
0126;7
0127;5
0128;8
0129;4
0130;4
0131;7
0201;7
0202;5
0203;4
0204;5
0205;1
0206;3
0207;8
0208;4
0209;6
0210;6
0211;4
0212;6
0213;3
0214;4
0215;10
0216;4
0217;2
0218;2
0219;13
0220;4
0221;4
0222;3
0223;4
0224;10
0225;3
0226;6
0227;8
0228;4
0301;5
0302;7
0303;10
0304;4
0305;6
0306;4
0307;7
0308;6
0309;6
0310;5
0311;6
0312;3
0313;8
0314;4
0315;8
0316;10
0317;7
0318;2
0319;5
0320;6
0321;11
0322;4
0323;3
0324;8
0325;8
0326;3
0327;5
0328;5
0329;9
0330;8
0331;8
0401;4
0402;3
0403;4
0404;3
0405;7
0406;2
0407;6
0408;7
0409;4
0410;9
0411;7
0412;4
0413;4
0414;7
0415;6
0416;4
0417;6
0418;9
0419;5
0420;4
0421;3
0422;8
0423;4
0424;5
0425;6
0426;4
0427;6
0428;3
0429;4
0430;3
0501;3
0502;6
0503;6
0504;5
0505;1
0506;4
0507;3
0508;8
0509;3
0510;4
0511;1
0512;4
0513;2
0514;6
0515;3
0516;4
0517;3
0518;9
0519;5
0520;8
0521;5
0522;3
0523;6
0524;2
0525;4
0526;3
0527;3
0528;2
0529;2
0530;4
0531;3
0601;6
0602;9
0603;6
0604;5
0605;5
0606;4
0607;5
0608;5
0609;7
0610;9
0611;4
0612;4
0613;13
0614;5
0615;7
0616;7
0617;7
0618;5
0619;4
0620;2
0621;3
0622;2
0623;9
0624;4
0625;4
0626;4
0627;3
0628;1
0629;5
0630;8
0701;5
0702;2
0703;5
0704;4
0705;3
0706;7
0707;3
0708;6
0709;7
0710;3
0711;7
0712;2
0713;3
0714;7
0715;9
0716;7
0717;2
0718;8
0719;5
0720;7
0721;5
0722;11
0723;3
0724;2
0725;5
0726;4
0727;3
0728;1
0729;2
0730;7
0731;7
0801;8
0802;7
0803;8
0804;9
0805;5
0806;7
0807;6
0808;7
0809;4
0810;11
0811;7
0812;9
0813;4
0814;4
0815;7
0816;5
0817;1
0818;7
0819;8
0820;5
0821;5
0822;5
0823;3
0824;5
0825;6
0826;3
0827;8
0828;4
0829;3
0830;4
0831;9
0901;4
0902;1
0903;2
0904;2
0905;4
0906;7
0907;4
0908;6
0909;4
0910;7
0911;6
0912;5
0914;5
0915;3
0916;6
0917;5
0918;2
0919;4
0920;3
0921;8
0922;4
0923;7
0924;2
0925;4
0926;3
0927;3
0928;5
0929;3
0930;5
1001;13
1002;6
1003;3
1004;7
1005;4
1006;2
1007;2
1008;4
1009;6
1010;6
1011;5
1012;4
1013;6
1014;1
1015;6
1016;8
1017;8
1018;4
1019;4
1020;2
1021;5
1022;3
1023;5
1024;4
1025;7
1026;5
1027;2
1028;5
1029;5
1030;7
1031;2
1101;7
1102;5
1103;4
1104;3
1105;6
1106;5
1107;7
1108;3
1109;4
1110;7
1111;2
1112;3
1113;6
1114;3
1115;4
1116;2
1117;4
1118;5
1119;5
1120;7
1121;10
1122;7
1123;6
1124;5
1125;7
1126;3
1127;4
1128;7
1129;5
1130;4
1201;2
1202;4
1203;8
1204;8
1205;4
1206;8
1207;8
1208;4
1209;6
1210;5
1211;7
1212;5
1213;5
1214;6
1215;2
1216;5
1217;4
1218;8
1219;12
1220;3
1221;4
1222;8
1223;6
1224;2
1225;6
1226;7
1227;11
1228;8
1229;8
1230;3
1231;11
