0101;47
0102;39
0103;37
0104;38
0105;31
0106;45
0107;30
0108;40
0109;46
0110;29
0111;34
0112;34
0113;33
0114;28
0115;35
0116;47
0117;29
0118;37
0119;38
0120;33
0121;41
0122;31
0123;29
0124;19
0125;30
0126;36
0127;37
0128;29
0129;22
0130;37
0131;41
0201;30
0202;34
0203;37
0204;31
0205;44
0206;33
0207;32
0208;40
0209;33
0210;39
0211;27
0212;30
0213;27
0214;39
0215;30
0216;26
0217;30
0218;40
0219;39
0220;24
0221;33
0222;26
0223;36
0224;27
0225;23
0226;35
0227;25
0228;36
0301;32
0302;35
0303;33
0304;43
0305;43
0306;23
0307;26
0308;33
0309;32
0310;40
0311;29
0312;27
0313;39
0314;21
0315;39
0316;21
0317;29
0318;30
0319;39
0320;25
0321;27
0322;44
0323;25
0324;41
0325;39
0326;26
0327;30
0328;35
0329;31
0330;38
0331;46
0401;46
0402;27
0403;23
0404;27
0405;28
0406;26
0407;25
0408;35
0409;31
0410;33
0411;35
0412;33
0413;33
0414;35
0415;29
0416;40
0417;43
0418;32
0419;29
0420;21
0421;38
0422;30
0423;36
0424;34
0425;26
0426;31
0427;38
0428;30
0429;39
0430;26
0501;34
0502;33
0503;32
0504;31
0505;39
0506;29
0507;26
0508;27
0509;38
0510;29
0511;36
0512;22
0513;36
0514;22
0515;28
0516;33
0517;16
0518;34
0519;39
0520;18
0521;18
0522;31
0523;21
0524;35
0525;26
0526;28
0527;19
0528;39
0529;33
0530;32
0531;43
0601;45
0602;29
0603;34
0604;40
0605;24
0606;29
0607;30
0608;33
0609;30
0610;27
0611;27
0612;26
0613;13
0614;32
0615;24
0616;41
0617;31
0618;28
0619;29
0620;35
0621;28
0622;30
0623;31
0624;33
0625;28
0626;31
0627;23
0628;22
0629;22
0630;32
0701;31
0702;31
0703;27
0704;26
0705;34
0706;21
0707;34
0708;29
0709;35
0710;36
0711;26
0712;28
0713;29
0714;30
0715;30
0716;40
0717;21
0718;31
0719;32
0720;25
0721;36
0722;27
0723;24
0724;25
0725;33
0726;24
0727;31
0728;28
0729;29
0730;36
0731;28
0801;32
0802;34
0803;25
0804;49
0805;38
0806;54
0807;33
0808;30
0809;39
0810;29
0811;73
0812;51
0813;49
0814;43
0815;33
0816;29
0817;16
0818;24
0819;26
0820;26
0821;30
0822;22
0823;26
0824;29
0825;24
0826;29
0827;27
0828;30
0829;19
0830;18
0831;19
0901;28
0902;28
0903;28
0904;21
0905;29
0906;25
0907;31
0908;37
0909;30
0910;39
0911;40
0912;40
0913;27
0914;29
0915;25
0916;38
0917;25
0918;29
0919;20
0920;43
0921;36
0922;41
0923;29
0924;26
0925;40
0926;40
0927;27
0928;27
0929;28
0930;35
1001;35
1002;35
1003;25
1004;29
1005;23
1006;27
1007;33
1008;26
1009;39
1010;29
1011;33
1012;27
1013;31
1014;39
1015;33
1016;22
1017;31
1018;33
1019;32
1020;31
1021;22
1022;38
1023;35
1024;29
1025;28
1026;35
1027;48
1028;34
1029;47
1030;37
1031;34
1101;36
1102;28
1103;29
1104;34
1105;32
1106;25
1107;29
1108;34
1109;30
1110;26
1111;27
1112;33
1113;32
1114;37
1115;21
1116;27
1117;41
1118;32
1119;31
1120;30
1121;26
1122;37
1123;28
1124;31
1125;40
1126;38
1127;37
1128;42
1129;23
1130;31
1201;37
1202;52
1203;41
1204;31
1205;40
1206;23
1207;30
1208;31
1209;31
1210;30
1211;27
1212;47
1213;39
1214;44
1215;30
1216;28
1217;31
1218;50
1219;35
1220;39
1221;35
1222;35
1223;33
1224;43
1225;39
1226;47
1227;31
1228;44
1229;49
1230;27
1231;34
