0101;13
0102;13
0103;19
0104;9
0105;13
0106;14
0107;15
0108;17
0109;14
0110;27
0111;14
0112;17
0113;13
0114;15
0115;24
0116;17
0117;17
0118;14
0119;17
0120;16
0121;18
0122;15
0123;13
0124;13
0125;25
0126;20
0127;14
0128;19
0129;20
0130;16
0131;14
0201;13
0202;13
0203;15
0204;10
0205;13
0206;6
0207;12
0208;11
0209;18
0210;13
0211;10
0212;11
0213;11
0214;9
0215;14
0216;6
0217;16
0218;16
0219;15
0220;13
0221;19
0222;10
0223;10
0224;19
0225;13
0226;15
0227;18
0228;16
0301;15
0302;12
0303;15
0304;13
0305;23
0306;15
0307;14
0308;16
0309;13
0310;16
0311;21
0312;19
0313;16
0314;19
0315;9
0316;14
0317;17
0318;12
0319;16
0320;18
0321;14
0322;13
0323;14
0324;6
0325;10
0326;15
0327;10
0328;14
0329;16
0330;13
0331;15
0401;16
0402;11
0403;15
0404;18
0405;10
0406;15
0407;20
0408;11
0409;13
0410;12
0411;9
0412;18
0413;19
0414;15
0415;10
0416;18
0417;16
0418;13
0419;11
0420;10
0421;12
0422;14
0423;16
0424;19
0425;12
0426;7
0427;18
0428;14
0429;14
0430;16
0501;14
0502;18
0503;9
0504;9
0505;14
0506;12
0507;14
0508;10
0509;12
0510;10
0511;12
0512;11
0513;10
0514;11
0515;11
0516;12
0517;12
0518;9
0519;7
0520;11
0521;9
0522;8
0523;8
0524;13
0525;14
0526;14
0527;13
0528;10
0529;16
0530;11
0531;9
0601;14
0602;9
0603;16
0604;9
0605;11
0606;16
0607;24
0608;8
0609;11
0610;10
0611;22
0612;11
0613;15
0614;12
0615;14
0616;18
0617;14
0618;9
0619;23
0620;10
0621;14
0622;9
0623;13
0624;17
0625;19
0626;15
0627;12
0628;14
0629;13
0630;11
0701;12
0702;9
0703;14
0704;16
0705;14
0706;13
0707;13
0708;8
0709;12
0710;14
0711;12
0712;15
0713;18
0714;14
0715;9
0716;6
0717;25
0718;10
0719;23
0720;15
0721;18
0722;16
0723;13
0724;17
0725;12
0726;13
0727;16
0728;13
0729;11
0730;19
0731;10
0801;10
0802;19
0803;8
0804;20
0805;16
0806;13
0807;15
0808;17
0809;16
0810;16
0811;18
0812;20
0813;17
0814;28
0815;20
0816;16
0817;10
0818;13
0819;14
0820;8
0821;16
0822;12
0823;16
0824;13
0825;15
0826;10
0827;15
0828;15
0829;16
0830;16
0831;13
0901;11
0902;12
0903;16
0904;15
0905;12
0906;12
0907;10
0908;9
0909;9
0910;15
0911;13
0912;5
0913;13
0914;12
0915;9
0916;10
0917;17
0918;12
0919;13
0920;11
0921;6
0922;14
0923;17
0924;12
0925;11
0926;11
0927;11
0928;13
0929;17
0930;14
1001;8
1002;13
1003;15
1004;14
1005;15
1006;12
1007;11
1008;11
1009;8
1010;14
1011;19
1012;13
1013;12
1014;8
1015;16
1016;16
1017;16
1018;19
1019;16
1020;13
1021;13
1022;17
1023;19
1024;13
1025;9
1026;19
1027;14
1028;6
1029;13
1030;14
1031;14
1101;18
1102;13
1103;8
1104;10
1105;17
1106;14
1107;7
1108;10
1109;19
1110;17
1111;16
1112;20
1113;16
1114;4
1115;11
1116;6
1117;17
1118;25
1119;15
1120;20
1121;16
1122;14
1123;17
1124;17
1125;10
1126;16
1127;18
1128;16
1129;11
1130;11
1201;13
1202;17
1203;16
1204;10
1205;14
1206;10
1207;17
1208;16
1209;11
1210;13
1211;22
1212;8
1213;15
1214;17
1215;16
1216;21
1217;14
1218;20
1219;20
1220;20
1221;19
1222;16
1223;14
1224;12
1225;20
1226;17
1227;25
1228;13
1229;18
1230;14
1231;20
