0101;19
0102;18
0103;12
0104;15
0105;15
0106;11
0107;17
0108;21
0109;8
0110;16
0111;8
0112;17
0113;17
0114;17
0115;16
0116;22
0117;21
0118;11
0119;15
0120;19
0121;12
0122;20
0123;16
0124;9
0125;13
0126;17
0127;14
0128;12
0129;19
0130;16
0131;11
0201;16
0202;21
0203;17
0204;16
0205;18
0206;20
0207;16
0208;12
0209;18
0210;16
0211;16
0212;21
0213;16
0214;11
0215;16
0216;16
0217;15
0218;15
0219;14
0220;15
0221;10
0222;22
0223;19
0224;22
0225;16
0226;20
0227;14
0228;17
0301;13
0302;11
0303;12
0304;14
0305;13
0306;19
0307;19
0308;17
0309;10
0310;15
0311;12
0312;14
0313;12
0314;18
0315;21
0316;15
0317;19
0318;18
0319;18
0320;11
0321;15
0322;20
0323;24
0324;12
0325;17
0326;14
0327;14
0328;17
0329;9
0330;14
0331;19
0401;10
0402;12
0403;16
0404;11
0405;18
0406;9
0407;10
0408;17
0409;19
0410;10
0411;16
0412;9
0413;20
0414;19
0415;15
0416;14
0417;10
0418;18
0419;15
0420;14
0421;18
0422;18
0423;10
0424;13
0425;15
0426;13
0427;14
0428;17
0429;11
0430;16
0501;17
0502;17
0503;14
0504;14
0505;13
0506;17
0507;7
0508;21
0509;9
0510;18
0511;10
0512;18
0513;19
0514;11
0515;16
0516;17
0517;10
0518;20
0519;11
0520;12
0521;9
0522;16
0523;15
0524;13
0525;10
0526;10
0527;11
0528;6
0529;18
0530;15
0531;15
0601;18
0602;19
0603;12
0604;11
0605;18
0606;13
0607;14
0608;20
0609;15
0610;13
0611;15
0612;13
0613;16
0614;24
0615;13
0616;15
0617;10
0618;10
0619;7
0620;8
0621;9
0622;14
0623;13
0624;18
0625;16
0626;9
0627;15
0628;9
0629;14
0630;7
0701;10
0702;10
0703;8
0704;10
0705;14
0706;15
0707;13
0708;13
0709;22
0710;11
0711;14
0712;16
0713;18
0714;14
0715;21
0716;17
0717;9
0718;13
0719;12
0720;21
0721;14
0722;16
0723;9
0724;16
0725;15
0726;16
0727;17
0728;11
0729;13
0730;14
0731;11
0801;11
0802;18
0803;14
0804;18
0805;13
0806;20
0807;22
0808;33
0809;36
0810;39
0811;36
0812;25
0813;19
0814;24
0815;18
0816;14
0817;15
0818;21
0819;12
0820;18
0821;12
0822;16
0823;20
0824;12
0825;14
0826;20
0827;14
0828;13
0829;18
0830;22
0831;13
0901;10
0902;12
0903;15
0904;5
0905;19
0906;5
0907;15
0908;16
0909;19
0910;17
0911;9
0912;16
0913;13
0914;14
0915;17
0916;14
0917;7
0918;14
0919;19
0920;18
0921;13
0922;14
0923;22
0924;10
0925;13
0926;14
0927;15
0928;15
0929;11
0930;18
1001;17
1002;18
1003;11
1004;12
1005;9
1006;9
1007;18
1008;12
1009;9
1010;19
1011;12
1012;19
1013;15
1014;12
1015;16
1016;13
1017;13
1018;14
1019;15
1020;17
1021;12
1022;11
1023;17
1024;11
1025;16
1026;15
1027;15
1028;17
1029;17
1030;14
1031;11
1101;18
1102;12
1103;17
1104;17
1105;11
1106;12
1107;13
1108;15
1109;16
1110;14
1111;12
1112;26
1113;10
1114;16
1115;13
1116;16
1117;9
1118;16
1119;9
1120;9
1121;14
1122;12
1123;15
1124;20
1125;14
1126;16
1127;13
1128;10
1129;16
1130;13
1201;12
1202;15
1203;22
1204;17
1205;21
1206;13
1207;15
1208;17
1209;15
1210;16
1211;16
1212;23
1213;26
1214;13
1215;14
1216;19
1217;17
1218;14
1219;21
1220;19
1221;15
1222;20
1223;21
1224;19
1225;19
1226;16
1227;15
1228;20
1229;17
1230;20
1231;12
